scenario,evaluation_row,assessment_id,true_target,policy_original_sisa_probability,policy_aware_sisa_probability,policy_original_sisa_prediction,policy_aware_sisa_prediction
recipient_withdrawal,0,V32P-A000025,0,0.64196459054946897,0.62600194215774541,1,1
recipient_withdrawal,1,V32P-A000026,0,0.54580625891685486,0.53309317231178288,0,0
recipient_withdrawal,2,V32P-A000027,0,0.45527541637420654,0.44563693404197691,0,0
recipient_withdrawal,3,V32P-A000028,0,0.47681547999382018,0.46623316407203674,0,0
recipient_withdrawal,4,V32P-A000029,0,0.31462445259094241,0.3091399997472763,0,0
recipient_withdrawal,5,V32P-A000030,0,0.038141265418380497,0.037832117173820734,0,0
recipient_withdrawal,6,V32P-A000055,0,0.7662831783294678,0.76185646057128908,1,1
recipient_withdrawal,7,V32P-A000056,0,0.65519660711288452,0.64838095903396609,1,1
recipient_withdrawal,8,V32P-A000057,0,0.55095632076263423,0.54374504089355469,0,0
recipient_withdrawal,9,V32P-A000058,0,0.62380927801132202,0.60760418176650999,1,0
recipient_withdrawal,10,V32P-A000059,0,0.42977386713027954,0.42234828472137453,0,0
recipient_withdrawal,11,V32P-A000060,0,0.17423627376556397,0.17235315442085267,0,0
recipient_withdrawal,12,V32P-A000133,1,0.66907008886337282,0.66143690347671513,1,1
recipient_withdrawal,13,V32P-A000134,1,0.60441773533821108,0.5957369267940521,0,0
recipient_withdrawal,14,V32P-A000135,1,0.53488787412643435,0.52566676139831547,0,0
recipient_withdrawal,15,V32P-A000136,0,0.07007151991128921,0.069184075295925143,0,0
recipient_withdrawal,16,V32P-A000137,0,0.050932205840945245,0.050710523501038551,0,0
recipient_withdrawal,17,V32P-A000138,0,0.020815097820013763,0.020937476214021443,0,0
recipient_withdrawal,18,V32P-A000151,0,0.4802298307418823,0.47974634170532227,0,0
recipient_withdrawal,19,V32P-A000152,0,0.31345358490943909,0.31484856009483336,0,0
recipient_withdrawal,20,V32P-A000153,0,0.27060325443744659,0.26655806601047516,0,0
recipient_withdrawal,21,V32P-A000154,0,0.25513446033000947,0.25688239634037019,0,0
recipient_withdrawal,22,V32P-A000155,0,0.1863671898841858,0.1879316747188568,0,0
recipient_withdrawal,23,V32P-A000156,0,0.086802083998918533,0.088410016149282455,0,0
recipient_withdrawal,24,V32P-A000175,1,0.81364271640777586,0.80692634582519529,1,1
recipient_withdrawal,25,V32P-A000176,1,0.66830750703811648,0.65582709908485415,1,1
recipient_withdrawal,26,V32P-A000177,1,0.74108881950378414,0.73350706100463869,1,1
recipient_withdrawal,27,V32P-A000178,0,0.13470991998910903,0.1341511107981205,0,0
recipient_withdrawal,28,V32P-A000179,0,0.1005596674978733,0.10035519003868103,0,0
recipient_withdrawal,29,V32P-A000180,0,0.043079922348260878,0.043118686228990552,0,0
recipient_withdrawal,30,V32P-A000205,0,0.6780752897262573,0.67502613067626949,1,1
recipient_withdrawal,31,V32P-A000206,0,0.59811351299285886,0.59450000524520874,0,0
recipient_withdrawal,32,V32P-A000207,0,0.57274052500724792,0.57023821473121639,0,0
recipient_withdrawal,33,V32P-A000208,0,0.48540135622024538,0.48390545845031741,0,0
recipient_withdrawal,34,V32P-A000209,0,0.40022924542427063,0.40053747296333314,0,0
recipient_withdrawal,35,V32P-A000210,0,0.18451943695545198,0.18686918914318085,0,0
recipient_withdrawal,36,V32P-A000253,0,0.63338264226913454,0.63105597496032717,1,1
recipient_withdrawal,37,V32P-A000254,0,0.59867467880249026,0.5972427606582642,0,0
recipient_withdrawal,38,V32P-A000255,0,0.63411530256271365,0.63189592361450198,1,1
recipient_withdrawal,39,V32P-A000256,1,0.60749281644821163,0.60511935949325557,0,0
recipient_withdrawal,40,V32P-A000257,0,0.10723498389124871,0.10986923053860664,0,0
recipient_withdrawal,41,V32P-A000258,0,0.05866676643490791,0.059888898581266406,0,0
recipient_withdrawal,42,V32P-A000283,0,0.67715648412704466,0.67260870933532713,1,1
recipient_withdrawal,43,V32P-A000284,0,0.5112620532512665,0.50642922520637512,0,0
recipient_withdrawal,44,V32P-A000285,0,0.47270198464393615,0.47066726088523864,0,0
recipient_withdrawal,45,V32P-A000286,0,0.3635817587375641,0.36323249340057373,0,0
recipient_withdrawal,46,V32P-A000287,0,0.33036087453365326,0.33023873865604403,0,0
recipient_withdrawal,47,V32P-A000288,0,0.12582589834928512,0.12621688693761826,0,0
recipient_withdrawal,48,V32P-A000301,0,0.76935782432556155,0.7652162551879883,1,1
recipient_withdrawal,49,V32P-A000302,0,0.66773656606674192,0.66381634473800655,1,1
recipient_withdrawal,50,V32P-A000303,0,0.59090530276298525,0.58789100050926213,0,0
recipient_withdrawal,51,V32P-A000304,0,0.54285869002342224,0.54100671410560608,0,0
recipient_withdrawal,52,V32P-A000305,0,0.45511153340339661,0.44661734104156492,0,0
recipient_withdrawal,53,V32P-A000306,0,0.21196887791156768,0.21117123365402221,0,0
recipient_withdrawal,54,V32P-A000307,1,0.55317733883857723,0.54571555256843562,0,0
recipient_withdrawal,55,V32P-A000308,1,0.56885576844215391,0.56286880373954773,0,0
recipient_withdrawal,56,V32P-A000309,1,0.55909919738769531,0.55320743322372434,0,0
recipient_withdrawal,57,V32P-A000310,0,0.087644403427839274,0.087261360138654709,0,0
recipient_withdrawal,58,V32P-A000311,0,0.067176416516304016,0.067095470428466794,0,0
recipient_withdrawal,59,V32P-A000312,0,0.030575655214488507,0.030653756670653821,0,0
recipient_withdrawal,60,V32P-A000313,1,0.61686277389526367,0.61247605085372925,0,0
recipient_withdrawal,61,V32P-A000314,1,0.62566457986831669,0.62177875041961672,1,1
recipient_withdrawal,62,V32P-A000315,1,0.54573091268539431,0.54069153070449827,0,0
recipient_withdrawal,63,V32P-A000316,0,0.078995821624994272,0.079633859544992441,0,0
recipient_withdrawal,64,V32P-A000317,0,0.059819506853818892,0.060514986515045166,0,0
recipient_withdrawal,65,V32P-A000318,0,0.024684707075357436,0.025000749714672567,0,0
recipient_withdrawal,66,V32P-A000385,0,0.5940270721912384,0.58875346779823301,0,0
recipient_withdrawal,67,V32P-A000386,0,0.51156868338584904,0.50485221147537229,0,0
recipient_withdrawal,68,V32P-A000387,0,0.55435971021652219,0.54860088825225828,0,0
recipient_withdrawal,69,V32P-A000388,0,0.48722062110900877,0.48220111131668092,0,0
recipient_withdrawal,70,V32P-A000389,0,0.39751036167144777,0.39417444467544555,0,0
recipient_withdrawal,71,V32P-A000390,0,0.17962228059768676,0.17936594784259796,0,0
recipient_withdrawal,72,V32P-A000505,0,0.40282809138298037,0.39741395115852357,0,0
recipient_withdrawal,73,V32P-A000506,0,0.42570905089378358,0.42088589072227478,0,0
recipient_withdrawal,74,V32P-A000507,0,0.40180680155754089,0.39655033946037294,0,0
recipient_withdrawal,75,V32P-A000508,0,0.3385697603225708,0.33341795802116392,0,0
recipient_withdrawal,76,V32P-A000509,0,0.27491993606090548,0.27006817758083346,0,0
recipient_withdrawal,77,V32P-A000510,0,0.12452323138713836,0.12254828810691834,0,0
recipient_withdrawal,78,V32P-A000595,0,0.69363397359848022,0.68885729312896726,1,1
recipient_withdrawal,79,V32P-A000596,0,0.61326445341110225,0.60808618068695064,0,0
recipient_withdrawal,80,V32P-A000597,0,0.55624698996543886,0.55135255455970766,0,0
recipient_withdrawal,81,V32P-A000598,0,0.47436484694480896,0.46953352093696593,0,0
recipient_withdrawal,82,V32P-A000599,0,0.46565389633178711,0.46146912574768068,0,0
recipient_withdrawal,83,V32P-A000600,0,0.22660112380981445,0.22417072355747222,0,0
recipient_withdrawal,84,V32P-A000631,0,0.35442115962505338,0.34856431782245634,0,0
recipient_withdrawal,85,V32P-A000632,0,0.4237193763256073,0.41878609061241151,0,0
recipient_withdrawal,86,V32P-A000633,0,0.37804747223854063,0.37388715147972107,0,0
recipient_withdrawal,87,V32P-A000634,0,0.31083613336086274,0.30699140727519991,0,0
recipient_withdrawal,88,V32P-A000635,0,0.24839633405208589,0.24531266391277312,0,0
recipient_withdrawal,89,V32P-A000636,0,0.018583244364708661,0.018867073487490414,0,0
recipient_withdrawal,90,V32P-A000685,0,0.46635974049568174,0.46192315220832825,0,0
recipient_withdrawal,91,V32P-A000686,0,0.47904475927352907,0.47613373398780823,0,0
recipient_withdrawal,92,V32P-A000687,0,0.42209690809249878,0.42202947735786439,0,0
recipient_withdrawal,93,V32P-A000688,0,0.45922012925148009,0.45956835746765134,0,0
recipient_withdrawal,94,V32P-A000689,0,0.35228869020938874,0.35474487245082853,0,0
recipient_withdrawal,95,V32P-A000690,0,0.032635345123708248,0.033206153847277167,0,0
recipient_withdrawal,96,V32P-A000703,0,0.8269545793533325,0.82307311296463015,1,1
recipient_withdrawal,97,V32P-A000704,0,0.84731440544128422,0.8430503845214844,1,1
recipient_withdrawal,98,V32P-A000705,0,0.87427866458892822,0.86962145566940308,1,1
recipient_withdrawal,99,V32P-A000706,0,0.74787431955337524,0.74134036302566531,1,1
recipient_withdrawal,100,V32P-A000707,1,0.61796449422836308,0.61307443976402287,0,0
recipient_withdrawal,101,V32P-A000708,0,0.063759598135948184,0.064237083494663241,0,0
recipient_withdrawal,102,V32P-A000793,0,0.73406701087951665,0.72754640579223628,1,1
recipient_withdrawal,103,V32P-A000794,0,0.6397982597351074,0.63271824121475218,1,1
recipient_withdrawal,104,V32P-A000795,0,0.60804705619812016,0.60126477479934692,0,0
recipient_withdrawal,105,V32P-A000796,0,0.48298515677452086,0.47527846693992615,0,0
recipient_withdrawal,106,V32P-A000797,0,0.43525897860527041,0.42821002006530762,0,0
recipient_withdrawal,107,V32P-A000798,0,0.16734732389450074,0.16514252424240111,0,0
recipient_withdrawal,108,V32P-A000823,0,0.53424145579338078,0.5298046410083771,0,0
recipient_withdrawal,109,V32P-A000824,0,0.47137195467948911,0.46570175886154175,0,0
recipient_withdrawal,110,V32P-A000825,0,0.40009005665779113,0.39508485198020937,0,0
recipient_withdrawal,111,V32P-A000826,0,0.35945431590080262,0.35550738573074342,0,0
recipient_withdrawal,112,V32P-A000827,0,0.28158844411373141,0.27273068130016326,0,0
recipient_withdrawal,113,V32P-A000828,0,0.12691233456134796,0.12588049173355104,0,0
recipient_withdrawal,114,V32P-A000835,0,0.69524428844451902,0.68957641124725344,1,1
recipient_withdrawal,115,V32P-A000836,0,0.73205002546310427,0.7218235850334167,1,1
recipient_withdrawal,116,V32P-A000837,0,0.76602933406829832,0.76183854341506962,1,1
recipient_withdrawal,117,V32P-A000838,0,0.75668982267379759,0.75251028537750242,1,1
recipient_withdrawal,118,V32P-A000839,1,0.70993820428848264,0.70514563322067259,1,1
recipient_withdrawal,119,V32P-A000840,0,0.069703712314367297,0.069985049962997439,0,0
recipient_withdrawal,120,V32P-A000841,0,0.47689735293388369,0.47322610020637512,0,0
recipient_withdrawal,121,V32P-A000842,0,0.46355682015419009,0.46002470850944521,0,0
recipient_withdrawal,122,V32P-A000843,0,0.43989791274070739,0.43644402623176576,0,0
recipient_withdrawal,123,V32P-A000844,0,0.38814433813095095,0.38507733345031736,0,0
recipient_withdrawal,124,V32P-A000845,1,0.32721944451332091,0.32473530769348147,0,0
recipient_withdrawal,125,V32P-A000846,0,0.025377197563648222,0.025738280266523361,0,0
recipient_withdrawal,126,V32P-A000865,0,0.50820101499557491,0.50388140678405757,0,0
recipient_withdrawal,127,V32P-A000866,0,0.5341369152069092,0.53047269582748413,0,0
recipient_withdrawal,128,V32P-A000867,0,0.46391258239746092,0.45319293737411498,0,0
recipient_withdrawal,129,V32P-A000868,0,0.44078563451766967,0.43733398318290712,0,0
recipient_withdrawal,130,V32P-A000869,0,0.36980617344379424,0.36701492369174959,0,0
recipient_withdrawal,131,V32P-A000870,0,0.16598979830741883,0.16538059711456299,0,0
recipient_withdrawal,132,V32P-A000901,0,0.51399408578872685,0.50875651836395264,0,0
recipient_withdrawal,133,V32P-A000902,0,0.53078427314758303,0.52605324983596802,0,0
recipient_withdrawal,134,V32P-A000903,0,0.49858161807060242,0.49365735650062559,0,0
recipient_withdrawal,135,V32P-A000904,0,0.46599304676055908,0.45045808553695676,0,0
recipient_withdrawal,136,V32P-A000905,0,0.37998404204845426,0.37338132560253146,0,0
recipient_withdrawal,137,V32P-A000906,0,0.17508004903793334,0.17371375858783722,0,0
recipient_withdrawal,138,V32P-A000985,0,0.44770550131797793,0.44521102905273435,0,0
recipient_withdrawal,139,V32P-A000986,0,0.46634162068367002,0.4647595942020416,0,0
recipient_withdrawal,140,V32P-A000987,0,0.41881088614463807,0.41710834503173827,0,0
recipient_withdrawal,141,V32P-A000988,0,0.34536088705062867,0.34484168291091921,0,0
recipient_withdrawal,142,V32P-A000989,0,0.26183221042156218,0.26236063539981841,0,0
recipient_withdrawal,143,V32P-A000990,0,0.11000665724277496,0.11116275638341903,0,0
recipient_withdrawal,144,V32P-A001021,0,0.3813913345336914,0.37807706594467161,0,0
recipient_withdrawal,145,V32P-A001022,0,0.42707443237304688,0.42596657276153566,0,0
recipient_withdrawal,146,V32P-A001023,0,0.39945326447486879,0.40035110712051392,0,0
recipient_withdrawal,147,V32P-A001024,0,0.37751774191856385,0.37892034053802492,0,0
recipient_withdrawal,148,V32P-A001025,1,0.3121606707572937,0.30825233161449433,0,0
recipient_withdrawal,149,V32P-A001026,0,0.02769757490605116,0.028087700717151165,0,0
recipient_withdrawal,150,V32P-A001045,0,0.22652143836021424,0.22574653327465058,0,0
recipient_withdrawal,151,V32P-A001046,0,0.31232826709747313,0.31199747323989868,0,0
recipient_withdrawal,152,V32P-A001047,0,0.28968666195869447,0.29004481434822083,0,0
recipient_withdrawal,153,V32P-A001048,0,0.23708249330520631,0.23750902414321901,0,0
recipient_withdrawal,154,V32P-A001049,0,0.18678943514823915,0.18756769299507142,0,0
recipient_withdrawal,155,V32P-A001050,0,0.085132873058319097,0.086646556854248047,0,0
recipient_withdrawal,156,V32P-A001051,0,0.59880909919738767,0.59694751501083376,0,0
recipient_withdrawal,157,V32P-A001052,0,0.57418878078460689,0.57343230247497556,0,0
recipient_withdrawal,158,V32P-A001053,0,0.54315474629402161,0.54336225986480713,0,0
recipient_withdrawal,159,V32P-A001054,1,0.47917137145996092,0.48006547093391416,0,0
recipient_withdrawal,160,V32P-A001055,0,0.080414929986000055,0.082169908285140994,0,0
recipient_withdrawal,161,V32P-A001056,0,0.033008613437414167,0.033816092088818549,0,0
recipient_withdrawal,162,V32P-A001069,0,0.76341285705566408,0.75905216932296748,1,1
recipient_withdrawal,163,V32P-A001070,0,0.56992943286895748,0.56657233238220217,0,0
recipient_withdrawal,164,V32P-A001071,0,0.49816913008689878,0.49705249667167661,0,0
recipient_withdrawal,165,V32P-A001072,0,0.49421527385711672,0.49289721250534058,0,0
recipient_withdrawal,166,V32P-A001073,0,0.42258700728416443,0.42281354665756227,0,0
recipient_withdrawal,167,V32P-A001074,0,0.16944733262062073,0.17092092335224152,0,0
recipient_withdrawal,168,V32P-A001075,0,0.70791112184524541,0.70382353067398074,1,1
recipient_withdrawal,169,V32P-A001076,0,0.54128009676933286,0.53679499626159666,0,0
recipient_withdrawal,170,V32P-A001077,0,0.43137245774269106,0.42893041968345641,0,0
recipient_withdrawal,171,V32P-A001078,0,0.40337086319923399,0.40347704291343689,0,0
recipient_withdrawal,172,V32P-A001079,0,0.3711400032043457,0.37260109782218931,0,0
recipient_withdrawal,173,V32P-A001080,0,0.18158216178417205,0.18380049169063567,0,0
recipient_withdrawal,174,V32P-A001153,0,0.63186240196228027,0.62319231629371641,1,1
recipient_withdrawal,175,V32P-A001154,0,0.62501987218856814,0.61597326993942259,1,0
recipient_withdrawal,176,V32P-A001155,0,0.57005333304405215,0.56260604858398433,0,0
recipient_withdrawal,177,V32P-A001156,0,0.47409929037094117,0.46911697983741762,0,0
recipient_withdrawal,178,V32P-A001157,0,0.3876383274793625,0.38426278233528138,0,0
recipient_withdrawal,179,V32P-A001158,0,0.16910392194986343,0.16857140511274338,0,0
recipient_withdrawal,180,V32P-A001171,0,0.67028689384460449,0.66739307641983037,1,1
recipient_withdrawal,181,V32P-A001172,0,0.55344554781913757,0.54672150015830989,0,0
recipient_withdrawal,182,V32P-A001173,0,0.54351544380187988,0.54127241373062129,0,0
recipient_withdrawal,183,V32P-A001174,0,0.42816772460937502,0.42697782516479493,0,0
recipient_withdrawal,184,V32P-A001175,0,0.41771349310874939,0.41624065637588503,0,0
recipient_withdrawal,185,V32P-A001176,0,0.21221380531787873,0.21271174550056457,0,0
recipient_withdrawal,186,V32P-A001183,0,0.28911103308200836,0.28722749650478363,0,0
recipient_withdrawal,187,V32P-A001184,0,0.49223868250846864,0.48953842520713808,0,0
recipient_withdrawal,188,V32P-A001185,0,0.42239980697631835,0.42286632657051088,0,0
recipient_withdrawal,189,V32P-A001186,0,0.30115773379802702,0.30327476561069489,0,0
recipient_withdrawal,190,V32P-A001187,0,0.22915431261062622,0.23181120455265045,0,0
recipient_withdrawal,191,V32P-A001188,0,0.096344706416130063,0.097668203711509707,0,0
recipient_withdrawal,192,V32P-A001189,1,0.83762208223342893,0.83046230077743532,1,1
recipient_withdrawal,193,V32P-A001190,1,0.84257129430770872,0.83022251129150393,1,1
recipient_withdrawal,194,V32P-A001191,1,0.65182812213897701,0.63502583503723142,1,1
recipient_withdrawal,195,V32P-A001192,0,0.090628972649574285,0.088942963629961014,0,0
recipient_withdrawal,196,V32P-A001193,0,0.065020577609539026,0.06419058442115784,0,0
recipient_withdrawal,197,V32P-A001194,0,0.027785720676183699,0.0275856152176857,0,0
recipient_withdrawal,198,V32P-A001207,0,0.56630830764770512,0.55859215259551998,0,0
recipient_withdrawal,199,V32P-A001208,0,0.47598040103912354,0.4708785593509674,0,0
recipient_withdrawal,200,V32P-A001209,0,0.47814387679100034,0.47377222180366518,0,0
recipient_withdrawal,201,V32P-A001210,0,0.42334024310112001,0.42020025253295901,0,0
recipient_withdrawal,202,V32P-A001211,0,0.33776573538780214,0.32371859550476073,0,0
recipient_withdrawal,203,V32P-A001212,0,0.17060689628124237,0.1697479397058487,0,0
recipient_withdrawal,204,V32P-A001213,0,0.59481037855148311,0.58604211807250972,0,0
recipient_withdrawal,205,V32P-A001214,0,0.60844724774360659,0.60256958603858946,0,0
recipient_withdrawal,206,V32P-A001215,0,0.57978212237358095,0.57601661682128902,0,0
recipient_withdrawal,207,V32P-A001216,0,0.67358238697051998,0.66072261333465576,1,1
recipient_withdrawal,208,V32P-A001217,1,0.48090843558311464,0.47869577407836916,0,0
recipient_withdrawal,209,V32P-A001218,0,0.037240629643201829,0.037664823234081268,0,0
recipient_withdrawal,210,V32P-A001273,0,0.36339149475097654,0.35825859904289248,0,0
recipient_withdrawal,211,V32P-A001274,0,0.46533071398735049,0.46116650700569151,0,0
recipient_withdrawal,212,V32P-A001275,0,0.44413897991180418,0.44083904027938842,0,0
recipient_withdrawal,213,V32P-A001276,0,0.3764055848121643,0.37364187240600588,0,0
recipient_withdrawal,214,V32P-A001277,0,0.30235656797885896,0.30047211945056918,0,0
recipient_withdrawal,215,V32P-A001278,0,0.12631162106990815,0.12596293389797211,0,0
recipient_withdrawal,216,V32P-A001285,0,0.36870201230049132,0.36919851899147033,0,0
recipient_withdrawal,217,V32P-A001286,0,0.35854617357254026,0.35992299914360049,0,0
recipient_withdrawal,218,V32P-A001287,0,0.31717353463172915,0.32024930119514466,0,0
recipient_withdrawal,219,V32P-A001288,0,0.25275432765483857,0.25686834752559662,0,0
recipient_withdrawal,220,V32P-A001289,0,0.19435904324054717,0.19803376793861388,0,0
recipient_withdrawal,221,V32P-A001290,0,0.082048158347606662,0.083600714802742004,0,0
recipient_withdrawal,222,V32P-A001375,0,0.6107490062713623,0.60538915395736692,0,0
recipient_withdrawal,223,V32P-A001376,0,0.59939473867416382,0.59454720020294194,0,0
recipient_withdrawal,224,V32P-A001377,0,0.58198263645172121,0.5778499484062195,0,0
recipient_withdrawal,225,V32P-A001378,0,0.53089336156845091,0.52859340310096736,0,0
recipient_withdrawal,226,V32P-A001379,0,0.50577720403671267,0.50393486022949219,0,0
recipient_withdrawal,227,V32P-A001380,0,0.2812043994665146,0.28159324228763583,0,0
recipient_withdrawal,228,V32P-A001393,0,0.7528433561325073,0.74901278018951412,1,1
recipient_withdrawal,229,V32P-A001394,0,0.77086366415023799,0.76621097326278687,1,1
recipient_withdrawal,230,V32P-A001395,0,0.62805564403533931,0.62423852682113645,1,1
recipient_withdrawal,231,V32P-A001396,0,0.56320298910140987,0.56025227308273318,0,0
recipient_withdrawal,232,V32P-A001397,0,0.44576854109764097,0.44396041631698607,0,0
recipient_withdrawal,233,V32P-A001398,0,0.21026773154735565,0.21032061576843261,0,0
recipient_withdrawal,234,V32P-A001441,0,0.47222425341606139,0.4657564342021942,0,0
recipient_withdrawal,235,V32P-A001442,0,0.47050016522407534,0.46504878997802734,0,0
recipient_withdrawal,236,V32P-A001443,0,0.42800483703613279,0.42441111207008364,0,0
recipient_withdrawal,237,V32P-A001444,0,0.33708738088607787,0.33534874916076662,0,0
recipient_withdrawal,238,V32P-A001445,0,0.25236440598964693,0.25201471149921417,0,0
recipient_withdrawal,239,V32P-A001446,0,0.10755635201930999,0.1083389014005661,0,0
recipient_withdrawal,240,V32P-A001483,1,0.51550105214118958,0.50158684253692631,0,0
recipient_withdrawal,241,V32P-A001484,1,0.58341966867446904,0.57029542922973631,0,0
recipient_withdrawal,242,V32P-A001485,1,0.62652711868286137,0.61549143791198735,1,0
recipient_withdrawal,243,V32P-A001486,0,0.15940920859575272,0.1577780306339264,0,0
recipient_withdrawal,244,V32P-A001487,0,0.11953032165765762,0.11919016391038895,0,0
recipient_withdrawal,245,V32P-A001488,0,0.054716236889362335,0.054769995436072347,0,0
recipient_withdrawal,246,V32P-A001495,0,0.61084514856338501,0.60798197984695435,0,0
recipient_withdrawal,247,V32P-A001496,0,0.44443625211715698,0.44098483920097353,0,0
recipient_withdrawal,248,V32P-A001497,0,0.35235737562179564,0.34874808192253115,0,0
recipient_withdrawal,249,V32P-A001498,0,0.29490059614181519,0.29216917157173156,0,0
recipient_withdrawal,250,V32P-A001499,0,0.27569379806518557,0.27351631522178649,0,0
recipient_withdrawal,251,V32P-A001500,0,0.11748635470867157,0.11730182766914368,0,0
recipient_withdrawal,252,V32P-A001531,0,0.71186968088150027,0.70876035690307615,1,1
recipient_withdrawal,253,V32P-A001532,0,0.66488353013992307,0.66089367866516113,1,1
recipient_withdrawal,254,V32P-A001533,0,0.63516050577163696,0.63163671493530271,1,1
recipient_withdrawal,255,V32P-A001534,0,0.59318915605545042,0.59037060737609859,0,0
recipient_withdrawal,256,V32P-A001535,0,0.53305268883705137,0.53184106349945071,0,0
recipient_withdrawal,257,V32P-A001536,0,0.2539191782474518,0.2549154430627823,0,0
recipient_withdrawal,258,V32P-A001543,0,0.60241648554801941,0.5914760053157806,0,0
recipient_withdrawal,259,V32P-A001544,0,0.40385270714759824,0.39049299359321593,0,0
recipient_withdrawal,260,V32P-A001545,0,0.35954103767871859,0.34778512418270113,0,0
recipient_withdrawal,261,V32P-A001546,0,0.34578704237937929,0.33495014905929565,0,0
recipient_withdrawal,262,V32P-A001547,0,0.26734339594841006,0.25847959518432617,0,0
recipient_withdrawal,263,V32P-A001548,0,0.024213672801852226,0.024148224852979183,0,0
recipient_withdrawal,264,V32P-A001591,0,0.57766028642654421,0.57393141984939577,0,0
recipient_withdrawal,265,V32P-A001592,0,0.50872859954833982,0.50478463172912602,0,0
recipient_withdrawal,266,V32P-A001593,0,0.47413229942321777,0.47082504034042361,0,0
recipient_withdrawal,267,V32P-A001594,0,0.46145450472831728,0.45731826424598693,0,0
recipient_withdrawal,268,V32P-A001595,0,0.40953215360641482,0.40557168126106263,0,0
recipient_withdrawal,269,V32P-A001596,0,0.18383446335792542,0.1827494204044342,0,0
recipient_withdrawal,270,V32P-A001609,0,0.60920507907867427,0.60642845630645748,0,0
recipient_withdrawal,271,V32P-A001610,0,0.56459053158760075,0.56290729641914372,0,0
recipient_withdrawal,272,V32P-A001611,0,0.50707571506500249,0.50787644386291508,0,0
recipient_withdrawal,273,V32P-A001612,0,0.46573998332023619,0.46848060488700866,0,0
recipient_withdrawal,274,V32P-A001613,0,0.45353848338127134,0.45761239528656006,0,0
recipient_withdrawal,275,V32P-A001614,0,0.22730989754199982,0.2320564717054367,0,0
recipient_withdrawal,276,V32P-A001615,0,0.74191153049468994,0.73422620296478269,1,1
recipient_withdrawal,277,V32P-A001616,0,0.55447670221328738,0.54742316007614134,0,0
recipient_withdrawal,278,V32P-A001617,0,0.67599167823791506,0.6606042861938477,1,1
recipient_withdrawal,279,V32P-A001618,0,0.50882276892662048,0.50198600292205808,0,0
recipient_withdrawal,280,V32P-A001619,0,0.42972991466522215,0.42427986860275269,0,0
recipient_withdrawal,281,V32P-A001620,0,0.235362908244133,0.23297857344150544,0,0
recipient_withdrawal,282,V32P-A001645,0,0.57389662265777586,0.56895562410354616,0,0
recipient_withdrawal,283,V32P-A001646,0,0.54104135036468504,0.53660018444061275,0,0
recipient_withdrawal,284,V32P-A001647,0,0.49688331484794618,0.49039099812507631,0,0
recipient_withdrawal,285,V32P-A001648,0,0.51548393964767458,0.50896871089935303,0,0
recipient_withdrawal,286,V32P-A001649,0,0.42731707096099852,0.41964328289031982,0,0
recipient_withdrawal,287,V32P-A001650,0,0.14761431515216827,0.14527780413627625,0,0
recipient_withdrawal,288,V32P-A001663,0,0.74190235137939453,0.73067659139633179,1,1
recipient_withdrawal,289,V32P-A001664,0,0.63984488248825078,0.62878991365432735,1,1
recipient_withdrawal,290,V32P-A001665,0,0.5335847079753876,0.52503011226654051,0,0
recipient_withdrawal,291,V32P-A001666,0,0.45905565619468691,0.45301141738891604,0,0
recipient_withdrawal,292,V32P-A001667,0,0.40952440500259402,0.4051742970943451,0,0
recipient_withdrawal,293,V32P-A001668,0,0.055163808166980743,0.055256745591759679,0,0
recipient_withdrawal,294,V32P-A001693,0,0.65860999822616573,0.65286806225776672,1,1
recipient_withdrawal,295,V32P-A001694,0,0.61691789031028743,0.60773352384567259,0,0
recipient_withdrawal,296,V32P-A001695,0,0.59913890361785893,0.59659437537193294,0,0
recipient_withdrawal,297,V32P-A001696,0,0.49567960500717162,0.49440062642097471,0,0
recipient_withdrawal,298,V32P-A001697,0,0.41226053237915039,0.41282645463943479,0,0
recipient_withdrawal,299,V32P-A001698,0,0.18270244300365449,0.18399280607700347,0,0
recipient_withdrawal,300,V32P-A001723,0,0.46310582756996155,0.45907171368598937,0,0
recipient_withdrawal,301,V32P-A001724,0,0.38097426295280457,0.37360803484916688,0,0
recipient_withdrawal,302,V32P-A001725,0,0.38948495984077453,0.38719032406806947,0,0
recipient_withdrawal,303,V32P-A001726,0,0.30938799381256105,0.30844816565513611,0,0
recipient_withdrawal,304,V32P-A001727,1,0.23683771193027497,0.23664929568767548,0,0
recipient_withdrawal,305,V32P-A001728,0,0.018336363136768341,0.018551990203559399,0,0
recipient_withdrawal,306,V32P-A001747,0,0.60205925107002256,0.59677882790565495,0,0
recipient_withdrawal,307,V32P-A001748,0,0.48779756426811216,0.48187016844749453,0,0
recipient_withdrawal,308,V32P-A001749,0,0.46126729249954224,0.45585552453994749,0,0
recipient_withdrawal,309,V32P-A001750,0,0.39754096865653993,0.39264512658119199,0,0
recipient_withdrawal,310,V32P-A001751,0,0.32484565377235414,0.31877045035362245,0,0
recipient_withdrawal,311,V32P-A001752,0,0.15328875035047532,0.15218770653009414,0,0
recipient_withdrawal,312,V32P-A001759,0,0.2762769550085068,0.2725512057542801,0,0
recipient_withdrawal,313,V32P-A001760,0,0.29018560945987704,0.28598290383815766,0,0
recipient_withdrawal,314,V32P-A001761,0,0.27551851570606234,0.27179736793041231,0,0
recipient_withdrawal,315,V32P-A001762,0,0.22634280920028688,0.22359976768493653,0,0
recipient_withdrawal,316,V32P-A001763,0,0.17850461155176162,0.1770049288868904,0,0
recipient_withdrawal,317,V32P-A001764,0,0.078984338790178299,0.078974130004644399,0,0
recipient_withdrawal,318,V32P-A001885,0,0.50876307487487793,0.50341383218765257,0,0
recipient_withdrawal,319,V32P-A001886,0,0.64764503240585325,0.64175792932510378,1,1
recipient_withdrawal,320,V32P-A001887,0,0.60235153436660771,0.59641675949096684,0,0
recipient_withdrawal,321,V32P-A001888,0,0.42501457333564757,0.42026546597480774,0,0
recipient_withdrawal,322,V32P-A001889,1,0.28659965693950651,0.28384202718734741,0,0
recipient_withdrawal,323,V32P-A001890,0,0.024457702971994878,0.024491067975759506,0,0
recipient_withdrawal,324,V32P-A001909,0,0.78875169754028318,0.78378694057464604,1,1
recipient_withdrawal,325,V32P-A001910,0,0.70179585218429563,0.69405796527862551,1,1
recipient_withdrawal,326,V32P-A001911,0,0.62505322694778442,0.61589953899383543,1,0
recipient_withdrawal,327,V32P-A001912,0,0.65379328727722164,0.64611513614654537,1,1
recipient_withdrawal,328,V32P-A001913,0,0.59968920946121218,0.59069325327873234,0,0
recipient_withdrawal,329,V32P-A001914,0,0.30355674326419829,0.30086615085601809,0,0
recipient_withdrawal,330,V32P-A001945,0,0.80202749967575071,0.79694215059280393,1,1
recipient_withdrawal,331,V32P-A001946,0,0.65383772850036626,0.64652130603790281,1,1
recipient_withdrawal,332,V32P-A001947,0,0.77293363809585569,0.76046363115310667,1,1
recipient_withdrawal,333,V32P-A001948,0,0.59883773326873779,0.59023726582527158,0,0
recipient_withdrawal,334,V32P-A001949,0,0.55663342475891109,0.5497111558914185,0,0
recipient_withdrawal,335,V32P-A001950,0,0.32514527440071106,0.32269811928272246,0,0
recipient_withdrawal,336,V32P-A002041,0,0.35087300539016725,0.34779711961746218,0,0
recipient_withdrawal,337,V32P-A002042,0,0.28666165173053743,0.27931778132915497,0,0
recipient_withdrawal,338,V32P-A002043,0,0.27837767004966735,0.2768141567707062,0,0
recipient_withdrawal,339,V32P-A002044,0,0.22169157266616821,0.22099717855453491,0,0
recipient_withdrawal,340,V32P-A002045,0,0.16426690518856049,0.16416710913181304,0,0
recipient_withdrawal,341,V32P-A002046,0,0.070127583295106891,0.070660283416509623,0,0
recipient_withdrawal,342,V32P-A002089,0,0.7538784265518188,0.74713776111602781,1,1
recipient_withdrawal,343,V32P-A002090,0,0.6010792016983032,0.59227614402771001,0,0
recipient_withdrawal,344,V32P-A002091,0,0.5268149852752686,0.51996693611145017,0,0
recipient_withdrawal,345,V32P-A002092,0,0.48241212368011477,0.4763161838054657,0,0
recipient_withdrawal,346,V32P-A002093,0,0.49181069135665895,0.47558993101119995,0,0
recipient_withdrawal,347,V32P-A002094,0,0.23877271115779877,0.23671171963214874,0,0
recipient_withdrawal,348,V32P-A002095,0,0.47555451989173891,0.47085012793540953,0,0
recipient_withdrawal,349,V32P-A002096,0,0.4346650719642639,0.43082217574119569,0,0
recipient_withdrawal,350,V32P-A002097,0,0.40176988840103151,0.39889543652534487,0,0
recipient_withdrawal,351,V32P-A002098,0,0.33608816266059877,0.33446385264396666,0,0
recipient_withdrawal,352,V32P-A002099,0,0.27114332020282744,0.27067975103855135,0,0
recipient_withdrawal,353,V32P-A002100,0,0.12980465590953827,0.1302029311656952,0,0
recipient_withdrawal,354,V32P-A002113,1,0.75138243436813357,0.74882395267486568,1,1
recipient_withdrawal,355,V32P-A002114,1,0.66047033071517947,0.65918482542037959,1,1
recipient_withdrawal,356,V32P-A002115,0,0.19736829549074172,0.19865446835756301,0,0
recipient_withdrawal,357,V32P-A002116,0,0.18838281333446502,0.18945015370845794,0,0
recipient_withdrawal,358,V32P-A002117,0,0.10778202265501022,0.10857661217451095,0,0
recipient_withdrawal,359,V32P-A002118,0,0.045776675641536715,0.046204583346843721,0,0
recipient_withdrawal,360,V32P-A002131,0,0.4307952642440796,0.41846388578414917,0,0
recipient_withdrawal,361,V32P-A002132,0,0.45697892308235166,0.44474375247955322,0,0
recipient_withdrawal,362,V32P-A002133,0,0.39782399535179136,0.38715355992317202,0,0
recipient_withdrawal,363,V32P-A002134,0,0.38216650485992432,0.3717841565608978,0,0
recipient_withdrawal,364,V32P-A002135,1,0.32543457448482516,0.31660736501216891,0,0
recipient_withdrawal,365,V32P-A002136,0,0.03554114606231451,0.035357046686112878,0,0
recipient_withdrawal,366,V32P-A002185,0,0.5633306562900543,0.55641744732856746,0,0
recipient_withdrawal,367,V32P-A002186,0,0.40664853453636168,0.40015451312065126,0,0
recipient_withdrawal,368,V32P-A002187,0,0.31010145545005796,0.30469179749488828,0,0
recipient_withdrawal,369,V32P-A002188,0,0.29750100970268251,0.29135568141937257,0,0
recipient_withdrawal,370,V32P-A002189,0,0.20808153152465819,0.20171406567096711,0,0
recipient_withdrawal,371,V32P-A002190,0,0.10114446133375168,0.099996167421340945,0,0
recipient_withdrawal,372,V32P-A002221,0,0.52676931023597717,0.52604880928993225,0,0
recipient_withdrawal,373,V32P-A002222,0,0.48538171052932738,0.48453643321990969,0,0
recipient_withdrawal,374,V32P-A002223,0,0.45122172236442565,0.45082014203071596,0,0
recipient_withdrawal,375,V32P-A002224,0,0.39402357339859007,0.3941323459148407,0,0
recipient_withdrawal,376,V32P-A002225,0,0.33487522006034853,0.33496173620224001,0,0
recipient_withdrawal,377,V32P-A002226,0,0.17504103183746339,0.17595471143722535,0,0
recipient_withdrawal,378,V32P-A002239,0,0.60499740242958067,0.59465558528900142,0,0
recipient_withdrawal,379,V32P-A002240,0,0.59491686820983891,0.58402792215347288,0,0
recipient_withdrawal,380,V32P-A002241,0,0.56305072307586668,0.55312861800193791,0,0
recipient_withdrawal,381,V32P-A002242,0,0.44070341587066653,0.43213789463043212,0,0
recipient_withdrawal,382,V32P-A002243,0,0.34853374361991885,0.34287296533584594,0,0
recipient_withdrawal,383,V32P-A002244,0,0.13869649916887283,0.1371936470270157,0,0
recipient_withdrawal,384,V32P-A002281,0,0.62105449438095095,0.61682642698287959,1,0
recipient_withdrawal,385,V32P-A002282,0,0.57051689624786373,0.56357793807983403,0,0
recipient_withdrawal,386,V32P-A002283,0,0.51917032599449153,0.51144590973854065,0,0
recipient_withdrawal,387,V32P-A002284,1,0.50232352614402775,0.49585956931114195,0,0
recipient_withdrawal,388,V32P-A002285,0,0.061914823949337006,0.061928649991750719,0,0
recipient_withdrawal,389,V32P-A002286,0,0.026340806111693382,0.026504133641719819,0,0
recipient_withdrawal,390,V32P-A002299,0,0.84537013769149782,0.83716638088226314,1,1
recipient_withdrawal,391,V32P-A002300,0,0.75937423706054685,0.74655587673187251,1,1
recipient_withdrawal,392,V32P-A002301,0,0.66409212350845337,0.64363662600517269,1,1
recipient_withdrawal,393,V32P-A002302,0,0.59161964058876038,0.575801032781601,0,0
recipient_withdrawal,394,V32P-A002303,0,0.52822929024696352,0.51540899276733398,0,0
recipient_withdrawal,395,V32P-A002304,0,0.054809764400124548,0.054629805684089663,0,0
recipient_withdrawal,396,V32P-A002305,1,0.68663898706436155,0.68467309474945071,1,1
recipient_withdrawal,397,V32P-A002306,1,0.55833987593650813,0.55821228623390196,0,0
recipient_withdrawal,398,V32P-A002307,1,0.49422833919525144,0.49435995817184447,0,0
recipient_withdrawal,399,V32P-A002308,0,0.10016762614250183,0.10268141776323318,0,0
recipient_withdrawal,400,V32P-A002309,0,0.062687861174345022,0.064108282327651978,0,0
recipient_withdrawal,401,V32P-A002310,0,0.025446337275207044,0.026063453592360019,0,0
recipient_withdrawal,402,V32P-A002317,0,0.78378194570541382,0.77621281147003174,1,1
recipient_withdrawal,403,V32P-A002318,0,0.67961285114288328,0.67098788022994993,1,1
recipient_withdrawal,404,V32P-A002319,0,0.63209671974182124,0.62393823862075803,1,1
recipient_withdrawal,405,V32P-A002320,0,0.76285878419876096,0.75448185205459595,1,1
recipient_withdrawal,406,V32P-A002321,0,0.60327526926994324,0.59268222451210018,0,0
recipient_withdrawal,407,V32P-A002322,0,0.056452025100588797,0.056351615861058232,0,0
recipient_withdrawal,408,V32P-A002335,0,0.61560633182525637,0.61000207662582395,0,0
recipient_withdrawal,409,V32P-A002336,0,0.56105680465698238,0.55734286904335018,0,0
recipient_withdrawal,410,V32P-A002337,0,0.5094445586204529,0.50704126358032231,0,0
recipient_withdrawal,411,V32P-A002338,0,0.44907274246215823,0.44730277657508849,0,0
recipient_withdrawal,412,V32P-A002339,0,0.33887410163879395,0.33808746933937073,0,0
recipient_withdrawal,413,V32P-A002340,0,0.14056159406900406,0.14095009565353395,0,0
recipient_withdrawal,414,V32P-A002359,1,0.71452144384384153,0.71175155639648435,1,1
recipient_withdrawal,415,V32P-A002360,1,0.65448534488677979,0.65281645059585569,1,1
recipient_withdrawal,416,V32P-A002361,1,0.70538777112960815,0.70334571599960327,1,1
recipient_withdrawal,417,V32P-A002362,0,0.10047744512557984,0.10141858905553817,0,0
recipient_withdrawal,418,V32P-A002363,0,0.074197410047054296,0.075047013908624643,0,0
recipient_withdrawal,419,V32P-A002364,0,0.032653446123003957,0.033025080338120461,0,0
recipient_withdrawal,420,V32P-A002395,0,0.63599197864532475,0.63172352313995361,1,1
recipient_withdrawal,421,V32P-A002396,0,0.5942093074321747,0.59068620800971983,0,0
recipient_withdrawal,422,V32P-A002397,0,0.55273095369338987,0.54988665580749507,0,0
recipient_withdrawal,423,V32P-A002398,0,0.48678773045539858,0.48481795787811277,0,0
recipient_withdrawal,424,V32P-A002399,0,0.40594059228897095,0.40493512153625488,0,0
recipient_withdrawal,425,V32P-A002400,0,0.19518902003765107,0.19548150002956391,0,0
recipient_withdrawal,426,V32P-A002503,0,0.65966423749923708,0.654974353313446,1,1
recipient_withdrawal,427,V32P-A002504,0,0.67726495265960696,0.67212908267974858,1,1
recipient_withdrawal,428,V32P-A002505,0,0.68841135501861572,0.68300293684005742,1,1
recipient_withdrawal,429,V32P-A002506,0,0.6757300972938538,0.66995844841003416,1,1
recipient_withdrawal,430,V32P-A002507,0,0.63288736343383789,0.62652260065078735,1,1
recipient_withdrawal,431,V32P-A002508,0,0.39524534344673157,0.38821222782135012,0,0
recipient_withdrawal,432,V32P-A002545,1,0.84846142530441282,0.84080343246459965,1,1
recipient_withdrawal,433,V32P-A002546,1,0.7857110261917114,0.7761466860771179,1,1
recipient_withdrawal,434,V32P-A002547,1,0.63901140689849856,0.62804987430572512,1,1
recipient_withdrawal,435,V32P-A002548,0,0.16857483685016633,0.16648147106170655,0,0
recipient_withdrawal,436,V32P-A002549,0,0.15363970398902893,0.1518729731440544,0,0
recipient_withdrawal,437,V32P-A002550,0,0.058286233618855474,0.058182028308510783,0,0
recipient_withdrawal,438,V32P-A002593,0,0.6424564480781555,0.63819506168365481,1,1
recipient_withdrawal,439,V32P-A002594,0,0.59227272868156433,0.58870034813880923,0,0
recipient_withdrawal,440,V32P-A002595,0,0.58205244541168211,0.57911047935485838,0,0
recipient_withdrawal,441,V32P-A002596,0,0.53116528391838069,0.52923571467399599,0,0
recipient_withdrawal,442,V32P-A002597,0,0.45581530928611758,0.45507372021675108,0,0
recipient_withdrawal,443,V32P-A002598,0,0.24808037877082825,0.24951191544532775,0,0
recipient_withdrawal,444,V32P-A002629,1,0.74763966798782344,0.73213140964508061,1,1
recipient_withdrawal,445,V32P-A002630,1,0.74523537158966069,0.73204896450042722,1,1
recipient_withdrawal,446,V32P-A002631,1,0.71342487335205074,0.70289980173110966,1,1
recipient_withdrawal,447,V32P-A002632,0,0.16616197377443315,0.16454372853040694,0,0
recipient_withdrawal,448,V32P-A002633,0,0.11151251494884491,0.1111156664788723,0,0
recipient_withdrawal,449,V32P-A002634,0,0.045028676092624662,0.045104505866765975,0,0
recipient_withdrawal,450,V32P-A002635,0,0.73075600862503054,0.72810331583023069,1,1
recipient_withdrawal,451,V32P-A002636,0,0.63450483083724973,0.63293033838272095,1,1
recipient_withdrawal,452,V32P-A002637,0,0.58377200961112974,0.58336905837059017,0,0
recipient_withdrawal,453,V32P-A002638,0,0.54189221858978276,0.5424852132797241,0,0
recipient_withdrawal,454,V32P-A002639,0,0.46062944531440736,0.46200073957443238,0,0
recipient_withdrawal,455,V32P-A002640,0,0.23032639920711517,0.23129890859127045,0,0
recipient_withdrawal,456,V32P-A002665,0,0.73220679759979246,0.72314227819442745,1,1
recipient_withdrawal,457,V32P-A002666,0,0.63605822324752803,0.62954251766204838,1,1
recipient_withdrawal,458,V32P-A002667,0,0.59479480385780337,0.59109951853752141,0,0
recipient_withdrawal,459,V32P-A002668,0,0.53826466798782346,0.53688293099403384,0,0
recipient_withdrawal,460,V32P-A002669,0,0.51250358223915105,0.51284282803535464,0,0
recipient_withdrawal,461,V32P-A002670,0,0.26641306281089783,0.2682418614625931,0,0
recipient_withdrawal,462,V32P-A002695,0,0.5434399485588074,0.53857135176658633,0,0
recipient_withdrawal,463,V32P-A002696,0,0.55769235491752622,0.55471945405006406,0,0
recipient_withdrawal,464,V32P-A002697,0,0.53451336026191709,0.53160244226455688,0,0
recipient_withdrawal,465,V32P-A002698,0,0.46984500288963316,0.46822450160980222,0,0
recipient_withdrawal,466,V32P-A002699,0,0.38309596180915834,0.38265836238861084,0,0
recipient_withdrawal,467,V32P-A002700,0,0.16244138479232789,0.16339953541755675,0,0
recipient_withdrawal,468,V32P-A002767,0,0.61679944992065427,0.60956846475601201,0,0
recipient_withdrawal,469,V32P-A002768,0,0.58887610435485838,0.58325788974761961,0,0
recipient_withdrawal,470,V32P-A002769,0,0.52474489212036135,0.52081586122512813,0,0
recipient_withdrawal,471,V32P-A002770,0,0.45018216967582703,0.44759396910667421,0,0
recipient_withdrawal,472,V32P-A002771,0,0.37199935615062713,0.37095833122730254,0,0
recipient_withdrawal,473,V32P-A002772,0,0.16479447782039641,0.16571505069732667,0,0
recipient_withdrawal,474,V32P-A002839,0,0.67889959812164302,0.67573581933975224,1,1
recipient_withdrawal,475,V32P-A002840,0,0.61450333595275874,0.61243305206298826,0,0
recipient_withdrawal,476,V32P-A002841,0,0.55645661950111391,0.55501839518547058,0,0
recipient_withdrawal,477,V32P-A002842,0,0.43794990777969361,0.43761187791824341,0,0
recipient_withdrawal,478,V32P-A002843,0,0.35328862369060515,0.35464492738246917,0,0
recipient_withdrawal,479,V32P-A002844,0,0.16530764400959014,0.16743140518665314,0,0
recipient_withdrawal,480,V32P-A002863,0,0.46319455504417417,0.45375837087631227,0,0
recipient_withdrawal,481,V32P-A002864,0,0.53127505183219914,0.52268767952919004,0,0
recipient_withdrawal,482,V32P-A002865,0,0.54132310152053831,0.53355035185813904,0,0
recipient_withdrawal,483,V32P-A002866,1,0.48141298294067381,0.4728101432323456,0,0
recipient_withdrawal,484,V32P-A002867,0,0.08291566781699658,0.082922888919711113,0,0
recipient_withdrawal,485,V32P-A002868,0,0.041826916113495829,0.04191403575241566,0,0
recipient_withdrawal,486,V32P-A002881,0,0.67885053157806396,0.66816384792327876,1,1
recipient_withdrawal,487,V32P-A002882,0,0.52507655620574956,0.51418848633766179,0,0
recipient_withdrawal,488,V32P-A002883,0,0.47063360810279847,0.46151645183563234,0,0
recipient_withdrawal,489,V32P-A002884,0,0.4854184091091156,0.47700693011283873,0,0
recipient_withdrawal,490,V32P-A002885,0,0.33585158884525301,0.33030076920986173,0,0
recipient_withdrawal,491,V32P-A002886,0,0.14032359123229982,0.13945346623659133,0,0
recipient_withdrawal,492,V32P-A003055,0,0.56322143673896785,0.56101194620132444,0,0
recipient_withdrawal,493,V32P-A003056,0,0.51036269068717954,0.5088214755058289,0,0
recipient_withdrawal,494,V32P-A003057,0,0.46359697580337522,0.46341093182563781,0,0
recipient_withdrawal,495,V32P-A003058,0,0.39595526456832886,0.39640905261039733,0,0
recipient_withdrawal,496,V32P-A003059,0,0.32117843627929688,0.32229624986648558,0,0
recipient_withdrawal,497,V32P-A003060,0,0.023569001629948617,0.023922823369503021,0,0
recipient_withdrawal,498,V32P-A003085,1,0.81307888031005859,0.8065885186195374,1,1
recipient_withdrawal,499,V32P-A003086,1,0.72050174474716189,0.71116737127304075,1,1
recipient_withdrawal,500,V32P-A003087,0,0.2022305741906166,0.20028407871723175,0,0
recipient_withdrawal,501,V32P-A003088,0,0.22813720405101776,0.22430333793163298,0,0
recipient_withdrawal,502,V32P-A003089,0,0.13413992002606392,0.13372301831841468,0,0
recipient_withdrawal,503,V32P-A003090,0,0.055559368804097176,0.055604551360011099,0,0
recipient_withdrawal,504,V32P-A003103,0,0.42524473667144774,0.41292265057563782,0,0
recipient_withdrawal,505,V32P-A003104,0,0.42726510763168335,0.41757184863090513,0,0
recipient_withdrawal,506,V32P-A003105,0,0.41094428896903989,0.40283746123313902,0,0
recipient_withdrawal,507,V32P-A003106,0,0.33656976222991941,0.3298993706703186,0,0
recipient_withdrawal,508,V32P-A003107,0,0.2560335099697113,0.25135049819946287,0,0
recipient_withdrawal,509,V32P-A003108,0,0.12305648177862168,0.12134866267442704,0,0
recipient_withdrawal,510,V32P-A003115,0,0.44892992973327639,0.44794631004333496,0,0
recipient_withdrawal,511,V32P-A003116,0,0.44891533851623533,0.44807798862457277,0,0
recipient_withdrawal,512,V32P-A003117,0,0.49480906724929807,0.49413369894027709,0,0
recipient_withdrawal,513,V32P-A003118,0,0.42272543907165527,0.42277829647064208,0,0
recipient_withdrawal,514,V32P-A003119,0,0.34578253626823424,0.34674926996231081,0,0
recipient_withdrawal,515,V32P-A003120,0,0.029020389169454576,0.029539787396788596,0,0
recipient_withdrawal,516,V32P-A003235,0,0.45924503803253175,0.45865234136581423,0,0
recipient_withdrawal,517,V32P-A003236,0,0.47377946972846985,0.47398423552513125,0,0
recipient_withdrawal,518,V32P-A003237,0,0.44179118275642393,0.44223242402076723,0,0
recipient_withdrawal,519,V32P-A003238,0,0.36087094545364379,0.36260548233985901,0,0
recipient_withdrawal,520,V32P-A003239,0,0.28259305953979491,0.28516166210174559,0,0
recipient_withdrawal,521,V32P-A003240,0,0.12273155152797699,0.12434058785438537,0,0
recipient_withdrawal,522,V32P-A003241,0,0.3581567257642746,0.35238485038280487,0,0
recipient_withdrawal,523,V32P-A003242,0,0.37283669114112855,0.36800904870033263,0,0
recipient_withdrawal,524,V32P-A003243,0,0.33127107918262483,0.32700282633304595,0,0
recipient_withdrawal,525,V32P-A003244,0,0.31292659938335421,0.30880872905254364,0,0
recipient_withdrawal,526,V32P-A003245,0,0.21630582511425017,0.20754970312118531,0,0
recipient_withdrawal,527,V32P-A003246,0,0.11401749700307846,0.11284702271223068,0,0
recipient_withdrawal,528,V32P-A003331,0,0.60593992471694946,0.60483129024505611,0,0
recipient_withdrawal,529,V32P-A003332,0,0.44583804011344907,0.44474459290504453,0,0
recipient_withdrawal,530,V32P-A003333,0,0.3664462625980377,0.36597056388854982,0,0
recipient_withdrawal,531,V32P-A003334,0,0.37134562134742738,0.37224280834197998,0,0
recipient_withdrawal,532,V32P-A003335,0,0.2527746081352234,0.25464149117469786,0,0
recipient_withdrawal,533,V32P-A003336,0,0.13404810801148415,0.13616759255528449,0,0
recipient_withdrawal,534,V32P-A003343,0,0.86697126626968379,0.86092180013656616,1,1
recipient_withdrawal,535,V32P-A003344,0,0.7739355802536011,0.76300109624862666,1,1
recipient_withdrawal,536,V32P-A003345,0,0.86719570159912107,0.85654457807540896,1,1
recipient_withdrawal,537,V32P-A003346,0,0.72205171585083006,0.71036934852600098,1,1
recipient_withdrawal,538,V32P-A003347,0,0.6234073162078857,0.61183191537857051,1,0
recipient_withdrawal,539,V32P-A003348,0,0.085226745158433911,0.085298067703843114,0,0
recipient_withdrawal,540,V32P-A003409,0,0.5971010804176331,0.5866644620895386,0,0
recipient_withdrawal,541,V32P-A003410,0,0.66326106786727901,0.65519491434097288,1,1
recipient_withdrawal,542,V32P-A003411,0,0.65644183158874514,0.64804098606109617,1,1
recipient_withdrawal,543,V32P-A003412,0,0.59535115361213686,0.58744750618934627,0,0
recipient_withdrawal,544,V32P-A003413,0,0.51868827342987056,0.51220759749412537,0,0
recipient_withdrawal,545,V32P-A003414,0,0.037122845835983756,0.037354572676122189,0,0
recipient_withdrawal,546,V32P-A003481,0,0.64216934442520146,0.63320935964584346,1,1
recipient_withdrawal,547,V32P-A003482,0,0.53609111309051516,0.52512304186820979,0,0
recipient_withdrawal,548,V32P-A003483,0,0.50787081122398381,0.50152492523193359,0,0
recipient_withdrawal,549,V32P-A003484,0,0.46074958443641661,0.45605868697166441,0,0
recipient_withdrawal,550,V32P-A003485,0,0.36636552214622498,0.36305731534957886,0,0
recipient_withdrawal,551,V32P-A003486,0,0.16233581304550171,0.16164416819810867,0,0
recipient_withdrawal,552,V32P-A003493,0,0.51343076825141909,0.50923032164573667,0,0
recipient_withdrawal,553,V32P-A003494,0,0.46385242342948912,0.45874963402748109,0,0
recipient_withdrawal,554,V32P-A003495,0,0.43628448843955991,0.43108599781990053,0,0
recipient_withdrawal,555,V32P-A003496,0,0.35692437291145324,0.35147650837898253,0,0
recipient_withdrawal,556,V32P-A003497,0,0.27447039186954497,0.26995871365070345,0,0
recipient_withdrawal,557,V32P-A003498,0,0.11611251384019852,0.11534864902496338,0,0
recipient_withdrawal,558,V32P-A003517,1,0.65974122881889341,0.65032854676246643,1,1
recipient_withdrawal,559,V32P-A003518,1,0.5273833215236664,0.51925253868103027,0,0
recipient_withdrawal,560,V32P-A003519,1,0.42358146905899047,0.4184828042984009,0,0
recipient_withdrawal,561,V32P-A003520,0,0.086227626353502271,0.086123707890510562,0,0
recipient_withdrawal,562,V32P-A003521,0,0.066987866163253779,0.067035327106714254,0,0
recipient_withdrawal,563,V32P-A003522,0,0.034056660532951352,0.034174595028162003,0,0
recipient_withdrawal,564,V32P-A003595,0,0.48473453521728516,0.48232573270797729,0,0
recipient_withdrawal,565,V32P-A003596,0,0.35897662043571471,0.35204345583915708,0,0
recipient_withdrawal,566,V32P-A003597,0,0.36240315437316895,0.36209906935691832,0,0
recipient_withdrawal,567,V32P-A003598,0,0.28437066674232481,0.28496350049972535,0,0
recipient_withdrawal,568,V32P-A003599,0,0.22044235169887544,0.22182627618312836,0,0
recipient_withdrawal,569,V32P-A003600,0,0.098827394843101504,0.099936585128307345,0,0
recipient_withdrawal,570,V32P-A003715,1,0.69232428073883057,0.68923355340957637,1,1
recipient_withdrawal,571,V32P-A003716,1,0.57508788108825681,0.56070400476455684,0,0
recipient_withdrawal,572,V32P-A003717,1,0.57713379859924319,0.57209571599960329,0,0
recipient_withdrawal,573,V32P-A003718,0,0.10119681432843208,0.10126333460211753,0,0
recipient_withdrawal,574,V32P-A003719,0,0.076168958097696304,0.076375638693571085,0,0
recipient_withdrawal,575,V32P-A003720,0,0.033730574324727057,0.033904897794127462,0,0
recipient_withdrawal,576,V32P-A003829,0,0.6872696161270142,0.68273487091064455,1,1
recipient_withdrawal,577,V32P-A003830,0,0.6367157459259033,0.63233288526535036,1,1
recipient_withdrawal,578,V32P-A003831,0,0.60239005088806152,0.59807115793228149,0,0
recipient_withdrawal,579,V32P-A003832,0,0.54905040860176091,0.54558025598526005,0,0
recipient_withdrawal,580,V32P-A003833,1,0.45706472992897035,0.45375014543533326,0,0
recipient_withdrawal,581,V32P-A003834,0,0.039752076379954815,0.039931176416575911,0,0
recipient_withdrawal,582,V32P-A003907,0,0.72306938171386714,0.7172774076461792,1,1
recipient_withdrawal,583,V32P-A003908,0,0.61440904140472408,0.6066047787666321,0,0
recipient_withdrawal,584,V32P-A003909,0,0.52461413741111751,0.51401534676551819,0,0
recipient_withdrawal,585,V32P-A003910,1,0.58675719499588008,0.5810594320297241,0,0
recipient_withdrawal,586,V32P-A003911,0,0.065624771267175669,0.065446023643016812,0,0
recipient_withdrawal,587,V32P-A003912,0,0.027791630849242209,0.027814052253961562,0,0
recipient_withdrawal,588,V32P-A003955,0,0.68708188533782955,0.67938070297241215,1,1
recipient_withdrawal,589,V32P-A003956,0,0.62313346862792973,0.61279323101043703,1,0
recipient_withdrawal,590,V32P-A003957,0,0.61585166454315188,0.60750651359558105,0,0
recipient_withdrawal,591,V32P-A003958,0,0.54078883528709409,0.53373404145240788,0,0
recipient_withdrawal,592,V32P-A003959,0,0.45895794034004211,0.45398521423339844,0,0
recipient_withdrawal,593,V32P-A003960,0,0.21867585480213164,0.21748554706573486,0,0
recipient_withdrawal,594,V32P-A003961,0,0.36983639597892759,0.36676292419433593,0,0
recipient_withdrawal,595,V32P-A003962,0,0.4859063386917114,0.47933862805366517,0,0
recipient_withdrawal,596,V32P-A003963,0,0.47727970480918885,0.47020549774169923,0,0
recipient_withdrawal,597,V32P-A003964,0,0.41064561009407041,0.39500883817672727,0,0
recipient_withdrawal,598,V32P-A003965,0,0.3587396264076233,0.35130428075790404,0,0
recipient_withdrawal,599,V32P-A003966,0,0.20271313041448594,0.19872667640447617,0,0
recipient_withdrawal,600,V32P-A003973,0,0.57979364395141597,0.57472835779190068,0,0
recipient_withdrawal,601,V32P-A003974,0,0.49076035022735598,0.48560198545455935,0,0
recipient_withdrawal,602,V32P-A003975,0,0.4067437410354614,0.40266802906990051,0,0
recipient_withdrawal,603,V32P-A003976,0,0.3388896048069,0.33778261542320254,0,0
recipient_withdrawal,604,V32P-A003977,0,0.25331895053386688,0.25357416570186614,0,0
recipient_withdrawal,605,V32P-A003978,0,0.10682712644338607,0.10744488090276719,0,0
recipient_withdrawal,606,V32P-A003997,1,0.6744291424751282,0.67202494144439695,1,1
recipient_withdrawal,607,V32P-A003998,1,0.59121161699295044,0.5889979481697083,0,0
recipient_withdrawal,608,V32P-A003999,1,0.54305953383445738,0.5410771369934082,0,0
recipient_withdrawal,609,V32P-A004000,0,0.11478438302874565,0.11570245996117592,0,0
recipient_withdrawal,610,V32P-A004001,0,0.092037996649742132,0.092813796550035479,0,0
recipient_withdrawal,611,V32P-A004002,0,0.038370490074157715,0.03867902718484402,0,0
recipient_withdrawal,612,V32P-A004033,0,0.63572504520416262,0.62129269838333134,1,1
recipient_withdrawal,613,V32P-A004034,0,0.59897784590721126,0.58397342562675481,0,0
recipient_withdrawal,614,V32P-A004035,0,0.60582227706909175,0.58258978128433225,0,0
recipient_withdrawal,615,V32P-A004036,0,0.56576725840568542,0.54772798418998714,0,0
recipient_withdrawal,616,V32P-A004037,0,0.49857596755027772,0.47945622801780702,0,0
recipient_withdrawal,617,V32P-A004038,0,0.28976783156394958,0.2761396884918213,0,0
recipient_withdrawal,618,V32P-A004081,0,0.8014773845672607,0.79245742559432986,1,1
recipient_withdrawal,619,V32P-A004082,0,0.66273801922798159,0.6489208400249481,1,1
recipient_withdrawal,620,V32P-A004083,0,0.7270408987998962,0.70444076061248784,1,1
recipient_withdrawal,621,V32P-A004084,1,0.59673239588737492,0.57992141842842104,0,0
recipient_withdrawal,622,V32P-A004085,0,0.13859252557158469,0.13797829076647758,0,0
recipient_withdrawal,623,V32P-A004086,0,0.077763809822499752,0.077662059478461748,0,0
recipient_withdrawal,624,V32P-A004105,0,0.73197200298309328,0.72687070369720463,1,1
recipient_withdrawal,625,V32P-A004106,0,0.60597721338272093,0.59812802672386167,0,0
recipient_withdrawal,626,V32P-A004107,0,0.53039901256561284,0.52330847978591921,0,0
recipient_withdrawal,627,V32P-A004108,0,0.6530958235263824,0.64012324213981631,1,1
recipient_withdrawal,628,V32P-A004109,0,0.42901940345764161,0.42363445758819579,0,0
recipient_withdrawal,629,V32P-A004110,0,0.21749228835105897,0.21588919609785079,0,0
recipient_withdrawal,630,V32P-A004183,0,0.5505460381507874,0.54734585285186765,0,0
recipient_withdrawal,631,V32P-A004184,0,0.46298558115959165,0.45978056788444521,0,0
recipient_withdrawal,632,V32P-A004185,0,0.51280044913291933,0.50937662720680232,0,0
recipient_withdrawal,633,V32P-A004186,0,0.4607664108276367,0.45740541219711306,0,0
recipient_withdrawal,634,V32P-A004187,0,0.39197340607643127,0.38847938179969788,0,0
recipient_withdrawal,635,V32P-A004188,0,0.1857164204120636,0.18449066877365111,0,0
recipient_withdrawal,636,V32P-A004231,0,0.68046594858169551,0.67346956729888918,1,1
recipient_withdrawal,637,V32P-A004232,0,0.54589600563049312,0.53590120673179631,0,0
recipient_withdrawal,638,V32P-A004233,0,0.39108337163925172,0.37973045110702514,0,0
recipient_withdrawal,639,V32P-A004234,0,0.40588670372962954,0.3991420090198517,0,0
recipient_withdrawal,640,V32P-A004235,0,0.33317173123359678,0.32785726785659791,0,0
recipient_withdrawal,641,V32P-A004236,0,0.19129025936126709,0.18925231695175171,0,0
recipient_withdrawal,642,V32P-A004255,0,0.71356791257858276,0.70804101228713989,1,1
recipient_withdrawal,643,V32P-A004256,0,0.60541421175003052,0.59834839105606075,0,0
recipient_withdrawal,644,V32P-A004257,0,0.55794013142585752,0.55190234184265141,0,0
recipient_withdrawal,645,V32P-A004258,0,0.54836446642875669,0.53666566610336308,0,0
recipient_withdrawal,646,V32P-A004259,0,0.40392663478851321,0.39896409511566161,0,0
recipient_withdrawal,647,V32P-A004260,0,0.20511039197444916,0.20367820560932159,0,0
recipient_withdrawal,648,V32P-A004273,0,0.3650639235973358,0.36600555181503297,0,0
recipient_withdrawal,649,V32P-A004274,0,0.41983596086502073,0.42068242430686953,0,0
recipient_withdrawal,650,V32P-A004275,0,0.38603156805038452,0.38731641769409181,0,0
recipient_withdrawal,651,V32P-A004276,0,0.31081169843673706,0.31287572979927064,0,0
recipient_withdrawal,652,V32P-A004277,0,0.24703549742698669,0.24936064481735229,0,0
recipient_withdrawal,653,V32P-A004278,0,0.12307512164115905,0.1246744453907013,0,0
recipient_withdrawal,654,V32P-A004291,0,0.52843509912490849,0.52113285064697268,0,0
recipient_withdrawal,655,V32P-A004292,0,0.53918489813804626,0.53241133093833926,0,0
recipient_withdrawal,656,V32P-A004293,0,0.45979651808738708,0.45333720445632936,0,0
recipient_withdrawal,657,V32P-A004294,0,0.45082569122314453,0.43820547461509707,0,0
recipient_withdrawal,658,V32P-A004295,0,0.33338308930397031,0.32958183884620668,0,0
recipient_withdrawal,659,V32P-A004296,0,0.12304139733314515,0.12261072844266892,0,0
recipient_withdrawal,660,V32P-A004399,0,0.5901263952255249,0.58670606613159182,0,0
recipient_withdrawal,661,V32P-A004400,0,0.62088435888290405,0.61754417419433594,1,0
recipient_withdrawal,662,V32P-A004401,0,0.62515304088592527,0.62155395746231079,1,1
recipient_withdrawal,663,V32P-A004402,0,0.59508904218673708,0.59180129766464229,0,0
recipient_withdrawal,664,V32P-A004403,0,0.5337677001953125,0.53031748533248901,0,0
recipient_withdrawal,665,V32P-A004404,0,0.28062652349472045,0.27984835505485534,0,0
recipient_withdrawal,666,V32P-A004411,1,0.65296069383621214,0.64450204372406006,1,1
recipient_withdrawal,667,V32P-A004412,1,0.46048163175582885,0.4481906771659851,0,0
recipient_withdrawal,668,V32P-A004413,1,0.40577516555786131,0.39413815140724184,0,0
recipient_withdrawal,669,V32P-A004414,0,0.073457914590835574,0.072907096147537237,0,0
recipient_withdrawal,670,V32P-A004415,0,0.05202411487698555,0.051731534674763678,0,0
recipient_withdrawal,671,V32P-A004416,0,0.024593005329370497,0.024541967362165452,0,0
recipient_withdrawal,672,V32P-A004423,0,0.6046026349067688,0.60323057174682615,0,0
recipient_withdrawal,673,V32P-A004424,0,0.39081877470016479,0.39331917762756347,0,0
recipient_withdrawal,674,V32P-A004425,0,0.49518492817878723,0.496265310049057,0,0
recipient_withdrawal,675,V32P-A004426,0,0.40935410857200621,0.41188307404518126,0,0
recipient_withdrawal,676,V32P-A004427,0,0.34781164228916167,0.35106531083583831,0,0
recipient_withdrawal,677,V32P-A004428,0,0.16938612163066863,0.17339406609535218,0,0
recipient_withdrawal,678,V32P-A004453,0,0.64451253414154053,0.63683706521987915,1,1
recipient_withdrawal,679,V32P-A004454,0,0.59876272082328796,0.58537177443504329,0,0
recipient_withdrawal,680,V32P-A004455,0,0.61469471454620361,0.60738358497619627,0,0
recipient_withdrawal,681,V32P-A004456,0,0.62691255807876589,0.62110106945037846,1,1
recipient_withdrawal,682,V32P-A004457,0,0.57059025764465332,0.56459418535232542,0,0
recipient_withdrawal,683,V32P-A004458,0,0.31057175993919373,0.30566022992134095,0,0
recipient_withdrawal,684,V32P-A004603,0,0.41610045433044435,0.41641774773597717,0,0
recipient_withdrawal,685,V32P-A004604,0,0.41708008646965028,0.41832689046859739,0,0
recipient_withdrawal,686,V32P-A004605,0,0.37381912469863893,0.37590515017509463,0,0
recipient_withdrawal,687,V32P-A004606,0,0.28300248086452484,0.28561094105243684,0,0
recipient_withdrawal,688,V32P-A004607,0,0.23271479904651643,0.23512798845767974,0,0
recipient_withdrawal,689,V32P-A004608,0,0.10902432054281234,0.11171110123395919,0,0
recipient_withdrawal,690,V32P-A004651,0,0.82171810865402217,0.81663564443588255,1,1
recipient_withdrawal,691,V32P-A004652,0,0.82297370433807371,0.81781067848205569,1,1
recipient_withdrawal,692,V32P-A004653,0,0.69605293273925783,0.68979856967926023,1,1
recipient_withdrawal,693,V32P-A004654,0,0.58442367911338811,0.57955756783485413,0,0
recipient_withdrawal,694,V32P-A004655,0,0.51685226559638975,0.51359120607376096,0,0
recipient_withdrawal,695,V32P-A004656,0,0.041608534939587119,0.041962455399334429,0,0
recipient_withdrawal,696,V32P-A004663,0,0.67315328121185303,0.66817734241485593,1,1
recipient_withdrawal,697,V32P-A004664,0,0.68434249162673955,0.67976429462432864,1,1
recipient_withdrawal,698,V32P-A004665,0,0.68874402046203609,0.68395682573318484,1,1
recipient_withdrawal,699,V32P-A004666,0,0.5946403443813324,0.58885951042175289,0,0
recipient_withdrawal,700,V32P-A004667,0,0.49162330627441408,0.48688414096832278,0,0
recipient_withdrawal,701,V32P-A004668,0,0.24718156456947327,0.24587484300136567,0,0
recipient_withdrawal,702,V32P-A004675,1,0.58310450315475459,0.58140416145324703,0,0
recipient_withdrawal,703,V32P-A004676,1,0.54257112145423891,0.54019767642021177,0,0
recipient_withdrawal,704,V32P-A004677,0,0.11760756522417068,0.11897820383310317,0,0
recipient_withdrawal,705,V32P-A004678,0,0.088131216168403623,0.089436072111129764,0,0
recipient_withdrawal,706,V32P-A004679,0,0.065986808389425278,0.067160899192094808,0,0
recipient_withdrawal,707,V32P-A004680,0,0.027328023687005043,0.027901341766119005,0,0
recipient_withdrawal,708,V32P-A004717,0,0.61544169783592229,0.60784445405006404,0,0
recipient_withdrawal,709,V32P-A004718,0,0.48013238310813905,0.47356536388397219,0,0
recipient_withdrawal,710,V32P-A004719,0,0.49795092940330504,0.49097320437431335,0,0
recipient_withdrawal,711,V32P-A004720,1,0.46679383516311646,0.4591205954551697,0,0
recipient_withdrawal,712,V32P-A004721,0,0.071166165918111798,0.070773727446794513,0,0
recipient_withdrawal,713,V32P-A004722,0,0.031079561356455086,0.031063886452466251,0,0
recipient_withdrawal,714,V32P-A004789,0,0.72628573179244993,0.72082463502883909,1,1
recipient_withdrawal,715,V32P-A004790,0,0.51340562105178833,0.50708267688751218,0,0
recipient_withdrawal,716,V32P-A004791,0,0.51554477214813232,0.50336418747901912,0,0
recipient_withdrawal,717,V32P-A004792,0,0.3907733976840973,0.38375933170318605,0,0
recipient_withdrawal,718,V32P-A004793,0,0.31816563010215759,0.31302426457405091,0,0
recipient_withdrawal,719,V32P-A004794,0,0.14655943512916564,0.14545278102159501,0,0
recipient_withdrawal,720,V32P-A004855,1,0.55974639654159541,0.5554709196090698,0,0
recipient_withdrawal,721,V32P-A004856,1,0.57847096323966984,0.57489274144172664,0,0
recipient_withdrawal,722,V32P-A004857,1,0.59204503297805788,0.58770109415054317,0,0
recipient_withdrawal,723,V32P-A004858,0,0.083305617421865458,0.083565802127122876,0,0
recipient_withdrawal,724,V32P-A004859,0,0.064074093103408808,0.064382358640432361,0,0
recipient_withdrawal,725,V32P-A004860,0,0.029693604819476603,0.029859567619860174,0,0
recipient_withdrawal,726,V32P-A004873,0,0.46061945855617525,0.44168480932712556,0,0
recipient_withdrawal,727,V32P-A004874,0,0.45465027987957002,0.43721685111522673,0,0
recipient_withdrawal,728,V32P-A004875,0,0.45744082033634187,0.4387599378824234,0,0
recipient_withdrawal,729,V32P-A004876,0,0.46707176268100736,0.44796981513500211,0,0
recipient_withdrawal,730,V32P-A004877,0,0.43809139132499697,0.41903929710388182,0,0
recipient_withdrawal,731,V32P-A004878,0,0.059964909125119446,0.059390544239431617,0,0
recipient_withdrawal,732,V32P-A004903,0,0.75994869470596316,0.75510578155517583,1,1
recipient_withdrawal,733,V32P-A004904,0,0.69173926115036011,0.68590364456176756,1,1
recipient_withdrawal,734,V32P-A004905,0,0.66932599544525151,0.66233859062194822,1,1
recipient_withdrawal,735,V32P-A004906,0,0.7031948924064636,0.69683325290679932,1,1
recipient_withdrawal,736,V32P-A004907,0,0.68713836669921879,0.68053162097930908,1,1
recipient_withdrawal,737,V32P-A004908,0,0.43839938938617706,0.43218437135219573,0,0
recipient_withdrawal,738,V32P-A004909,0,0.60067182779312134,0.59554079771041868,0,0
recipient_withdrawal,739,V32P-A004910,0,0.52545450329780574,0.52160519361495972,0,0
recipient_withdrawal,740,V32P-A004911,0,0.51731486916542058,0.5154452919960022,0,0
recipient_withdrawal,741,V32P-A004912,1,0.49810734391212463,0.49657189249992373,0,0
recipient_withdrawal,742,V32P-A004913,0,0.060824000090360639,0.061442285776138306,0,0
recipient_withdrawal,743,V32P-A004914,0,0.027738297916948797,0.028048204816877843,0,0
recipient_withdrawal,744,V32P-A004981,0,0.5871687173843384,0.58170605897903438,0,0
recipient_withdrawal,745,V32P-A004982,0,0.50173504948616032,0.49684460759162902,0,0
recipient_withdrawal,746,V32P-A004983,0,0.43807432651519773,0.43523685336112977,0,0
recipient_withdrawal,747,V32P-A004984,0,0.34099139571189879,0.34072024822235109,0,0
recipient_withdrawal,748,V32P-A004985,0,0.27492660284042358,0.27573584914207461,0,0
recipient_withdrawal,749,V32P-A004986,0,0.12084110826253891,0.12196725457906724,0,0
recipient_withdrawal,750,V32P-A004987,0,0.52152130007743835,0.51845011711120603,0,0
recipient_withdrawal,751,V32P-A004988,0,0.50424681305885311,0.50145912766456602,0,0
recipient_withdrawal,752,V32P-A004989,0,0.47921745777130126,0.4770937144756317,0,0
recipient_withdrawal,753,V32P-A004990,0,0.42286533117294312,0.42157709002494814,0,0
recipient_withdrawal,754,V32P-A004991,0,0.33840923905372622,0.33790550827980043,0,0
recipient_withdrawal,755,V32P-A004992,0,0.027756417728960515,0.028126347623765469,0,0
recipient_withdrawal,756,V32P-A005077,0,0.5509411096572876,0.54627373218536379,0,0
recipient_withdrawal,757,V32P-A005078,0,0.5246637761592865,0.518833976984024,0,0
recipient_withdrawal,758,V32P-A005079,0,0.57188169360160823,0.56721079945564268,0,0
recipient_withdrawal,759,V32P-A005080,1,0.50012101531028752,0.49416438937187196,0,0
recipient_withdrawal,760,V32P-A005081,0,0.068417824059724811,0.067929656058549878,0,0
recipient_withdrawal,761,V32P-A005082,0,0.029329540766775609,0.029425063915550709,0,0
recipient_withdrawal,762,V32P-A005113,1,0.74607625007629397,0.74268767833709715,1,1
recipient_withdrawal,763,V32P-A005114,1,0.5947431683540344,0.59252357482910156,0,0
recipient_withdrawal,764,V32P-A005115,0,0.1764993466436863,0.17353040054440499,0,0
recipient_withdrawal,765,V32P-A005116,0,0.074404308944940573,0.075127834826707846,0,0
recipient_withdrawal,766,V32P-A005117,0,0.05846993625164032,0.059099318832159041,0,0
recipient_withdrawal,767,V32P-A005118,0,0.027076157927513122,0.027394681796431543,0,0
recipient_withdrawal,768,V32P-A005119,0,0.7415897130966187,0.73644629716873167,1,1
recipient_withdrawal,769,V32P-A005120,0,0.60379705429077146,0.59931390881538393,0,0
recipient_withdrawal,770,V32P-A005121,0,0.56688612103462221,0.5635050296783447,0,0
recipient_withdrawal,771,V32P-A005122,0,0.4493322014808655,0.44702442288398742,0,0
recipient_withdrawal,772,V32P-A005123,0,0.3783311605453491,0.37753357291221618,0,0
recipient_withdrawal,773,V32P-A005124,0,0.14646408706903458,0.14798877537250518,0,0
recipient_withdrawal,774,V32P-A005131,0,0.53154230713844297,0.52983241677284243,0,0
recipient_withdrawal,775,V32P-A005132,0,0.59224102497100828,0.59128913879394529,0,0
recipient_withdrawal,776,V32P-A005133,0,0.57388007044792178,0.57270883917808535,0,0
recipient_withdrawal,777,V32P-A005134,0,0.50446299910545345,0.5043631851673126,0,0
recipient_withdrawal,778,V32P-A005135,0,0.4225057899951935,0.42455644011497495,0,0
recipient_withdrawal,779,V32P-A005136,0,0.20674215108156205,0.20888768881559372,0,0
recipient_withdrawal,780,V32P-A005149,0,0.3914131224155426,0.38550314903259275,0,0
recipient_withdrawal,781,V32P-A005150,0,0.44229778051376345,0.43716962933540343,0,0
recipient_withdrawal,782,V32P-A005151,0,0.41357116103172303,0.40869998931884766,0,0
recipient_withdrawal,783,V32P-A005152,0,0.34932923316955566,0.34551345109939574,0,0
recipient_withdrawal,784,V32P-A005153,0,0.28366931080818175,0.28137139081954954,0,0
recipient_withdrawal,785,V32P-A005154,0,0.12864830195903779,0.12841555625200271,0,0
recipient_withdrawal,786,V32P-A005197,0,0.74463566541671755,0.74179723262786867,1,1
recipient_withdrawal,787,V32P-A005198,0,0.57163010835647587,0.57028779983520506,0,0
recipient_withdrawal,788,V32P-A005199,0,0.45937215089797973,0.45080332159996034,0,0
recipient_withdrawal,789,V32P-A005200,0,0.40885940790176389,0.40866019725799563,0,0
recipient_withdrawal,790,V32P-A005201,0,0.37821497619152067,0.3777432829141617,0,0
recipient_withdrawal,791,V32P-A005202,0,0.15627314448356627,0.15664419531822205,0,0
recipient_withdrawal,792,V32P-A005209,0,0.72779945135116575,0.72056005001068113,1,1
recipient_withdrawal,793,V32P-A005210,0,0.62663317322731016,0.61699720025062565,1,0
recipient_withdrawal,794,V32P-A005211,0,0.63917710185050969,0.63193295598030086,1,1
recipient_withdrawal,795,V32P-A005212,0,0.6272580206394196,0.6196966946125031,1,0
recipient_withdrawal,796,V32P-A005213,0,0.59634433984756474,0.57497376203536987,0,0
recipient_withdrawal,797,V32P-A005214,0,0.31734414696693419,0.3109388589859009,0,0
recipient_withdrawal,798,V32P-A005257,1,0.859316098690033,0.85287842750549314,1,1
recipient_withdrawal,799,V32P-A005258,1,0.87172366380691524,0.86461215019226079,1,1
recipient_withdrawal,800,V32P-A005259,1,0.74343491792678829,0.732871413230896,1,1
recipient_withdrawal,801,V32P-A005260,0,0.13281578198075294,0.13119089826941491,0,0
recipient_withdrawal,802,V32P-A005261,0,0.084918529540300366,0.084281729161739344,0,0
recipient_withdrawal,803,V32P-A005262,0,0.038562999479472636,0.03855909314006567,0,0
recipient_withdrawal,804,V32P-A005299,0,0.58476166725158696,0.57918219566345219,0,0
recipient_withdrawal,805,V32P-A005300,0,0.57659859657287593,0.57226432561874385,0,0
recipient_withdrawal,806,V32P-A005301,0,0.53649135231971745,0.53290988802909856,0,0
recipient_withdrawal,807,V32P-A005302,0,0.44947193264961244,0.44637776613235475,0,0
recipient_withdrawal,808,V32P-A005303,0,0.33749153017997741,0.33556432127952573,0,0
recipient_withdrawal,809,V32P-A005304,0,0.13772587776184081,0.13750081658363342,0,0
recipient_withdrawal,810,V32P-A005329,0,0.76973258256912236,0.7576416492462158,1,1
recipient_withdrawal,811,V32P-A005330,0,0.71605505943298342,0.70332065820693968,1,1
recipient_withdrawal,812,V32P-A005331,0,0.67500084638595581,0.66238387227058415,1,1
recipient_withdrawal,813,V32P-A005332,0,0.62396599054336543,0.61347978115081792,1,0
recipient_withdrawal,814,V32P-A005333,1,0.56257669925689702,0.55275169610977171,0,0
recipient_withdrawal,815,V32P-A005334,0,0.055799092724919321,0.055547849461436274,0,0
recipient_withdrawal,816,V32P-A005347,0,0.56923447847366337,0.56144580841064451,0,0
recipient_withdrawal,817,V32P-A005348,0,0.4278779923915863,0.41809533834457396,0,0
recipient_withdrawal,818,V32P-A005349,0,0.34790533781051636,0.33784738183021545,0,0
recipient_withdrawal,819,V32P-A005350,0,0.27751539051532748,0.26924301087856295,0,0
recipient_withdrawal,820,V32P-A005351,0,0.21634633541107179,0.20950007438659668,0,0
recipient_withdrawal,821,V32P-A005352,0,0.097473190724849695,0.09495260268449783,0,0
recipient_withdrawal,822,V32P-A005353,0,0.59477137327194218,0.58911442756652832,0,0
recipient_withdrawal,823,V32P-A005354,0,0.51035912632942204,0.50329944491386414,0,0
recipient_withdrawal,824,V32P-A005355,0,0.48492272496223449,0.47908561825752261,0,0
recipient_withdrawal,825,V32P-A005356,0,0.37422579526901245,0.36916207075119017,0,0
recipient_withdrawal,826,V32P-A005357,0,0.28361530900001525,0.2805392026901245,0,0
recipient_withdrawal,827,V32P-A005358,0,0.12203955203294754,0.12164115160703659,0,0
recipient_withdrawal,828,V32P-A005425,0,0.71743720769882202,0.71299449205398557,1,1
recipient_withdrawal,829,V32P-A005426,0,0.56934701204299931,0.56573313474655151,0,0
recipient_withdrawal,830,V32P-A005427,0,0.58043006658554075,0.5771084308624268,0,0
recipient_withdrawal,831,V32P-A005428,0,0.62004022598266606,0.61533031463623045,1,0
recipient_withdrawal,832,V32P-A005429,0,0.47233827114105226,0.46971030235290528,0,0
recipient_withdrawal,833,V32P-A005430,0,0.23467154502868653,0.23470300137996675,0,0
recipient_withdrawal,834,V32P-A005479,0,0.49722053408622741,0.49406849741935732,0,0
recipient_withdrawal,835,V32P-A005480,0,0.54958381652832033,0.54695669412612913,0,0
recipient_withdrawal,836,V32P-A005481,0,0.55587735772132874,0.55325405001640315,0,0
recipient_withdrawal,837,V32P-A005482,0,0.49766496419906614,0.49552141427993773,0,0
recipient_withdrawal,838,V32P-A005483,0,0.42968046069145205,0.42918584942817689,0,0
recipient_withdrawal,839,V32P-A005484,0,0.22018635272979736,0.22108420431613923,0,0
recipient_withdrawal,840,V32P-A005515,0,0.61271554231643677,0.61058924198150633,0,0
recipient_withdrawal,841,V32P-A005516,0,0.50983744859695435,0.50678668022155759,0,0
recipient_withdrawal,842,V32P-A005517,0,0.43799452781677245,0.43063584566116331,0,0
recipient_withdrawal,843,V32P-A005518,0,0.41993243694305421,0.41885701417922971,0,0
recipient_withdrawal,844,V32P-A005519,0,0.37661240100860593,0.37670849561691283,0,0
recipient_withdrawal,845,V32P-A005520,0,0.1929330348968506,0.19553518891334534,0,0
recipient_withdrawal,846,V32P-A005527,0,0.54076296091079712,0.52996683120727539,0,0
recipient_withdrawal,847,V32P-A005528,0,0.52268826365470888,0.510618656873703,0,0
recipient_withdrawal,848,V32P-A005529,0,0.43333336114883425,0.42255997061729433,0,0
recipient_withdrawal,849,V32P-A005530,0,0.36293584704399107,0.35586271882057191,0,0
recipient_withdrawal,850,V32P-A005531,0,0.26403898894786837,0.25924995839595794,0,0
recipient_withdrawal,851,V32P-A005532,0,0.10012178122997284,0.099195705354213709,0,0
recipient_withdrawal,852,V32P-A005569,0,0.76782085895538332,0.75079568624496462,1,1
recipient_withdrawal,853,V32P-A005570,0,0.66831055879592893,0.64900372028350828,1,1
recipient_withdrawal,854,V32P-A005571,0,0.6092607200145721,0.59160955548286442,0,0
recipient_withdrawal,855,V32P-A005572,0,0.65552930235862727,0.64079740643501282,1,1
recipient_withdrawal,856,V32P-A005573,0,0.63014666438102718,0.6117641866207123,1,0
recipient_withdrawal,857,V32P-A005574,0,0.40884148776531221,0.3911133795976639,0,0
recipient_withdrawal,858,V32P-A005581,0,0.72902288436889651,0.71715670824050903,1,1
recipient_withdrawal,859,V32P-A005582,0,0.53045666813850401,0.51505993604660039,0,0
recipient_withdrawal,860,V32P-A005583,0,0.44097749590873719,0.43032363057136536,0,0
recipient_withdrawal,861,V32P-A005584,0,0.4009652376174927,0.392104434967041,0,0
recipient_withdrawal,862,V32P-A005585,0,0.3569230020046234,0.34826825261116029,0,0
recipient_withdrawal,863,V32P-A005586,0,0.21022400707006456,0.20553309470415115,0,0
recipient_withdrawal,864,V32P-A005623,1,0.74383491277694702,0.73365319967269893,1,1
recipient_withdrawal,865,V32P-A005624,1,0.63706446290016172,0.62519381642341609,1,1
recipient_withdrawal,866,V32P-A005625,1,0.57499525547027586,0.56450457572937007,0,0
recipient_withdrawal,867,V32P-A005626,0,0.1151166208088398,0.1136510618031025,0,0
recipient_withdrawal,868,V32P-A005627,0,0.11568612828850747,0.11410839706659318,0,0
recipient_withdrawal,869,V32P-A005628,0,0.036461823992431162,0.036360664851963521,0,0
recipient_withdrawal,870,V32P-A005665,0,0.5213523387908936,0.51426845788955688,0,0
recipient_withdrawal,871,V32P-A005666,0,0.54456975460052492,0.53724125623703001,0,0
recipient_withdrawal,872,V32P-A005667,0,0.57173221111297612,0.55820789337158205,0,0
recipient_withdrawal,873,V32P-A005668,0,0.54473434686660771,0.53656481504440312,0,0
recipient_withdrawal,874,V32P-A005669,0,0.37982206344604491,0.3713395893573761,0,0
recipient_withdrawal,875,V32P-A005670,0,0.15475896000862122,0.15189093053340913,0,0
recipient_withdrawal,876,V32P-A005671,0,0.43618462681770326,0.42972740530967712,0,0
recipient_withdrawal,877,V32P-A005672,0,0.4793765187263489,0.4765679955482483,0,0
recipient_withdrawal,878,V32P-A005673,0,0.45075006484985353,0.44855470061302183,0,0
recipient_withdrawal,879,V32P-A005674,0,0.38449383974075318,0.38315816521644591,0,0
recipient_withdrawal,880,V32P-A005675,0,0.30595101714134215,0.30559579730033876,0,0
recipient_withdrawal,881,V32P-A005676,0,0.1323486864566803,0.13314364850521088,0,0
recipient_withdrawal,882,V32P-A005677,0,0.71883689165115361,0.71535888910293577,1,1
recipient_withdrawal,883,V32P-A005678,0,0.62215887308120732,0.61892770528793339,1,0
recipient_withdrawal,884,V32P-A005679,0,0.54238487482070918,0.53143826723098753,0,0
recipient_withdrawal,885,V32P-A005680,0,0.51987127065658567,0.51721072196960449,0,0
recipient_withdrawal,886,V32P-A005681,0,0.44678251743316649,0.44565470814704894,0,0
recipient_withdrawal,887,V32P-A005682,0,0.21915017366409301,0.2197885423898697,0,0
recipient_withdrawal,888,V32P-A005701,0,0.59691638350486753,0.59188019633293154,0,0
recipient_withdrawal,889,V32P-A005702,0,0.59927141666412354,0.59451279640197752,0,0
recipient_withdrawal,890,V32P-A005703,0,0.55962934494018557,0.55621930956840515,0,0
recipient_withdrawal,891,V32P-A005704,0,0.50734375119209285,0.50516694784164429,0,0
recipient_withdrawal,892,V32P-A005705,0,0.43837751746177672,0.43725988268852234,0,0
recipient_withdrawal,893,V32P-A005706,0,0.033513800986111161,0.033797761239111421,0,0
recipient_withdrawal,894,V32P-A005821,0,0.55640327930450439,0.55172080993652339,0,0
recipient_withdrawal,895,V32P-A005822,0,0.55728144049644468,0.55204490423202512,0,0
recipient_withdrawal,896,V32P-A005823,0,0.5325186550617218,0.52830125689506535,0,0
recipient_withdrawal,897,V32P-A005824,0,0.466228187084198,0.46346126198768617,0,0
recipient_withdrawal,898,V32P-A005825,0,0.38250997960567473,0.38098783791065216,0,0
recipient_withdrawal,899,V32P-A005826,0,0.18018694818019867,0.18018555343151094,0,0
recipient_withdrawal,900,V32P-A005833,0,0.57830440402030947,0.57764255404472353,0,0
recipient_withdrawal,901,V32P-A005834,0,0.50286956429481511,0.50293993353843691,0,0
recipient_withdrawal,902,V32P-A005835,0,0.47267504930496218,0.47341660261154173,0,0
recipient_withdrawal,903,V32P-A005836,0,0.46201003789901735,0.46436075568199159,0,0
recipient_withdrawal,904,V32P-A005837,0,0.4114322543144226,0.41419495940208434,0,0
recipient_withdrawal,905,V32P-A005838,0,0.19583037048578261,0.19926467984914781,0,0
recipient_withdrawal,906,V32P-A005893,0,0.59135563373565669,0.58071691989898677,0,0
recipient_withdrawal,907,V32P-A005894,0,0.57087396383285527,0.56043764352798464,0,0
recipient_withdrawal,908,V32P-A005895,0,0.53584324121475224,0.52731176018714909,0,0
recipient_withdrawal,909,V32P-A005896,0,0.45237261056900024,0.44535402059555051,0,0
recipient_withdrawal,910,V32P-A005897,0,0.36575185656547549,0.3604311764240265,0,0
recipient_withdrawal,911,V32P-A005898,0,0.15891025364398956,0.15707793086767197,0,0
recipient_withdrawal,912,V32P-A005899,0,0.60210787057876591,0.59884772300720213,0,0
recipient_withdrawal,913,V32P-A005900,0,0.54658711552619932,0.54437568187713625,0,0
recipient_withdrawal,914,V32P-A005901,0,0.49669471383094788,0.49436736106872559,0,0
recipient_withdrawal,915,V32P-A005902,0,0.42399872541427613,0.42248500585556031,0,0
recipient_withdrawal,916,V32P-A005903,0,0.37754606008529662,0.3654862642288208,0,0
recipient_withdrawal,917,V32P-A005904,0,0.15333727300167083,0.15349864065647126,0,0
recipient_withdrawal,918,V32P-A005977,0,0.54658021926879885,0.54327892065048222,0,0
recipient_withdrawal,919,V32P-A005978,0,0.42945070862770079,0.42665597200393679,0,0
recipient_withdrawal,920,V32P-A005979,0,0.29689607322216033,0.29012620151042939,0,0
recipient_withdrawal,921,V32P-A005980,0,0.28462328314781188,0.28329276442527773,0,0
recipient_withdrawal,922,V32P-A005981,0,0.21679180860519409,0.21539788842201232,0,0
recipient_withdrawal,923,V32P-A005982,0,0.09164393469691276,0.091696057468652725,0,0
recipient_withdrawal,924,V32P-A006025,1,0.7010339140892029,0.69016035795211794,1,1
recipient_withdrawal,925,V32P-A006026,1,0.69608260393142696,0.68523045778274538,1,1
recipient_withdrawal,926,V32P-A006027,1,0.64604762792587278,0.63396158218383791,1,1
recipient_withdrawal,927,V32P-A006028,0,0.10490440055727959,0.10439077466726303,0,0
recipient_withdrawal,928,V32P-A006029,0,0.10738988295197487,0.10674153976142406,0,0
recipient_withdrawal,929,V32P-A006030,0,0.037643942423164843,0.03761881981045008,0,0
recipient_withdrawal,930,V32P-A006031,0,0.74451678991317749,0.73293635845184324,1,1
recipient_withdrawal,931,V32P-A006032,0,0.70799498558044438,0.69727290868759151,1,1
recipient_withdrawal,932,V32P-A006033,0,0.64633136987686157,0.63535419702529905,1,1
recipient_withdrawal,933,V32P-A006034,1,0.57277737855911259,0.56216084957122803,0,0
recipient_withdrawal,934,V32P-A006035,0,0.088513540476560598,0.086970715969800952,0,0
recipient_withdrawal,935,V32P-A006036,0,0.036975361406803131,0.03677826151251793,0,0
recipient_withdrawal,936,V32P-A006055,0,0.26686880588531492,0.26383301019668581,0,0
recipient_withdrawal,937,V32P-A006056,0,0.29593712687492368,0.29286180734634398,0,0
recipient_withdrawal,938,V32P-A006057,0,0.26748732328414915,0.26513145565986634,0,0
recipient_withdrawal,939,V32P-A006058,0,0.21320031285285951,0.21173220872879028,0,0
recipient_withdrawal,940,V32P-A006059,0,0.16288496255874635,0.16206159591674804,0,0
recipient_withdrawal,941,V32P-A006060,0,0.012331127282232046,0.012618609424680471,0,0
recipient_withdrawal,942,V32P-A006061,0,0.62189925909042354,0.61132806539535522,1,0
recipient_withdrawal,943,V32P-A006062,0,0.61116499900817867,0.60074058771133421,0,0
recipient_withdrawal,944,V32P-A006063,0,0.56610937714576726,0.55543291568756104,0,0
recipient_withdrawal,945,V32P-A006064,0,0.48441924452781676,0.47475477457046511,0,0
recipient_withdrawal,946,V32P-A006065,0,0.39020812213420869,0.38318279683589934,0,0
recipient_withdrawal,947,V32P-A006066,0,0.18334800899028778,0.18050137013196946,0,0
recipient_withdrawal,948,V32P-A006115,0,0.56741639375686648,0.56325188875198362,0,0
recipient_withdrawal,949,V32P-A006116,0,0.60580482482910158,0.60126992464065554,0,0
recipient_withdrawal,950,V32P-A006117,0,0.55817427039146428,0.55389980673789974,0,0
recipient_withdrawal,951,V32P-A006118,0,0.48788185119628907,0.48403303623199462,0,0
recipient_withdrawal,952,V32P-A006119,1,0.39713900685310366,0.39397810697555541,0,0
recipient_withdrawal,953,V32P-A006120,0,0.027231203764677046,0.027628499642014505,0,0
recipient_withdrawal,954,V32P-A006145,0,0.81859878301620481,0.8111177802085876,1,1
recipient_withdrawal,955,V32P-A006146,0,0.65919933319091795,0.64776408672332764,1,1
recipient_withdrawal,956,V32P-A006147,0,0.58062291145324707,0.56269733905792241,0,0
recipient_withdrawal,957,V32P-A006148,0,0.48870034217834474,0.47949994802474977,0,0
recipient_withdrawal,958,V32P-A006149,0,0.38078294992446898,0.37405993938446047,0,0
recipient_withdrawal,959,V32P-A006150,0,0.17057940363883972,0.16894103586673737,0,0
recipient_withdrawal,960,V32P-A006163,0,0.73860069513320925,0.73402941226959229,1,1
recipient_withdrawal,961,V32P-A006164,0,0.56861079931259151,0.56033124923706057,0,0
recipient_withdrawal,962,V32P-A006165,0,0.44013201594352724,0.43085966706275941,0,0
recipient_withdrawal,963,V32P-A006166,0,0.40326851606369019,0.3962771952152252,0,0
recipient_withdrawal,964,V32P-A006167,0,0.31538191437721252,0.3105816185474396,0,0
recipient_withdrawal,965,V32P-A006168,0,0.13376418650150299,0.13217636942863464,0,0
recipient_withdrawal,966,V32P-A006295,1,0.71022803783416744,0.70582489967346196,1,1
recipient_withdrawal,967,V32P-A006296,1,0.60657932758331301,0.60150678157806392,0,0
recipient_withdrawal,968,V32P-A006297,1,0.54538902044296267,0.54094110727310185,0,0
recipient_withdrawal,969,V32P-A006298,0,0.083524482697248464,0.084303576499223709,0,0
recipient_withdrawal,970,V32P-A006299,0,0.06085726544260979,0.06170366629958153,0,0
recipient_withdrawal,971,V32P-A006300,0,0.023910926282405855,0.024386898800730705,0,0
recipient_withdrawal,972,V32P-A006331,0,0.72063301801681523,0.71676717996597294,1,1
recipient_withdrawal,973,V32P-A006332,0,0.47237032651901245,0.46717125773429868,0,0
recipient_withdrawal,974,V32P-A006333,0,0.40978882312774656,0.4045149266719818,0,0
recipient_withdrawal,975,V32P-A006334,0,0.41384836435317995,0.41002421975135805,0,0
recipient_withdrawal,976,V32P-A006335,0,0.36230446100234986,0.35918515324592593,0,0
recipient_withdrawal,977,V32P-A006336,0,0.16675478518009185,0.16593621373176576,0,0
recipient_withdrawal,978,V32P-A006379,0,0.7046043872833252,0.70199385881423948,1,1
recipient_withdrawal,979,V32P-A006380,0,0.56589056253433223,0.56514464616775517,0,0
recipient_withdrawal,980,V32P-A006381,0,0.46248604655265807,0.45445514917373658,0,0
recipient_withdrawal,981,V32P-A006382,0,0.44159337878227234,0.44182545542716978,0,0
recipient_withdrawal,982,V32P-A006383,0,0.35934066176414492,0.36080191135406492,0,0
recipient_withdrawal,983,V32P-A006384,0,0.16576969772577285,0.16809382289648056,0,0
recipient_withdrawal,984,V32P-A006481,0,0.43903905749320982,0.43158659338951111,0,0
recipient_withdrawal,985,V32P-A006482,0,0.58429374694824221,0.57940763235092163,0,0
recipient_withdrawal,986,V32P-A006483,0,0.59580507278442385,0.59118164777755733,0,0
recipient_withdrawal,987,V32P-A006484,0,0.5369850158691406,0.53339705467224119,0,0
recipient_withdrawal,988,V32P-A006485,1,0.46837314367294314,0.46583098173141479,0,0
recipient_withdrawal,989,V32P-A006486,0,0.037860062159597876,0.03819476757198572,0,0
recipient_withdrawal,990,V32P-A006487,0,0.56068645715713505,0.55538436174392702,0,0
recipient_withdrawal,991,V32P-A006488,0,0.48615764379501342,0.48122069239616394,0,0
recipient_withdrawal,992,V32P-A006489,0,0.43851130008697509,0.43316022753715516,0,0
recipient_withdrawal,993,V32P-A006490,0,0.39913177490234375,0.3943991422653198,0,0
recipient_withdrawal,994,V32P-A006491,0,0.33816422224044801,0.33419628143310548,0,0
recipient_withdrawal,995,V32P-A006492,0,0.14667062610387802,0.14527024179697037,0,0
recipient_withdrawal,996,V32P-A006493,0,0.6411710739135742,0.63866350650787351,1,1
recipient_withdrawal,997,V32P-A006494,0,0.56994695067405698,0.56817001700401304,0,0
recipient_withdrawal,998,V32P-A006495,0,0.51687461137771606,0.51469240784645076,0,0
recipient_withdrawal,999,V32P-A006496,0,0.49349027276039126,0.49169244766235354,0,0
recipient_withdrawal,1000,V32P-A006497,0,0.42289444804191589,0.42128645181655883,0,0
recipient_withdrawal,1001,V32P-A006498,0,0.24025436937808992,0.23981368541717529,0,0
recipient_withdrawal,1002,V32P-A006517,0,0.74033814668655396,0.73546985387802122,1,1
recipient_withdrawal,1003,V32P-A006518,0,0.57939863204956055,0.5740257620811462,0,0
recipient_withdrawal,1004,V32P-A006519,0,0.6916394829750061,0.68612176179885864,1,1
recipient_withdrawal,1005,V32P-A006520,0,0.63535835742950442,0.62950512170791628,1,1
recipient_withdrawal,1006,V32P-A006521,0,0.590038001537323,0.58349226713180546,0,0
recipient_withdrawal,1007,V32P-A006522,0,0.41109269261360171,0.40074697732925413,0,0
recipient_withdrawal,1008,V32P-A006541,0,0.79116377830505369,0.78763104677200313,1,1
recipient_withdrawal,1009,V32P-A006542,0,0.66297404766082768,0.66211562156677251,1,1
recipient_withdrawal,1010,V32P-A006543,0,0.69268530607223511,0.68621890544891362,1,1
recipient_withdrawal,1011,V32P-A006544,0,0.68483197689056396,0.6840035200119019,1,1
recipient_withdrawal,1012,V32P-A006545,0,0.58951287865638735,0.59040339589118962,0,0
recipient_withdrawal,1013,V32P-A006546,0,0.33077295124530792,0.332576060295105,0,0
recipient_withdrawal,1014,V32P-A006547,0,0.67115020751953125,0.66753237247467045,1,1
recipient_withdrawal,1015,V32P-A006548,0,0.61066783666610713,0.60664542913436892,0,0
recipient_withdrawal,1016,V32P-A006549,0,0.54108303785324097,0.5384544789791107,0,0
recipient_withdrawal,1017,V32P-A006550,1,0.4646285057067871,0.46414594054222108,0,0
recipient_withdrawal,1018,V32P-A006551,0,0.068122844398021701,0.068990502506494522,0,0
recipient_withdrawal,1019,V32P-A006552,0,0.029003912210464479,0.029424019157886505,0,0
recipient_withdrawal,1020,V32P-A006559,0,0.54038910269737239,0.53875492215156551,0,0
recipient_withdrawal,1021,V32P-A006560,0,0.4917400121688843,0.48973047733306885,0,0
recipient_withdrawal,1022,V32P-A006561,0,0.4520726978778839,0.45035298466682433,0,0
recipient_withdrawal,1023,V32P-A006562,0,0.38578887581825255,0.38345848917961123,0,0
recipient_withdrawal,1024,V32P-A006563,0,0.31856755912303925,0.3167403429746628,0,0
recipient_withdrawal,1025,V32P-A006564,0,0.13903861343860627,0.13923240602016448,0,0
recipient_withdrawal,1026,V32P-A006571,0,0.5046283960342407,0.49657114744186404,0,0
recipient_withdrawal,1027,V32P-A006572,0,0.51185232400894165,0.5053593575954437,0,0
recipient_withdrawal,1028,V32P-A006573,0,0.54707483053207395,0.54107347726821897,0,0
recipient_withdrawal,1029,V32P-A006574,0,0.49252417087554934,0.48746430277824404,0,0
recipient_withdrawal,1030,V32P-A006575,0,0.42248651981353758,0.41951714754104613,0,0
recipient_withdrawal,1031,V32P-A006576,0,0.21797572970390319,0.21738378107547759,0,0
recipient_withdrawal,1032,V32P-A006577,0,0.54161385893821712,0.53928101658821104,0,0
recipient_withdrawal,1033,V32P-A006578,0,0.43273511528968811,0.43341146111488343,0,0
recipient_withdrawal,1034,V32P-A006579,0,0.40523635149002074,0.40547559261322019,0,0
recipient_withdrawal,1035,V32P-A006580,0,0.33630475997924802,0.33719145655632021,0,0
recipient_withdrawal,1036,V32P-A006581,0,0.28089960515499113,0.28228518664836882,0,0
recipient_withdrawal,1037,V32P-A006582,0,0.13458153158426284,0.13616016060113906,0,0
recipient_withdrawal,1038,V32P-A006595,0,0.75321441888809204,0.74698647260665896,1,1
recipient_withdrawal,1039,V32P-A006596,0,0.6980069041252136,0.69009640216827395,1,1
recipient_withdrawal,1040,V32P-A006597,0,0.60922708511352541,0.59341803789138792,0,0
recipient_withdrawal,1041,V32P-A006598,0,0.59731237888336186,0.5883782744407654,0,0
recipient_withdrawal,1042,V32P-A006599,0,0.50849448442459111,0.49991599917411805,0,0
recipient_withdrawal,1043,V32P-A006600,0,0.23393848538398743,0.22772650122642518,0,0
recipient_withdrawal,1044,V32P-A006631,0,0.46523488759994508,0.45594872236251832,0,0
recipient_withdrawal,1045,V32P-A006632,0,0.56320896744728088,0.5545386731624603,0,0
recipient_withdrawal,1046,V32P-A006633,0,0.60184779167175295,0.5944409132003784,0,0
recipient_withdrawal,1047,V32P-A006634,0,0.63983856439590459,0.63427206277847292,1,1
recipient_withdrawal,1048,V32P-A006635,0,0.61269578933715818,0.608452832698822,0,0
recipient_withdrawal,1049,V32P-A006636,0,0.058671737462282179,0.05912616774439812,0,0
recipient_withdrawal,1050,V32P-A006661,0,0.82227609157562254,0.81741266250610356,1,1
recipient_withdrawal,1051,V32P-A006662,0,0.73021600246429441,0.72424945831298826,1,1
recipient_withdrawal,1052,V32P-A006663,0,0.65465701818466182,0.64820472002029417,1,1
recipient_withdrawal,1053,V32P-A006664,0,0.58340919017791748,0.57713401317596436,0,0
recipient_withdrawal,1054,V32P-A006665,0,0.47694329023361204,0.47121620178222656,0,0
recipient_withdrawal,1055,V32P-A006666,0,0.21494790315628051,0.21241742074489595,0,0
recipient_withdrawal,1056,V32P-A006673,0,0.73186569213867192,0.72726711034774782,1,1
recipient_withdrawal,1057,V32P-A006674,0,0.72676634788513184,0.72198570966720577,1,1
recipient_withdrawal,1058,V32P-A006675,0,0.75280520915985105,0.74708771705627441,1,1
recipient_withdrawal,1059,V32P-A006676,0,0.56985954046249387,0.56434325575828548,0,0
recipient_withdrawal,1060,V32P-A006677,0,0.47099636793136596,0.46696022748947141,0,0
recipient_withdrawal,1061,V32P-A006678,0,0.23958915770053862,0.23823912739753722,0,0
recipient_withdrawal,1062,V32P-A006817,0,0.77460545301437378,0.77047220468521116,1,1
recipient_withdrawal,1063,V32P-A006818,0,0.6755753755569458,0.66990305185317989,1,1
recipient_withdrawal,1064,V32P-A006819,0,0.55474250316619877,0.55068786144256587,0,0
recipient_withdrawal,1065,V32P-A006820,0,0.46467689871788026,0.46317593455314637,0,0
recipient_withdrawal,1066,V32P-A006821,0,0.3737125277519226,0.37291693091392519,0,0
recipient_withdrawal,1067,V32P-A006822,0,0.17089974284172058,0.17164932787418366,0,0
recipient_withdrawal,1068,V32P-A006847,0,0.75366233587265019,0.7452231287956238,1,1
recipient_withdrawal,1069,V32P-A006848,0,0.68792588710784908,0.67788224220275883,1,1
recipient_withdrawal,1070,V32P-A006849,0,0.64731709957122807,0.63678704500198369,1,1
recipient_withdrawal,1071,V32P-A006850,0,0.67496097087860107,0.66006926298141477,1,1
recipient_withdrawal,1072,V32P-A006851,0,0.57030700445175175,0.55587631464004517,0,0
recipient_withdrawal,1073,V32P-A006852,0,0.034279701486229899,0.034068502858281134,0,0
recipient_withdrawal,1074,V32P-A006853,0,0.47630699872970583,0.46987321376800539,0,0
recipient_withdrawal,1075,V32P-A006854,0,0.41767694354057311,0.41187715530395508,0,0
recipient_withdrawal,1076,V32P-A006855,0,0.33882209658622742,0.33482106328010558,0,0
recipient_withdrawal,1077,V32P-A006856,0,0.26744319796562194,0.26380364298820497,0,0
recipient_withdrawal,1078,V32P-A006857,0,0.19872166514396666,0.19665840864181519,0,0
recipient_withdrawal,1079,V32P-A006858,0,0.090558367222547537,0.090099189430475235,0,0
recipient_withdrawal,1080,V32P-A006883,0,0.83987429141998293,0.83360599279403691,1,1
recipient_withdrawal,1081,V32P-A006884,0,0.69145442247390743,0.68012751340866084,1,1
recipient_withdrawal,1082,V32P-A006885,0,0.81837970018386841,0.80700334310531618,1,1
recipient_withdrawal,1083,V32P-A006886,0,0.71033215522766113,0.70061596632003786,1,1
recipient_withdrawal,1084,V32P-A006887,0,0.64323574304580688,0.63359162807464597,1,1
recipient_withdrawal,1085,V32P-A006888,0,0.06591040529310703,0.065917875990271574,0,0
recipient_withdrawal,1086,V32P-A006895,0,0.34212974607944491,0.34200493395328524,0,0
recipient_withdrawal,1087,V32P-A006896,0,0.38338260352611542,0.38325097262859342,0,0
recipient_withdrawal,1088,V32P-A006897,0,0.37249137163162233,0.37272717952728274,0,0
recipient_withdrawal,1089,V32P-A006898,0,0.33202793896198274,0.3330047458410263,0,0
recipient_withdrawal,1090,V32P-A006899,0,0.26293171346187594,0.26460290253162383,0,0
recipient_withdrawal,1091,V32P-A006900,0,0.12199888080358505,0.12383773475885392,0,0
recipient_withdrawal,1092,V32P-A006901,0,0.82027783393859866,0.81754716634750368,1,1
recipient_withdrawal,1093,V32P-A006902,0,0.71826798915863033,0.71701314449310305,1,1
recipient_withdrawal,1094,V32P-A006903,0,0.69823378324508667,0.69727640151977544,1,1
recipient_withdrawal,1095,V32P-A006904,0,0.69477701187133789,0.69362014532089233,1,1
recipient_withdrawal,1096,V32P-A006905,0,0.60266724228858948,0.60255916714668278,0,0
recipient_withdrawal,1097,V32P-A006906,0,0.3830876350402832,0.38461233377456666,0,0
recipient_withdrawal,1098,V32P-A006913,0,0.66370733976364138,0.65922478437423704,1,1
recipient_withdrawal,1099,V32P-A006914,0,0.55913242101669314,0.55262403488159184,0,0
recipient_withdrawal,1100,V32P-A006915,0,0.47367757558822632,0.46683007478713989,0,0
recipient_withdrawal,1101,V32P-A006916,0,0.39832465648651122,0.39231699705123901,0,0
recipient_withdrawal,1102,V32P-A006917,0,0.32023212313652039,0.31520460844039916,0,0
recipient_withdrawal,1103,V32P-A006918,0,0.12388931363821029,0.12194858640432357,0,0
recipient_withdrawal,1104,V32P-A006931,0,0.53107504844665532,0.53075413107872005,0,0
recipient_withdrawal,1105,V32P-A006932,0,0.5328316926956177,0.53290883302688596,0,0
recipient_withdrawal,1106,V32P-A006933,0,0.51595953106880188,0.5166079640388489,0,0
recipient_withdrawal,1107,V32P-A006934,0,0.45786259770393373,0.45934866070747377,0,0
recipient_withdrawal,1108,V32P-A006935,0,0.38905838727951048,0.39137778282165525,0,0
recipient_withdrawal,1109,V32P-A006936,0,0.17381713539361954,0.17610527127981185,0,0
recipient_withdrawal,1110,V32P-A006967,0,0.66686255931854244,0.66248233318328853,1,1
recipient_withdrawal,1111,V32P-A006968,0,0.59505336284637456,0.58699171543121342,0,0
recipient_withdrawal,1112,V32P-A006969,0,0.58014268875122066,0.5715279102325439,0,0
recipient_withdrawal,1113,V32P-A006970,0,0.56763412952423098,0.55983155965805054,0,0
recipient_withdrawal,1114,V32P-A006971,0,0.53237716555595394,0.52433932423591612,0,0
recipient_withdrawal,1115,V32P-A006972,0,0.24101459681987764,0.23693954050540925,0,0
recipient_withdrawal,1116,V32P-A006979,0,0.8318274259567261,0.82594834566116337,1,1
recipient_withdrawal,1117,V32P-A006980,0,0.77350097894668579,0.76492512226104736,1,1
recipient_withdrawal,1118,V32P-A006981,0,0.73302818536758418,0.72378089427948,1,1
recipient_withdrawal,1119,V32P-A006982,0,0.68394384384155271,0.67503802776336674,1,1
recipient_withdrawal,1120,V32P-A006983,0,0.59328655004501341,0.58252278566360471,0,0
recipient_withdrawal,1121,V32P-A006984,0,0.038650138676166533,0.038561139628291129,0,0
recipient_withdrawal,1122,V32P-A007045,0,0.69065555334091189,0.68398382663726809,1,1
recipient_withdrawal,1123,V32P-A007046,0,0.53411972522735596,0.52660695314407346,0,0
recipient_withdrawal,1124,V32P-A007047,0,0.6633009791374207,0.6473330974578857,1,1
recipient_withdrawal,1125,V32P-A007048,0,0.46323506832122802,0.45626270771026611,0,0
recipient_withdrawal,1126,V32P-A007049,0,0.38061866462230681,0.37531969845294955,0,0
recipient_withdrawal,1127,V32P-A007050,0,0.19524443596601487,0.19385842978954315,0,0
recipient_withdrawal,1128,V32P-A007057,0,0.82748525142669682,0.81961783170700075,1,1
recipient_withdrawal,1129,V32P-A007058,0,0.65735465288162231,0.64376381635665891,1,1
recipient_withdrawal,1130,V32P-A007059,0,0.56632621288299556,0.55532568693161011,0,0
recipient_withdrawal,1131,V32P-A007060,0,0.50519378781318669,0.49626768827438356,0,0
recipient_withdrawal,1132,V32P-A007061,0,0.49224738478660585,0.48374691605567932,0,0
recipient_withdrawal,1133,V32P-A007062,0,0.22738342583179474,0.2230912208557129,0,0
recipient_withdrawal,1134,V32P-A007087,0,0.48370208144187926,0.47501735687255858,0,0
recipient_withdrawal,1135,V32P-A007088,0,0.50575307011604309,0.49866091609001162,0,0
recipient_withdrawal,1136,V32P-A007089,0,0.51119866967201233,0.50528594851493835,0,0
recipient_withdrawal,1137,V32P-A007090,0,0.45401217937469485,0.44884850978851321,0,0
recipient_withdrawal,1138,V32P-A007091,0,0.38966808915138246,0.3846739947795868,0,0
recipient_withdrawal,1139,V32P-A007092,0,0.18527570366859436,0.18289924860000611,0,0
recipient_withdrawal,1140,V32P-A007141,0,0.62452992200851443,0.62331625223159792,1,1
recipient_withdrawal,1141,V32P-A007142,0,0.49769186377525332,0.49833807945251463,0,0
recipient_withdrawal,1142,V32P-A007143,0,0.44335042238235473,0.4444406509399414,0,0
recipient_withdrawal,1143,V32P-A007144,0,0.4280156373977661,0.42948901653289795,0,0
recipient_withdrawal,1144,V32P-A007145,0,0.30435231328010559,0.30567127764225005,0,0
recipient_withdrawal,1145,V32P-A007146,0,0.14541241228580476,0.1461585745215416,0,0
recipient_withdrawal,1146,V32P-A007243,0,0.4487961709499359,0.44760838150978088,0,0
recipient_withdrawal,1147,V32P-A007244,0,0.38614616394042967,0.386146742105484,0,0
recipient_withdrawal,1148,V32P-A007245,0,0.30341909229755404,0.30031064450740813,0,0
recipient_withdrawal,1149,V32P-A007246,0,0.26330048143863677,0.2662943869829178,0,0
recipient_withdrawal,1150,V32P-A007247,0,0.20788130462169646,0.21138534843921661,0,0
recipient_withdrawal,1151,V32P-A007248,0,0.088142628222703939,0.090374826639890674,0,0
recipient_withdrawal,1152,V32P-A007267,0,0.58990030288696294,0.5820000171661377,0,0
recipient_withdrawal,1153,V32P-A007268,0,0.52632390856742861,0.5175180852413177,0,0
recipient_withdrawal,1154,V32P-A007269,0,0.57216836810112004,0.56322014927864072,0,0
recipient_withdrawal,1155,V32P-A007270,0,0.50326598882675166,0.48413323163986205,0,0
recipient_withdrawal,1156,V32P-A007271,0,0.42415469288825991,0.41356486082077026,0,0
recipient_withdrawal,1157,V32P-A007272,0,0.2247793346643448,0.21728714704513549,0,0
recipient_withdrawal,1158,V32P-A007405,0,0.70769869089126591,0.70657876729965208,1,1
recipient_withdrawal,1159,V32P-A007406,0,0.56597712635993958,0.56534864306449895,0,0
recipient_withdrawal,1160,V32P-A007407,0,0.47188289165496827,0.47383474111557006,0,0
recipient_withdrawal,1161,V32P-A007408,0,0.40379300713539124,0.40780744552612302,0,0
recipient_withdrawal,1162,V32P-A007409,0,0.37758973240852356,0.38258656859397888,0,0
recipient_withdrawal,1163,V32P-A007410,0,0.1785140335559845,0.1829087644815445,0,0
recipient_withdrawal,1164,V32P-A007465,0,0.63201326131820679,0.62955001592636106,1,1
recipient_withdrawal,1165,V32P-A007466,0,0.59506658911705013,0.59326758980751038,0,0
recipient_withdrawal,1166,V32P-A007467,0,0.57160475850105286,0.5704594731330872,0,0
recipient_withdrawal,1167,V32P-A007468,0,0.51500566005706783,0.51565541028976436,0,0
recipient_withdrawal,1168,V32P-A007469,0,0.44973608255386355,0.45115607976913452,0,0
recipient_withdrawal,1169,V32P-A007470,0,0.21160813570022582,0.21347528696060181,0,0
recipient_withdrawal,1170,V32P-A007579,1,0.77484456300735471,0.76763355731964111,1,1
recipient_withdrawal,1171,V32P-A007580,1,0.65082460641860962,0.64274783134460445,1,1
recipient_withdrawal,1172,V32P-A007581,1,0.54270015358924861,0.53590683937072758,0,0
recipient_withdrawal,1173,V32P-A007582,0,0.10619578063488007,0.10630798786878586,0,0
recipient_withdrawal,1174,V32P-A007583,0,0.080248919501900676,0.080465429648756984,0,0
recipient_withdrawal,1175,V32P-A007584,0,0.036109204217791555,0.036253427341580394,0,0
recipient_withdrawal,1176,V32P-A007603,0,0.77855893373489382,0.77341927289962764,1,1
recipient_withdrawal,1177,V32P-A007604,0,0.70231765508651733,0.69825944900512693,1,1
recipient_withdrawal,1178,V32P-A007605,0,0.7345114588737488,0.73015594482421875,1,1
recipient_withdrawal,1179,V32P-A007606,0,0.75298870801925655,0.74237921237945559,1,1
recipient_withdrawal,1180,V32P-A007607,0,0.63368616104125974,0.62559895515441899,1,1
recipient_withdrawal,1181,V32P-A007608,0,0.051649954915046689,0.051498804241418839,0,0
recipient_withdrawal,1182,V32P-A007693,0,0.62079025506973262,0.6171276450157166,1,0
recipient_withdrawal,1183,V32P-A007694,0,0.60063869953155513,0.59709632396697998,0,0
recipient_withdrawal,1184,V32P-A007695,0,0.57442418336868284,0.57260237932205205,0,0
recipient_withdrawal,1185,V32P-A007696,0,0.49577409029006958,0.49490129351615908,0,0
recipient_withdrawal,1186,V32P-A007697,0,0.41879534721374512,0.41881740093231201,0,0
recipient_withdrawal,1187,V32P-A007698,0,0.19940547794103622,0.20187175720930101,0,0
recipient_withdrawal,1188,V32P-A007729,0,0.6343579888343811,0.62996716499328609,1,1
recipient_withdrawal,1189,V32P-A007730,0,0.63108365535736088,0.62802857160568237,1,1
recipient_withdrawal,1190,V32P-A007731,0,0.5840364396572113,0.58088361024856572,0,0
recipient_withdrawal,1191,V32P-A007732,0,0.51021966338157654,0.50887281894683833,0,0
recipient_withdrawal,1192,V32P-A007733,0,0.42513567209243774,0.42554016113281251,0,0
recipient_withdrawal,1193,V32P-A007734,0,0.18091620951890947,0.18223138600587846,0,0
recipient_withdrawal,1194,V32P-A007957,0,0.54859907031059263,0.54432100653648374,0,0
recipient_withdrawal,1195,V32P-A007958,0,0.51933858990669246,0.51590836644172666,0,0
recipient_withdrawal,1196,V32P-A007959,0,0.41033245325088502,0.39981497526168824,0,0
recipient_withdrawal,1197,V32P-A007960,0,0.36192764043807985,0.35921493768692014,0,0
recipient_withdrawal,1198,V32P-A007961,0,0.28428955674171447,0.282873797416687,0,0
recipient_withdrawal,1199,V32P-A007962,0,0.11214718669652939,0.11227488815784455,0,0
recipient_withdrawal,1200,V32P-A008041,0,0.66560404300689702,0.66060256958007812,1,1
recipient_withdrawal,1201,V32P-A008042,0,0.6195979952812195,0.61505548954010014,0,0
recipient_withdrawal,1202,V32P-A008043,0,0.58811937570571904,0.58487267494201656,0,0
recipient_withdrawal,1203,V32P-A008044,0,0.48032850027084351,0.47826675772666932,0,0
recipient_withdrawal,1204,V32P-A008045,1,0.39731407761573789,0.39681434035301211,0,0
recipient_withdrawal,1205,V32P-A008046,0,0.03019778858870268,0.030411295033991335,0,0
recipient_withdrawal,1206,V32P-A008119,0,0.65592534542083736,0.65301793813705444,1,1
recipient_withdrawal,1207,V32P-A008120,0,0.59257231950759892,0.59057581424713135,0,0
recipient_withdrawal,1208,V32P-A008121,0,0.5679690480232239,0.56799435615539551,0,0
recipient_withdrawal,1209,V32P-A008122,0,0.45135103464126586,0.45320654511451719,0,0
recipient_withdrawal,1210,V32P-A008123,0,0.37693966627120973,0.37988649606704711,0,0
recipient_withdrawal,1211,V32P-A008124,0,0.17104435563087464,0.17341475039720536,0,0
recipient_withdrawal,1212,V32P-A008167,0,0.62362792491912844,0.61946735978126521,1,0
recipient_withdrawal,1213,V32P-A008168,0,0.53721804618835445,0.5340917706489563,0,0
recipient_withdrawal,1214,V32P-A008169,0,0.42014185190200803,0.41852630376815797,0,0
recipient_withdrawal,1215,V32P-A008170,0,0.35776639580726621,0.35684365034103394,0,0
recipient_withdrawal,1216,V32P-A008171,0,0.33584754467010497,0.33512458801269529,0,0
recipient_withdrawal,1217,V32P-A008172,0,0.19089908301830291,0.19080733358860016,0,0
recipient_withdrawal,1218,V32P-A008191,1,0.45793520808219912,0.45621628165245054,0,0
recipient_withdrawal,1219,V32P-A008192,1,0.32348127365112306,0.32253080010414126,0,0
recipient_withdrawal,1220,V32P-A008193,1,0.27788846790790556,0.27747904956340791,0,0
recipient_withdrawal,1221,V32P-A008194,0,0.048047807440161704,0.049007986113429068,0,0
recipient_withdrawal,1222,V32P-A008195,0,0.039189915917813775,0.04005143251270056,0,0
recipient_withdrawal,1223,V32P-A008196,0,0.016106881806626915,0.016444963822141289,0,0
recipient_withdrawal,1224,V32P-A008203,0,0.75429580211639402,0.74708281755447392,1,1
recipient_withdrawal,1225,V32P-A008204,0,0.65762972831726074,0.64961012601852419,1,1
recipient_withdrawal,1226,V32P-A008205,0,0.81201713085174565,0.80102324485778809,1,1
recipient_withdrawal,1227,V32P-A008206,1,0.57583474516868594,0.57021935582160954,0,0
recipient_withdrawal,1228,V32P-A008207,0,0.10474302694201469,0.10522404760122299,0,0
recipient_withdrawal,1229,V32P-A008208,0,0.046207628585398196,0.046496348641812804,0,0
recipient_withdrawal,1230,V32P-A008209,0,0.59178094863891606,0.59023907184600832,0,0
recipient_withdrawal,1231,V32P-A008210,0,0.54700645208358767,0.54537851810455318,0,0
recipient_withdrawal,1232,V32P-A008211,0,0.48336198329925539,0.48125547766685484,0,0
recipient_withdrawal,1233,V32P-A008212,0,0.39730963706970213,0.39564360976219176,0,0
recipient_withdrawal,1234,V32P-A008213,0,0.32539543509483337,0.32499691843986511,0,0
recipient_withdrawal,1235,V32P-A008214,0,0.14752112179994584,0.14809710681438445,0,0
recipient_withdrawal,1236,V32P-A008215,0,0.63064800500869755,0.6248913645744324,1,1
recipient_withdrawal,1237,V32P-A008216,0,0.52177180647850041,0.51629191637039185,0,0
recipient_withdrawal,1238,V32P-A008217,0,0.47730441689491271,0.47338200807571412,0,0
recipient_withdrawal,1239,V32P-A008218,0,0.43479394912719727,0.4319388806819916,0,0
recipient_withdrawal,1240,V32P-A008219,0,0.45485048294067382,0.44443799853324889,0,0
recipient_withdrawal,1241,V32P-A008220,0,0.17545897960662843,0.1747186690568924,0,0
recipient_withdrawal,1242,V32P-A008317,0,0.58948131799697878,0.56981932520866396,0,0
recipient_withdrawal,1243,V32P-A008318,0,0.60824366807937624,0.5923075318336487,0,0
recipient_withdrawal,1244,V32P-A008319,0,0.59123632907867429,0.57799639701843264,0,0
recipient_withdrawal,1245,V32P-A008320,0,0.54118291735649104,0.52895607948303225,0,0
recipient_withdrawal,1246,V32P-A008321,0,0.46005383133888245,0.44818594455718996,0,0
recipient_withdrawal,1247,V32P-A008322,0,0.22479213178157806,0.22047241330146788,0,0
recipient_withdrawal,1248,V32P-A008485,0,0.68946689367294312,0.68573987483978271,1,1
recipient_withdrawal,1249,V32P-A008486,0,0.688916540145874,0.68524662256240843,1,1
recipient_withdrawal,1250,V32P-A008487,0,0.70516734123229985,0.70101585388183596,1,1
recipient_withdrawal,1251,V32P-A008488,0,0.68111630678176882,0.67651276588439946,1,1
recipient_withdrawal,1252,V32P-A008489,0,0.55581842064857478,0.54300250411033635,0,0
recipient_withdrawal,1253,V32P-A008490,0,0.053644031658768652,0.053941306099295615,0,0
recipient_withdrawal,1254,V32P-A008533,0,0.69391210079193111,0.68760873079299922,1,1
recipient_withdrawal,1255,V32P-A008534,0,0.63089114427566528,0.62449942827224736,1,1
recipient_withdrawal,1256,V32P-A008535,0,0.63054491281509395,0.62350589036941528,1,1
recipient_withdrawal,1257,V32P-A008536,0,0.6186029732227325,0.60552889704704282,0,0
recipient_withdrawal,1258,V32P-A008537,0,0.46370319426059725,0.45329115688800814,0,0
recipient_withdrawal,1259,V32P-A008538,0,0.2544118598103523,0.24786813408136368,0,0
recipient_withdrawal,1260,V32P-A008671,0,0.55302885770797727,0.54881850481033323,0,0
recipient_withdrawal,1261,V32P-A008672,0,0.55101876258850102,0.54640742540359499,0,0
recipient_withdrawal,1262,V32P-A008673,0,0.5329492568969727,0.52764911651611324,0,0
recipient_withdrawal,1263,V32P-A008674,0,0.53189579248428343,0.52495884895324707,0,0
recipient_withdrawal,1264,V32P-A008675,0,0.48575206398963927,0.47845440506935122,0,0
recipient_withdrawal,1265,V32P-A008676,0,0.27919907867908478,0.27491333782672883,0,0
recipient_withdrawal,1266,V32P-A008683,0,0.64421452283859248,0.63568434715270994,1,1
recipient_withdrawal,1267,V32P-A008684,0,0.61518412828445435,0.60708264112472532,0,0
recipient_withdrawal,1268,V32P-A008685,0,0.55147968530654912,0.54384309649467466,0,0
recipient_withdrawal,1269,V32P-A008686,0,0.4398435652256012,0.43407630920410156,0,0
recipient_withdrawal,1270,V32P-A008687,1,0.34736826717853547,0.34337502419948579,0,0
recipient_withdrawal,1271,V32P-A008688,0,0.026016646064817905,0.026129515841603279,0,0
recipient_withdrawal,1272,V32P-A008701,0,0.58425216078758235,0.58071966767311101,0,0
recipient_withdrawal,1273,V32P-A008702,0,0.57838000059127803,0.57538354396820068,0,0
recipient_withdrawal,1274,V32P-A008703,0,0.56687948107719421,0.5639721572399139,0,0
recipient_withdrawal,1275,V32P-A008704,0,0.51959996223449711,0.5172019481658936,0,0
recipient_withdrawal,1276,V32P-A008705,0,0.4350061774253845,0.4333201587200165,0,0
recipient_withdrawal,1277,V32P-A008706,0,0.2117534801363945,0.21259200423955918,0,0
recipient_withdrawal,1278,V32P-A008749,0,0.41463326215744017,0.41185081005096436,0,0
recipient_withdrawal,1279,V32P-A008750,0,0.40789213180541994,0.40598491430282591,0,0
recipient_withdrawal,1280,V32P-A008751,0,0.39905774593353271,0.39891515374183656,0,0
recipient_withdrawal,1281,V32P-A008752,0,0.31514371931552887,0.31570044457912444,0,0
recipient_withdrawal,1282,V32P-A008753,0,0.24194731712341308,0.24342485666275024,0,0
recipient_withdrawal,1283,V32P-A008754,0,0.10618670433759689,0.1081975057721138,0,0
recipient_withdrawal,1284,V32P-A008761,0,0.58284885287284849,0.58036951422691341,0,0
recipient_withdrawal,1285,V32P-A008762,0,0.45934976935386657,0.45858411192893983,0,0
recipient_withdrawal,1286,V32P-A008763,0,0.38352169394493102,0.38301053047180178,0,0
recipient_withdrawal,1287,V32P-A008764,0,0.30143785178661348,0.30110751688480375,0,0
recipient_withdrawal,1288,V32P-A008765,0,0.27000315785408019,0.27020238041877748,0,0
recipient_withdrawal,1289,V32P-A008766,0,0.1479788064956665,0.14833030402660369,0,0
recipient_withdrawal,1290,V32P-A008797,0,0.43872440457344053,0.43211313486099245,0,0
recipient_withdrawal,1291,V32P-A008798,0,0.40459907054901123,0.39820312857627871,0,0
recipient_withdrawal,1292,V32P-A008799,0,0.3610779345035553,0.35546289682388305,0,0
recipient_withdrawal,1293,V32P-A008800,0,0.29067437648773192,0.28641527295112612,0,0
recipient_withdrawal,1294,V32P-A008801,0,0.22718494534492492,0.22433715462684631,0,0
recipient_withdrawal,1295,V32P-A008802,0,0.108073740452528,0.10742632225155831,0,0
recipient_withdrawal,1296,V32P-A008833,0,0.81213377714157109,0.80625703334808352,1,1
recipient_withdrawal,1297,V32P-A008834,0,0.71134208440780644,0.70479516983032231,1,1
recipient_withdrawal,1298,V32P-A008835,0,0.67130068540573118,0.66491044759750362,1,1
recipient_withdrawal,1299,V32P-A008836,0,0.70956417322158816,0.7021963477134705,1,1
recipient_withdrawal,1300,V32P-A008837,0,0.64567233324050899,0.63634657859802246,1,1
recipient_withdrawal,1301,V32P-A008838,0,0.35000033378601075,0.34573566615581514,0,0
recipient_withdrawal,1302,V32P-A008851,0,0.61833120584487911,0.60576449036598201,0,0
recipient_withdrawal,1303,V32P-A008852,0,0.63772493600845337,0.62512063980102539,1,1
recipient_withdrawal,1304,V32P-A008853,0,0.59301526546478267,0.58083640336990361,0,0
recipient_withdrawal,1305,V32P-A008854,0,0.48826287388801576,0.47856805324554441,0,0
recipient_withdrawal,1306,V32P-A008855,0,0.38111662268638613,0.37388739585876463,0,0
recipient_withdrawal,1307,V32P-A008856,0,0.15543721169233321,0.15279003530740737,0,0
recipient_withdrawal,1308,V32P-A008887,0,0.80672843456268306,0.80044046640396116,1,1
recipient_withdrawal,1309,V32P-A008888,0,0.71834462881088257,0.70924632549285893,1,1
recipient_withdrawal,1310,V32P-A008889,0,0.66811655759811406,0.65753895044326782,1,1
recipient_withdrawal,1311,V32P-A008890,0,0.58920776844024658,0.57806415557861324,0,0
recipient_withdrawal,1312,V32P-A008891,0,0.49668681621551514,0.48767349720001218,0,0
recipient_withdrawal,1313,V32P-A008892,0,0.23001352846622466,0.2258827120065689,0,0
recipient_withdrawal,1314,V32P-A008893,0,0.68866847753524785,0.68489031791687016,1,1
recipient_withdrawal,1315,V32P-A008894,0,0.49030162096023561,0.48943063020706179,0,0
recipient_withdrawal,1316,V32P-A008895,0,0.43860861063003542,0.43746458292007445,0,0
recipient_withdrawal,1317,V32P-A008896,0,0.35303052067756652,0.35321777462959292,0,0
recipient_withdrawal,1318,V32P-A008897,0,0.34937236309051511,0.35003009438514709,0,0
recipient_withdrawal,1319,V32P-A008898,0,0.11206801980733871,0.1127208262681961,0,0
recipient_withdrawal,1320,V32P-A008911,0,0.72813525199890139,0.72455129623413084,1,1
recipient_withdrawal,1321,V32P-A008912,0,0.49549571275711057,0.4840766668319702,0,0
recipient_withdrawal,1322,V32P-A008913,0,0.47303687334060668,0.46809943914413454,0,0
recipient_withdrawal,1323,V32P-A008914,0,0.38422287702560426,0.37955968976020815,0,0
recipient_withdrawal,1324,V32P-A008915,0,0.29596035182476044,0.29285641610622404,0,0
recipient_withdrawal,1325,V32P-A008916,0,0.128023724257946,0.12726474851369857,0,0
recipient_withdrawal,1326,V32P-A008917,0,0.44271343350410464,0.43638437390327456,0,0
recipient_withdrawal,1327,V32P-A008918,0,0.40946242213249207,0.40322242379188539,0,0
recipient_withdrawal,1328,V32P-A008919,0,0.36526609659194947,0.35910040140151978,0,0
recipient_withdrawal,1329,V32P-A008920,0,0.29585613310337067,0.28987572491168978,0,0
recipient_withdrawal,1330,V32P-A008921,0,0.22313085794448853,0.21884632408618926,0,0
recipient_withdrawal,1331,V32P-A008922,0,0.10097046419978142,0.099424637109041217,0,0
recipient_withdrawal,1332,V32P-A008923,1,0.7114300489425659,0.70726009607315066,1,1
recipient_withdrawal,1333,V32P-A008924,1,0.5794733464717865,0.57415998578071592,0,0
recipient_withdrawal,1334,V32P-A008925,1,0.52602151632308958,0.52080292701721187,0,0
recipient_withdrawal,1335,V32P-A008926,0,0.085825458168983459,0.085978821665048596,0,0
recipient_withdrawal,1336,V32P-A008927,0,0.065940593183040616,0.066134573146700862,0,0
recipient_withdrawal,1337,V32P-A008928,0,0.030139063671231269,0.030252383276820182,0,0
recipient_withdrawal,1338,V32P-A008929,0,0.42728580236434938,0.42123488783836366,0,0
recipient_withdrawal,1339,V32P-A008930,0,0.35976938307285311,0.35443342030048369,0,0
recipient_withdrawal,1340,V32P-A008931,0,0.30023077130317688,0.29643219113349917,0,0
recipient_withdrawal,1341,V32P-A008932,0,0.24126950949430465,0.23908164352178574,0,0
recipient_withdrawal,1342,V32P-A008933,0,0.211052505671978,0.20962168127298356,0,0
recipient_withdrawal,1343,V32P-A008934,0,0.1099247582256794,0.10950314030051231,0,0
recipient_withdrawal,1344,V32P-A008959,1,0.51227697730064392,0.50800629854202273,0,0
recipient_withdrawal,1345,V32P-A008960,1,0.40067604184150696,0.39833248257637022,0,0
recipient_withdrawal,1346,V32P-A008961,1,0.3518608182668686,0.34974746406078339,0,0
recipient_withdrawal,1347,V32P-A008962,0,0.083006937429308897,0.083424979075789454,0,0
recipient_withdrawal,1348,V32P-A008963,0,0.062270247563719752,0.062748559191823011,0,0
recipient_withdrawal,1349,V32P-A008964,0,0.028742673899978401,0.028982121031731367,0,0
recipient_withdrawal,1350,V32P-A008983,0,0.60214117765426634,0.59564228057861324,0,0
recipient_withdrawal,1351,V32P-A008984,0,0.48162620663642886,0.47296146750450135,0,0
recipient_withdrawal,1352,V32P-A008985,0,0.43791977167129514,0.43092573881149293,0,0
recipient_withdrawal,1353,V32P-A008986,0,0.33853334188461304,0.331158971786499,0,0
recipient_withdrawal,1354,V32P-A008987,0,0.26317867636680603,0.25770328640937806,0,0
recipient_withdrawal,1355,V32P-A008988,0,0.098888745903968817,0.097845143079757696,0,0
recipient_withdrawal,1356,V32P-A009007,0,0.59247696399688721,0.58821730613708501,0,0
recipient_withdrawal,1357,V32P-A009008,0,0.50255650281906128,0.49644911289215088,0,0
recipient_withdrawal,1358,V32P-A009009,0,0.47297002077102662,0.46621035337448119,0,0
recipient_withdrawal,1359,V32P-A009010,0,0.39354196786880491,0.38777852058410645,0,0
recipient_withdrawal,1360,V32P-A009011,0,0.32376947104930875,0.31941046416759489,0,0
recipient_withdrawal,1361,V32P-A009012,0,0.14410509616136552,0.14322749823331832,0,0
recipient_withdrawal,1362,V32P-A009031,0,0.60237675309181216,0.59830041527748112,0,0
recipient_withdrawal,1363,V32P-A009032,0,0.42637004852294924,0.41726159453392031,0,0
recipient_withdrawal,1364,V32P-A009033,0,0.41238097548484803,0.4122098207473755,0,0
recipient_withdrawal,1365,V32P-A009034,0,0.36068633794784544,0.36186879873275757,0,0
recipient_withdrawal,1366,V32P-A009035,0,0.34101028144359591,0.34261237680912016,0,0
recipient_withdrawal,1367,V32P-A009036,0,0.16042875945568086,0.16357859075069428,0,0
recipient_withdrawal,1368,V32P-A009049,0,0.70593695640563969,0.70380991697311401,1,1
recipient_withdrawal,1369,V32P-A009050,0,0.54807882905006411,0.54769965410232546,0,0
recipient_withdrawal,1370,V32P-A009051,0,0.51182529330253601,0.51198333501815796,0,0
recipient_withdrawal,1371,V32P-A009052,0,0.51271005868911745,0.51337605714797974,0,0
recipient_withdrawal,1372,V32P-A009053,0,0.45798419117927552,0.45818675160408018,0,0
recipient_withdrawal,1373,V32P-A009054,0,0.24692392051219941,0.24865322411060334,0,0
recipient_withdrawal,1374,V32P-A009073,0,0.47187297344207763,0.47417726516723635,0,0
recipient_withdrawal,1375,V32P-A009074,0,0.49941058754920958,0.50163710713386533,0,0
recipient_withdrawal,1376,V32P-A009075,0,0.48351173400878905,0.48616273403167726,0,0
recipient_withdrawal,1377,V32P-A009076,0,0.45549093484878539,0.45914684534072875,0,0
recipient_withdrawal,1378,V32P-A009077,0,0.38479071557521821,0.38995099961757662,0,0
recipient_withdrawal,1379,V32P-A009078,0,0.18432704806327821,0.18732382953166962,0,0
recipient_withdrawal,1380,V32P-A009115,0,0.74750915765762327,0.74044106006622312,1,1
recipient_withdrawal,1381,V32P-A009116,0,0.55911052227020264,0.54822182655334473,0,0
recipient_withdrawal,1382,V32P-A009117,0,0.47176952958106994,0.46150917410850523,0,0
recipient_withdrawal,1383,V32P-A009118,0,0.46909231543540952,0.45907449722290039,0,0
recipient_withdrawal,1384,V32P-A009119,0,0.41156100034713744,0.39971324205398562,0,0
recipient_withdrawal,1385,V32P-A009120,0,0.15076367557048798,0.14769883304834366,0,0
recipient_withdrawal,1386,V32P-A009181,1,0.52202394008636477,0.52012326717376711,0,0
recipient_withdrawal,1387,V32P-A009182,1,0.44207883477210996,0.44052097201347351,0,0
recipient_withdrawal,1388,V32P-A009183,0,0.10428801774978638,0.10559851527214051,0,0
recipient_withdrawal,1389,V32P-A009184,0,0.082872211188077929,0.084005594998598096,0,0
recipient_withdrawal,1390,V32P-A009185,0,0.060697840899229048,0.061564069986343381,0,0
recipient_withdrawal,1391,V32P-A009186,0,0.026071166247129442,0.02635875977575779,0,0
recipient_withdrawal,1392,V32P-A009271,0,0.6362049341201782,0.62831666469573977,1,1
recipient_withdrawal,1393,V32P-A009272,0,0.57274059057235716,0.56473518610000606,0,0
recipient_withdrawal,1394,V32P-A009273,0,0.51731684803962708,0.50926105976104741,0,0
recipient_withdrawal,1395,V32P-A009274,0,0.57884096503257754,0.57127059102058408,0,0
recipient_withdrawal,1396,V32P-A009275,0,0.56542065143585207,0.54562757015228269,0,0
recipient_withdrawal,1397,V32P-A009276,0,0.34910042285919191,0.34150168299674988,0,0
recipient_withdrawal,1398,V32P-A009319,0,0.65922781229019167,0.65530562400817871,1,1
recipient_withdrawal,1399,V32P-A009320,0,0.43817582130432131,0.42592772245407107,0,0
recipient_withdrawal,1400,V32P-A009321,0,0.42040901780128481,0.41616300344467161,0,0
recipient_withdrawal,1401,V32P-A009322,0,0.32154780030250552,0.31979685425758364,0,0
recipient_withdrawal,1402,V32P-A009323,0,0.26441971361637118,0.26409240067005157,0,0
recipient_withdrawal,1403,V32P-A009324,0,0.10083974599838257,0.10117979645729065,0,0
recipient_withdrawal,1404,V32P-A009355,0,0.65527718067169194,0.65194413661956785,1,1
recipient_withdrawal,1405,V32P-A009356,0,0.60610423088073728,0.603212034702301,0,0
recipient_withdrawal,1406,V32P-A009357,0,0.5718353748321533,0.56981769800186155,0,0
recipient_withdrawal,1407,V32P-A009358,0,0.5390178322792053,0.53680387139320374,0,0
recipient_withdrawal,1408,V32P-A009359,0,0.49968073368072508,0.49738152623176574,0,0
recipient_withdrawal,1409,V32P-A009360,0,0.23907206654548646,0.23891325294971466,0,0
recipient_withdrawal,1410,V32P-A009379,1,0.61377459764480591,0.61349215507507326,0,0
recipient_withdrawal,1411,V32P-A009380,1,0.59567432403564458,0.59536024332046511,0,0
recipient_withdrawal,1412,V32P-A009381,0,0.15953102111816406,0.16345879733562468,0,0
recipient_withdrawal,1413,V32P-A009382,0,0.12588157653808593,0.128744538128376,0,0
recipient_withdrawal,1414,V32P-A009383,0,0.084028647094964978,0.085784205794334406,0,0
recipient_withdrawal,1415,V32P-A009384,0,0.034994689375162126,0.035607123002409938,0,0
recipient_withdrawal,1416,V32P-A009391,0,0.46099740266799927,0.45098485946655276,0,0
recipient_withdrawal,1417,V32P-A009392,0,0.48798543214797974,0.47913388609886171,0,0
recipient_withdrawal,1418,V32P-A009393,0,0.4500104308128357,0.43967812061309813,0,0
recipient_withdrawal,1419,V32P-A009394,0,0.58443179726600647,0.56646623015403752,0,0
recipient_withdrawal,1420,V32P-A009395,0,0.3167402595281601,0.30962049663066865,0,0
recipient_withdrawal,1421,V32P-A009396,0,0.13762521296739577,0.13525154888629914,0,0
recipient_withdrawal,1422,V32P-A009403,0,0.49956942200660703,0.49821394681930542,0,0
recipient_withdrawal,1423,V32P-A009404,0,0.54510209560394285,0.54630514383316042,0,0
recipient_withdrawal,1424,V32P-A009405,0,0.49703311920166016,0.49951336383819578,0,0
recipient_withdrawal,1425,V32P-A009406,0,0.41463137865066529,0.41861810088157653,0,0
recipient_withdrawal,1426,V32P-A009407,0,0.32537267208099363,0.33191099762916565,0,0
recipient_withdrawal,1427,V32P-A009408,0,0.1424397960305214,0.14791298657655716,0,0
recipient_withdrawal,1428,V32P-A009409,0,0.51497741341590886,0.50862807631492613,0,0
recipient_withdrawal,1429,V32P-A009410,0,0.48046364188194274,0.47457781434059143,0,0
recipient_withdrawal,1430,V32P-A009411,0,0.37157441377639772,0.36444327235221863,0,0
recipient_withdrawal,1431,V32P-A009412,0,0.28670802712440491,0.28070830106735228,0,0
recipient_withdrawal,1432,V32P-A009413,1,0.21905440986156463,0.21504745185375213,0,0
recipient_withdrawal,1433,V32P-A009414,0,0.014876286312937737,0.015055932104587555,0,0
recipient_withdrawal,1434,V32P-A009499,0,0.55558975934982302,0.54852561950683598,0,0
recipient_withdrawal,1435,V32P-A009500,0,0.54900695085525508,0.54289717674255367,0,0
recipient_withdrawal,1436,V32P-A009501,0,0.41569844484329221,0.40537983775138853,0,0
recipient_withdrawal,1437,V32P-A009502,0,0.40755608081817629,0.4013302683830261,0,0
recipient_withdrawal,1438,V32P-A009503,0,0.32283378243446348,0.31561076641082764,0,0
recipient_withdrawal,1439,V32P-A009504,0,0.14344020336866378,0.14005774408578872,0,0
recipient_withdrawal,1440,V32P-A009505,0,0.62923831939697261,0.62158855199813845,1,1
recipient_withdrawal,1441,V32P-A009506,0,0.56212584972381596,0.5559447288513184,0,0
recipient_withdrawal,1442,V32P-A009507,0,0.4985035300254822,0.49499028921127319,0,0
recipient_withdrawal,1443,V32P-A009508,0,0.41760398745536803,0.41499708890914916,0,0
recipient_withdrawal,1444,V32P-A009509,0,0.32540454566478727,0.32408381402492525,0,0
recipient_withdrawal,1445,V32P-A009510,0,0.16802203208208083,0.16806929558515549,0,0
recipient_withdrawal,1446,V32P-A009601,0,0.41988446116447448,0.40794703364372253,0,0
recipient_withdrawal,1447,V32P-A009602,0,0.53384603857994084,0.5261712372303009,0,0
recipient_withdrawal,1448,V32P-A009603,0,0.49565532207489016,0.48764420747756959,0,0
recipient_withdrawal,1449,V32P-A009604,0,0.43309184312820437,0.42528185844421384,0,0
recipient_withdrawal,1450,V32P-A009605,0,0.36706934571266175,0.35898299813270568,0,0
recipient_withdrawal,1451,V32P-A009606,0,0.17893973439931871,0.17574352174997329,0,0
recipient_withdrawal,1452,V32P-A009649,0,0.72152057886123655,0.71741791963577273,1,1
recipient_withdrawal,1453,V32P-A009650,0,0.50329401493072512,0.50138412714004521,0,0
recipient_withdrawal,1454,V32P-A009651,0,0.59640083312988279,0.58388683795928953,0,0
recipient_withdrawal,1455,V32P-A009652,0,0.37422547936439515,0.3733364403247833,0,0
recipient_withdrawal,1456,V32P-A009653,0,0.3199348270893097,0.31972166299819949,0,0
recipient_withdrawal,1457,V32P-A009654,0,0.15654337406158447,0.15681213140487671,0,0
recipient_withdrawal,1458,V32P-A009667,0,0.76343554258346558,0.75757116079330444,1,1
recipient_withdrawal,1459,V32P-A009668,0,0.65685573816299436,0.64741845130920406,1,1
recipient_withdrawal,1460,V32P-A009669,0,0.55789802074432371,0.55169612169265747,0,0
recipient_withdrawal,1461,V32P-A009670,0,0.57103353142738345,0.56415256857872009,0,0
recipient_withdrawal,1462,V32P-A009671,0,0.54307245016098027,0.5353273391723633,0,0
recipient_withdrawal,1463,V32P-A009672,0,0.21511913239955902,0.21164109408855439,0,0
recipient_withdrawal,1464,V32P-A009691,0,0.46967499256134032,0.46515446305274966,0,0
recipient_withdrawal,1465,V32P-A009692,0,0.4903762459754944,0.48700510263442992,0,0
recipient_withdrawal,1466,V32P-A009693,0,0.45693033337593081,0.45360420346260072,0,0
recipient_withdrawal,1467,V32P-A009694,1,0.3873696982860565,0.3848011612892151,0,0
recipient_withdrawal,1468,V32P-A009695,0,0.051834574341773985,0.052390435338020326,0,0
recipient_withdrawal,1469,V32P-A009696,0,0.021880250982940198,0.022179371304810049,0,0
recipient_withdrawal,1470,V32P-A009703,0,0.76998211145400997,0.76437755823135378,1,1
recipient_withdrawal,1471,V32P-A009704,0,0.6748601078987122,0.66797182559967039,1,1
recipient_withdrawal,1472,V32P-A009705,0,0.63979719877243046,0.63411184549331667,1,1
recipient_withdrawal,1473,V32P-A009706,0,0.64642755985260014,0.64020296335220339,1,1
recipient_withdrawal,1474,V32P-A009707,0,0.60119688510894775,0.58709797859191892,0,0
recipient_withdrawal,1475,V32P-A009708,0,0.28646623492240908,0.2834861844778061,0,0
recipient_withdrawal,1476,V32P-A009727,0,0.68439098596572878,0.67332799434661861,1,1
recipient_withdrawal,1477,V32P-A009728,0,0.52424052953720091,0.51005105972290044,0,0
recipient_withdrawal,1478,V32P-A009729,0,0.44309378862380983,0.4320512294769287,0,0
recipient_withdrawal,1479,V32P-A009730,0,0.36839516162872316,0.35943123102188113,0,0
recipient_withdrawal,1480,V32P-A009731,0,0.29702358543872831,0.29034377634525299,0,0
recipient_withdrawal,1481,V32P-A009732,0,0.035165872611105445,0.035270907171070578,0,0
recipient_withdrawal,1482,V32P-A009763,0,0.71576471328735347,0.70824013948440556,1,1
recipient_withdrawal,1483,V32P-A009764,0,0.48699634671211245,0.47724168896675112,0,0
recipient_withdrawal,1484,V32P-A009765,0,0.46054224371910096,0.45282284617424012,0,0
recipient_withdrawal,1485,V32P-A009766,0,0.39109235405921938,0.38410243988037107,0,0
recipient_withdrawal,1486,V32P-A009767,0,0.31024874150753023,0.30424214303493502,0,0
recipient_withdrawal,1487,V32P-A009768,0,0.1397854968905449,0.13752055019140244,0,0
recipient_withdrawal,1488,V32P-A009781,0,0.74637537002563481,0.74339267015457156,1,1
recipient_withdrawal,1489,V32P-A009782,0,0.62193959951400757,0.62109030485153194,1,1
recipient_withdrawal,1490,V32P-A009783,0,0.50693285465240479,0.50817839503288265,0,0
recipient_withdrawal,1491,V32P-A009784,1,0.43299795389175416,0.43554203510284423,0,0
recipient_withdrawal,1492,V32P-A009785,0,0.079347196221351626,0.081481915712356565,0,0
recipient_withdrawal,1493,V32P-A009786,0,0.037181210331618787,0.038098547048866747,0,0
recipient_withdrawal,1494,V32P-A009787,0,0.63295634984970095,0.62978409528732304,1,1
recipient_withdrawal,1495,V32P-A009788,0,0.56998260021209712,0.56719239950180056,0,0
recipient_withdrawal,1496,V32P-A009789,0,0.49447591900825499,0.49266488552093507,0,0
recipient_withdrawal,1497,V32P-A009790,0,0.41325538158416747,0.41309556365013123,0,0
recipient_withdrawal,1498,V32P-A009791,0,0.37648590505123136,0.3701293796300888,0,0
recipient_withdrawal,1499,V32P-A009792,0,0.14636289030313493,0.14747684299945832,0,0
recipient_withdrawal,1500,V32P-A009799,1,0.77176877260208132,0.76341145038604741,1,1
recipient_withdrawal,1501,V32P-A009800,1,0.66687707901000981,0.65283039808273313,1,1
recipient_withdrawal,1502,V32P-A009801,1,0.71738617420196538,0.69829382896423342,1,1
recipient_withdrawal,1503,V32P-A009802,0,0.10707894265651703,0.1055501602590084,0,0
recipient_withdrawal,1504,V32P-A009803,0,0.080241297185420987,0.079312743246555323,0,0
recipient_withdrawal,1505,V32P-A009804,0,0.036479120701551439,0.036200749874114993,0,0
recipient_withdrawal,1506,V32P-A009835,0,0.79603606462478638,0.78658943176269536,1,1
recipient_withdrawal,1507,V32P-A009836,0,0.70664007663726802,0.69527157545089724,1,1
recipient_withdrawal,1508,V32P-A009837,0,0.56504493951797485,0.55375506281852727,0,0
recipient_withdrawal,1509,V32P-A009838,0,0.49464004039764403,0.48647632598876955,0,0
recipient_withdrawal,1510,V32P-A009839,0,0.41642993688583374,0.41163688898086548,0,0
recipient_withdrawal,1511,V32P-A009840,0,0.19534411877393723,0.19449768215417862,0,0
recipient_withdrawal,1512,V32P-A009865,0,0.58699805736541744,0.58111566305160522,0,0
recipient_withdrawal,1513,V32P-A009866,0,0.61099392175674438,0.60503906011581421,0,0
recipient_withdrawal,1514,V32P-A009867,0,0.692552638053894,0.68610969781875608,1,1
recipient_withdrawal,1515,V32P-A009868,0,0.66817957162857056,0.66103837490081785,1,1
recipient_withdrawal,1516,V32P-A009869,0,0.47467340826988219,0.46980406641960143,0,0
recipient_withdrawal,1517,V32P-A009870,0,0.03792029097676277,0.038014503568410872,0,0
recipient_withdrawal,1518,V32P-A009901,0,0.67958966493606565,0.67352772951126094,1,1
recipient_withdrawal,1519,V32P-A009902,0,0.79412127733230586,0.78444404602050777,1,1
recipient_withdrawal,1520,V32P-A009903,0,0.66230580806732176,0.65267200469970699,1,1
recipient_withdrawal,1521,V32P-A009904,0,0.6308575510978699,0.62282617688179021,1,1
recipient_withdrawal,1522,V32P-A009905,1,0.55145333409309383,0.54518952369689944,0,0
recipient_withdrawal,1523,V32P-A009906,0,0.040477516502141951,0.040576449409127233,0,0
recipient_withdrawal,1524,V32P-A009907,0,0.40843992829322817,0.40900097489356996,0,0
recipient_withdrawal,1525,V32P-A009908,0,0.3420766919851303,0.34463417828083037,0,0
recipient_withdrawal,1526,V32P-A009909,0,0.35285908579826353,0.3546262741088867,0,0
recipient_withdrawal,1527,V32P-A009910,0,0.29035235345363619,0.29251935780048371,0,0
recipient_withdrawal,1528,V32P-A009911,0,0.23348820805549622,0.23548057079315185,0,0
recipient_withdrawal,1529,V32P-A009912,0,0.12195332795381546,0.1253852739930153,0,0
recipient_withdrawal,1530,V32P-A009919,0,0.66056622266769405,0.65565000772476201,1,1
recipient_withdrawal,1531,V32P-A009920,0,0.46610776185989378,0.46113045215606691,0,0
recipient_withdrawal,1532,V32P-A009921,0,0.38312014937400818,0.37556891143321991,0,0
recipient_withdrawal,1533,V32P-A009922,0,0.42437068223953245,0.41976113319396974,0,0
recipient_withdrawal,1534,V32P-A009923,0,0.36903964579105375,0.36484254300594332,0,0
recipient_withdrawal,1535,V32P-A009924,0,0.19895756095647812,0.19776949435472488,0,0
recipient_withdrawal,1536,V32P-A009967,0,0.66267539262771602,0.65740313529968264,1,1
recipient_withdrawal,1537,V32P-A009968,0,0.57842386960983272,0.57103680372238164,0,0
recipient_withdrawal,1538,V32P-A009969,0,0.62314771413803105,0.61608425378799436,1,0
recipient_withdrawal,1539,V32P-A009970,0,0.58582930564880376,0.57595949172973637,0,0
recipient_withdrawal,1540,V32P-A009971,0,0.49842307567596433,0.48729960322380067,0,0
recipient_withdrawal,1541,V32P-A009972,0,0.26294792294502256,0.25611223578453063,0,0
recipient_withdrawal,1542,V32P-A009973,0,0.41863009333610535,0.41442982554435731,0,0
recipient_withdrawal,1543,V32P-A009974,0,0.41707910299301149,0.41406797170639037,0,0
recipient_withdrawal,1544,V32P-A009975,0,0.3793309271335602,0.37659872174262998,0,0
recipient_withdrawal,1545,V32P-A009976,0,0.30522430539131162,0.30314947962760924,0,0
recipient_withdrawal,1546,V32P-A009977,0,0.23509563505649567,0.23341839015483856,0,0
recipient_withdrawal,1547,V32P-A009978,0,0.10594424605369568,0.10594702363014222,0,0
recipient_withdrawal,1548,V32P-A009997,0,0.76879616975784304,0.76557978391647341,1,1
recipient_withdrawal,1549,V32P-A009998,0,0.66176823377609251,0.65764775276184084,1,1
recipient_withdrawal,1550,V32P-A009999,0,0.60442790389060974,0.59686195850372314,0,0
recipient_withdrawal,1551,V32P-A010000,0,0.64923064708709721,0.646875011920929,1,1
recipient_withdrawal,1552,V32P-A010001,0,0.54844115972518925,0.5481204509735107,0,0
recipient_withdrawal,1553,V32P-A010002,0,0.2782557398080826,0.28010290861129761,0,0
recipient_withdrawal,1554,V32P-A010105,0,0.69080687165260313,0.68220276236534116,1,1
recipient_withdrawal,1555,V32P-A010106,0,0.6336059987545013,0.62301890254020686,1,1
recipient_withdrawal,1556,V32P-A010107,0,0.58624267578125,0.57550607919692998,0,0
recipient_withdrawal,1557,V32P-A010108,1,0.5040835857391357,0.4935562491416931,0,0
recipient_withdrawal,1558,V32P-A010109,0,0.0853337837383151,0.084608790837228304,0,0
recipient_withdrawal,1559,V32P-A010110,0,0.039453561510890724,0.039422968681901691,0,0
recipient_withdrawal,1560,V32P-A010153,0,0.79394817352294922,0.78660302162170415,1,1
recipient_withdrawal,1561,V32P-A010154,0,0.64562013745307922,0.63370211720466618,1,1
recipient_withdrawal,1562,V32P-A010155,0,0.57978984117507937,0.56957856416702268,0,0
recipient_withdrawal,1563,V32P-A010156,0,0.61322754025459292,0.6019889175891876,0,0
recipient_withdrawal,1564,V32P-A010157,0,0.57298679947853093,0.56026749014854427,0,0
recipient_withdrawal,1565,V32P-A010158,0,0.35730255842208863,0.34797075390815735,0,0
recipient_withdrawal,1566,V32P-A010171,0,0.44128693342208863,0.44016532897949218,0,0
recipient_withdrawal,1567,V32P-A010172,0,0.47122713923454285,0.46968604922294616,0,0
recipient_withdrawal,1568,V32P-A010173,0,0.44432030320167543,0.44275653958320615,0,0
recipient_withdrawal,1569,V32P-A010174,0,0.31192695796489717,0.31093624532222747,0,0
recipient_withdrawal,1570,V32P-A010175,0,0.23688728213310242,0.23655157089233397,0,0
recipient_withdrawal,1571,V32P-A010176,0,0.10303806960582733,0.10321103036403656,0,0
recipient_withdrawal,1572,V32P-A010231,0,0.77024383544921871,0.76164563894271853,1,1
recipient_withdrawal,1573,V32P-A010232,0,0.69835548400878911,0.68960605859756474,1,1
recipient_withdrawal,1574,V32P-A010233,0,0.6500225186347961,0.64224452972412105,1,1
recipient_withdrawal,1575,V32P-A010234,0,0.59689553380012517,0.59018493890762325,0,0
recipient_withdrawal,1576,V32P-A010235,1,0.58633200526237483,0.57944200634956355,0,0
recipient_withdrawal,1577,V32P-A010236,0,0.062285879999399184,0.062424092739820483,0,0
recipient_withdrawal,1578,V32P-A010291,0,0.66904065608978269,0.6659971237182617,1,1
recipient_withdrawal,1579,V32P-A010292,0,0.5967348694801331,0.59370919466018679,0,0
recipient_withdrawal,1580,V32P-A010293,0,0.56534838676452637,0.56230896711349487,0,0
recipient_withdrawal,1581,V32P-A010294,0,0.49005475044250491,0.48715724945068362,0,0
recipient_withdrawal,1582,V32P-A010295,1,0.46162374615669249,0.45921585559844968,0,0
recipient_withdrawal,1583,V32P-A010296,0,0.035475832223892209,0.035746807605028151,0,0
recipient_withdrawal,1584,V32P-A010297,0,0.61531742811203005,0.60913640260696411,0,0
recipient_withdrawal,1585,V32P-A010298,0,0.57458909749984743,0.56677559614181516,0,0
recipient_withdrawal,1586,V32P-A010299,0,0.5251748263835907,0.51604132056236263,0,0
recipient_withdrawal,1587,V32P-A010300,0,0.41493618488311768,0.40510999560356142,0,0
recipient_withdrawal,1588,V32P-A010301,0,0.3647966504096985,0.35573640465736389,0,0
recipient_withdrawal,1589,V32P-A010302,0,0.16037729680538176,0.15547262430191039,0,0
recipient_withdrawal,1590,V32P-A010309,0,0.41432338356971743,0.41401770114898684,0,0
recipient_withdrawal,1591,V32P-A010310,0,0.4706605076789856,0.47142262458801271,0,0
recipient_withdrawal,1592,V32P-A010311,0,0.46522254347801206,0.46648442149162295,0,0
recipient_withdrawal,1593,V32P-A010312,0,0.40415315032005311,0.40562944412231444,0,0
recipient_withdrawal,1594,V32P-A010313,0,0.33700326979160311,0.3396316856145859,0,0
recipient_withdrawal,1595,V32P-A010314,0,0.15351690948009492,0.15604210793972015,0,0
recipient_withdrawal,1596,V32P-A010363,0,0.36283529996871949,0.36335577964782717,0,0
recipient_withdrawal,1597,V32P-A010364,0,0.3346858650445938,0.33560672104358674,0,0
recipient_withdrawal,1598,V32P-A010365,0,0.32905481457710267,0.33104633092880248,0,0
recipient_withdrawal,1599,V32P-A010366,0,0.27587513327598573,0.27858842611312867,0,0
recipient_withdrawal,1600,V32P-A010367,1,0.21949226260185242,0.22275717854499816,0,0
recipient_withdrawal,1601,V32P-A010368,0,0.017914313077926635,0.018654933199286461,0,0
recipient_withdrawal,1602,V32P-A010381,0,0.82852786779403687,0.82334909439086912,1,1
recipient_withdrawal,1603,V32P-A010382,0,0.72539187669754024,0.71782374382019043,1,1
recipient_withdrawal,1604,V32P-A010383,0,0.82861191034317017,0.82328754663467407,1,1
recipient_withdrawal,1605,V32P-A010384,0,0.70199773311614988,0.69205490350723264,1,1
recipient_withdrawal,1606,V32P-A010385,1,0.61615968942642207,0.60616628527641292,0,0
recipient_withdrawal,1607,V32P-A010386,0,0.062150803953409196,0.062118588760495183,0,0
recipient_withdrawal,1608,V32P-A010429,0,0.6145994305610657,0.6093841671943665,0,0
recipient_withdrawal,1609,V32P-A010430,0,0.5792253732681274,0.57596863508224483,0,0
recipient_withdrawal,1610,V32P-A010431,0,0.572782963514328,0.56978237032890322,0,0
recipient_withdrawal,1611,V32P-A010432,0,0.438380229473114,0.43523225784301756,0,0
recipient_withdrawal,1612,V32P-A010433,0,0.3144604593515396,0.31234773099422453,0,0
recipient_withdrawal,1613,V32P-A010434,0,0.13257722556591034,0.13218725621700286,0,0
recipient_withdrawal,1614,V32P-A010447,0,0.58303653001785283,0.57374488115310673,0,0
recipient_withdrawal,1615,V32P-A010448,0,0.42138607501983644,0.41321517825126647,0,0
recipient_withdrawal,1616,V32P-A010449,0,0.36085010468959811,0.35495240390300753,0,0
recipient_withdrawal,1617,V32P-A010450,0,0.30841357111930845,0.30425747036933898,0,0
recipient_withdrawal,1618,V32P-A010451,0,0.2967676132917404,0.29366318285465243,0,0
recipient_withdrawal,1619,V32P-A010452,0,0.12723941057920457,0.12592131644487381,0,0
recipient_withdrawal,1620,V32P-A010507,1,0.74498217105865483,0.73825372457504268,1,1
recipient_withdrawal,1621,V32P-A010508,1,0.74709345102310176,0.73965934514999387,1,1
recipient_withdrawal,1622,V32P-A010509,1,0.76623936891555788,0.75822621583938599,1,1
recipient_withdrawal,1623,V32P-A010510,0,0.12585616558790208,0.12223902493715286,0,0
recipient_withdrawal,1624,V32P-A010511,0,0.084687439724802971,0.083238329365849489,0,0
recipient_withdrawal,1625,V32P-A010512,0,0.038629886880517009,0.038367741927504542,0,0
recipient_withdrawal,1626,V32P-A010549,0,0.47393073439598082,0.46533870100975039,0,0
recipient_withdrawal,1627,V32P-A010550,0,0.48685487508773806,0.47968342304229739,0,0
recipient_withdrawal,1628,V32P-A010551,0,0.45788971781730653,0.45124334096908569,0,0
recipient_withdrawal,1629,V32P-A010552,0,0.48200358748435973,0.47546141743659975,0,0
recipient_withdrawal,1630,V32P-A010553,1,0.42007483243942262,0.41379336714744569,0,0
recipient_withdrawal,1631,V32P-A010554,0,0.038312202692031859,0.038497722893953326,0,0
recipient_withdrawal,1632,V32P-A010609,0,0.3913922071456909,0.39275580644607544,0,0
recipient_withdrawal,1633,V32P-A010610,0,0.40916315317153928,0.41181005239486695,0,0
recipient_withdrawal,1634,V32P-A010611,0,0.36396321654319763,0.36790221929550171,0,0
recipient_withdrawal,1635,V32P-A010612,0,0.31480858027935027,0.31960959732532501,0,0
recipient_withdrawal,1636,V32P-A010613,0,0.24737241566181184,0.25184627175331115,0,0
recipient_withdrawal,1637,V32P-A010614,0,0.10955940037965775,0.11238896250724792,0,0
recipient_withdrawal,1638,V32P-A010615,0,0.82849138975143433,0.82454663515090942,1,1
recipient_withdrawal,1639,V32P-A010616,0,0.6857625484466553,0.67555680274963381,1,1
recipient_withdrawal,1640,V32P-A010617,0,0.55695613026618962,0.55320461392402653,0,0
recipient_withdrawal,1641,V32P-A010618,0,0.49523467421531675,0.49392113089561462,0,0
recipient_withdrawal,1642,V32P-A010619,0,0.46272130608558654,0.46213453412055971,0,0
recipient_withdrawal,1643,V32P-A010620,0,0.17917172908782958,0.180349400639534,0,0
recipient_withdrawal,1644,V32P-A010699,1,0.67838416099548338,0.67208870649337771,1,1
recipient_withdrawal,1645,V32P-A010700,1,0.58738986253738401,0.58082910776138308,0,0
recipient_withdrawal,1646,V32P-A010701,1,0.62863988876342769,0.62123855352401736,1,1
recipient_withdrawal,1647,V32P-A010702,0,0.1760677844285965,0.17347985804080962,0,0
recipient_withdrawal,1648,V32P-A010703,0,0.097695644944906235,0.097398095577955243,0,0
recipient_withdrawal,1649,V32P-A010704,0,0.043799818865954875,0.043865316547453403,0,0
recipient_withdrawal,1650,V32P-A010741,0,0.84964635372161867,0.84344222545623782,1,1
recipient_withdrawal,1651,V32P-A010742,0,0.74640182256698606,0.73511172533035274,1,1
recipient_withdrawal,1652,V32P-A010743,0,0.64109808206558228,0.62281809449195857,1,1
recipient_withdrawal,1653,V32P-A010744,0,0.62975078821182251,0.61841602325439449,1,0
recipient_withdrawal,1654,V32P-A010745,0,0.58199561834335323,0.56979351043701176,0,0
recipient_withdrawal,1655,V32P-A010746,0,0.25136203765869142,0.2432806372642517,0,0
recipient_withdrawal,1656,V32P-A010831,0,0.74844205379486084,0.74339631795883176,1,1
recipient_withdrawal,1657,V32P-A010832,0,0.5774504959583282,0.5709303200244904,0,0
recipient_withdrawal,1658,V32P-A010833,0,0.46541457176208495,0.45899780392646788,0,0
recipient_withdrawal,1659,V32P-A010834,0,0.55234147310256954,0.54703416824340823,0,0
recipient_withdrawal,1660,V32P-A010835,0,0.34928531646728517,0.34511640071868899,0,0
recipient_withdrawal,1661,V32P-A010836,0,0.15131834894418716,0.14995726346969604,0,0
recipient_withdrawal,1662,V32P-A010873,0,0.65087105035781856,0.64762034416198733,1,1
recipient_withdrawal,1663,V32P-A010874,0,0.64173702001571653,0.63833940029144287,1,1
recipient_withdrawal,1664,V32P-A010875,0,0.65560308694839475,0.65262771844863887,1,1
recipient_withdrawal,1665,V32P-A010876,0,0.63937731981277468,0.63682436943054199,1,1
recipient_withdrawal,1666,V32P-A010877,0,0.60306452512741093,0.6006588339805603,0,0
recipient_withdrawal,1667,V32P-A010878,0,0.39406166076660154,0.39255626797676085,0,0
recipient_withdrawal,1668,V32P-A010903,0,0.40144384503364561,0.40235511660575868,0,0
recipient_withdrawal,1669,V32P-A010904,0,0.49436249732971194,0.49544461965560915,0,0
recipient_withdrawal,1670,V32P-A010905,0,0.47233479619026186,0.47426653504371641,0,0
recipient_withdrawal,1671,V32P-A010906,0,0.41278952956199644,0.41683784723281858,0,0
recipient_withdrawal,1672,V32P-A010907,0,0.34589077830314635,0.35184796452522277,0,0
recipient_withdrawal,1673,V32P-A010908,0,0.027708936110138895,0.028252662904560567,0,0
recipient_withdrawal,1674,V32P-A010951,0,0.74613732099533081,0.74107414484024048,1,1
recipient_withdrawal,1675,V32P-A010952,0,0.66849056482315061,0.663280189037323,1,1
recipient_withdrawal,1676,V32P-A010953,0,0.62032375335693357,0.6161019086837769,1,0
recipient_withdrawal,1677,V32P-A010954,0,0.54122065901756289,0.53702411651611326,0,0
recipient_withdrawal,1678,V32P-A010955,1,0.46637508273124695,0.46228190064430236,0,0
recipient_withdrawal,1679,V32P-A010956,0,0.040665617957711217,0.040880521759390831,0,0
recipient_withdrawal,1680,V32P-A011089,0,0.59779387712478638,0.59576951265335087,0,0
recipient_withdrawal,1681,V32P-A011090,0,0.45764993429183959,0.45613173246383665,0,0
recipient_withdrawal,1682,V32P-A011091,0,0.42973369956016538,0.42830590009689329,0,0
recipient_withdrawal,1683,V32P-A011092,0,0.41212878823280336,0.4111468017101288,0,0
recipient_withdrawal,1684,V32P-A011093,0,0.3546803891658783,0.35384647846221923,0,0
recipient_withdrawal,1685,V32P-A011094,0,0.17642715871334075,0.17634083628654479,0,0
recipient_withdrawal,1686,V32P-A011215,0,0.63408915996551518,0.62916287183761599,1,1
recipient_withdrawal,1687,V32P-A011216,0,0.53273928761482237,0.53087570071220402,0,0
recipient_withdrawal,1688,V32P-A011217,0,0.46413581967353823,0.46265003681182859,0,0
recipient_withdrawal,1689,V32P-A011218,0,0.38561196923255919,0.3850292146205902,0,0
recipient_withdrawal,1690,V32P-A011219,0,0.30582497715950013,0.30632631182670594,0,0
recipient_withdrawal,1691,V32P-A011220,0,0.13067496865987777,0.1314545452594757,0,0
recipient_withdrawal,1692,V32P-A011227,0,0.43357880115509034,0.43202899694442748,0,0
recipient_withdrawal,1693,V32P-A011228,0,0.30976664423942568,0.30784523487091064,0,0
recipient_withdrawal,1694,V32P-A011229,0,0.26865464746952056,0.26748352944850923,0,0
recipient_withdrawal,1695,V32P-A011230,0,0.25246100723743437,0.25194240510463717,0,0
recipient_withdrawal,1696,V32P-A011231,0,0.21108798682689667,0.20404919683933259,0,0
recipient_withdrawal,1697,V32P-A011232,0,0.089841171354055407,0.09053743705153465,0,0
recipient_withdrawal,1698,V32P-A011299,0,0.72920579910278316,0.72520061731338503,1,1
recipient_withdrawal,1699,V32P-A011300,0,0.5017559409141541,0.49959815740585328,0,0
recipient_withdrawal,1700,V32P-A011301,0,0.37350686192512511,0.36780297756195068,0,0
recipient_withdrawal,1701,V32P-A011302,0,0.36843669414520264,0.3671917676925659,0,0
recipient_withdrawal,1702,V32P-A011303,0,0.30380909144878387,0.30322273671627042,0,0
recipient_withdrawal,1703,V32P-A011304,0,0.14013847410678865,0.1406963735818863,0,0
recipient_withdrawal,1704,V32P-A011359,1,0.38289973735809324,0.37874515652656554,0,0
recipient_withdrawal,1705,V32P-A011360,1,0.39527522325515746,0.39161860346794131,0,0
recipient_withdrawal,1706,V32P-A011361,0,0.084705745428800577,0.085047667473554606,0,0
recipient_withdrawal,1707,V32P-A011362,0,0.064644655585289007,0.064980149269104004,0,0
recipient_withdrawal,1708,V32P-A011363,0,0.050296603515744207,0.050630620494484899,0,0
recipient_withdrawal,1709,V32P-A011364,0,0.022684533987194298,0.022887376230210067,0,0
recipient_withdrawal,1710,V32P-A011449,0,0.73788746595382693,0.73562041521072385,1,1
recipient_withdrawal,1711,V32P-A011450,0,0.59853395223617556,0.5975300252437592,0,0
recipient_withdrawal,1712,V32P-A011451,0,0.71441398859024052,0.712690281867981,1,1
recipient_withdrawal,1713,V32P-A011452,0,0.54426636695861819,0.54400228261947636,0,0
recipient_withdrawal,1714,V32P-A011453,0,0.47055978775024415,0.47165436148643491,0,0
recipient_withdrawal,1715,V32P-A011454,0,0.22891111373901368,0.2298286736011505,0,0
recipient_withdrawal,1716,V32P-A011455,0,0.61287499666213985,0.61019232273101809,0,0
recipient_withdrawal,1717,V32P-A011456,0,0.54048091769218443,0.53746066689491268,0,0
recipient_withdrawal,1718,V32P-A011457,0,0.44170757234096525,0.43889426887035371,0,0
recipient_withdrawal,1719,V32P-A011458,0,0.46367746591567993,0.46240628957748414,0,0
recipient_withdrawal,1720,V32P-A011459,0,0.42994407415390012,0.41836019754409792,0,0
recipient_withdrawal,1721,V32P-A011460,0,0.19018197059631348,0.18997507989406587,0,0
recipient_withdrawal,1722,V32P-A011467,0,0.60771893858909609,0.5996522724628448,0,0
recipient_withdrawal,1723,V32P-A011468,0,0.5728888213634491,0.56310788989067073,0,0
recipient_withdrawal,1724,V32P-A011469,0,0.5408075749874115,0.53286918401718142,0,0
recipient_withdrawal,1725,V32P-A011470,0,0.55348784327507017,0.54533554911613469,0,0
recipient_withdrawal,1726,V32P-A011471,0,0.49323852062225343,0.4860868275165558,0,0
recipient_withdrawal,1727,V32P-A011472,0,0.054482586123049258,0.054525562189519407,0,0
recipient_withdrawal,1728,V32P-A011503,0,0.74426081180572512,0.74110802412033083,1,1
recipient_withdrawal,1729,V32P-A011504,0,0.64129245281219482,0.63885169029235844,1,1
recipient_withdrawal,1730,V32P-A011505,0,0.59292529821395878,0.59216635227203374,0,0
recipient_withdrawal,1731,V32P-A011506,0,0.5395144939422607,0.54009878635406494,0,0
recipient_withdrawal,1732,V32P-A011507,0,0.44665072560310365,0.44879487156867981,0,0
recipient_withdrawal,1733,V32P-A011508,0,0.21493728309869767,0.21660596430301665,0,0
recipient_withdrawal,1734,V32P-A011533,0,0.36970373392105105,0.36500539779663088,0,0
recipient_withdrawal,1735,V32P-A011534,0,0.33787810802459717,0.33365905284881592,0,0
recipient_withdrawal,1736,V32P-A011535,0,0.29371525347232819,0.28947406113147733,0,0
recipient_withdrawal,1737,V32P-A011536,0,0.22888875305652617,0.22541552782058716,0,0
recipient_withdrawal,1738,V32P-A011537,0,0.17677776515483856,0.1739942342042923,0,0
recipient_withdrawal,1739,V32P-A011538,0,0.078554465621709826,0.077453991025686258,0,0
recipient_withdrawal,1740,V32P-A011683,0,0.30869494676589965,0.30413495898246767,0,0
recipient_withdrawal,1741,V32P-A011684,0,0.4409679710865021,0.43764073252677915,0,0
recipient_withdrawal,1742,V32P-A011685,0,0.41370149254798888,0.41132825016975405,0,0
recipient_withdrawal,1743,V32P-A011686,0,0.36356623172760011,0.36118627786636354,0,0
recipient_withdrawal,1744,V32P-A011687,0,0.266439288854599,0.26559103727340699,0,0
recipient_withdrawal,1745,V32P-A011688,0,0.021634617168456317,0.022038965206593274,0,0
recipient_withdrawal,1746,V32P-A011695,0,0.45854370594024657,0.452336049079895,0,0
recipient_withdrawal,1747,V32P-A011696,0,0.44796331524848937,0.44236304163932799,0,0
recipient_withdrawal,1748,V32P-A011697,0,0.41537736654281615,0.40985552072525022,0,0
recipient_withdrawal,1749,V32P-A011698,0,0.34758389592170713,0.34219462871551515,0,0
recipient_withdrawal,1750,V32P-A011699,0,0.27506507635116578,0.27068433761596677,0,0
recipient_withdrawal,1751,V32P-A011700,0,0.1201040841639042,0.11823389306664467,0,0
recipient_withdrawal,1752,V32P-A011701,0,0.64738546013832088,0.63833454251289368,1,1
recipient_withdrawal,1753,V32P-A011702,0,0.66381527185440059,0.6577888488769531,1,1
recipient_withdrawal,1754,V32P-A011703,0,0.65071772336959843,0.64448664188385008,1,1
recipient_withdrawal,1755,V32P-A011704,1,0.5974116742610931,0.59256963729858403,0,0
recipient_withdrawal,1756,V32P-A011705,0,0.099059934169054037,0.099623429030179983,0,0
recipient_withdrawal,1757,V32P-A011706,0,0.041983294114470479,0.04228779673576355,0,0
recipient_withdrawal,1758,V32P-A011797,1,0.78684940338134768,0.7786835908889771,1,1
recipient_withdrawal,1759,V32P-A011798,1,0.6310911893844604,0.60836616754531858,1,0
recipient_withdrawal,1760,V32P-A011799,1,0.4219320982694626,0.40783174932003019,0,0
recipient_withdrawal,1761,V32P-A011800,0,0.10781365819275379,0.10717667825520039,0,0
recipient_withdrawal,1762,V32P-A011801,0,0.090334235504269597,0.090147738531231883,0,0
recipient_withdrawal,1763,V32P-A011802,0,0.046051291655749081,0.046173886489123107,0,0
recipient_withdrawal,1764,V32P-A011881,1,0.70153332948684688,0.69536983966827393,1,1
recipient_withdrawal,1765,V32P-A011882,1,0.55218421220779423,0.54598913192749021,0,0
recipient_withdrawal,1766,V32P-A011883,0,0.19929934293031693,0.19629618078470229,0,0
recipient_withdrawal,1767,V32P-A011884,0,0.10254337489604951,0.10285831317305565,0,0
recipient_withdrawal,1768,V32P-A011885,0,0.09058272242546081,0.091142009198665622,0,0
recipient_withdrawal,1769,V32P-A011886,0,0.041291110590100287,0.041563484817743301,0,0
recipient_withdrawal,1770,V32P-A011917,0,0.65767138004302983,0.64738632440567012,1,1
recipient_withdrawal,1771,V32P-A011918,0,0.5735204815864563,0.56305885314941406,0,0
recipient_withdrawal,1772,V32P-A011919,0,0.48731003999710082,0.47758828997612002,0,0
recipient_withdrawal,1773,V32P-A011920,0,0.42913906574249266,0.41952496170997622,0,0
recipient_withdrawal,1774,V32P-A011921,0,0.39153046607971193,0.38039155304431915,0,0
recipient_withdrawal,1775,V32P-A011922,0,0.15089541226625441,0.14822467416524887,0,0
recipient_withdrawal,1776,V32P-A011941,0,0.73665612936019897,0.7316847085952759,1,1
recipient_withdrawal,1777,V32P-A011942,0,0.602981960773468,0.59638749361038212,0,0
recipient_withdrawal,1778,V32P-A011943,0,0.52383941411972046,0.52037298679351807,0,0
recipient_withdrawal,1779,V32P-A011944,0,0.39329702854156495,0.39114809036254883,0,0
recipient_withdrawal,1780,V32P-A011945,0,0.31777825057506559,0.3165135532617569,0,0
recipient_withdrawal,1781,V32P-A011946,0,0.16188260167837143,0.16153397560119628,0,0
recipient_withdrawal,1782,V32P-A011983,0,0.76515233516693115,0.75843057632446287,1,1
recipient_withdrawal,1783,V32P-A011984,0,0.76511974334716792,0.75294271707534788,1,1
recipient_withdrawal,1784,V32P-A011985,0,0.70546227693557739,0.69679286479949953,1,1
recipient_withdrawal,1785,V32P-A011986,0,0.7318577766418457,0.72198520898818974,1,1
recipient_withdrawal,1786,V32P-A011987,0,0.64383569359779358,0.6348603367805481,1,1
recipient_withdrawal,1787,V32P-A011988,0,0.063476005196571345,0.063498334959149361,0,0
recipient_withdrawal,1788,V32P-A012019,0,0.79003225564956669,0.78522512912750242,1,1
recipient_withdrawal,1789,V32P-A012020,0,0.62364764213562007,0.61432111263275146,1,0
recipient_withdrawal,1790,V32P-A012021,0,0.5868181586265564,0.57953478097915645,0,0
recipient_withdrawal,1791,V32P-A012022,0,0.59585404396057129,0.58875435590744019,0,0
recipient_withdrawal,1792,V32P-A012023,0,0.42679196000099184,0.42101119160652162,0,0
recipient_withdrawal,1793,V32P-A012024,0,0.035409701056778431,0.035488444752991198,0,0
recipient_withdrawal,1794,V32P-A012043,0,0.61114701628684998,0.60336745381355283,0,0
recipient_withdrawal,1795,V32P-A012044,0,0.46571770310401917,0.45646048188209531,0,0
recipient_withdrawal,1796,V32P-A012045,0,0.42342676520347594,0.41510646939277651,0,0
recipient_withdrawal,1797,V32P-A012046,0,0.34119985103607176,0.33498765230178834,0,0
recipient_withdrawal,1798,V32P-A012047,0,0.25578544139862058,0.25197748839855194,0,0
recipient_withdrawal,1799,V32P-A012048,0,0.11291040182113647,0.11216893047094345,0,0
recipient_withdrawal,1800,V32P-A012061,0,0.62214444875717168,0.61450711488723753,1,0
recipient_withdrawal,1801,V32P-A012062,0,0.48740825057029724,0.47835310101509093,0,0
recipient_withdrawal,1802,V32P-A012063,0,0.45946085453033447,0.45057063102722167,0,0
recipient_withdrawal,1803,V32P-A012064,0,0.36100254654884339,0.35271239876747129,0,0
recipient_withdrawal,1804,V32P-A012065,0,0.27168900370597837,0.26465657353401184,0,0
recipient_withdrawal,1805,V32P-A012066,0,0.10920805782079697,0.10697865933179855,0,0
recipient_withdrawal,1806,V32P-A012091,0,0.84271939992904665,0.83699575662612913,1,1
recipient_withdrawal,1807,V32P-A012092,0,0.76792227029800419,0.75883580446243282,1,1
recipient_withdrawal,1808,V32P-A012093,0,0.74409221410751347,0.73561745882034302,1,1
recipient_withdrawal,1809,V32P-A012094,0,0.71381697654724119,0.70473667383193972,1,1
recipient_withdrawal,1810,V32P-A012095,0,0.74055063724517822,0.7324373722076416,1,1
recipient_withdrawal,1811,V32P-A012096,0,0.50740708708763127,0.49931207299232483,0,0
recipient_withdrawal,1812,V32P-A012109,1,0.78219559192657473,0.7762799859046936,1,1
recipient_withdrawal,1813,V32P-A012110,1,0.64500223398208623,0.63611580133438106,1,1
recipient_withdrawal,1814,V32P-A012111,1,0.6922702312469482,0.68452128171920779,1,1
recipient_withdrawal,1815,V32P-A012112,0,0.10028538778424263,0.099439797550439829,0,0
recipient_withdrawal,1816,V32P-A012113,0,0.079092853143811231,0.07872344292700291,0,0
recipient_withdrawal,1817,V32P-A012114,0,0.033751247730106113,0.033761807810515167,0,0
recipient_withdrawal,1818,V32P-A012133,0,0.61569473743438718,0.61303499937057493,0,0
recipient_withdrawal,1819,V32P-A012134,0,0.50718495845794676,0.5048545122146606,0,0
recipient_withdrawal,1820,V32P-A012135,0,0.4793244540691376,0.47668590545654299,0,0
recipient_withdrawal,1821,V32P-A012136,0,0.40748953819274902,0.40448563694953921,0,0
recipient_withdrawal,1822,V32P-A012137,0,0.32652744948863982,0.32370199263095856,0,0
recipient_withdrawal,1823,V32P-A012138,0,0.13429920226335526,0.13441929370164871,0,0
recipient_withdrawal,1824,V32P-A012139,0,0.7823206424713135,0.7762731790542603,1,1
recipient_withdrawal,1825,V32P-A012140,0,0.69787219762802122,0.69023386240005491,1,1
recipient_withdrawal,1826,V32P-A012141,0,0.66617348194122317,0.65960568189620972,1,1
recipient_withdrawal,1827,V32P-A012142,1,0.57340834140777586,0.5668787956237793,0,0
recipient_withdrawal,1828,V32P-A012143,0,0.081667126715183253,0.081753353029489523,0,0
recipient_withdrawal,1829,V32P-A012144,0,0.037218660116195679,0.037394969165325163,0,0
recipient_withdrawal,1830,V32P-A012151,0,0.59803555011749265,0.59148069620132449,0,0
recipient_withdrawal,1831,V32P-A012152,0,0.53727481961250301,0.53007711768150334,0,0
recipient_withdrawal,1832,V32P-A012153,0,0.46957982778549195,0.46344302892684935,0,0
recipient_withdrawal,1833,V32P-A012154,0,0.38038753867149355,0.37505813241004943,0,0
recipient_withdrawal,1834,V32P-A012155,0,0.30799414217472076,0.30346213877201078,0,0
recipient_withdrawal,1835,V32P-A012156,0,0.15688642747700215,0.15585178919136525,0,0
recipient_withdrawal,1836,V32P-A012169,0,0.77177715301513672,0.7670311808586121,1,1
recipient_withdrawal,1837,V32P-A012170,0,0.71963827610015874,0.70910863876342778,1,1
recipient_withdrawal,1838,V32P-A012171,0,0.61220530271530149,0.60697906613349917,0,0
recipient_withdrawal,1839,V32P-A012172,0,0.53743712902069096,0.53243355751037602,0,0
recipient_withdrawal,1840,V32P-A012173,1,0.50059458613395691,0.49675935506820679,0,0
recipient_withdrawal,1841,V32P-A012174,0,0.043067090213298798,0.04347520098090172,0,0
recipient_withdrawal,1842,V32P-A012247,0,0.77445510625839231,0.76980500221252446,1,1
recipient_withdrawal,1843,V32P-A012248,0,0.58765476942062378,0.58257529735565183,0,0
recipient_withdrawal,1844,V32P-A012249,0,0.5228665232658386,0.51855319738388062,0,0
recipient_withdrawal,1845,V32P-A012250,0,0.58364839553833003,0.57758578062057497,0,0
recipient_withdrawal,1846,V32P-A012251,0,0.40351980924606323,0.39837040901184084,0,0
recipient_withdrawal,1847,V32P-A012252,0,0.17264278829097748,0.17030898332595826,0,0
recipient_withdrawal,1848,V32P-A012253,0,0.59228023290634157,0.58819839954376218,0,0
recipient_withdrawal,1849,V32P-A012254,0,0.69764152765274046,0.68833959102630615,1,1
recipient_withdrawal,1850,V32P-A012255,0,0.46337508559226992,0.45748045444488528,0,0
recipient_withdrawal,1851,V32P-A012256,1,0.4080041289329529,0.40400543808937073,0,0
recipient_withdrawal,1852,V32P-A012257,0,0.06870424747467041,0.068865951150655746,0,0
recipient_withdrawal,1853,V32P-A012258,0,0.030899329483509062,0.031038426980376243,0,0
recipient_withdrawal,1854,V32P-A012331,0,0.60067908763885502,0.59600844383239748,0,0
recipient_withdrawal,1855,V32P-A012332,0,0.55493209362030027,0.54886440038681028,0,0
recipient_withdrawal,1856,V32P-A012333,0,0.56517769098281856,0.56020420789718628,0,0
recipient_withdrawal,1857,V32P-A012334,0,0.53464968800544743,0.52694843411445613,0,0
recipient_withdrawal,1858,V32P-A012335,0,0.47564536333084106,0.46689106822013854,0,0
recipient_withdrawal,1859,V32P-A012336,0,0.26559699773788453,0.25928865969181059,0,0
recipient_withdrawal,1860,V32P-A012337,0,0.35527648329734801,0.34755626320838928,0,0
recipient_withdrawal,1861,V32P-A012338,0,0.39190745949745176,0.38371115326881411,0,0
recipient_withdrawal,1862,V32P-A012339,0,0.44697505831718443,0.44117015004158022,0,0
recipient_withdrawal,1863,V32P-A012340,0,0.36433656811714171,0.35706657767295835,0,0
recipient_withdrawal,1864,V32P-A012341,0,0.30476552248001099,0.29826996326446531,0,0
recipient_withdrawal,1865,V32P-A012342,0,0.12709954530000686,0.12436690181493759,0,0
recipient_withdrawal,1866,V32P-A012421,0,0.57322084903717041,0.56988519430160522,0,0
recipient_withdrawal,1867,V32P-A012422,0,0.51509473323822019,0.51259046792984009,0,0
recipient_withdrawal,1868,V32P-A012423,0,0.44605085849761961,0.44434540271759032,0,0
recipient_withdrawal,1869,V32P-A012424,0,0.33414592444896696,0.33361253440380095,0,0
recipient_withdrawal,1870,V32P-A012425,0,0.25429416894912721,0.25507139563560488,0,0
recipient_withdrawal,1871,V32P-A012426,0,0.10701426267623901,0.10820258259773255,0,0
recipient_withdrawal,1872,V32P-A012469,0,0.55273216962814331,0.54165227413177486,0,0
recipient_withdrawal,1873,V32P-A012470,0,0.53984109759330745,0.52891704440116882,0,0
recipient_withdrawal,1874,V32P-A012471,0,0.49896051287651061,0.48815892338752748,0,0
recipient_withdrawal,1875,V32P-A012472,0,0.41980631947517394,0.40938666462898254,0,0
recipient_withdrawal,1876,V32P-A012473,0,0.34352656006813048,0.33401146531105042,0,0
recipient_withdrawal,1877,V32P-A012474,0,0.18534952104091645,0.1805843323469162,0,0
recipient_withdrawal,1878,V32P-A012487,0,0.34745834469795228,0.34720773696899415,0,0
recipient_withdrawal,1879,V32P-A012488,0,0.40216785669326782,0.40242933630943301,0,0
recipient_withdrawal,1880,V32P-A012489,0,0.41332445144653318,0.41354205012321471,0,0
recipient_withdrawal,1881,V32P-A012490,0,0.40319412350654604,0.40355526804924013,0,0
recipient_withdrawal,1882,V32P-A012491,0,0.36054567694664003,0.36112403869628906,0,0
recipient_withdrawal,1883,V32P-A012492,0,0.19339639246463775,0.19437375366687776,0,0
recipient_withdrawal,1884,V32P-A012553,0,0.33867409825325012,0.33409198522567751,0,0
recipient_withdrawal,1885,V32P-A012554,0,0.4044328987598419,0.40118466019630433,0,0
recipient_withdrawal,1886,V32P-A012555,0,0.38446224927902223,0.3822447657585144,0,0
recipient_withdrawal,1887,V32P-A012556,0,0.32673405408859252,0.32509507536888121,0,0
recipient_withdrawal,1888,V32P-A012557,0,0.26188581287860868,0.26081289350986481,0,0
recipient_withdrawal,1889,V32P-A012558,0,0.11360648423433303,0.11416891664266586,0,0
recipient_withdrawal,1890,V32P-A012595,1,0.76266467571258545,0.75669537782669072,1,1
recipient_withdrawal,1891,V32P-A012596,1,0.62817724943161013,0.61300830841064458,1,0
recipient_withdrawal,1892,V32P-A012597,1,0.51412399411201481,0.5073935925960541,0,0
recipient_withdrawal,1893,V32P-A012598,0,0.081519515067338941,0.081610152870416647,0,0
recipient_withdrawal,1894,V32P-A012599,0,0.058190814405679706,0.05834610164165497,0,0
recipient_withdrawal,1895,V32P-A012600,0,0.023885689489543439,0.023996680974960327,0,0
recipient_withdrawal,1896,V32P-A012703,0,0.76977833509445193,0.76444157361984255,1,1
recipient_withdrawal,1897,V32P-A012704,0,0.63038895130157468,0.62291150093078618,1,1
recipient_withdrawal,1898,V32P-A012705,0,0.69564158916473384,0.69014073610305782,1,1
recipient_withdrawal,1899,V32P-A012706,0,0.68845049142837522,0.68194361925125124,1,1
recipient_withdrawal,1900,V32P-A012707,0,0.62765868902206423,0.62098894119262693,1,1
recipient_withdrawal,1901,V32P-A012708,0,0.41140524744987489,0.40552510619163512,0,0
recipient_withdrawal,1902,V32P-A012739,0,0.74713513851165769,0.74151213169097896,1,1
recipient_withdrawal,1903,V32P-A012740,0,0.64383654594421391,0.63825471401214595,1,1
recipient_withdrawal,1904,V32P-A012741,0,0.57001128196716311,0.5651716351509094,0,0
recipient_withdrawal,1905,V32P-A012742,0,0.4480455219745636,0.44407102465629578,0,0
recipient_withdrawal,1906,V32P-A012743,0,0.3394824802875519,0.33671028614044191,0,0
recipient_withdrawal,1907,V32P-A012744,0,0.13994535505771638,0.13946868926286698,0,0
recipient_withdrawal,1908,V32P-A012805,0,0.82939512729644771,0.8232215523719788,1,1
recipient_withdrawal,1909,V32P-A012806,0,0.73145469427108767,0.72358828783035278,1,1
recipient_withdrawal,1910,V32P-A012807,0,0.6686852812767029,0.65596082210540774,1,1
recipient_withdrawal,1911,V32P-A012808,0,0.64705829620361333,0.6401877880096436,1,1
recipient_withdrawal,1912,V32P-A012809,0,0.6300165057182312,0.62450281381607053,1,1
recipient_withdrawal,1913,V32P-A012810,0,0.30913456082344054,0.30760085284709932,0,0
recipient_withdrawal,1914,V32P-A012889,0,0.67948806285858154,0.67266788482666018,1,1
recipient_withdrawal,1915,V32P-A012890,0,0.70342493057250977,0.69775310754775999,1,1
recipient_withdrawal,1916,V32P-A012891,0,0.6419955968856812,0.63471355438232424,1,1
recipient_withdrawal,1917,V32P-A012892,0,0.61382128000259395,0.60664187669754033,0,0
recipient_withdrawal,1918,V32P-A012893,1,0.53526233434677128,0.52139084935188296,0,0
recipient_withdrawal,1919,V32P-A012894,0,0.050308691710233687,0.050424844771623609,0,0
recipient_withdrawal,1920,V32P-A012907,0,0.58630815744400022,0.58081810474395756,0,0
recipient_withdrawal,1921,V32P-A012908,0,0.49395764470100401,0.48621569275856019,0,0
recipient_withdrawal,1922,V32P-A012909,0,0.43974443674087527,0.43165881633758546,0,0
recipient_withdrawal,1923,V32P-A012910,0,0.36473708152770995,0.3587650001049042,0,0
recipient_withdrawal,1924,V32P-A012911,0,0.28668036162853239,0.28171697556972503,0,0
recipient_withdrawal,1925,V32P-A012912,0,0.1366347074508667,0.1341781049966812,0,0
recipient_withdrawal,1926,V32P-A012943,0,0.64991915225982666,0.64730398654937749,1,1
recipient_withdrawal,1927,V32P-A012944,0,0.50408369898796079,0.50264800190925596,0,0
recipient_withdrawal,1928,V32P-A012945,0,0.42047904729843139,0.41863773465156556,0,0
recipient_withdrawal,1929,V32P-A012946,0,0.4328418791294098,0.43063383698463442,0,0
recipient_withdrawal,1930,V32P-A012947,0,0.39494436979293823,0.39288035631179807,0,0
recipient_withdrawal,1931,V32P-A012948,0,0.14265616834163666,0.14269918501377105,0,0
recipient_withdrawal,1932,V32P-A012979,0,0.62835506200790403,0.62374812364578247,1,1
recipient_withdrawal,1933,V32P-A012980,0,0.65403683185577388,0.64937202930450444,1,1
recipient_withdrawal,1934,V32P-A012981,0,0.68066992759704592,0.67702323198318481,1,1
recipient_withdrawal,1935,V32P-A012982,1,0.67392176389694214,0.67003455162048342,1,1
recipient_withdrawal,1936,V32P-A012983,0,0.10279108881950379,0.10328370183706284,0,0
recipient_withdrawal,1937,V32P-A012984,0,0.044321110099554063,0.044815543293952945,0,0
recipient_withdrawal,1938,V32P-A013015,0,0.73751926422119141,0.72923922538757324,1,1
recipient_withdrawal,1939,V32P-A013016,0,0.50225970149040222,0.4949995458126068,0,0
recipient_withdrawal,1940,V32P-A013017,0,0.41219482421874998,0.40769092440605165,0,0
recipient_withdrawal,1941,V32P-A013018,0,0.33773805499076842,0.33383734226226808,0,0
recipient_withdrawal,1942,V32P-A013019,0,0.30025797784328462,0.29759515821933746,0,0
recipient_withdrawal,1943,V32P-A013020,0,0.14566899985074996,0.14465986043214799,0,0
recipient_withdrawal,1944,V32P-A013027,0,0.4139390468597412,0.41324654221534729,0,0
recipient_withdrawal,1945,V32P-A013028,0,0.47994786500930786,0.48028187751770018,0,0
recipient_withdrawal,1946,V32P-A013029,0,0.41245325207710265,0.40629051327705384,0,0
recipient_withdrawal,1947,V32P-A013030,0,0.36319172382354736,0.36394351720809937,0,0
recipient_withdrawal,1948,V32P-A013031,0,0.33439462482929228,0.33637672364711763,0,0
recipient_withdrawal,1949,V32P-A013032,0,0.15412592887878418,0.15555903017520906,0,0
recipient_withdrawal,1950,V32P-A013123,0,0.58297313451766963,0.58084259033203123,0,0
recipient_withdrawal,1951,V32P-A013124,0,0.72781603336334233,0.72084174156188963,1,1
recipient_withdrawal,1952,V32P-A013125,0,0.49316419959068297,0.49039416313171386,0,0
recipient_withdrawal,1953,V32P-A013126,1,0.39450024366378783,0.39293453097343445,0,0
recipient_withdrawal,1954,V32P-A013127,0,0.057175144925713538,0.058155095949769017,0,0
recipient_withdrawal,1955,V32P-A013128,0,0.023312497511506082,0.023745550960302352,0,0
recipient_withdrawal,1956,V32P-A013183,0,0.58536385893821719,0.577815192937851,0,0
recipient_withdrawal,1957,V32P-A013184,0,0.57686705589294429,0.57034510374069214,0,0
recipient_withdrawal,1958,V32P-A013185,0,0.51923742294311526,0.51339151263237004,0,0
recipient_withdrawal,1959,V32P-A013186,0,0.47187260985374452,0.46629391312599183,0,0
recipient_withdrawal,1960,V32P-A013187,0,0.38731066584587098,0.38330129384994505,0,0
recipient_withdrawal,1961,V32P-A013188,0,0.028620972856879236,0.028774041309952737,0,0
recipient_withdrawal,1962,V32P-A013207,0,0.49491508007049562,0.49144262075424194,0,0
recipient_withdrawal,1963,V32P-A013208,0,0.56837724447250371,0.56572765707969663,0,0
recipient_withdrawal,1964,V32P-A013209,0,0.6365647435188293,0.63331861495971675,1,1
recipient_withdrawal,1965,V32P-A013210,0,0.605959165096283,0.6028312683105469,0,0
recipient_withdrawal,1966,V32P-A013211,1,0.56895443797111511,0.56506126523017886,0,0
recipient_withdrawal,1967,V32P-A013212,0,0.061130860447883607,0.061863525956869128,0,0
recipient_withdrawal,1968,V32P-A013267,0,0.32913541793823242,0.32262759804725649,0,0
recipient_withdrawal,1969,V32P-A013268,0,0.37824374437332153,0.37310742139816283,0,0
recipient_withdrawal,1970,V32P-A013269,0,0.33378946185112002,0.32854954600334169,0,0
recipient_withdrawal,1971,V32P-A013270,0,0.24979106485843658,0.24549150168895723,0,0
recipient_withdrawal,1972,V32P-A013271,0,0.18209357857704161,0.17929683327674867,0,0
recipient_withdrawal,1973,V32P-A013272,0,0.073402571678161624,0.072842833399772641,0,0
recipient_withdrawal,1974,V32P-A013291,0,0.40574931502342226,0.40130873322486876,0,0
recipient_withdrawal,1975,V32P-A013292,0,0.4690671920776367,0.46657209396362304,0,0
recipient_withdrawal,1976,V32P-A013293,0,0.44214556813240052,0.44107251763343813,0,0
recipient_withdrawal,1977,V32P-A013294,1,0.35843848586082461,0.35907373428344724,0,0
recipient_withdrawal,1978,V32P-A013295,0,0.055601666867733004,0.05650237575173378,0,0
recipient_withdrawal,1979,V32P-A013296,0,0.024689340498298407,0.025084201712161303,0,0
recipient_withdrawal,1980,V32P-A013399,0,0.49719850420951844,0.49464866518974304,0,0
recipient_withdrawal,1981,V32P-A013400,0,0.44865127205848693,0.44716726541519164,0,0
recipient_withdrawal,1982,V32P-A013401,0,0.39772201776504518,0.39738204479217532,0,0
recipient_withdrawal,1983,V32P-A013402,0,0.32138472199440005,0.32092232108116148,0,0
recipient_withdrawal,1984,V32P-A013403,0,0.25645915269851682,0.25693376064300538,0,0
recipient_withdrawal,1985,V32P-A013404,0,0.11236274242401123,0.11347569823265076,0,0
recipient_withdrawal,1986,V32P-A013417,0,0.6307782649993896,0.6285865306854248,1,1
recipient_withdrawal,1987,V32P-A013418,0,0.59773312807083134,0.59634054899215694,0,0
recipient_withdrawal,1988,V32P-A013419,0,0.51042003631591792,0.50378111600875852,0,0
recipient_withdrawal,1989,V32P-A013420,0,0.52187590599060063,0.52312895059585574,0,0
recipient_withdrawal,1990,V32P-A013421,0,0.45591393113136292,0.45795564055442811,0,0
recipient_withdrawal,1991,V32P-A013422,0,0.21928135454654693,0.22147839069366454,0,0
recipient_withdrawal,1992,V32P-A013447,1,0.61436158418655396,0.60905612707138057,0,0
recipient_withdrawal,1993,V32P-A013448,1,0.48845700025558469,0.48647280335426329,0,0
recipient_withdrawal,1994,V32P-A013449,0,0.14506533294916152,0.14537333697080612,0,0
recipient_withdrawal,1995,V32P-A013450,0,0.13345407694578171,0.13404425829648972,0,0
recipient_withdrawal,1996,V32P-A013451,0,0.082591283321380618,0.083333916962146759,0,0
recipient_withdrawal,1997,V32P-A013452,0,0.037060200423002246,0.037406173720955851,0,0
recipient_withdrawal,1998,V32P-A013471,0,0.77872889041900639,0.77363479137420654,1,1
recipient_withdrawal,1999,V32P-A013472,0,0.64732204675674443,0.64186748266220095,1,1
recipient_withdrawal,2000,V32P-A013473,0,0.58137084245681758,0.57514261007308964,0,0
recipient_withdrawal,2001,V32P-A013474,0,0.59267771244049072,0.58777511119842529,0,0
recipient_withdrawal,2002,V32P-A013475,0,0.55539631843566895,0.55012632608413692,0,0
recipient_withdrawal,2003,V32P-A013476,0,0.035079989954829215,0.035216010361909869,0,0
recipient_withdrawal,2004,V32P-A013507,0,0.57998659610748293,0.57448386549949648,0,0
recipient_withdrawal,2005,V32P-A013508,0,0.52130622267723081,0.51767072677612302,0,0
recipient_withdrawal,2006,V32P-A013509,0,0.50710580348968504,0.50478780269622803,0,0
recipient_withdrawal,2007,V32P-A013510,0,0.45234311819076539,0.45059660673141477,0,0
recipient_withdrawal,2008,V32P-A013511,0,0.36546939015388491,0.36529247760772704,0,0
recipient_withdrawal,2009,V32P-A013512,0,0.16705784797668458,0.16778336763381957,0,0
recipient_withdrawal,2010,V32P-A013519,0,0.71873035430908205,0.71092000007629397,1,1
recipient_withdrawal,2011,V32P-A013520,0,0.62276883125305171,0.61496068239212032,1,0
recipient_withdrawal,2012,V32P-A013521,0,0.60718098878860471,0.60131136178970335,0,0
recipient_withdrawal,2013,V32P-A013522,0,0.50887165665626521,0.50324088931083677,0,0
recipient_withdrawal,2014,V32P-A013523,0,0.46547443270683286,0.460857492685318,0,0
recipient_withdrawal,2015,V32P-A013524,0,0.18703104108572005,0.18658557087182998,0,0
recipient_withdrawal,2016,V32P-A013549,0,0.79081676006317136,0.78247928619384766,1,1
recipient_withdrawal,2017,V32P-A013550,0,0.69392826557159426,0.68247324228286743,1,1
recipient_withdrawal,2018,V32P-A013551,0,0.57798497080802913,0.55668031573295595,0,0
recipient_withdrawal,2019,V32P-A013552,0,0.51710631251335148,0.50555740594863896,0,0
recipient_withdrawal,2020,V32P-A013553,0,0.4378125727176666,0.42821853160858153,0,0
recipient_withdrawal,2021,V32P-A013554,0,0.21405405998229982,0.21084872484207154,0,0
recipient_withdrawal,2022,V32P-A013603,0,0.7692848205566406,0.76626272201538081,1,1
recipient_withdrawal,2023,V32P-A013604,0,0.6452082514762878,0.643450403213501,1,1
recipient_withdrawal,2024,V32P-A013605,0,0.56019839048385622,0.55969616174697878,0,0
recipient_withdrawal,2025,V32P-A013606,0,0.4793964087963104,0.48020004034042357,0,0
recipient_withdrawal,2026,V32P-A013607,0,0.48062603473663329,0.4821955621242523,0,0
recipient_withdrawal,2027,V32P-A013608,0,0.33592554926872253,0.33772479891777041,0,0
recipient_withdrawal,2028,V32P-A013633,0,0.6735926747322083,0.67191014289855955,1,1
recipient_withdrawal,2029,V32P-A013634,0,0.52802960872650151,0.52571732997894283,0,0
recipient_withdrawal,2030,V32P-A013635,0,0.44166472554206848,0.44045919775962827,0,0
recipient_withdrawal,2031,V32P-A013636,0,0.38871576786041262,0.38961756229400635,0,0
recipient_withdrawal,2032,V32P-A013637,0,0.32148251533508299,0.32381224036216738,0,0
recipient_withdrawal,2033,V32P-A013638,0,0.16101035475730896,0.16361357867717743,0,0
recipient_withdrawal,2034,V32P-A013663,0,0.63192528486251831,0.62843229770660403,1,1
recipient_withdrawal,2035,V32P-A013664,0,0.4588678777217865,0.44898102283477781,0,0
recipient_withdrawal,2036,V32P-A013665,0,0.46404127478599549,0.4604561388492584,0,0
recipient_withdrawal,2037,V32P-A013666,0,0.39172056317329407,0.38820717334747312,0,0
recipient_withdrawal,2038,V32P-A013667,0,0.30818946957588195,0.30528308153152467,0,0
recipient_withdrawal,2039,V32P-A013668,0,0.025707836821675302,0.025807189568877221,0,0
recipient_withdrawal,2040,V32P-A013759,0,0.62725332975387571,0.62127215862274165,1,1
recipient_withdrawal,2041,V32P-A013760,0,0.6329787611961365,0.62674810886383059,1,1
recipient_withdrawal,2042,V32P-A013761,0,0.65357382297515865,0.64712021350860593,1,1
recipient_withdrawal,2043,V32P-A013762,0,0.61719276905059817,0.60971992015838627,0,0
recipient_withdrawal,2044,V32P-A013763,0,0.53382421135902403,0.52763321995735168,0,0
recipient_withdrawal,2045,V32P-A013764,0,0.29258407652378082,0.29039992988109586,0,0
recipient_withdrawal,2046,V32P-A013765,0,0.67306940555572514,0.66979286670684812,1,1
recipient_withdrawal,2047,V32P-A013766,0,0.4999633193016052,0.49682492017745972,0,0
recipient_withdrawal,2048,V32P-A013767,0,0.35187172889709473,0.34485971331596377,0,0
recipient_withdrawal,2049,V32P-A013768,0,0.34380591511726377,0.34076280593872071,0,0
recipient_withdrawal,2050,V32P-A013769,0,0.31016835272312165,0.30741451084613802,0,0
recipient_withdrawal,2051,V32P-A013770,0,0.13700141310691832,0.13669947385787964,0,0
recipient_withdrawal,2052,V32P-A013771,0,0.69134441614150999,0.68634970188140865,1,1
recipient_withdrawal,2053,V32P-A013772,0,0.57119784355163572,0.5667728543281555,0,0
recipient_withdrawal,2054,V32P-A013773,0,0.51713108420372011,0.51448662877082829,0,0
recipient_withdrawal,2055,V32P-A013774,0,0.37132184505462645,0.37020764350891111,0,0
recipient_withdrawal,2056,V32P-A013775,0,0.26922506392002105,0.27023864686489107,0,0
recipient_withdrawal,2057,V32P-A013776,0,0.10282320827245713,0.10390302687883377,0,0
recipient_withdrawal,2058,V32P-A013783,0,0.3881261169910431,0.38140411972999572,0,0
recipient_withdrawal,2059,V32P-A013784,0,0.49789355993270873,0.49519139528274536,0,0
recipient_withdrawal,2060,V32P-A013785,0,0.45266346931457518,0.45081127882003785,0,0
recipient_withdrawal,2061,V32P-A013786,0,0.38695701956748962,0.38686119318008422,0,0
recipient_withdrawal,2062,V32P-A013787,0,0.31277492344379426,0.31355068385601043,0,0
recipient_withdrawal,2063,V32P-A013788,0,0.14196713566780089,0.14295814335346221,0,0
recipient_withdrawal,2064,V32P-A013789,0,0.31759729981422424,0.3178792357444763,0,0
recipient_withdrawal,2065,V32P-A013790,0,0.32634680867195132,0.3274846076965332,0,0
recipient_withdrawal,2066,V32P-A013791,0,0.34426088929176329,0.34580298662185671,0,0
recipient_withdrawal,2067,V32P-A013792,0,0.22969054579734802,0.23241031765937806,0,0
recipient_withdrawal,2068,V32P-A013793,0,0.20415608882904052,0.20820294618606566,0,0
recipient_withdrawal,2069,V32P-A013794,0,0.085232472419738775,0.087364795804023745,0,0
recipient_withdrawal,2070,V32P-A013795,0,0.48954684138298032,0.48585665822029112,0,0
recipient_withdrawal,2071,V32P-A013796,0,0.3842109739780426,0.37896007895469663,0,0
recipient_withdrawal,2072,V32P-A013797,0,0.31205793917179109,0.3065002769231796,0,0
recipient_withdrawal,2073,V32P-A013798,0,0.24082004129886628,0.2347888857126236,0,0
recipient_withdrawal,2074,V32P-A013799,0,0.185562364757061,0.18093835264444352,0,0
recipient_withdrawal,2075,V32P-A013800,0,0.07958702221512795,0.077758356183767322,0,0
recipient_withdrawal,2076,V32P-A013807,0,0.63152015209197998,0.62775357961654665,1,1
recipient_withdrawal,2077,V32P-A013808,0,0.66046737432479863,0.65717206001281736,1,1
recipient_withdrawal,2078,V32P-A013809,0,0.67163598537445068,0.66808595657348635,1,1
recipient_withdrawal,2079,V32P-A013810,0,0.6375003457069397,0.63425947427749629,1,1
recipient_withdrawal,2080,V32P-A013811,0,0.56183590292930607,0.55887163281440733,0,0
recipient_withdrawal,2081,V32P-A013812,0,0.34775327146053314,0.34522734880447387,0,0
recipient_withdrawal,2082,V32P-A013837,0,0.60305268764495845,0.59374363422393794,0,0
recipient_withdrawal,2083,V32P-A013838,0,0.51094954609870913,0.50068433284759517,0,0
recipient_withdrawal,2084,V32P-A013839,0,0.46483259201049804,0.4563539743423462,0,0
recipient_withdrawal,2085,V32P-A013840,0,0.39045125842094419,0.38288521170616152,0,0
recipient_withdrawal,2086,V32P-A013841,0,0.37805855274200439,0.37103820443153379,0,0
recipient_withdrawal,2087,V32P-A013842,0,0.18332918286323546,0.17947881221771239,0,0
recipient_withdrawal,2088,V32P-A013897,0,0.5742376863956451,0.57440363764762881,0,0
recipient_withdrawal,2089,V32P-A013898,0,0.43215796947479246,0.42667513489723208,0,0
recipient_withdrawal,2090,V32P-A013899,0,0.43233124017715452,0.43319843411445619,0,0
recipient_withdrawal,2091,V32P-A013900,0,0.41494206190109251,0.41563043594360349,0,0
recipient_withdrawal,2092,V32P-A013901,0,0.38184548616409303,0.38466337919235227,0,0
recipient_withdrawal,2093,V32P-A013902,0,0.18663990199565889,0.18968628346920013,0,0
recipient_withdrawal,2094,V32P-A013927,0,0.53773040175437925,0.53786733746528625,0,0
recipient_withdrawal,2095,V32P-A013928,0,0.48285351395606996,0.48330695033073423,0,0
recipient_withdrawal,2096,V32P-A013929,0,0.50579674243926998,0.50623735189437868,0,0
recipient_withdrawal,2097,V32P-A013930,0,0.4201137602329254,0.42179643511772158,0,0
recipient_withdrawal,2098,V32P-A013931,0,0.3487264424562454,0.35048849880695343,0,0
recipient_withdrawal,2099,V32P-A013932,0,0.16341198533773421,0.16577495485544205,0,0
recipient_withdrawal,2100,V32P-A013939,1,0.39980561733245851,0.39178945422172545,0,0
recipient_withdrawal,2101,V32P-A013940,1,0.42374697327613831,0.41778537631034851,0,0
recipient_withdrawal,2102,V32P-A013941,1,0.45027673840522764,0.44636927247047425,0,0
recipient_withdrawal,2103,V32P-A013942,0,0.069957375153899187,0.069951733574271202,0,0
recipient_withdrawal,2104,V32P-A013943,0,0.049329872801899911,0.049623847380280493,0,0
recipient_withdrawal,2105,V32P-A013944,0,0.02183414837345481,0.022141315322369338,0,0
recipient_withdrawal,2106,V32P-A013951,0,0.69210169315338133,0.68706775903701778,1,1
recipient_withdrawal,2107,V32P-A013952,0,0.55482998490333557,0.54867351651191709,0,0
recipient_withdrawal,2108,V32P-A013953,0,0.49801365137100218,0.49262133836746214,0,0
recipient_withdrawal,2109,V32P-A013954,0,0.53408178687095642,0.52782357335090635,0,0
recipient_withdrawal,2110,V32P-A013955,0,0.41708952784538267,0.41015697121620176,0,0
recipient_withdrawal,2111,V32P-A013956,0,0.16145080775022508,0.15990989804267883,0,0
recipient_withdrawal,2112,V32P-A014041,0,0.5747192859649658,0.57289238572120671,0,0
recipient_withdrawal,2113,V32P-A014042,0,0.56149994134902959,0.56023725271224978,0,0
recipient_withdrawal,2114,V32P-A014043,0,0.55124505162239079,0.55115293264389043,0,0
recipient_withdrawal,2115,V32P-A014044,0,0.50800898671150208,0.50889823436737058,0,0
recipient_withdrawal,2116,V32P-A014045,0,0.43722015023231509,0.43868488073348999,0,0
recipient_withdrawal,2117,V32P-A014046,0,0.21917679011821747,0.22101688385009766,0,0
recipient_withdrawal,2118,V32P-A014083,0,0.59781576395034786,0.5918097615242004,0,0
recipient_withdrawal,2119,V32P-A014084,0,0.52095711827278135,0.5089201033115387,0,0
recipient_withdrawal,2120,V32P-A014085,0,0.4232791244983673,0.41705809831619262,0,0
recipient_withdrawal,2121,V32P-A014086,0,0.33344722390174864,0.32791644334793091,0,0
recipient_withdrawal,2122,V32P-A014087,0,0.26128346323966978,0.25723788142204285,0,0
recipient_withdrawal,2123,V32P-A014088,0,0.11342953145503998,0.1129257321357727,0,0
recipient_withdrawal,2124,V32P-A014101,0,0.74049723148345947,0.73388214111328121,1,1
recipient_withdrawal,2125,V32P-A014102,0,0.66856881380081179,0.66017119884490971,1,1
recipient_withdrawal,2126,V32P-A014103,0,0.72496712207794189,0.71092466115951536,1,1
recipient_withdrawal,2127,V32P-A014104,0,0.62713746428489681,0.61739740967750545,1,0
recipient_withdrawal,2128,V32P-A014105,0,0.55827230215072632,0.5494060218334198,0,0
recipient_withdrawal,2129,V32P-A014106,0,0.26306208074092863,0.25894090533256531,0,0
recipient_withdrawal,2130,V32P-A014107,0,0.51052100062370298,0.50886154770851133,0,0
recipient_withdrawal,2131,V32P-A014108,0,0.54086819887161253,0.538923192024231,0,0
recipient_withdrawal,2132,V32P-A014109,0,0.44126645326614378,0.43642675876617432,0,0
recipient_withdrawal,2133,V32P-A014110,0,0.3530107796192169,0.34810206294059753,0,0
recipient_withdrawal,2134,V32P-A014111,0,0.28690750598907472,0.28289807438850401,0,0
recipient_withdrawal,2135,V32P-A014112,0,0.024768229387700558,0.024869142659008504,0,0
recipient_withdrawal,2136,V32P-A014131,0,0.60931253433227539,0.60419620275497432,0,0
recipient_withdrawal,2137,V32P-A014132,0,0.53725929260253902,0.53086034059524534,0,0
recipient_withdrawal,2138,V32P-A014133,0,0.45805600881576536,0.4489063024520874,0,0
recipient_withdrawal,2139,V32P-A014134,0,0.47959387898445127,0.47046470046043398,0,0
recipient_withdrawal,2140,V32P-A014135,0,0.38505752682685851,0.37506508827209473,0,0
recipient_withdrawal,2141,V32P-A014136,0,0.1862935796380043,0.18018266409635544,0,0
recipient_withdrawal,2142,V32P-A014143,0,0.85807334184646611,0.85137708187103267,1,1
recipient_withdrawal,2143,V32P-A014144,0,0.77339652776718137,0.7626253485679626,1,1
recipient_withdrawal,2144,V32P-A014145,0,0.69475874900817869,0.68430987596511839,1,1
recipient_withdrawal,2145,V32P-A014146,0,0.62662329673767092,0.61909648180007937,1,0
recipient_withdrawal,2146,V32P-A014147,1,0.53562579154968259,0.53076893687248228,0,0
recipient_withdrawal,2147,V32P-A014148,0,0.05658366121351719,0.056802462041378024,0,0
recipient_withdrawal,2148,V32P-A014173,0,0.57652282118797304,0.56623602509498594,0,0
recipient_withdrawal,2149,V32P-A014174,0,0.49211105704307556,0.48312095403671262,0,0
recipient_withdrawal,2150,V32P-A014175,0,0.49831621646881102,0.49138665795326231,0,0
recipient_withdrawal,2151,V32P-A014176,0,0.48226149678230285,0.47705804705619814,0,0
recipient_withdrawal,2152,V32P-A014177,0,0.43296794891357421,0.42885060310363771,0,0
recipient_withdrawal,2153,V32P-A014178,0,0.21461724042892455,0.21345028877258301,0,0
recipient_withdrawal,2154,V32P-A014209,0,0.59474556446075444,0.59016988277435301,0,0
recipient_withdrawal,2155,V32P-A014210,0,0.60760838985443111,0.60403887033462522,0,0
recipient_withdrawal,2156,V32P-A014211,0,0.53813449740409847,0.53651759028434753,0,0
recipient_withdrawal,2157,V32P-A014212,0,0.45672558546066283,0.4570346474647522,0,0
recipient_withdrawal,2158,V32P-A014213,0,0.38224937915802004,0.38345370292663572,0,0
recipient_withdrawal,2159,V32P-A014214,0,0.167409810423851,0.16880430132150651,0,0
recipient_withdrawal,2160,V32P-A014305,0,0.44833717942237855,0.43820959925651548,0,0
recipient_withdrawal,2161,V32P-A014306,0,0.40743900537490846,0.39772765040397645,0,0
recipient_withdrawal,2162,V32P-A014307,0,0.37404350638389589,0.36495106816291811,0,0
recipient_withdrawal,2163,V32P-A014308,0,0.30601045191287995,0.29780302345752718,0,0
recipient_withdrawal,2164,V32P-A014309,0,0.23984124660491943,0.23344717621803285,0,0
recipient_withdrawal,2165,V32P-A014310,0,0.10678033679723739,0.10489879399538041,0,0
recipient_withdrawal,2166,V32P-A014317,0,0.59403222799301147,0.58870069980621342,0,0
recipient_withdrawal,2167,V32P-A014318,0,0.44872322082519533,0.4431876540184021,0,0
recipient_withdrawal,2168,V32P-A014319,0,0.43340749144554136,0.43004385232925413,0,0
recipient_withdrawal,2169,V32P-A014320,0,0.35688154101371766,0.35404425859451294,0,0
recipient_withdrawal,2170,V32P-A014321,0,0.28564074933528899,0.28332764804363253,0,0
recipient_withdrawal,2171,V32P-A014322,0,0.022166123241186143,0.022418419271707533,0,0
recipient_withdrawal,2172,V32P-A014365,0,0.5762125551700592,0.57226958274841311,0,0
recipient_withdrawal,2173,V32P-A014366,0,0.60897547006607056,0.60626631379127505,0,0
recipient_withdrawal,2174,V32P-A014367,0,0.59137676954269414,0.58964611291885372,0,0
recipient_withdrawal,2175,V32P-A014368,0,0.53418964147567749,0.53349703550338745,0,0
recipient_withdrawal,2176,V32P-A014369,0,0.47495378255844117,0.47502349019050599,0,0
recipient_withdrawal,2177,V32P-A014370,0,0.27473662495613099,0.27534905672073362,0,0
recipient_withdrawal,2178,V32P-A014407,0,0.48128495812416078,0.47930500507354734,0,0
recipient_withdrawal,2179,V32P-A014408,0,0.46378161907196047,0.46281667351722716,0,0
recipient_withdrawal,2180,V32P-A014409,0,0.35951501727104185,0.3527906358242035,0,0
recipient_withdrawal,2181,V32P-A014410,0,0.35589480400085449,0.35645490288734438,0,0
recipient_withdrawal,2182,V32P-A014411,0,0.27983518838882449,0.28100993037223815,0,0
recipient_withdrawal,2183,V32P-A014412,0,0.12007111459970474,0.12142006903886796,0,0
recipient_withdrawal,2184,V32P-A014431,0,0.7165777921676636,0.71123015880584717,1,1
recipient_withdrawal,2185,V32P-A014432,0,0.63835698366165161,0.63336223363876343,1,1
recipient_withdrawal,2186,V32P-A014433,0,0.53428442478179927,0.523821496963501,0,0
recipient_withdrawal,2187,V32P-A014434,1,0.5336576044559479,0.53031309843063357,0,0
recipient_withdrawal,2188,V32P-A014435,0,0.071508523821830747,0.072220382839441294,0,0
recipient_withdrawal,2189,V32P-A014436,0,0.03036809228360653,0.03077620193362236,0,0
recipient_withdrawal,2190,V32P-A014509,0,0.37140384316444397,0.35845778584480287,0,0
recipient_withdrawal,2191,V32P-A014510,0,0.40135350525379182,0.38935867249965667,0,0
recipient_withdrawal,2192,V32P-A014511,0,0.40141226351261139,0.39077565371990203,0,0
recipient_withdrawal,2193,V32P-A014512,0,0.34474201500415802,0.3356616348028183,0,0
recipient_withdrawal,2194,V32P-A014513,1,0.29104568362236022,0.28416314125061037,0,0
recipient_withdrawal,2195,V32P-A014514,0,0.025840465817600487,0.025800348352640869,0,0
recipient_withdrawal,2196,V32P-A014533,0,0.50222923159599309,0.50238857865333553,0,0
recipient_withdrawal,2197,V32P-A014534,0,0.47682682275772093,0.47740482091903685,0,0
recipient_withdrawal,2198,V32P-A014535,0,0.37272524237632754,0.37458868622779845,0,0
recipient_withdrawal,2199,V32P-A014536,0,0.29596685767173769,0.29868574738502501,0,0
recipient_withdrawal,2200,V32P-A014537,0,0.23792432844638825,0.24117317497730256,0,0
recipient_withdrawal,2201,V32P-A014538,0,0.10392199829220772,0.10759763196110725,0,0
recipient_withdrawal,2202,V32P-A014581,0,0.73489643335342403,0.72517675161361694,1,1
recipient_withdrawal,2203,V32P-A014582,0,0.6101310610771179,0.59965863227844241,0,0
recipient_withdrawal,2204,V32P-A014583,0,0.5169639408588409,0.50451519489288332,0,0
recipient_withdrawal,2205,V32P-A014584,0,0.40690535902976988,0.39569060802459716,0,0
recipient_withdrawal,2206,V32P-A014585,0,0.38061544299125671,0.36963328123092654,0,0
recipient_withdrawal,2207,V32P-A014586,0,0.21452197283506394,0.20675877779722213,0,0
recipient_withdrawal,2208,V32P-A014587,0,0.63714503049850468,0.63009891510009763,1,1
recipient_withdrawal,2209,V32P-A014588,0,0.57746177911758423,0.57030480504035952,0,0
recipient_withdrawal,2210,V32P-A014589,0,0.52387125492095943,0.51775951981544499,0,0
recipient_withdrawal,2211,V32P-A014590,0,0.44398462772369385,0.43875643014907839,0,0
recipient_withdrawal,2212,V32P-A014591,0,0.37402589023113253,0.3697337180376053,0,0
recipient_withdrawal,2213,V32P-A014592,0,0.20074026137590409,0.19809622317552567,0,0
recipient_withdrawal,2214,V32P-A014593,0,0.48328449726104739,0.48253856897354125,0,0
recipient_withdrawal,2215,V32P-A014594,0,0.46013053655624392,0.45906256437301635,0,0
recipient_withdrawal,2216,V32P-A014595,0,0.54755097031593325,0.53874471783638,0,0
recipient_withdrawal,2217,V32P-A014596,0,0.32523422837257387,0.32460904121398926,0,0
recipient_withdrawal,2218,V32P-A014597,1,0.26890138089656829,0.26958242952823641,0,0
recipient_withdrawal,2219,V32P-A014598,0,0.020149500295519828,0.020461380481719971,0,0
recipient_withdrawal,2220,V32P-A014605,1,0.73523545265197754,0.72902400493621822,1,1
recipient_withdrawal,2221,V32P-A014606,1,0.65429894924163823,0.64783712625503542,1,1
recipient_withdrawal,2222,V32P-A014607,1,0.61645090579986572,0.61084159612655642,0,0
recipient_withdrawal,2223,V32P-A014608,0,0.09605559185147286,0.096347727626562116,0,0
recipient_withdrawal,2224,V32P-A014609,0,0.072685843706130987,0.073210553079843518,0,0
recipient_withdrawal,2225,V32P-A014610,0,0.03227687906473875,0.032584856264293194,0,0
recipient_withdrawal,2226,V32P-A014653,0,0.59280381202697752,0.58891693353652952,0,0
recipient_withdrawal,2227,V32P-A014654,0,0.41751836538314818,0.4141319513320923,0,0
recipient_withdrawal,2228,V32P-A014655,0,0.34780471324920653,0.33790268301963805,0,0
recipient_withdrawal,2229,V32P-A014656,0,0.27899382114410398,0.27610992193222045,0,0
recipient_withdrawal,2230,V32P-A014657,0,0.21302770376205443,0.21105630695819855,0,0
recipient_withdrawal,2231,V32P-A014658,0,0.085577317327260968,0.085371372848749155,0,0
recipient_withdrawal,2232,V32P-A014665,0,0.55118815302848811,0.5509788572788239,0,0
recipient_withdrawal,2233,V32P-A014666,0,0.38854774832725525,0.38387195467948915,0,0
recipient_withdrawal,2234,V32P-A014667,0,0.37961860895156863,0.38073145151138305,0,0
recipient_withdrawal,2235,V32P-A014668,0,0.29164370596408845,0.29346094429492953,0,0
recipient_withdrawal,2236,V32P-A014669,0,0.21744767725467681,0.21917628943920137,0,0
recipient_withdrawal,2237,V32P-A014670,0,0.096293240785598755,0.096869792044162753,0,0
recipient_withdrawal,2238,V32P-A014719,0,0.60700890421867371,0.60075150132179256,0,0
recipient_withdrawal,2239,V32P-A014720,0,0.49945191144943235,0.49284280538558961,0,0
recipient_withdrawal,2240,V32P-A014721,0,0.50628635883331297,0.50014305114746094,0,0
recipient_withdrawal,2241,V32P-A014722,0,0.43347461819648742,0.42599418759346008,0,0
recipient_withdrawal,2242,V32P-A014723,0,0.3746197998523712,0.36762742996215819,0,0
recipient_withdrawal,2243,V32P-A014724,0,0.16568378061056138,0.16313178688287736,0,0
recipient_withdrawal,2244,V32P-A014743,0,0.67992444038391109,0.67617396116256712,1,1
recipient_withdrawal,2245,V32P-A014744,0,0.51879202127456669,0.51378251314163204,0,0
recipient_withdrawal,2246,V32P-A014745,0,0.40834851264953614,0.40459918379783633,0,0
recipient_withdrawal,2247,V32P-A014746,0,0.33307178616523742,0.33161159753799441,0,0
recipient_withdrawal,2248,V32P-A014747,0,0.3490495651960373,0.34274732172489164,0,0
recipient_withdrawal,2249,V32P-A014748,0,0.13739274740219115,0.13804292380809785,0,0
recipient_withdrawal,2250,V32P-A014749,0,0.49858805537223816,0.49412934184074403,0,0
recipient_withdrawal,2251,V32P-A014750,0,0.48324738740921019,0.47919793128967286,0,0
recipient_withdrawal,2252,V32P-A014751,0,0.45190271735191345,0.44826686978340147,0,0
recipient_withdrawal,2253,V32P-A014752,0,0.38429964184761045,0.38117274641990662,0,0
recipient_withdrawal,2254,V32P-A014753,0,0.31758804619312286,0.31506660282611848,0,0
recipient_withdrawal,2255,V32P-A014754,0,0.15638238638639451,0.15612104982137681,0,0
recipient_withdrawal,2256,V32P-A014791,0,0.39447864890098572,0.39117258787155151,0,0
recipient_withdrawal,2257,V32P-A014792,0,0.39668613076210024,0.39401904344558714,0,0
recipient_withdrawal,2258,V32P-A014793,0,0.36693139672279357,0.36371511220932007,0,0
recipient_withdrawal,2259,V32P-A014794,0,0.2750228703022003,0.27254128456115723,0,0
recipient_withdrawal,2260,V32P-A014795,0,0.19823802411556243,0.19673584401607513,0,0
recipient_withdrawal,2261,V32P-A014796,0,0.083531067520380017,0.083807056397199625,0,0
recipient_withdrawal,2262,V32P-A014797,0,0.41857581138610839,0.40825096964836122,0,0
recipient_withdrawal,2263,V32P-A014798,0,0.44602679908275605,0.43653132021427155,0,0
recipient_withdrawal,2264,V32P-A014799,0,0.42538993358612059,0.4169418692588806,0,0
recipient_withdrawal,2265,V32P-A014800,0,0.35996024012565614,0.35351306796073911,0,0
recipient_withdrawal,2266,V32P-A014801,0,0.30244567394256594,0.29712464809417727,0,0
recipient_withdrawal,2267,V32P-A014802,0,0.1636972613632679,0.16140208914875984,0,0
recipient_withdrawal,2268,V32P-A014827,0,0.77684614658355711,0.77318106889724736,1,1
recipient_withdrawal,2269,V32P-A014828,0,0.69108260869979854,0.68688639402389529,1,1
recipient_withdrawal,2270,V32P-A014829,0,0.60741184949874882,0.60437865257263179,0,0
recipient_withdrawal,2271,V32P-A014830,0,0.54318709373474117,0.54118889570236206,0,0
recipient_withdrawal,2272,V32P-A014831,0,0.52040414810180669,0.51854952573776247,0,0
recipient_withdrawal,2273,V32P-A014832,0,0.22772629857063292,0.22848806083202361,0,0
recipient_withdrawal,2274,V32P-A014851,0,0.52519538998603821,0.51343467235565188,0,0
recipient_withdrawal,2275,V32P-A014852,0,0.53423841595649724,0.52480160593986513,0,0
recipient_withdrawal,2276,V32P-A014853,0,0.50543503761291508,0.4973743796348572,0,0
recipient_withdrawal,2277,V32P-A014854,0,0.42335833311080934,0.41646685004234313,0,0
recipient_withdrawal,2278,V32P-A014855,0,0.33032790422439573,0.32585319876670837,0,0
recipient_withdrawal,2279,V32P-A014856,0,0.13797557204961777,0.13681359142065047,0,0
recipient_withdrawal,2280,V32P-A014941,0,0.49440063238143922,0.48803329467773438,0,0
recipient_withdrawal,2281,V32P-A014942,0,0.46644734144210814,0.46028178930282593,0,0
recipient_withdrawal,2282,V32P-A014943,0,0.39657430946826933,0.38981986343860625,0,0
recipient_withdrawal,2283,V32P-A014944,0,0.32274639010429385,0.31714069843292236,0,0
recipient_withdrawal,2284,V32P-A014945,1,0.25735365748405459,0.25313106775283811,0,0
recipient_withdrawal,2285,V32P-A014946,0,0.025377393141388892,0.025432565435767173,0,0
recipient_withdrawal,2286,V32P-A014947,0,0.74146802425384517,0.73467468023300175,1,1
recipient_withdrawal,2287,V32P-A014948,0,0.63470793962478633,0.6269328832626343,1,1
recipient_withdrawal,2288,V32P-A014949,0,0.52944656610488894,0.52024046182632444,0,0
recipient_withdrawal,2289,V32P-A014950,0,0.57836164236068721,0.57054548263549809,0,0
recipient_withdrawal,2290,V32P-A014951,0,0.41528265476226806,0.40797351598739623,0,0
recipient_withdrawal,2291,V32P-A014952,0,0.036719040386378764,0.036691772192716597,0,0
recipient_withdrawal,2292,V32P-A014989,0,0.7657502293586731,0.76143282651901245,1,1
recipient_withdrawal,2293,V32P-A014990,0,0.52518991827964778,0.51902433037757878,0,0
recipient_withdrawal,2294,V32P-A014991,0,0.44064378142356875,0.43676419258117677,0,0
recipient_withdrawal,2295,V32P-A014992,0,0.52763845920562746,0.51842712163925175,0,0
recipient_withdrawal,2296,V32P-A014993,0,0.36638633310794833,0.3651354521512985,0,0
recipient_withdrawal,2297,V32P-A014994,0,0.14738057255744935,0.14791583716869355,0,0
recipient_withdrawal,2298,V32P-A015013,0,0.73994839191436768,0.72941997051239016,1,1
recipient_withdrawal,2299,V32P-A015014,0,0.6632786870002747,0.65319089889526372,1,1
recipient_withdrawal,2300,V32P-A015015,0,0.59058853983879089,0.58064478635787964,0,0
recipient_withdrawal,2301,V32P-A015016,0,0.51049655675888062,0.50205907821655271,0,0
recipient_withdrawal,2302,V32P-A015017,0,0.43188145458698274,0.4256100207567215,0,0
recipient_withdrawal,2303,V32P-A015018,0,0.24028468728065491,0.23787516057491304,0,0
recipient_withdrawal,2304,V32P-A015037,0,0.46255447864532473,0.45759215354919436,0,0
recipient_withdrawal,2305,V32P-A015038,0,0.49065393805503843,0.48720319867134093,0,0
recipient_withdrawal,2306,V32P-A015039,0,0.47221159338951113,0.46889033913612366,0,0
recipient_withdrawal,2307,V32P-A015040,0,0.4110576629638672,0.40827328562736509,0,0
recipient_withdrawal,2308,V32P-A015041,0,0.33974090516567229,0.33743037283420563,0,0
recipient_withdrawal,2309,V32P-A015042,0,0.025089937821030618,0.025432941317558289,0,0
recipient_withdrawal,2310,V32P-A015163,0,0.40164157748222351,0.39775477051734925,0,0
recipient_withdrawal,2311,V32P-A015164,0,0.36092996597290039,0.35761010050773623,0,0
recipient_withdrawal,2312,V32P-A015165,0,0.31676590442657471,0.31387231349945066,0,0
recipient_withdrawal,2313,V32P-A015166,0,0.24664321541786194,0.24483860731124879,0,0
recipient_withdrawal,2314,V32P-A015167,0,0.18885546326637268,0.18763956129550935,0,0
recipient_withdrawal,2315,V32P-A015168,0,0.082124543190002439,0.08213033527135849,0,0
recipient_withdrawal,2316,V32P-A015169,0,0.61511098146438603,0.61244617700576787,0,0
recipient_withdrawal,2317,V32P-A015170,0,0.50997305512428281,0.50883411765098574,0,0
recipient_withdrawal,2318,V32P-A015171,0,0.45800108313560484,0.45801075696945193,0,0
recipient_withdrawal,2319,V32P-A015172,0,0.37460392117500307,0.37581664919853208,0,0
recipient_withdrawal,2320,V32P-A015173,0,0.28626171350479124,0.28886290192604064,0,0
recipient_withdrawal,2321,V32P-A015174,0,0.12154241502285004,0.1233493596315384,0,0
recipient_withdrawal,2322,V32P-A015199,0,0.57359158992767334,0.56965824365615847,0,0
recipient_withdrawal,2323,V32P-A015200,0,0.45889276862144468,0.4528429448604584,0,0
recipient_withdrawal,2324,V32P-A015201,0,0.42218307256698606,0.41596617698669436,0,0
recipient_withdrawal,2325,V32P-A015202,0,0.37724863886833193,0.37247554659843446,0,0
recipient_withdrawal,2326,V32P-A015203,0,0.30469602048397065,0.30087731778621674,0,0
recipient_withdrawal,2327,V32P-A015204,0,0.12351608127355576,0.12245757430791855,0,0
recipient_withdrawal,2328,V32P-A015205,0,0.74632722139358521,0.73888306617736821,1,1
recipient_withdrawal,2329,V32P-A015206,0,0.72763872146606445,0.71952965259552004,1,1
recipient_withdrawal,2330,V32P-A015207,0,0.75656276941299438,0.74797146320343022,1,1
recipient_withdrawal,2331,V32P-A015208,0,0.71048686504364011,0.69964250326156618,1,1
recipient_withdrawal,2332,V32P-A015209,0,0.69652398824691775,0.67817237973213196,1,1
recipient_withdrawal,2333,V32P-A015210,0,0.35067965090274811,0.34564095735549927,0,0
recipient_withdrawal,2334,V32P-A015253,0,0.84242658615112309,0.83794919252395628,1,1
recipient_withdrawal,2335,V32P-A015254,0,0.70100514888763432,0.69428608417510984,1,1
recipient_withdrawal,2336,V32P-A015255,0,0.61631456613540647,0.6107026278972626,0,0
recipient_withdrawal,2337,V32P-A015256,0,0.6165632367134094,0.61295707225799556,0,0
recipient_withdrawal,2338,V32P-A015257,0,0.68928866386413579,0.68527388572692871,1,1
recipient_withdrawal,2339,V32P-A015258,0,0.39224099218845365,0.39196577966213225,0,0
recipient_withdrawal,2340,V32P-A015259,0,0.79313473701477055,0.78636074066162109,1,1
recipient_withdrawal,2341,V32P-A015260,0,0.69530410766601558,0.68448125123977666,1,1
recipient_withdrawal,2342,V32P-A015261,0,0.62436408996582027,0.61257243752479551,1,0
recipient_withdrawal,2343,V32P-A015262,0,0.54289804697036748,0.5326122581958771,0,0
recipient_withdrawal,2344,V32P-A015263,0,0.56357418894767763,0.54392349720001221,0,0
recipient_withdrawal,2345,V32P-A015264,0,0.25270014107227323,0.24836992919445039,0,0
recipient_withdrawal,2346,V32P-A015373,0,0.55673395395278935,0.54701918363571167,0,0
recipient_withdrawal,2347,V32P-A015374,0,0.55672096014022832,0.54778622388839726,0,0
recipient_withdrawal,2348,V32P-A015375,0,0.46155067086219786,0.45344862341880798,0,0
recipient_withdrawal,2349,V32P-A015376,0,0.48965774178504945,0.48295292258262634,0,0
recipient_withdrawal,2350,V32P-A015377,0,0.32428644299507142,0.31998224854469298,0,0
recipient_withdrawal,2351,V32P-A015378,0,0.17258770167827606,0.17132913768291474,0,0
recipient_withdrawal,2352,V32P-A015451,0,0.71271643638610838,0.70746328830718996,1,1
recipient_withdrawal,2353,V32P-A015452,0,0.61426128149032588,0.60922052860260012,0,0
recipient_withdrawal,2354,V32P-A015453,0,0.70299962759017942,0.69728155136108394,1,1
recipient_withdrawal,2355,V32P-A015454,0,0.57062337994575496,0.56550390124320982,0,0
recipient_withdrawal,2356,V32P-A015455,0,0.57618654966354366,0.56966706514358523,0,0
recipient_withdrawal,2357,V32P-A015456,0,0.33512728214263915,0.33153285384178161,0,0
recipient_withdrawal,2358,V32P-A015517,0,0.65623472929000859,0.64773421883583071,1,1
recipient_withdrawal,2359,V32P-A015518,0,0.53827833533287051,0.53031238317489626,0,0
recipient_withdrawal,2360,V32P-A015519,0,0.53379688262939451,0.52683649063110349,0,0
recipient_withdrawal,2361,V32P-A015520,0,0.48263968229293824,0.47788851857185366,0,0
recipient_withdrawal,2362,V32P-A015521,0,0.42140174508094785,0.41815377473831178,0,0
recipient_withdrawal,2363,V32P-A015522,0,0.21586265563964843,0.21521320939064026,0,0
recipient_withdrawal,2364,V32P-A015559,1,0.69072518348693845,0.68824632167816158,1,1
recipient_withdrawal,2365,V32P-A015560,1,0.63877981901168823,0.63035537600517277,1,1
recipient_withdrawal,2366,V32P-A015561,1,0.5799547493457794,0.57776430249214172,0,0
recipient_withdrawal,2367,V32P-A015562,0,0.12079037129878997,0.12150322794914245,0,0
recipient_withdrawal,2368,V32P-A015563,0,0.092543778568506235,0.09327286779880524,0,0
recipient_withdrawal,2369,V32P-A015564,0,0.04090157151222229,0.041253671422600745,0,0
recipient_withdrawal,2370,V32P-A015583,0,0.72935429811477659,0.72501699924468999,1,1
recipient_withdrawal,2371,V32P-A015584,0,0.69389379024505615,0.68847484588623042,1,1
recipient_withdrawal,2372,V32P-A015585,0,0.6855725765228271,0.68034790754318242,1,1
recipient_withdrawal,2373,V32P-A015586,0,0.6408810436725616,0.63625895380973818,1,1
recipient_withdrawal,2374,V32P-A015587,1,0.60571306943893433,0.60148895978927608,0,0
recipient_withdrawal,2375,V32P-A015588,0,0.054103042185306552,0.054335815086960795,0,0
recipient_withdrawal,2376,V32P-A015595,0,0.62490153312683105,0.61971166133880617,1,0
recipient_withdrawal,2377,V32P-A015596,0,0.60813395977020268,0.60370066165924074,0,0
recipient_withdrawal,2378,V32P-A015597,0,0.55875702500343327,0.55255940556526184,0,0
recipient_withdrawal,2379,V32P-A015598,0,0.56014515757560734,0.55309075713157652,0,0
recipient_withdrawal,2380,V32P-A015599,0,0.50811994671821592,0.50007786154747014,0,0
recipient_withdrawal,2381,V32P-A015600,0,0.06091478634625673,0.061272454075515272,0,0
recipient_withdrawal,2382,V32P-A015607,0,0.52609821557998659,0.52286077737808223,0,0
recipient_withdrawal,2383,V32P-A015608,0,0.49506542682647703,0.49244862794876099,0,0
recipient_withdrawal,2384,V32P-A015609,0,0.47467640042304993,0.47257097363471984,0,0
recipient_withdrawal,2385,V32P-A015610,0,0.45316752195358279,0.44999910593032838,0,0
recipient_withdrawal,2386,V32P-A015611,0,0.3812045931816101,0.37851126194000245,0,0
recipient_withdrawal,2387,V32P-A015612,0,0.17777260690927504,0.17777096778154372,0,0
recipient_withdrawal,2388,V32P-A015625,0,0.77900829315185549,0.77605736255645752,1,1
recipient_withdrawal,2389,V32P-A015626,0,0.71196062564849849,0.70977250337600706,1,1
recipient_withdrawal,2390,V32P-A015627,0,0.77884612083435056,0.77258452177047732,1,1
recipient_withdrawal,2391,V32P-A015628,0,0.67915621995925901,0.67694567441940312,1,1
recipient_withdrawal,2392,V32P-A015629,0,0.61077002286911009,0.60927888154983523,0,0
recipient_withdrawal,2393,V32P-A015630,0,0.36902660131454468,0.37041936516761781,0,0
recipient_withdrawal,2394,V32P-A015679,0,0.72240539789199831,0.71830347776412962,1,1
recipient_withdrawal,2395,V32P-A015680,0,0.52647243738174443,0.52194990515708928,0,0
recipient_withdrawal,2396,V32P-A015681,0,0.4573922038078308,0.45507131814956664,0,0
recipient_withdrawal,2397,V32P-A015682,0,0.46610980033874511,0.46190846562385557,0,0
recipient_withdrawal,2398,V32P-A015683,0,0.28609654009342195,0.28508407175540923,0,0
recipient_withdrawal,2399,V32P-A015684,0,0.12473162114620209,0.12470475435256959,0,0
recipient_withdrawal,2400,V32P-A015691,0,0.58552342653274536,0.58316817283630373,0,0
recipient_withdrawal,2401,V32P-A015692,0,0.56532831192016597,0.56434375047683716,0,0
recipient_withdrawal,2402,V32P-A015693,0,0.51598019003868101,0.51660522222518923,0,0
recipient_withdrawal,2403,V32P-A015694,0,0.4419083297252655,0.44387945532798767,0,0
recipient_withdrawal,2404,V32P-A015695,0,0.36438554525375366,0.36759986281394957,0,0
recipient_withdrawal,2405,V32P-A015696,0,0.15788966864347459,0.1603020578622818,0,0
recipient_withdrawal,2406,V32P-A015835,0,0.8189949512481689,0.812432873249054,1,1
recipient_withdrawal,2407,V32P-A015836,0,0.65909608602523806,0.64823970794677732,1,1
recipient_withdrawal,2408,V32P-A015837,0,0.58755210638046262,0.57576181888580324,0,0
recipient_withdrawal,2409,V32P-A015838,0,0.5680765748023987,0.55795234441757202,0,0
recipient_withdrawal,2410,V32P-A015839,0,0.40796889066696168,0.40117995738983153,0,0
recipient_withdrawal,2411,V32P-A015840,0,0.20679401010274887,0.20514265447854996,0,0
recipient_withdrawal,2412,V32P-A015889,0,0.68776195049285893,0.67887477874755864,1,1
recipient_withdrawal,2413,V32P-A015890,0,0.68123592138290401,0.67472271919250493,1,1
recipient_withdrawal,2414,V32P-A015891,0,0.64521969556808467,0.63888750076293943,1,1
recipient_withdrawal,2415,V32P-A015892,0,0.59050889015197749,0.58540452718734737,0,0
recipient_withdrawal,2416,V32P-A015893,0,0.55834406614303589,0.55437936186790471,0,0
recipient_withdrawal,2417,V32P-A015894,0,0.33308821022510526,0.33105420768260957,0,0
recipient_withdrawal,2418,V32P-A015913,0,0.60209847688674922,0.59441241025924685,0,0
recipient_withdrawal,2419,V32P-A015914,0,0.54933680295944209,0.54244663715362551,0,0
recipient_withdrawal,2420,V32P-A015915,0,0.50368196964263912,0.49889843463897704,0,0
recipient_withdrawal,2421,V32P-A015916,0,0.45274392962455751,0.44950802922248839,0,0
recipient_withdrawal,2422,V32P-A015917,0,0.3892617464065552,0.38630013465881347,0,0
recipient_withdrawal,2423,V32P-A015918,0,0.18391460031270981,0.18225581496953963,0,0
recipient_withdrawal,2424,V32P-A015919,0,0.80878987312316897,0.80182362794876094,1,1
recipient_withdrawal,2425,V32P-A015920,0,0.68543161153793331,0.67514152526855464,1,1
recipient_withdrawal,2426,V32P-A015921,0,0.58757136464118953,0.57718685269355774,0,0
recipient_withdrawal,2427,V32P-A015922,0,0.63376207351684566,0.62545425891876216,1,1
recipient_withdrawal,2428,V32P-A015923,0,0.52325645089149475,0.50571898818016048,0,0
recipient_withdrawal,2429,V32P-A015924,0,0.23566221594810485,0.22658490240573884,0,0
recipient_withdrawal,2430,V32P-A015961,0,0.30282189846038821,0.30304116010665894,0,0
recipient_withdrawal,2431,V32P-A015962,0,0.28595978319644927,0.28677766621112821,0,0
recipient_withdrawal,2432,V32P-A015963,0,0.25949886739253997,0.26072721183300018,0,0
recipient_withdrawal,2433,V32P-A015964,0,0.20463073253631592,0.20621368885040284,0,0
recipient_withdrawal,2434,V32P-A015965,0,0.16773417294025422,0.169596067070961,0,0
recipient_withdrawal,2435,V32P-A015966,0,0.079639326035976413,0.081781360507011416,0,0
recipient_withdrawal,2436,V32P-A015979,0,0.84561991691589355,0.84085367918014531,1,1
recipient_withdrawal,2437,V32P-A015980,0,0.73506559133529659,0.72729723453521733,1,1
recipient_withdrawal,2438,V32P-A015981,0,0.65926432609558105,0.65131516456603999,1,1
recipient_withdrawal,2439,V32P-A015982,0,0.55877482891082764,0.55292557477951054,0,0
recipient_withdrawal,2440,V32P-A015983,0,0.49903328418731691,0.49444018006324769,0,0
recipient_withdrawal,2441,V32P-A015984,0,0.30081056654453275,0.29892072081565857,0,0
recipient_withdrawal,2442,V32P-A016015,0,0.69062106609344487,0.68358391523361206,1,1
recipient_withdrawal,2443,V32P-A016016,0,0.6482206344604492,0.64255956411361692,1,1
recipient_withdrawal,2444,V32P-A016017,0,0.60350328683853149,0.59723495244979863,0,0
recipient_withdrawal,2445,V32P-A016018,0,0.52269211411476135,0.51606925725936892,0,0
recipient_withdrawal,2446,V32P-A016019,0,0.42835386991500857,0.42311031222343443,0,0
recipient_withdrawal,2447,V32P-A016020,0,0.20004724562168122,0.19832501411437989,0,0
recipient_withdrawal,2448,V32P-A016021,0,0.59271439313888552,0.58520236015319826,0,0
recipient_withdrawal,2449,V32P-A016022,0,0.52183476686477659,0.51771344542503361,0,0
recipient_withdrawal,2450,V32P-A016023,0,0.46027222871780393,0.45922824144363406,0,0
recipient_withdrawal,2451,V32P-A016024,0,0.37070507109165191,0.37155645191669462,0,0
recipient_withdrawal,2452,V32P-A016025,0,0.30295732915401458,0.30478967130184176,0,0
recipient_withdrawal,2453,V32P-A016026,0,0.1366592064499855,0.13803206980228425,0,0
recipient_withdrawal,2454,V32P-A016063,0,0.40718500018119813,0.40074563622474668,0,0
recipient_withdrawal,2455,V32P-A016064,0,0.4478746712207794,0.44446710944175721,0,0
recipient_withdrawal,2456,V32P-A016065,0,0.38123093843460082,0.37778151631355283,0,0
recipient_withdrawal,2457,V32P-A016066,0,0.28187639713287355,0.2795210123062134,0,0
recipient_withdrawal,2458,V32P-A016067,0,0.21142584979534149,0.21021266877651215,0,0
recipient_withdrawal,2459,V32P-A016068,0,0.0855410486459732,0.085914096236228948,0,0
recipient_withdrawal,2460,V32P-A016117,0,0.46456693410873412,0.46008322238922117,0,0
recipient_withdrawal,2461,V32P-A016118,0,0.3526300609111786,0.34801476597785952,0,0
recipient_withdrawal,2462,V32P-A016119,0,0.31928985118865966,0.31456056237220764,0,0
recipient_withdrawal,2463,V32P-A016120,0,0.24649167060852051,0.24357550144195556,0,0
recipient_withdrawal,2464,V32P-A016121,0,0.18869644701480864,0.18745545446872711,0,0
recipient_withdrawal,2465,V32P-A016122,0,0.074006976932287222,0.074046912044286733,0,0
recipient_withdrawal,2466,V32P-A016135,0,0.61383467316627505,0.60917623639106755,0,0
recipient_withdrawal,2467,V32P-A016136,0,0.56304823160171513,0.55964761972427368,0,0
recipient_withdrawal,2468,V32P-A016137,0,0.4835096776485443,0.48175624012947083,0,0
recipient_withdrawal,2469,V32P-A016138,0,0.42474860548973081,0.42482794523239137,0,0
recipient_withdrawal,2470,V32P-A016139,0,0.32970747053623201,0.33126388490200043,0,0
recipient_withdrawal,2471,V32P-A016140,0,0.14102470874786377,0.14288772344589235,0,0
recipient_withdrawal,2472,V32P-A016201,0,0.44631521701812743,0.44762237668037413,0,0
recipient_withdrawal,2473,V32P-A016202,0,0.42606716156005858,0.42781394720077515,0,0
recipient_withdrawal,2474,V32P-A016203,0,0.38855734467506409,0.39075921773910521,0,0
recipient_withdrawal,2475,V32P-A016204,0,0.31390026211738586,0.31652317643165589,0,0
recipient_withdrawal,2476,V32P-A016205,0,0.25564718842506406,0.25214697122573854,0,0
recipient_withdrawal,2477,V32P-A016206,0,0.11284600794315339,0.11510157585144043,0,0
recipient_withdrawal,2478,V32P-A016225,0,0.58247426152229309,0.57560502886772158,0,0
recipient_withdrawal,2479,V32P-A016226,0,0.63366935253143308,0.62865306138992305,1,1
recipient_withdrawal,2480,V32P-A016227,0,0.64934166669845583,0.64531502723693845,1,1
recipient_withdrawal,2481,V32P-A016228,1,0.66694478988647465,0.66281156539916997,1,1
recipient_withdrawal,2482,V32P-A016229,0,0.10564227402210236,0.10599607527256012,0,0
recipient_withdrawal,2483,V32P-A016230,0,0.043067333102226255,0.043425057083368301,0,0
recipient_withdrawal,2484,V32P-A016291,0,0.55826880335807805,0.55499926209449768,0,0
recipient_withdrawal,2485,V32P-A016292,0,0.62367488145828243,0.62184326648712163,1,1
recipient_withdrawal,2486,V32P-A016293,0,0.64580912590026851,0.64447866678237919,1,1
recipient_withdrawal,2487,V32P-A016294,0,0.59158324003219609,0.59039255380630495,0,0
recipient_withdrawal,2488,V32P-A016295,0,0.51891784071922298,0.51891662478446965,0,0
recipient_withdrawal,2489,V32P-A016296,0,0.27682293951511383,0.27910811603069308,0,0
recipient_withdrawal,2490,V32P-A016303,0,0.59115597009658816,0.58669348955154421,0,0
recipient_withdrawal,2491,V32P-A016304,0,0.44046884775161743,0.43539815545082095,0,0
recipient_withdrawal,2492,V32P-A016305,0,0.37691184282302859,0.37250321507453921,0,0
recipient_withdrawal,2493,V32P-A016306,0,0.36315435767173765,0.35954520106315613,0,0
recipient_withdrawal,2494,V32P-A016307,1,0.30347695648670198,0.30023222863674165,0,0
recipient_withdrawal,2495,V32P-A016308,0,0.025813556648790835,0.025934641808271409,0,0
recipient_withdrawal,2496,V32P-A016423,0,0.67415739297866817,0.66693925857543945,1,1
recipient_withdrawal,2497,V32P-A016424,0,0.56232596039772031,0.55411210656166077,0,0
recipient_withdrawal,2498,V32P-A016425,0,0.50122210383415222,0.49150270819663999,0,0
recipient_withdrawal,2499,V32P-A016426,0,0.4342185318470001,0.42743799686431883,0,0
recipient_withdrawal,2500,V32P-A016427,0,0.33573756814002992,0.33038081526756286,0,0
recipient_withdrawal,2501,V32P-A016428,0,0.16282857656478883,0.16039653122425079,0,0
recipient_withdrawal,2502,V32P-A016435,0,0.61054303646087649,0.60640513896942139,0,0
recipient_withdrawal,2503,V32P-A016436,0,0.44500555396080016,0.44000743031501771,0,0
recipient_withdrawal,2504,V32P-A016437,0,0.49920666813850401,0.49417895674705503,0,0
recipient_withdrawal,2505,V32P-A016438,0,0.46223064064979552,0.45508367419242857,0,0
recipient_withdrawal,2506,V32P-A016439,0,0.36381913423538209,0.35485405921936036,0,0
recipient_withdrawal,2507,V32P-A016440,0,0.16055434197187424,0.15386306494474411,0,0
recipient_withdrawal,2508,V32P-A016471,0,0.63910127878189082,0.63436329364776611,1,1
recipient_withdrawal,2509,V32P-A016472,0,0.4842438757419586,0.47001890540122987,0,0
recipient_withdrawal,2510,V32P-A016473,0,0.51009078025817867,0.50534861683845522,0,0
recipient_withdrawal,2511,V32P-A016474,0,0.46951837539672853,0.46570629477500913,0,0
recipient_withdrawal,2512,V32P-A016475,0,0.45836153626441956,0.45548487305641172,0,0
recipient_withdrawal,2513,V32P-A016476,0,0.19006827771663665,0.18980153203010558,0,0
recipient_withdrawal,2514,V32P-A016507,0,0.81143431663513188,0.80550782680511479,1,1
recipient_withdrawal,2515,V32P-A016508,0,0.70380765199661255,0.69577581882476802,1,1
recipient_withdrawal,2516,V32P-A016509,0,0.75932321548461912,0.74516437053680418,1,1
recipient_withdrawal,2517,V32P-A016510,0,0.50936710238456728,0.49905881285667419,0,0
recipient_withdrawal,2518,V32P-A016511,0,0.44518859386444093,0.43777910470962522,0,0
recipient_withdrawal,2519,V32P-A016512,0,0.034014617651700975,0.034087853506207466,0,0
recipient_withdrawal,2520,V32P-A016603,0,0.82471220493316655,0.81699644327163701,1,1
recipient_withdrawal,2521,V32P-A016604,0,0.73177957534790039,0.7205700635910034,1,1
recipient_withdrawal,2522,V32P-A016605,0,0.62183318138122556,0.61104671955108647,1,0
recipient_withdrawal,2523,V32P-A016606,0,0.56762879490852358,0.55826466679573061,0,0
recipient_withdrawal,2524,V32P-A016607,0,0.55041502118110652,0.54313629865646362,0,0
recipient_withdrawal,2525,V32P-A016608,0,0.26288463473320006,0.25914152562618253,0,0
recipient_withdrawal,2526,V32P-A016645,1,0.73360338211059573,0.73040918111801145,1,1
recipient_withdrawal,2527,V32P-A016646,1,0.58848135471343999,0.58656743764877317,0,0
recipient_withdrawal,2528,V32P-A016647,0,0.34146227240562438,0.33207379877567289,0,0
recipient_withdrawal,2529,V32P-A016648,0,0.10352290421724319,0.10430285036563873,0,0
recipient_withdrawal,2530,V32P-A016649,0,0.076352604478597638,0.077181978523731237,0,0
recipient_withdrawal,2531,V32P-A016650,0,0.0329029930755496,0.033246453665196893,0,0
recipient_withdrawal,2532,V32P-A016687,0,0.75515230894088747,0.7497241616249084,1,1
recipient_withdrawal,2533,V32P-A016688,0,0.6619301438331604,0.65743221044540401,1,1
recipient_withdrawal,2534,V32P-A016689,0,0.61208176612854004,0.60148879289627077,0,0
recipient_withdrawal,2535,V32P-A016690,0,0.58542806506156919,0.58207675814628601,0,0
recipient_withdrawal,2536,V32P-A016691,0,0.50987092256546018,0.50702760815620418,0,0
recipient_withdrawal,2537,V32P-A016692,0,0.25587157905101776,0.25504293143749235,0,0
recipient_withdrawal,2538,V32P-A016705,0,0.36001754403114317,0.3567085862159729,0,0
recipient_withdrawal,2539,V32P-A016706,0,0.37971785664558411,0.37724919915199279,0,0
recipient_withdrawal,2540,V32P-A016707,0,0.34598515033721922,0.34431143999099734,0,0
recipient_withdrawal,2541,V32P-A016708,0,0.27636166214942931,0.27539345026016238,0,0
recipient_withdrawal,2542,V32P-A016709,0,0.21881782412528991,0.21864199042320251,0,0
recipient_withdrawal,2543,V32P-A016710,0,0.095603340864181513,0.096054469048976895,0,0
recipient_withdrawal,2544,V32P-A016735,1,0.82770061492919922,0.8206534147262573,1,1
recipient_withdrawal,2545,V32P-A016736,1,0.7501355886459351,0.73981939554214482,1,1
recipient_withdrawal,2546,V32P-A016737,0,0.22985260188579559,0.2241385281085968,0,0
recipient_withdrawal,2547,V32P-A016738,0,0.16351534426212311,0.16053331792354583,0,0
recipient_withdrawal,2548,V32P-A016739,0,0.13973117768764495,0.13771695047616958,0,0
recipient_withdrawal,2549,V32P-A016740,0,0.042674959637224674,0.042499837465584278,0,0
recipient_withdrawal,2550,V32P-A016783,1,0.67862960100173952,0.66896790266036987,1,1
recipient_withdrawal,2551,V32P-A016784,1,0.5443009674549103,0.53150249123573301,0,0
recipient_withdrawal,2552,V32P-A016785,1,0.45391129255294799,0.44148618578910825,0,0
recipient_withdrawal,2553,V32P-A016786,0,0.096375277638435369,0.095207934826612467,0,0
recipient_withdrawal,2554,V32P-A016787,0,0.070249433815479281,0.069543061405420298,0,0
recipient_withdrawal,2555,V32P-A016788,0,0.033631357830017805,0.033420208562165502,0,0
recipient_withdrawal,2556,V32P-A016795,0,0.48990766406059266,0.48504050374031066,0,0
recipient_withdrawal,2557,V32P-A016796,0,0.43470990657806396,0.42821680307388305,0,0
recipient_withdrawal,2558,V32P-A016797,0,0.49540960192680361,0.49105470776557925,0,0
recipient_withdrawal,2559,V32P-A016798,0,0.4465565621852875,0.44177203774452212,0,0
recipient_withdrawal,2560,V32P-A016799,1,0.36356856822967532,0.35833753347396852,0,0
recipient_withdrawal,2561,V32P-A016800,0,0.02668944150209427,0.026796825602650641,0,0
recipient_withdrawal,2562,V32P-A016801,1,0.74992563724517824,0.74406800270080564,1,1
recipient_withdrawal,2563,V32P-A016802,1,0.6295110702514648,0.62258501052856441,1,1
recipient_withdrawal,2564,V32P-A016803,1,0.57968875765800476,0.5734946668148041,0,0
recipient_withdrawal,2565,V32P-A016804,0,0.099347946792840952,0.098640321940183642,0,0
recipient_withdrawal,2566,V32P-A016805,0,0.07372173890471459,0.073513939231634143,0,0
recipient_withdrawal,2567,V32P-A016806,0,0.032228074781596658,0.032376195676624774,0,0
recipient_withdrawal,2568,V32P-A016813,0,0.56582354307174687,0.55982403755187993,0,0
recipient_withdrawal,2569,V32P-A016814,0,0.42951110005378723,0.4228215992450714,0,0
recipient_withdrawal,2570,V32P-A016815,0,0.38734343051910403,0.38075856566429139,0,0
recipient_withdrawal,2571,V32P-A016816,0,0.30827004313468931,0.30198705792427061,0,0
recipient_withdrawal,2572,V32P-A016817,0,0.24127854406833649,0.23586656153202057,0,0
recipient_withdrawal,2573,V32P-A016818,0,0.10801055207848549,0.10599225834012031,0,0
recipient_withdrawal,2574,V32P-A016831,0,0.70975290536880498,0.7029211044311523,1,1
recipient_withdrawal,2575,V32P-A016832,0,0.63910208940505986,0.63207418918609615,1,1
recipient_withdrawal,2576,V32P-A016833,0,0.56097235679626467,0.55453979372978213,0,0
recipient_withdrawal,2577,V32P-A016834,0,0.47295788526535032,0.46802270412445068,0,0
recipient_withdrawal,2578,V32P-A016835,0,0.46324113011360168,0.45915319323539733,0,0
recipient_withdrawal,2579,V32P-A016836,0,0.035774591937661172,0.035806871950626373,0,0
recipient_withdrawal,2580,V32P-A016867,0,0.7438372731208801,0.74084036350250249,1,1
recipient_withdrawal,2581,V32P-A016868,0,0.6701724171638489,0.66632416248321535,1,1
recipient_withdrawal,2582,V32P-A016869,0,0.64161057472228999,0.63843923807144165,1,1
recipient_withdrawal,2583,V32P-A016870,0,0.68521107435226436,0.68171148300170903,1,1
recipient_withdrawal,2584,V32P-A016871,0,0.57804154157638554,0.57443194389343266,0,0
recipient_withdrawal,2585,V32P-A016872,0,0.058790260180830958,0.059251283854246141,0,0
recipient_withdrawal,2586,V32P-A016957,0,0.78188717365264893,0.77184717655181889,1,1
recipient_withdrawal,2587,V32P-A016958,0,0.69342765808105467,0.67959665060043339,1,1
recipient_withdrawal,2588,V32P-A016959,0,0.63934912681579592,0.62691423892974851,1,1
recipient_withdrawal,2589,V32P-A016960,0,0.57154756784439087,0.56135945320129399,0,0
recipient_withdrawal,2590,V32P-A016961,0,0.48095127344131472,0.47284752726554868,0,0
recipient_withdrawal,2591,V32P-A016962,0,0.2636641889810562,0.26085623800754548,0,0
recipient_withdrawal,2592,V32P-A017059,0,0.73820462226867678,0.73302160501480107,1,1
recipient_withdrawal,2593,V32P-A017060,0,0.6663794636726379,0.66048524379730222,1,1
recipient_withdrawal,2594,V32P-A017061,0,0.67095236778259282,0.6662767648696899,1,1
recipient_withdrawal,2595,V32P-A017062,0,0.65319507122039799,0.64696764945983887,1,1
recipient_withdrawal,2596,V32P-A017063,0,0.61668794155120854,0.60867319107055662,0,0
recipient_withdrawal,2597,V32P-A017064,0,0.35607202649116515,0.35127111077308654,0,0
recipient_withdrawal,2598,V32P-A017077,0,0.62343281507492065,0.61891995668411259,1,0
recipient_withdrawal,2599,V32P-A017078,0,0.65194025039672854,0.64715021848678589,1,1
recipient_withdrawal,2600,V32P-A017079,0,0.60835548043251042,0.60337249636650081,0,0
recipient_withdrawal,2601,V32P-A017080,0,0.54074111580848694,0.53499380946159358,0,0
recipient_withdrawal,2602,V32P-A017081,0,0.38724296987056733,0.38249388039112092,0,0
recipient_withdrawal,2603,V32P-A017082,0,0.15481117814779283,0.15333372801542283,0,0
recipient_withdrawal,2604,V32P-A017089,1,0.83805551528930666,0.83254120349884031,1,1
recipient_withdrawal,2605,V32P-A017090,1,0.7609783411026001,0.75424109697341923,1,1
recipient_withdrawal,2606,V32P-A017091,1,0.80492252111434937,0.79897238016128536,1,1
recipient_withdrawal,2607,V32P-A017092,0,0.19329306781291961,0.1886841356754303,0,0
recipient_withdrawal,2608,V32P-A017093,0,0.15739412158727645,0.1540960654616356,0,0
recipient_withdrawal,2609,V32P-A017094,0,0.053167059272527697,0.05263144448399544,0,0
recipient_withdrawal,2610,V32P-A017167,1,0.73049731254577632,0.72609324455261226,1,1
recipient_withdrawal,2611,V32P-A017168,1,0.63543204069137571,0.63105520009994509,1,1
recipient_withdrawal,2612,V32P-A017169,1,0.53677923679351802,0.53321950435638432,0,0
recipient_withdrawal,2613,V32P-A017170,0,0.10724993497133255,0.10836223065853119,0,0
recipient_withdrawal,2614,V32P-A017171,0,0.072195000946521759,0.072969387471675876,0,0
recipient_withdrawal,2615,V32P-A017172,0,0.02973173577338457,0.030051709152758121,0,0
recipient_withdrawal,2616,V32P-A017173,0,0.61489022970199581,0.60936083793640139,0,0
recipient_withdrawal,2617,V32P-A017174,0,0.62724485397338869,0.62397394180297849,1,1
recipient_withdrawal,2618,V32P-A017175,0,0.59070421457290645,0.58842625617980959,0,0
recipient_withdrawal,2619,V32P-A017176,0,0.47724688649177549,0.47710790634155276,0,0
recipient_withdrawal,2620,V32P-A017177,1,0.35698473453521729,0.35912872552871705,0,0
recipient_withdrawal,2621,V32P-A017178,0,0.025654275156557559,0.026173864677548408,0,0
recipient_withdrawal,2622,V32P-A017185,0,0.64896603822708132,0.63701775074005129,1,1
recipient_withdrawal,2623,V32P-A017186,0,0.5734436690807343,0.56157199144363401,0,0
recipient_withdrawal,2624,V32P-A017187,0,0.52144013643264775,0.51124868988990779,0,0
recipient_withdrawal,2625,V32P-A017188,0,0.42574132680892945,0.41695993542671206,0,0
recipient_withdrawal,2626,V32P-A017189,0,0.32222889661788939,0.31575106978416445,0,0
recipient_withdrawal,2627,V32P-A017190,0,0.13644338250160218,0.13460117429494858,0,0
recipient_withdrawal,2628,V32P-A017281,0,0.57756757736206055,0.56834821701049809,0,0
recipient_withdrawal,2629,V32P-A017282,0,0.50945321321487425,0.50260579586029053,0,0
recipient_withdrawal,2630,V32P-A017283,0,0.46478602290153503,0.46173744797706606,0,0
recipient_withdrawal,2631,V32P-A017284,0,0.40075280070304869,0.39958261847496035,0,0
recipient_withdrawal,2632,V32P-A017285,0,0.31773974597454069,0.31784239709377288,0,0
recipient_withdrawal,2633,V32P-A017286,0,0.13327638506889344,0.13394445329904556,0,0
recipient_withdrawal,2634,V32P-A017341,0,0.80102874040603633,0.79676617383956905,1,1
recipient_withdrawal,2635,V32P-A017342,0,0.68446328639984133,0.67304932475090029,1,1
recipient_withdrawal,2636,V32P-A017343,0,0.5967008709907532,0.59265083074569702,0,0
recipient_withdrawal,2637,V32P-A017344,0,0.52423971891403198,0.52125938534736638,0,0
recipient_withdrawal,2638,V32P-A017345,0,0.53303266167640684,0.52743104100227356,0,0
recipient_withdrawal,2639,V32P-A017346,0,0.20322373509407043,0.20292842090129853,0,0
recipient_withdrawal,2640,V32P-A017383,0,0.59421228170394902,0.59031920433044438,0,0
recipient_withdrawal,2641,V32P-A017384,0,0.58329974412918095,0.57980470061302181,0,0
recipient_withdrawal,2642,V32P-A017385,0,0.58617774248123167,0.58273577094078066,0,0
recipient_withdrawal,2643,V32P-A017386,0,0.53599803447723393,0.53278172016143799,0,0
recipient_withdrawal,2644,V32P-A017387,0,0.47924643754959106,0.47653226852416991,0,0
recipient_withdrawal,2645,V32P-A017388,0,0.26382094323635102,0.26244620978832245,0,0
recipient_withdrawal,2646,V32P-A017401,0,0.44182963967323302,0.43724455833435061,0,0
recipient_withdrawal,2647,V32P-A017402,0,0.44067263007164004,0.43775154352188111,0,0
recipient_withdrawal,2648,V32P-A017403,0,0.4095234453678131,0.40864444375038145,0,0
recipient_withdrawal,2649,V32P-A017404,0,0.32280039191246035,0.32349018454551698,0,0
recipient_withdrawal,2650,V32P-A017405,0,0.25364708304405215,0.25488944351673126,0,0
recipient_withdrawal,2651,V32P-A017406,0,0.1111394815146923,0.11192990392446518,0,0
recipient_withdrawal,2652,V32P-A017407,0,0.64823349714279177,0.64133933782577512,1,1
recipient_withdrawal,2653,V32P-A017408,0,0.65842427015304561,0.65126216411590576,1,1
recipient_withdrawal,2654,V32P-A017409,0,0.67042075395584111,0.66308417320251467,1,1
recipient_withdrawal,2655,V32P-A017410,1,0.63511306047439575,0.627413022518158,1,1
recipient_withdrawal,2656,V32P-A017411,0,0.09453736394643783,0.094201571494340899,0,0
recipient_withdrawal,2657,V32P-A017412,0,0.044836985692381856,0.044866273552179335,0,0
recipient_withdrawal,2658,V32P-A017419,0,0.62621423006057741,0.62447054386138912,1,1
recipient_withdrawal,2659,V32P-A017420,0,0.53612670898437498,0.53481685519218447,0,0
recipient_withdrawal,2660,V32P-A017421,0,0.46034305095672606,0.45983740091323855,0,0
recipient_withdrawal,2661,V32P-A017422,0,0.37752966880798339,0.37804259657859801,0,0
recipient_withdrawal,2662,V32P-A017423,0,0.35149230062961578,0.35233562886714936,0,0
recipient_withdrawal,2663,V32P-A017424,0,0.15878560841083528,0.16058295667171479,0,0
recipient_withdrawal,2664,V32P-A017455,1,0.78459361791610716,0.77559883594512935,1,1
recipient_withdrawal,2665,V32P-A017456,1,0.70645010471343994,0.69381055831909177,1,1
recipient_withdrawal,2666,V32P-A017457,1,0.61926344633102415,0.6058087110519409,0,0
recipient_withdrawal,2667,V32P-A017458,0,0.13730659633874892,0.13561909049749374,0,0
recipient_withdrawal,2668,V32P-A017459,0,0.099479445815086359,0.09856047406792641,0,0
recipient_withdrawal,2669,V32P-A017460,0,0.042931201867759228,0.042802445217967035,0,0
recipient_withdrawal,2670,V32P-A017461,0,0.65493913888931277,0.64943907260894773,1,1
recipient_withdrawal,2671,V32P-A017462,0,0.56984499096870422,0.56607598662376402,0,0
recipient_withdrawal,2672,V32P-A017463,0,0.54722927808761601,0.54327563047409055,0,0
recipient_withdrawal,2673,V32P-A017464,0,0.49808076024055481,0.49355093836784364,0,0
recipient_withdrawal,2674,V32P-A017465,0,0.42054964303970338,0.41658729314804077,0,0
recipient_withdrawal,2675,V32P-A017466,0,0.20447950065135956,0.20289237201213836,0,0
recipient_withdrawal,2676,V32P-A017551,1,0.7394227266311646,0.73501305580139165,1,1
recipient_withdrawal,2677,V32P-A017552,1,0.63043581247329716,0.62589917182922361,1,1
recipient_withdrawal,2678,V32P-A017553,0,0.21277568638324737,0.2121367186307907,0,0
recipient_withdrawal,2679,V32P-A017554,0,0.20854130983352662,0.2077911227941513,0,0
recipient_withdrawal,2680,V32P-A017555,0,0.13016094714403154,0.13033290654420854,0,0
recipient_withdrawal,2681,V32P-A017556,0,0.057041115686297418,0.057196559011936189,0,0
recipient_withdrawal,2682,V32P-A017653,0,0.59530129432678225,0.58759610652923588,0,0
recipient_withdrawal,2683,V32P-A017654,0,0.4794194161891937,0.47157741189002989,0,0
recipient_withdrawal,2684,V32P-A017655,0,0.61237213611602781,0.59934712648391719,0,0
recipient_withdrawal,2685,V32P-A017656,0,0.51153092980384829,0.50208036303520198,0,0
recipient_withdrawal,2686,V32P-A017657,0,0.43587768077850342,0.42775697112083433,0,0
recipient_withdrawal,2687,V32P-A017658,0,0.22349053621292114,0.2197543352842331,0,0
recipient_withdrawal,2688,V32P-A017659,0,0.71139081716537478,0.70605450868606567,1,1
recipient_withdrawal,2689,V32P-A017660,0,0.65915867090225222,0.65301158428192141,1,1
recipient_withdrawal,2690,V32P-A017661,0,0.61704767942428584,0.61069077253341675,0,0
recipient_withdrawal,2691,V32P-A017662,0,0.58332673311233518,0.57765367031097414,0,0
recipient_withdrawal,2692,V32P-A017663,0,0.57048047780990596,0.55647827386856075,0,0
recipient_withdrawal,2693,V32P-A017664,0,0.044611258432269096,0.044775320217013359,0,0
recipient_withdrawal,2694,V32P-A017689,0,0.69045232534408574,0.68562744855880742,1,1
recipient_withdrawal,2695,V32P-A017690,0,0.61671601533889775,0.61225572228431702,0,0
recipient_withdrawal,2696,V32P-A017691,0,0.59793214797973637,0.59405553340911865,0,0
recipient_withdrawal,2697,V32P-A017692,0,0.58764601349830625,0.58470686674118044,0,0
recipient_withdrawal,2698,V32P-A017693,1,0.53202645182609554,0.52981559038162229,0,0
recipient_withdrawal,2699,V32P-A017694,0,0.040976193174719809,0.041337230429053309,0,0
recipient_withdrawal,2700,V32P-A017695,0,0.40710738897323606,0.40135028362274172,0,0
recipient_withdrawal,2701,V32P-A017696,0,0.40795204043388367,0.40283319950103758,0,0
recipient_withdrawal,2702,V32P-A017697,0,0.35759633183479311,0.35392230153083803,0,0
recipient_withdrawal,2703,V32P-A017698,0,0.28650493025779722,0.28435789346694945,0,0
recipient_withdrawal,2704,V32P-A017699,0,0.22057013511657714,0.21960982382297517,0,0
recipient_withdrawal,2705,V32P-A017700,0,0.098557979613542554,0.098689857870340347,0,0
recipient_withdrawal,2706,V32P-A017701,1,0.64294111728668213,0.63131311535835266,1,1
recipient_withdrawal,2707,V32P-A017702,1,0.67972105741500854,0.66932752132415774,1,1
recipient_withdrawal,2708,V32P-A017703,1,0.49394947886466978,0.4881658971309662,0,0
recipient_withdrawal,2709,V32P-A017704,0,0.11823427453637123,0.11814147010445594,0,0
recipient_withdrawal,2710,V32P-A017705,0,0.13583681210875512,0.1342884548008442,0,0
recipient_withdrawal,2711,V32P-A017706,0,0.038311694003641608,0.038332780264317988,0,0
recipient_withdrawal,2712,V32P-A017731,0,0.67171216011047363,0.66542587280273435,1,1
recipient_withdrawal,2713,V32P-A017732,0,0.6021392166614532,0.59341316819190981,0,0
recipient_withdrawal,2714,V32P-A017733,0,0.60894905328750615,0.60089659690856934,0,0
recipient_withdrawal,2715,V32P-A017734,0,0.5591084778308868,0.55050833821296696,0,0
recipient_withdrawal,2716,V32P-A017735,1,0.47973915934562683,0.47064929008483886,0,0
recipient_withdrawal,2717,V32P-A017736,0,0.03817331325262785,0.038224466703832151,0,0
recipient_withdrawal,2718,V32P-A017779,0,0.66590087413787846,0.65893304347991943,1,1
recipient_withdrawal,2719,V32P-A017780,0,0.58434299826622005,0.57704477310180669,0,0
recipient_withdrawal,2720,V32P-A017781,0,0.50051025152206419,0.49544794559478761,0,0
recipient_withdrawal,2721,V32P-A017782,0,0.47209541201591493,0.46910226941108701,0,0
recipient_withdrawal,2722,V32P-A017783,0,0.44167189598083495,0.43971878290176392,0,0
recipient_withdrawal,2723,V32P-A017784,0,0.22740984857082366,0.22767995297908783,0,0
recipient_withdrawal,2724,V32P-A017821,0,0.62076740264892583,0.61939313411712649,1,0
recipient_withdrawal,2725,V32P-A017822,0,0.52004305124282835,0.51812034845352173,0,0
recipient_withdrawal,2726,V32P-A017823,0,0.46900812387466428,0.46747137904167174,0,0
recipient_withdrawal,2727,V32P-A017824,0,0.39669387936592104,0.39587020874023438,0,0
recipient_withdrawal,2728,V32P-A017825,0,0.31945286393165589,0.31920735836029052,0,0
recipient_withdrawal,2729,V32P-A017826,0,0.15561921894550323,0.15577878654003144,0,0
recipient_withdrawal,2730,V32P-A017851,0,0.73385286331176758,0.72823023796081543,1,1
recipient_withdrawal,2731,V32P-A017852,0,0.51480329036712646,0.50820273160934448,0,0
recipient_withdrawal,2732,V32P-A017853,0,0.54692104458808899,0.53769723176956175,0,0
recipient_withdrawal,2733,V32P-A017854,0,0.56233109831810002,0.55768256187438969,0,0
recipient_withdrawal,2734,V32P-A017855,0,0.41788109540939333,0.41347528100013731,0,0
recipient_withdrawal,2735,V32P-A017856,0,0.18848613649606705,0.18688960820436479,0,0
recipient_withdrawal,2736,V32P-A017875,0,0.4903453975915909,0.48598058521747589,0,0
recipient_withdrawal,2737,V32P-A017876,0,0.55856103897094722,0.55514035224914549,0,0
recipient_withdrawal,2738,V32P-A017877,0,0.54556165337562557,0.54221386313438413,0,0
recipient_withdrawal,2739,V32P-A017878,0,0.48829553127288816,0.48534106016159057,0,0
recipient_withdrawal,2740,V32P-A017879,0,0.40525255203247068,0.40374839305877686,0,0
recipient_withdrawal,2741,V32P-A017880,0,0.17662452906370163,0.17753454595804213,0,0
recipient_withdrawal,2742,V32P-A017905,1,0.57446807622909546,0.57345710992813115,0,0
recipient_withdrawal,2743,V32P-A017906,1,0.53686932921409602,0.53620620369911198,0,0
recipient_withdrawal,2744,V32P-A017907,1,0.56818506121635437,0.56737207770347597,0,0
recipient_withdrawal,2745,V32P-A017908,0,0.092491801083087924,0.094902069866657252,0,0
recipient_withdrawal,2746,V32P-A017909,0,0.071421563625335693,0.073469018936157232,0,0
recipient_withdrawal,2747,V32P-A017910,0,0.033303222805261615,0.034209875017404558,0,0
recipient_withdrawal,2748,V32P-A017923,0,0.66444056034088139,0.65564806461334224,1,1
recipient_withdrawal,2749,V32P-A017924,0,0.52498090863227842,0.5112352848052979,0,0
recipient_withdrawal,2750,V32P-A017925,0,0.44833021163940429,0.44028319716453551,0,0
recipient_withdrawal,2751,V32P-A017926,0,0.4030675172805786,0.39848485589027405,0,0
recipient_withdrawal,2752,V32P-A017927,0,0.36821188032627106,0.36470760405063629,0,0
recipient_withdrawal,2753,V32P-A017928,0,0.030828583240509033,0.031009530834853648,0,0
recipient_withdrawal,2754,V32P-A018001,0,0.78223879337310787,0.77909116744995122,1,1
recipient_withdrawal,2755,V32P-A018002,0,0.63492108583450313,0.63306146860122681,1,1
recipient_withdrawal,2756,V32P-A018003,0,0.56002975702285762,0.55926685333251958,0,0
recipient_withdrawal,2757,V32P-A018004,0,0.50696630477905269,0.50729603767395015,0,0
recipient_withdrawal,2758,V32P-A018005,0,0.47590343356132508,0.47652413845062258,0,0
recipient_withdrawal,2759,V32P-A018006,0,0.21531680822372437,0.21637193858623505,0,0
recipient_withdrawal,2760,V32P-A018007,0,0.46393661499023436,0.45766676664352418,0,0
recipient_withdrawal,2761,V32P-A018008,0,0.45227745175361633,0.44642789363861085,0,0
recipient_withdrawal,2762,V32P-A018009,0,0.430331689119339,0.42455549240112306,0,0
recipient_withdrawal,2763,V32P-A018010,0,0.36027216613292695,0.35441402494907381,0,0
recipient_withdrawal,2764,V32P-A018011,0,0.2856369435787201,0.28077792525291445,0,0
recipient_withdrawal,2765,V32P-A018012,0,0.12643707394599915,0.12472670078277588,0,0
recipient_withdrawal,2766,V32P-A018013,0,0.61474200487136843,0.61142623424530029,0,0
recipient_withdrawal,2767,V32P-A018014,0,0.45733696222305298,0.45319494009017947,0,0
recipient_withdrawal,2768,V32P-A018015,0,0.32317132949829103,0.31453565955162049,0,0
recipient_withdrawal,2769,V32P-A018016,0,0.48321606516838073,0.48019635081291201,0,0
recipient_withdrawal,2770,V32P-A018017,0,0.37319375872611998,0.36974294781684874,0,0
recipient_withdrawal,2771,V32P-A018018,0,0.12489610761404038,0.12423784583806992,0,0
recipient_withdrawal,2772,V32P-A018073,1,0.60299394130706785,0.60001658201217656,0,0
recipient_withdrawal,2773,V32P-A018074,1,0.53106710314750671,0.52654047608375554,0,0
recipient_withdrawal,2774,V32P-A018075,0,0.14701314866542817,0.14637301266193389,0,0
recipient_withdrawal,2775,V32P-A018076,0,0.15614179223775865,0.15346191972494125,0,0
recipient_withdrawal,2776,V32P-A018077,0,0.071012590080499649,0.070849422365427017,0,0
recipient_withdrawal,2777,V32P-A018078,0,0.030660462006926535,0.030768965557217597,0,0
recipient_withdrawal,2778,V32P-A018103,0,0.66698757410049436,0.65708789825439451,1,1
recipient_withdrawal,2779,V32P-A018104,0,0.61814441680908205,0.60819289684295652,0,0
recipient_withdrawal,2780,V32P-A018105,0,0.5773154139518738,0.56688662767410281,0,0
recipient_withdrawal,2781,V32P-A018106,0,0.48972315192222593,0.47964961528778077,0,0
recipient_withdrawal,2782,V32P-A018107,0,0.37781661748886108,0.37068677544593809,0,0
recipient_withdrawal,2783,V32P-A018108,0,0.16706838011741637,0.16531768143177034,0,0
recipient_withdrawal,2784,V32P-A018187,1,0.87876929044723506,0.87405552864074709,1,1
recipient_withdrawal,2785,V32P-A018188,1,0.80712002515792847,0.79796674251556399,1,1
recipient_withdrawal,2786,V32P-A018189,1,0.80671977996826172,0.79790569543838497,1,1
recipient_withdrawal,2787,V32P-A018190,0,0.28250234723091128,0.27977879345417023,0,0
recipient_withdrawal,2788,V32P-A018191,0,0.20458884537220001,0.20384821146726609,0,0
recipient_withdrawal,2789,V32P-A018192,0,0.087952486798167223,0.088103280588984492,0,0
recipient_withdrawal,2790,V32P-A018229,0,0.50633181929588322,0.49385069012641908,0,0
recipient_withdrawal,2791,V32P-A018230,0,0.51183146834373472,0.5009545505046844,0,0
recipient_withdrawal,2792,V32P-A018231,0,0.4662982761859894,0.455060213804245,0,0
recipient_withdrawal,2793,V32P-A018232,0,0.36359770894050597,0.34435830712318422,0,0
recipient_withdrawal,2794,V32P-A018233,0,0.26914719343185423,0.25982710719108582,0,0
recipient_withdrawal,2795,V32P-A018234,0,0.10288882553577423,0.099439667165279383,0,0
recipient_withdrawal,2796,V32P-A018325,0,0.59824404716491697,0.59377096891403203,0,0
recipient_withdrawal,2797,V32P-A018326,0,0.49117261171340942,0.48628443479537964,0,0
recipient_withdrawal,2798,V32P-A018327,0,0.4434101700782776,0.43807834386825562,0,0
recipient_withdrawal,2799,V32P-A018328,0,0.34379885196685789,0.33925738334655764,0,0
recipient_withdrawal,2800,V32P-A018329,0,0.26251221597194674,0.25955269038677214,0,0
recipient_withdrawal,2801,V32P-A018330,0,0.11996722519397736,0.11916427910327912,0,0
recipient_withdrawal,2802,V32P-A018403,0,0.49151561856269838,0.48459444642066957,0,0
recipient_withdrawal,2803,V32P-A018404,0,0.35667379200458527,0.35006100833415987,0,0
recipient_withdrawal,2804,V32P-A018405,0,0.29534306824207307,0.28910881578922271,0,0
recipient_withdrawal,2805,V32P-A018406,0,0.22967092543840409,0.22447848469018936,0,0
recipient_withdrawal,2806,V32P-A018407,0,0.17666507214307786,0.17281755954027175,0,0
recipient_withdrawal,2807,V32P-A018408,0,0.077164251357316971,0.076033810526132589,0,0
recipient_withdrawal,2808,V32P-A018433,1,0.53471753001213074,0.53562166094779973,0,0
recipient_withdrawal,2809,V32P-A018434,1,0.5121504604816437,0.51315807700157168,0,0
recipient_withdrawal,2810,V32P-A018435,1,0.47734830975532533,0.47851587533950807,0,0
recipient_withdrawal,2811,V32P-A018436,0,0.094778929278254515,0.097777181491255763,0,0
recipient_withdrawal,2812,V32P-A018437,0,0.071534788608551031,0.07395785599946976,0,0
recipient_withdrawal,2813,V32P-A018438,0,0.032453364785760642,0.03349401419982314,0,0
recipient_withdrawal,2814,V32P-A018439,0,0.68893808126449585,0.68246039152145388,1,1
recipient_withdrawal,2815,V32P-A018440,0,0.53555268049240112,0.52814738750457768,0,0
recipient_withdrawal,2816,V32P-A018441,0,0.49492459297180175,0.48835432529449463,0,0
recipient_withdrawal,2817,V32P-A018442,0,0.39249434471130373,0.38596531748771667,0,0
recipient_withdrawal,2818,V32P-A018443,0,0.39511943459510801,0.39035883545875549,0,0
recipient_withdrawal,2819,V32P-A018444,0,0.15202472507953643,0.15071420222520829,0,0
recipient_withdrawal,2820,V32P-A018469,0,0.5976811945438385,0.59102911353111265,0,0
recipient_withdrawal,2821,V32P-A018470,0,0.5287629306316376,0.52452263236045837,0,0
recipient_withdrawal,2822,V32P-A018471,0,0.44432851672172546,0.44237308502197265,0,0
recipient_withdrawal,2823,V32P-A018472,0,0.38625640869140626,0.38691038489341734,0,0
recipient_withdrawal,2824,V32P-A018473,0,0.30262215733528136,0.30365532040596011,0,0
recipient_withdrawal,2825,V32P-A018474,0,0.12979090958833694,0.13166107088327408,0,0
recipient_withdrawal,2826,V32P-A018475,0,0.44883090853691099,0.44112256765365598,0,0
recipient_withdrawal,2827,V32P-A018476,0,0.48577723503112791,0.48048382997512817,0,0
recipient_withdrawal,2828,V32P-A018477,0,0.5553540706634521,0.55124213695526125,0,0
recipient_withdrawal,2829,V32P-A018478,0,0.60054338574409483,0.59549743533134458,0,0
recipient_withdrawal,2830,V32P-A018479,1,0.38199561834335327,0.37643271684646606,0,0
recipient_withdrawal,2831,V32P-A018480,0,0.026531917229294776,0.026669731736183165,0,0
recipient_withdrawal,2832,V32P-A018481,0,0.50560891032218935,0.50059759020805361,0,0
recipient_withdrawal,2833,V32P-A018482,0,0.53263342380523682,0.52868362665176394,0,0
recipient_withdrawal,2834,V32P-A018483,0,0.51416410803794865,0.50876452326774602,0,0
recipient_withdrawal,2835,V32P-A018484,0,0.44588965773582456,0.43801232576370241,0,0
recipient_withdrawal,2836,V32P-A018485,0,0.34050315618515015,0.32814069986343386,0,0
recipient_withdrawal,2837,V32P-A018486,0,0.150523279607296,0.14825284332036973,0,0
recipient_withdrawal,2838,V32P-A018487,0,0.72224504947662349,0.71876777410507198,1,1
recipient_withdrawal,2839,V32P-A018488,0,0.68865157365798946,0.68458800315856938,1,1
recipient_withdrawal,2840,V32P-A018489,0,0.68064413070678709,0.67729289531707759,1,1
recipient_withdrawal,2841,V32P-A018490,0,0.66515443325042722,0.66143466234207149,1,1
recipient_withdrawal,2842,V32P-A018491,0,0.63798888921737673,0.63333245515823366,1,1
recipient_withdrawal,2843,V32P-A018492,0,0.39661480784416198,0.39317160844802856,0,0
recipient_withdrawal,2844,V32P-A018517,0,0.60974477529525761,0.60752010345458984,0,0
recipient_withdrawal,2845,V32P-A018518,0,0.46645061373710633,0.46486867666244508,0,0
recipient_withdrawal,2846,V32P-A018519,0,0.41571574807167055,0.41423358321189879,0,0
recipient_withdrawal,2847,V32P-A018520,0,0.379256534576416,0.37812058925628661,0,0
recipient_withdrawal,2848,V32P-A018521,1,0.33116323351860044,0.33001132607460021,0,0
recipient_withdrawal,2849,V32P-A018522,0,0.028372392058372498,0.028794959560036658,0,0
recipient_withdrawal,2850,V32P-A018541,0,0.72995363473892216,0.71097416877746578,1,1
recipient_withdrawal,2851,V32P-A018542,0,0.68349034786224361,0.66313626766204836,1,1
recipient_withdrawal,2852,V32P-A018543,0,0.62870671153068547,0.60830536484718323,1,0
recipient_withdrawal,2853,V32P-A018544,0,0.5444540739059448,0.52443073391914363,0,0
recipient_withdrawal,2854,V32P-A018545,0,0.44738103747367858,0.43137561678886416,0,0
recipient_withdrawal,2855,V32P-A018546,0,0.053317309450358154,0.052767740096896887,0,0
recipient_withdrawal,2856,V32P-A018625,0,0.71316282153129573,0.70443505644798277,1,1
recipient_withdrawal,2857,V32P-A018626,0,0.59664756059646606,0.58266283273696895,0,0
recipient_withdrawal,2858,V32P-A018627,0,0.71994009613990784,0.70516662001609798,1,1
recipient_withdrawal,2859,V32P-A018628,0,0.49355664551258088,0.4781573385000229,0,0
recipient_withdrawal,2860,V32P-A018629,0,0.41245253086090089,0.39969088435173034,0,0
recipient_withdrawal,2861,V32P-A018630,0,0.22151794880628586,0.21265002638101577,0,0
recipient_withdrawal,2862,V32P-A018637,1,0.773048996925354,0.76829215288162234,1,1
recipient_withdrawal,2863,V32P-A018638,1,0.62811901569366457,0.6209728598594666,1,1
recipient_withdrawal,2864,V32P-A018639,0,0.12918511554598808,0.128656118363142,0,0
recipient_withdrawal,2865,V32P-A018640,0,0.10822176486253739,0.10797081738710404,0,0
recipient_withdrawal,2866,V32P-A018641,0,0.084980931133031845,0.085042215138673785,0,0
recipient_withdrawal,2867,V32P-A018642,0,0.032104330882430074,0.03228037990629673,0,0
recipient_withdrawal,2868,V32P-A018667,0,0.74951775074005123,0.74091818332672121,1,1
recipient_withdrawal,2869,V32P-A018668,0,0.55574578046798706,0.54048929810523982,0,0
recipient_withdrawal,2870,V32P-A018669,0,0.48580728173255922,0.47373608946800233,0,0
recipient_withdrawal,2871,V32P-A018670,0,0.4068415343761444,0.3978361189365387,0,0
recipient_withdrawal,2872,V32P-A018671,0,0.37732850313186644,0.37004340887069703,0,0
recipient_withdrawal,2873,V32P-A018672,0,0.18430165797472001,0.18032301217317581,0,0
recipient_withdrawal,2874,V32P-A018763,0,0.49127354025840758,0.49091280102729795,0,0
recipient_withdrawal,2875,V32P-A018764,0,0.46015274524688721,0.45989661216735839,0,0
recipient_withdrawal,2876,V32P-A018765,0,0.43068715929985046,0.43082150816917419,0,0
recipient_withdrawal,2877,V32P-A018766,0,0.36927467584609985,0.37074857950210571,0,0
recipient_withdrawal,2878,V32P-A018767,0,0.29612187743186952,0.29825950264930723,0,0
recipient_withdrawal,2879,V32P-A018768,0,0.13390965461730958,0.13537348806858063,0,0
recipient_withdrawal,2880,V32P-A018769,0,0.6183221101760864,0.60935564041137691,0,0
recipient_withdrawal,2881,V32P-A018770,0,0.47626980543136599,0.46306891441345216,0,0
recipient_withdrawal,2882,V32P-A018771,0,0.32861690521240233,0.31600927710533144,0,0
recipient_withdrawal,2883,V32P-A018772,0,0.31988994479179383,0.31299403309822083,0,0
recipient_withdrawal,2884,V32P-A018773,0,0.23657236695289613,0.23061037659645081,0,0
recipient_withdrawal,2885,V32P-A018774,0,0.096541184186935428,0.094590182602405551,0,0
recipient_withdrawal,2886,V32P-A018943,0,0.81317366361618038,0.80682040452957149,1,1
recipient_withdrawal,2887,V32P-A018944,0,0.69795986413955691,0.688126003742218,1,1
recipient_withdrawal,2888,V32P-A018945,0,0.66496813297271729,0.65733680725097654,1,1
recipient_withdrawal,2889,V32P-A018946,0,0.7080604672431946,0.69990693330764775,1,1
recipient_withdrawal,2890,V32P-A018947,0,0.56901898384094241,0.56094563603401182,0,0
recipient_withdrawal,2891,V32P-A018948,0,0.2854891002178192,0.28257657885551452,0,0
recipient_withdrawal,2892,V32P-A018955,0,0.77883918285369869,0.77209248542785647,1,1
recipient_withdrawal,2893,V32P-A018956,0,0.70735232830047612,0.70007835626602177,1,1
recipient_withdrawal,2894,V32P-A018957,0,0.6417143821716309,0.63524042367935185,1,1
recipient_withdrawal,2895,V32P-A018958,0,0.50892774462699886,0.50194575190544133,0,0
recipient_withdrawal,2896,V32P-A018959,0,0.39718487858772278,0.39184508919715882,0,0
recipient_withdrawal,2897,V32P-A018960,0,0.16649345308542252,0.16485763639211654,0,0
recipient_withdrawal,2898,V32P-A018973,0,0.62962850332260134,0.62757859230041502,1,1
recipient_withdrawal,2899,V32P-A018974,0,0.59900368452072139,0.59688394069671635,0,0
recipient_withdrawal,2900,V32P-A018975,0,0.56076027154922481,0.55886444449424744,0,0
recipient_withdrawal,2901,V32P-A018976,0,0.58295829296112056,0.58020421266555788,0,0
recipient_withdrawal,2902,V32P-A018977,0,0.51535490155220032,0.51275365948677065,0,0
recipient_withdrawal,2903,V32P-A018978,0,0.044275466352701187,0.044567734003067017,0,0
recipient_withdrawal,2904,V32P-A019069,0,0.44721845984458924,0.44056759476661683,0,0
recipient_withdrawal,2905,V32P-A019070,0,0.36997519731521605,0.36365492939949035,0,0
recipient_withdrawal,2906,V32P-A019071,0,0.32459943890571596,0.3198246955871582,0,0
recipient_withdrawal,2907,V32P-A019072,0,0.25144918262958527,0.24772965013980866,0,0
recipient_withdrawal,2908,V32P-A019073,0,0.2288988560438156,0.22545047104358673,0,0
recipient_withdrawal,2909,V32P-A019074,0,0.086250959336757665,0.085837817192077642,0,0
recipient_withdrawal,2910,V32P-A019129,0,0.52128891944885258,0.51576932668685915,0,0
recipient_withdrawal,2911,V32P-A019130,0,0.56117230653762817,0.55856128931045534,0,0
recipient_withdrawal,2912,V32P-A019131,0,0.49761498570442197,0.49653818607330324,0,0
recipient_withdrawal,2913,V32P-A019132,0,0.43381422162055971,0.43387861251831056,0,0
recipient_withdrawal,2914,V32P-A019133,0,0.36341316699981691,0.36432220935821535,0,0
recipient_withdrawal,2915,V32P-A019134,0,0.17755021303892135,0.179190294444561,0,0
recipient_withdrawal,2916,V32P-A019243,0,0.61485072374343874,0.61010262966156004,0,0
recipient_withdrawal,2917,V32P-A019244,0,0.6125696182250977,0.60978423357009892,0,0
recipient_withdrawal,2918,V32P-A019245,0,0.55378468632698064,0.55211387276649471,0,0
recipient_withdrawal,2919,V32P-A019246,0,0.5048978745937347,0.50469161868095402,0,0
recipient_withdrawal,2920,V32P-A019247,1,0.49144745469093321,0.49164070487022399,0,0
recipient_withdrawal,2921,V32P-A019248,0,0.032360838167369364,0.032746388763189319,0,0
recipient_withdrawal,2922,V32P-A019249,0,0.49074205160140993,0.48510605096817017,0,0
recipient_withdrawal,2923,V32P-A019250,0,0.50127792358398438,0.49650053977966307,0,0
recipient_withdrawal,2924,V32P-A019251,0,0.3895886719226837,0.38582208156585696,0,0
recipient_withdrawal,2925,V32P-A019252,0,0.2985842227935791,0.29595791101455687,0,0
recipient_withdrawal,2926,V32P-A019253,0,0.21676964163780213,0.21516013741493226,0,0
recipient_withdrawal,2927,V32P-A019254,0,0.09008044153451919,0.090554137527942655,0,0
recipient_withdrawal,2928,V32P-A019285,0,0.41178516149520872,0.40957592129707338,0,0
recipient_withdrawal,2929,V32P-A019286,0,0.40031548738479616,0.39922801852226258,0,0
recipient_withdrawal,2930,V32P-A019287,0,0.37339949905872344,0.37377096116542818,0,0
recipient_withdrawal,2931,V32P-A019288,0,0.29750157594680787,0.29859445095062254,0,0
recipient_withdrawal,2932,V32P-A019289,0,0.23487189412117004,0.236740905046463,0,0
recipient_withdrawal,2933,V32P-A019290,0,0.10188504755496978,0.10365473777055741,0,0
recipient_withdrawal,2934,V32P-A019339,0,0.59078667163848875,0.5808902382850647,0,0
recipient_withdrawal,2935,V32P-A019340,0,0.49890293478965758,0.48285671472549441,0,0
recipient_withdrawal,2936,V32P-A019341,0,0.5094313502311707,0.50061492919921879,0,0
recipient_withdrawal,2937,V32P-A019342,0,0.42604113221168516,0.41832726597785952,0,0
recipient_withdrawal,2938,V32P-A019343,0,0.32739219069480896,0.32035012841224669,0,0
recipient_withdrawal,2939,V32P-A019344,0,0.14130515605211258,0.13865136355161667,0,0
recipient_withdrawal,2940,V32P-A019345,0,0.59542034864425664,0.59099738597869877,0,0
recipient_withdrawal,2941,V32P-A019346,0,0.68438332080841069,0.67994066476821902,1,1
recipient_withdrawal,2942,V32P-A019347,0,0.64607677459716795,0.64186930656433105,1,1
recipient_withdrawal,2943,V32P-A019348,0,0.57735692262649541,0.57350487709045406,0,0
recipient_withdrawal,2944,V32P-A019349,0,0.49263571500778197,0.49056729078292849,0,0
recipient_withdrawal,2945,V32P-A019350,0,0.23955962508916856,0.23987603038549424,0,0
recipient_withdrawal,2946,V32P-A019411,0,0.51348493099212644,0.51151292324066167,0,0
recipient_withdrawal,2947,V32P-A019412,0,0.49616453051567078,0.49410006403923035,0,0
recipient_withdrawal,2948,V32P-A019413,0,0.43387594223022463,0.43186805248260496,0,0
recipient_withdrawal,2949,V32P-A019414,0,0.35592893362045286,0.35531858801841737,0,0
recipient_withdrawal,2950,V32P-A019415,0,0.29035117924213411,0.29155304729938508,0,0
recipient_withdrawal,2951,V32P-A019416,0,0.11717404872179031,0.11862326711416245,0,0
recipient_withdrawal,2952,V32P-A019429,1,0.69828737974166866,0.69031795263290407,1,1
recipient_withdrawal,2953,V32P-A019430,1,0.68416161537170406,0.67368661165237431,1,1
recipient_withdrawal,2954,V32P-A019431,1,0.6797177791595459,0.66910374164581299,1,1
recipient_withdrawal,2955,V32P-A019432,0,0.1652493618428707,0.16173121854662895,0,0
recipient_withdrawal,2956,V32P-A019433,0,0.12089524194598197,0.11965378299355507,0,0
recipient_withdrawal,2957,V32P-A019434,0,0.060427254252135756,0.060191388987004754,0,0
recipient_withdrawal,2958,V32P-A019441,1,0.66002914905548093,0.65089409351348881,1,1
recipient_withdrawal,2959,V32P-A019442,1,0.62339540719985964,0.61494792699813838,1,0
recipient_withdrawal,2960,V32P-A019443,1,0.54276707768440247,0.53507874608039852,0,0
recipient_withdrawal,2961,V32P-A019444,0,0.10324033871293067,0.10316823497414589,0,0
recipient_withdrawal,2962,V32P-A019445,0,0.075873878225684172,0.075979461893439293,0,0
recipient_withdrawal,2963,V32P-A019446,0,0.034327182825654744,0.034404913615435365,0,0
recipient_withdrawal,2964,V32P-A019597,0,0.58145993947982788,0.5800530672073364,0,0
recipient_withdrawal,2965,V32P-A019598,0,0.58776184320449831,0.58664766550064085,0,0
recipient_withdrawal,2966,V32P-A019599,0,0.56471888422965999,0.56348018050193782,0,0
recipient_withdrawal,2967,V32P-A019600,0,0.4898614823818207,0.48893296122550967,0,0
recipient_withdrawal,2968,V32P-A019601,0,0.4187482178211212,0.41940070986747741,0,0
recipient_withdrawal,2969,V32P-A019602,0,0.20901803076267242,0.21146093308925629,0,0
recipient_withdrawal,2970,V32P-A019609,0,0.7065579891204834,0.70186641216278078,1,1
recipient_withdrawal,2971,V32P-A019610,0,0.54993705749511723,0.54161360263824465,0,0
recipient_withdrawal,2972,V32P-A019611,0,0.44341814517974854,0.43422744870185853,0,0
recipient_withdrawal,2973,V32P-A019612,0,0.46457307338714598,0.45513768792152404,0,0
recipient_withdrawal,2974,V32P-A019613,0,0.33447843492031099,0.32717135846614837,0,0
recipient_withdrawal,2975,V32P-A019614,0,0.1377109855413437,0.13496663570404052,0,0
recipient_withdrawal,2976,V32P-A019759,0,0.67092006206512456,0.66813650131225588,1,1
recipient_withdrawal,2977,V32P-A019760,0,0.53788869380950932,0.53427344560623169,0,0
recipient_withdrawal,2978,V32P-A019761,0,0.49701311588287356,0.49378294944763185,0,0
recipient_withdrawal,2979,V32P-A019762,0,0.47267362475395203,0.47041318416595457,0,0
recipient_withdrawal,2980,V32P-A019763,0,0.38626410365104674,0.38454326987266541,0,0
recipient_withdrawal,2981,V32P-A019764,0,0.17524904608726502,0.17500220835208893,0,0
recipient_withdrawal,2982,V32P-A019813,0,0.5540759682655334,0.54804576635360713,0,0
recipient_withdrawal,2983,V32P-A019814,0,0.50157160162925718,0.49580038189887998,0,0
recipient_withdrawal,2984,V32P-A019815,0,0.41853617429733275,0.4129303812980652,0,0
recipient_withdrawal,2985,V32P-A019816,0,0.32709399461746214,0.32373854517936707,0,0
recipient_withdrawal,2986,V32P-A019817,0,0.25058007538318633,0.24855314791202546,0,0
recipient_withdrawal,2987,V32P-A019818,0,0.098121348023414615,0.098295325040817255,0,0
recipient_withdrawal,2988,V32P-A019885,0,0.58675354719161987,0.57697117328643799,0,0
recipient_withdrawal,2989,V32P-A019886,0,0.4978381931781769,0.48918352127075193,0,0
recipient_withdrawal,2990,V32P-A019887,0,0.43283072412014006,0.42528846561908723,0,0
recipient_withdrawal,2991,V32P-A019888,0,0.36973004043102264,0.36382482349872591,0,0
recipient_withdrawal,2992,V32P-A019889,0,0.35331729054450989,0.34838690757751467,0,0
recipient_withdrawal,2993,V32P-A019890,0,0.18422817885875703,0.1830345094203949,0,0
recipient_withdrawal,2994,V32P-A019903,0,0.50742698311805723,0.49628379940986633,0,0
recipient_withdrawal,2995,V32P-A019904,0,0.60723665356636047,0.60059682726860042,0,0
recipient_withdrawal,2996,V32P-A019905,0,0.67855345010757451,0.67236967086791988,1,1
recipient_withdrawal,2997,V32P-A019906,0,0.6617494940757751,0.65501670837402348,1,1
recipient_withdrawal,2998,V32P-A019907,0,0.57817244529724121,0.56403533816337581,0,0
recipient_withdrawal,2999,V32P-A019908,0,0.42513735294342042,0.42034271359443665,0,0
recipient_withdrawal,3000,V32P-A019957,0,0.47081266045570375,0.46408553123474122,0,0
recipient_withdrawal,3001,V32P-A019958,0,0.45437502861022949,0.44867129921913146,0,0
recipient_withdrawal,3002,V32P-A019959,0,0.42790122628211974,0.42202460765838623,0,0
recipient_withdrawal,3003,V32P-A019960,0,0.36475526690483095,0.35951040387153627,0,0
recipient_withdrawal,3004,V32P-A019961,1,0.29079012274742128,0.28690643906593322,0,0
recipient_withdrawal,3005,V32P-A019962,0,0.02348292963579297,0.023618147242814302,0,0
recipient_withdrawal,3006,V32P-A019975,0,0.73615084886550908,0.73387967348098759,1,1
recipient_withdrawal,3007,V32P-A019976,0,0.59956644773483281,0.59710191488265996,0,0
recipient_withdrawal,3008,V32P-A019977,0,0.51823424696922304,0.51014921069145203,0,0
recipient_withdrawal,3009,V32P-A019978,0,0.53648377656936641,0.5352589070796967,0,0
recipient_withdrawal,3010,V32P-A019979,0,0.52552165389060979,0.52471922636032109,0,0
recipient_withdrawal,3011,V32P-A019980,0,0.29118838310241701,0.2922495096921921,0,0
recipient_withdrawal,3012,V32P-A019987,1,0.41916148066520692,0.41478773951530457,0,0
recipient_withdrawal,3013,V32P-A019988,1,0.3844733774662018,0.38129358887672427,0,0
recipient_withdrawal,3014,V32P-A019989,1,0.42154735922813413,0.41691289544105531,0,0
recipient_withdrawal,3015,V32P-A019990,0,0.069810382649302477,0.069528977200388906,0,0
recipient_withdrawal,3016,V32P-A019991,0,0.055926094204187392,0.055915056914091113,0,0
recipient_withdrawal,3017,V32P-A019992,0,0.025418771710246802,0.025524237286299468,0,0
recipient_withdrawal,3018,V32P-A019993,1,0.8429801821708679,0.83630815744400022,1,1
recipient_withdrawal,3019,V32P-A019994,1,0.77099891901016238,0.76235551834106441,1,1
recipient_withdrawal,3020,V32P-A019995,0,0.19707378745079041,0.19363035112619401,0,0
recipient_withdrawal,3021,V32P-A019996,0,0.33103889226913452,0.32392100095748899,0,0
recipient_withdrawal,3022,V32P-A019997,0,0.11646227836608887,0.11526445746421814,0,0
recipient_withdrawal,3023,V32P-A019998,0,0.045906209945678712,0.045788216963410379,0,0
recipient_withdrawal,3024,V32P-A019999,1,0.67844821214675899,0.66998777389526365,1,1
recipient_withdrawal,3025,V32P-A020000,1,0.6600469827651978,0.65199285745620728,1,1
recipient_withdrawal,3026,V32P-A020001,1,0.60247749090194702,0.59535932540893555,0,0
recipient_withdrawal,3027,V32P-A020002,0,0.09951407387852669,0.099215767532587054,0,0
recipient_withdrawal,3028,V32P-A020003,0,0.075086790323257449,0.075108971446752548,0,0
recipient_withdrawal,3029,V32P-A020004,0,0.033344220556318763,0.033457405306398867,0,0
recipient_withdrawal,3030,V32P-A020005,0,0.52765980362892151,0.52797592282295225,0,0
recipient_withdrawal,3031,V32P-A020006,0,0.4436990201473236,0.44430473446846008,0,0
recipient_withdrawal,3032,V32P-A020007,0,0.34146515727043153,0.34181038141250608,0,0
recipient_withdrawal,3033,V32P-A020008,0,0.27080456614494325,0.27092210650444032,0,0
recipient_withdrawal,3034,V32P-A020009,0,0.21501294970512391,0.21540091037750245,0,0
recipient_withdrawal,3035,V32P-A020010,0,0.10228722095489502,0.10318458825349808,0,0
recipient_withdrawal,3036,V32P-A020017,1,0.79337254762649534,0.7906984329223633,1,1
recipient_withdrawal,3037,V32P-A020018,1,0.56820933818817143,0.56561782956123352,0,0
recipient_withdrawal,3038,V32P-A020019,0,0.14069158136844634,0.14150485247373581,0,0
recipient_withdrawal,3039,V32P-A020020,0,0.23828689157962799,0.23872144222259523,0,0
recipient_withdrawal,3040,V32P-A020021,0,0.092840953916311267,0.093249242752790451,0,0
recipient_withdrawal,3041,V32P-A020022,0,0.045538913086056711,0.045870901271700862,0,0
recipient_withdrawal,3042,V32P-A020095,0,0.49446347951889036,0.48909385204315187,0,0
recipient_withdrawal,3043,V32P-A020096,0,0.44690392613410951,0.44178215861320497,0,0
recipient_withdrawal,3044,V32P-A020097,0,0.41721175909042357,0.41385822892189028,0,0
recipient_withdrawal,3045,V32P-A020098,0,0.32570519745349885,0.32408818304538728,0,0
recipient_withdrawal,3046,V32P-A020099,0,0.24232226312160493,0.24169879853725434,0,0
recipient_withdrawal,3047,V32P-A020100,0,0.098619557917118073,0.099136324226856226,0,0
recipient_withdrawal,3048,V32P-A020113,0,0.4142899990081787,0.40963934063911439,0,0
recipient_withdrawal,3049,V32P-A020114,0,0.33966349959373476,0.32917513251304625,0,0
recipient_withdrawal,3050,V32P-A020115,0,0.44516325592994688,0.44163235425949099,0,0
recipient_withdrawal,3051,V32P-A020116,0,0.31709779202938082,0.31533709466457366,0,0
recipient_withdrawal,3052,V32P-A020117,0,0.24735760986804961,0.24678606688976287,0,0
recipient_withdrawal,3053,V32P-A020118,0,0.11146947145462036,0.1117460384964943,0,0
recipient_withdrawal,3054,V32P-A020149,0,0.83012639284133916,0.82473363876342776,1,1
recipient_withdrawal,3055,V32P-A020150,0,0.75126627683639524,0.74369664192199703,1,1
recipient_withdrawal,3056,V32P-A020151,0,0.66338946819305422,0.64951773881912234,1,1
recipient_withdrawal,3057,V32P-A020152,0,0.61844530105590823,0.61105078458786011,0,0
recipient_withdrawal,3058,V32P-A020153,0,0.65307486057281494,0.64579102993011472,1,1
recipient_withdrawal,3059,V32P-A020154,0,0.34767157435417173,0.34400094449520113,0,0
recipient_withdrawal,3060,V32P-A020185,0,0.72979404926300051,0.72540411949157713,1,1
recipient_withdrawal,3061,V32P-A020186,0,0.6071948885917664,0.60199006795883181,0,0
recipient_withdrawal,3062,V32P-A020187,0,0.53853591680526736,0.53376814126968386,0,0
recipient_withdrawal,3063,V32P-A020188,0,0.41394867897033694,0.41104303002357484,0,0
recipient_withdrawal,3064,V32P-A020189,0,0.31651452779769895,0.31423169970512388,0,0
recipient_withdrawal,3065,V32P-A020190,0,0.13888401836156844,0.13850417733192444,0,0
recipient_withdrawal,3066,V32P-A020263,0,0.71772828102111819,0.71315419673919678,1,1
recipient_withdrawal,3067,V32P-A020264,0,0.65402636528015134,0.64938305616378789,1,1
recipient_withdrawal,3068,V32P-A020265,0,0.64727602005004881,0.64211856126785283,1,1
recipient_withdrawal,3069,V32P-A020266,0,0.64871999025344851,0.64198604822158811,1,1
recipient_withdrawal,3070,V32P-A020267,0,0.60572958588600156,0.59695165753364565,0,0
recipient_withdrawal,3071,V32P-A020268,0,0.36076366901397705,0.3542949050664902,0,0
recipient_withdrawal,3072,V32P-A020299,0,0.34573683440685271,0.33625143468379975,0,0
recipient_withdrawal,3073,V32P-A020300,0,0.36572157740592959,0.35673635005950927,0,0
recipient_withdrawal,3074,V32P-A020301,0,0.30280334353446958,0.29523472785949706,0,0
recipient_withdrawal,3075,V32P-A020302,0,0.28466325700283052,0.27070551812648774,0,0
recipient_withdrawal,3076,V32P-A020303,0,0.16392268985509872,0.16017806380987168,0,0
recipient_withdrawal,3077,V32P-A020304,0,0.070861296355724329,0.070105566084384924,0,0
recipient_withdrawal,3078,V32P-A020431,0,0.28279387056827543,0.28517276346683501,0,0
recipient_withdrawal,3079,V32P-A020432,0,0.28579602837562562,0.28788498044013977,0,0
recipient_withdrawal,3080,V32P-A020433,0,0.25922945141792297,0.26112387776374818,0,0
recipient_withdrawal,3081,V32P-A020434,0,0.21762700080871583,0.21927011013031006,0,0
recipient_withdrawal,3082,V32P-A020435,1,0.17770048379898071,0.17960764467716217,0,0
recipient_withdrawal,3083,V32P-A020436,0,0.022280430281534792,0.022838415252044796,0,0
recipient_withdrawal,3084,V32P-A020437,1,0.52750605344772339,0.5172361016273499,0,0
recipient_withdrawal,3085,V32P-A020438,1,0.53457086682319643,0.5263332307338715,0,0
recipient_withdrawal,3086,V32P-A020439,0,0.1188423715531826,0.11595365777611732,0,0
recipient_withdrawal,3087,V32P-A020440,0,0.19376094788312911,0.18776389509439467,0,0
recipient_withdrawal,3088,V32P-A020441,0,0.06805749908089638,0.066740236431360248,0,0
recipient_withdrawal,3089,V32P-A020442,0,0.032008373923599717,0.031678615324199202,0,0
recipient_withdrawal,3090,V32P-A020449,0,0.57900660037994389,0.56516622304916386,0,0
recipient_withdrawal,3091,V32P-A020450,0,0.66750818490982056,0.65613374710083006,1,1
recipient_withdrawal,3092,V32P-A020451,0,0.66555052995681763,0.65455427169799807,1,1
recipient_withdrawal,3093,V32P-A020452,0,0.64748018980026245,0.635308301448822,1,1
recipient_withdrawal,3094,V32P-A020453,0,0.59770575761795042,0.58565983176231384,0,0
recipient_withdrawal,3095,V32P-A020454,0,0.054466724023222925,0.054408048838377,0,0
recipient_withdrawal,3096,V32P-A020467,0,0.53032267093658447,0.52860955595970149,0,0
recipient_withdrawal,3097,V32P-A020468,0,0.48987522721290588,0.48882591128349306,0,0
recipient_withdrawal,3098,V32P-A020469,0,0.46306471228599549,0.46277844905853271,0,0
recipient_withdrawal,3099,V32P-A020470,0,0.38757681846618652,0.38842204213142395,0,0
recipient_withdrawal,3100,V32P-A020471,0,0.3219298183917999,0.32325450778007508,0,0
recipient_withdrawal,3101,V32P-A020472,0,0.15903118997812271,0.16032396405935287,0,0
recipient_withdrawal,3102,V32P-A020473,0,0.62363002300262449,0.61752442121505735,1,0
recipient_withdrawal,3103,V32P-A020474,0,0.63071877956390376,0.62681291103363035,1,1
recipient_withdrawal,3104,V32P-A020475,0,0.60355855226516719,0.60013134479522701,0,0
recipient_withdrawal,3105,V32P-A020476,0,0.53089905381202696,0.52923915982246394,0,0
recipient_withdrawal,3106,V32P-A020477,0,0.44274140596389772,0.4425844609737396,0,0
recipient_withdrawal,3107,V32P-A020478,0,0.18524672389030455,0.18666182160377504,0,0
recipient_withdrawal,3108,V32P-A020533,0,0.65654878616333012,0.65624203681945803,1,1
recipient_withdrawal,3109,V32P-A020534,0,0.5136537373065948,0.51112623810768132,0,0
recipient_withdrawal,3110,V32P-A020535,0,0.55201292634010313,0.55327478051185608,0,0
recipient_withdrawal,3111,V32P-A020536,0,0.49457827210426331,0.49645602107048037,0,0
recipient_withdrawal,3112,V32P-A020537,0,0.41777986288070679,0.4213865578174591,0,0
recipient_withdrawal,3113,V32P-A020538,0,0.21863078325986862,0.22503571361303329,0,0
recipient_withdrawal,3114,V32P-A020551,0,0.72328664064407344,0.71950964927673344,1,1
recipient_withdrawal,3115,V32P-A020552,0,0.53023321032524107,0.527913898229599,0,0
recipient_withdrawal,3116,V32P-A020553,0,0.4310005843639374,0.43062474131584166,0,0
recipient_withdrawal,3117,V32P-A020554,0,0.41998233199119567,0.41908242106437682,0,0
recipient_withdrawal,3118,V32P-A020555,0,0.3438793420791626,0.34413552880287168,0,0
recipient_withdrawal,3119,V32P-A020556,0,0.17124957740306854,0.17235297560691834,0,0
recipient_withdrawal,3120,V32P-A020611,0,0.76291861534118655,0.75669010877609255,1,1
recipient_withdrawal,3121,V32P-A020612,0,0.61811740398406978,0.60889484882354739,0,0
recipient_withdrawal,3122,V32P-A020613,0,0.64756653904914852,0.63180616497993469,1,1
recipient_withdrawal,3123,V32P-A020614,0,0.48696689009666444,0.47774609327316286,0,0
recipient_withdrawal,3124,V32P-A020615,0,0.43413894176483153,0.42613094449043276,0,0
recipient_withdrawal,3125,V32P-A020616,0,0.23274307399988176,0.22937906831502913,0,0
recipient_withdrawal,3126,V32P-A020617,0,0.49513439536094667,0.48182235956192015,0,0
recipient_withdrawal,3127,V32P-A020618,0,0.48344902396202089,0.47096098661422731,0,0
recipient_withdrawal,3128,V32P-A020619,0,0.45323828458786009,0.44222631454467776,0,0
recipient_withdrawal,3129,V32P-A020620,0,0.3982259273529053,0.38909732699394228,0,0
recipient_withdrawal,3130,V32P-A020621,0,0.33079928457736968,0.3247115582227707,0,0
recipient_withdrawal,3131,V32P-A020622,0,0.042657227627933024,0.042746759392321108,0,0
recipient_withdrawal,3132,V32P-A020629,0,0.63616604804992671,0.63267596960067751,1,1
recipient_withdrawal,3133,V32P-A020630,0,0.64877150058746336,0.63713077306747434,1,1
recipient_withdrawal,3134,V32P-A020631,0,0.68550966978073125,0.68231538534164426,1,1
recipient_withdrawal,3135,V32P-A020632,0,0.63098957538604739,0.62794786691665649,1,1
recipient_withdrawal,3136,V32P-A020633,0,0.57196998000144961,0.56980047821998592,0,0
recipient_withdrawal,3137,V32P-A020634,0,0.30478559732437133,0.30552770495414733,0,0
recipient_withdrawal,3138,V32P-A020785,0,0.62079106569290166,0.61881372928619383,1,0
recipient_withdrawal,3139,V32P-A020786,0,0.5605062782764435,0.55805782675743099,0,0
recipient_withdrawal,3140,V32P-A020787,0,0.51042608618736263,0.50813460946083067,0,0
recipient_withdrawal,3141,V32P-A020788,0,0.42130635976791381,0.42053424715995791,0,0
recipient_withdrawal,3142,V32P-A020789,0,0.3283696949481964,0.32816545963287352,0,0
recipient_withdrawal,3143,V32P-A020790,0,0.13585920333862306,0.13668372333049775,0,0
recipient_withdrawal,3144,V32P-A020827,0,0.68201453685760494,0.6791393637657166,1,1
recipient_withdrawal,3145,V32P-A020828,0,0.54082211256027224,0.53487330079078677,0,0
recipient_withdrawal,3146,V32P-A020829,0,0.5039330899715424,0.49848054051399232,0,0
recipient_withdrawal,3147,V32P-A020830,0,0.43853754401206968,0.43415497541427611,0,0
recipient_withdrawal,3148,V32P-A020831,0,0.35056398510932923,0.34646999835968018,0,0
recipient_withdrawal,3149,V32P-A020832,0,0.16221445053815842,0.16076867431402206,0,0
recipient_withdrawal,3150,V32P-A020875,0,0.76058065891265869,0.74417178630828862,1,1
recipient_withdrawal,3151,V32P-A020876,0,0.6731310367584229,0.65439131259918215,1,1
recipient_withdrawal,3152,V32P-A020877,0,0.56575231552124028,0.5393782317638397,0,0
recipient_withdrawal,3153,V32P-A020878,0,0.47444128394126894,0.45810375213623045,0,0
recipient_withdrawal,3154,V32P-A020879,0,0.41955309808254243,0.40562454760074618,0,0
recipient_withdrawal,3155,V32P-A020880,0,0.29807880520820618,0.28781546056270602,0,0
recipient_withdrawal,3156,V32P-A020941,0,0.5045674324035645,0.49399242997169496,0,0
recipient_withdrawal,3157,V32P-A020942,0,0.49006702899932864,0.47806388139724731,0,0
recipient_withdrawal,3158,V32P-A020943,0,0.43640725016593934,0.42488218545913697,0,0
recipient_withdrawal,3159,V32P-A020944,0,0.35284996330738067,0.34373976290225983,0,0
recipient_withdrawal,3160,V32P-A020945,0,0.27569825649261476,0.2696650564670563,0,0
recipient_withdrawal,3161,V32P-A020946,0,0.11917036175727844,0.11766362041234971,0,0
recipient_withdrawal,3162,V32P-A020959,0,0.39495859146118162,0.39507810473442079,0,0
recipient_withdrawal,3163,V32P-A020960,0,0.4885413646697998,0.4891765356063843,0,0
recipient_withdrawal,3164,V32P-A020961,0,0.45027317404747008,0.45131488442420958,0,0
recipient_withdrawal,3165,V32P-A020962,0,0.3991512656211853,0.40060499906539915,0,0
recipient_withdrawal,3166,V32P-A020963,0,0.30168460309505463,0.30403232872486113,0,0
recipient_withdrawal,3167,V32P-A020964,0,0.025863132812082766,0.026517480053007601,0,0
recipient_withdrawal,3168,V32P-A020965,0,0.65510513782501223,0.65126078128814702,1,1
recipient_withdrawal,3169,V32P-A020966,0,0.58225482702255249,0.57806370258331297,0,0
recipient_withdrawal,3170,V32P-A020967,0,0.55259772539138796,0.54922877550125127,0,0
recipient_withdrawal,3171,V32P-A020968,0,0.48510053157806399,0.48287605047225951,0,0
recipient_withdrawal,3172,V32P-A020969,0,0.40349640846252444,0.40256585478782653,0,0
recipient_withdrawal,3173,V32P-A020970,0,0.1841004341840744,0.18420104086399078,0,0
recipient_withdrawal,3174,V32P-A020995,0,0.71775763034820561,0.70928277969360354,1,1
recipient_withdrawal,3175,V32P-A020996,0,0.62052401304244997,0.61093323230743413,1,0
recipient_withdrawal,3176,V32P-A020997,0,0.54211371541023257,0.53269219994544981,0,0
recipient_withdrawal,3177,V32P-A020998,0,0.49711530804634096,0.48759752511978149,0,0
recipient_withdrawal,3178,V32P-A020999,0,0.484665709733963,0.473941034078598,0,0
recipient_withdrawal,3179,V32P-A021000,0,0.27454221695661546,0.26572032421827319,0,0
recipient_withdrawal,3180,V32P-A021037,0,0.78882505893707278,0.78261362314224248,1,1
recipient_withdrawal,3181,V32P-A021038,0,0.61537821292877193,0.59794348478317261,0,0
recipient_withdrawal,3182,V32P-A021039,0,0.51846732497215275,0.51025967001914974,0,0
recipient_withdrawal,3183,V32P-A021040,0,0.57686179280281069,0.56745839715003965,0,0
recipient_withdrawal,3184,V32P-A021041,0,0.42914279997348787,0.4209230452775955,0,0
recipient_withdrawal,3185,V32P-A021042,0,0.2260059267282486,0.22385542392730712,0,0
recipient_withdrawal,3186,V32P-A021043,0,0.75810604095458989,0.7513247489929199,1,1
recipient_withdrawal,3187,V32P-A021044,0,0.72479047775268557,0.71677547693252563,1,1
recipient_withdrawal,3188,V32P-A021045,0,0.72359311580657959,0.71517072916030888,1,1
recipient_withdrawal,3189,V32P-A021046,0,0.70732610225677495,0.69785625934600826,1,1
recipient_withdrawal,3190,V32P-A021047,1,0.6558150053024292,0.64331526756286617,1,1
recipient_withdrawal,3191,V32P-A021048,0,0.055204990878701211,0.054832904040813445,0,0
recipient_withdrawal,3192,V32P-A021055,0,0.57046583294868469,0.56523852944374087,0,0
recipient_withdrawal,3193,V32P-A021056,0,0.65604346990585327,0.65066704750061033,1,1
recipient_withdrawal,3194,V32P-A021057,0,0.67591618299484257,0.67175397872924802,1,1
recipient_withdrawal,3195,V32P-A021058,1,0.60860427618026736,0.60540827512741091,0,0
recipient_withdrawal,3196,V32P-A021059,0,0.085917729139328006,0.086732180416584009,0,0
recipient_withdrawal,3197,V32P-A021060,0,0.035235932096838951,0.035865822806954384,0,0
recipient_withdrawal,3198,V32P-A021079,1,0.83785147666931148,0.83133265972137449,1,1
recipient_withdrawal,3199,V32P-A021080,1,0.73789634704589846,0.72689560651779173,1,1
recipient_withdrawal,3200,V32P-A021081,1,0.68463892936706539,0.67464308738708501,1,1
recipient_withdrawal,3201,V32P-A021082,0,0.15912919938564302,0.15820807516574859,0,0
recipient_withdrawal,3202,V32P-A021083,0,0.1299160674214363,0.12943851351737976,0,0
recipient_withdrawal,3203,V32P-A021084,0,0.05332112740725279,0.053240180015563965,0,0
recipient_withdrawal,3204,V32P-A021115,0,0.5497079133987427,0.54531468152999873,0,0
recipient_withdrawal,3205,V32P-A021116,0,0.42162696123123167,0.41740440130233764,0,0
recipient_withdrawal,3206,V32P-A021117,0,0.37055644690990447,0.36702813804149625,0,0
recipient_withdrawal,3207,V32P-A021118,0,0.39884849786758425,0.3861865162849426,0,0
recipient_withdrawal,3208,V32P-A021119,0,0.24256121814250947,0.23919581472873688,0,0
recipient_withdrawal,3209,V32P-A021120,0,0.019095015688799323,0.019219297333620489,0,0
recipient_withdrawal,3210,V32P-A021133,0,0.51386996507644656,0.49202882647514345,0,0
recipient_withdrawal,3211,V32P-A021134,0,0.49548360407352449,0.47503632605075835,0,0
recipient_withdrawal,3212,V32P-A021135,0,0.38165989518165588,0.36616058349609376,0,0
recipient_withdrawal,3213,V32P-A021136,0,0.29994049668312073,0.2902041435241699,0,0
recipient_withdrawal,3214,V32P-A021137,1,0.24270823299884797,0.23666542768478394,0,0
recipient_withdrawal,3215,V32P-A021138,0,0.026500447117723525,0.026282147713936867,0,0
recipient_withdrawal,3216,V32P-A021157,0,0.68624494075775144,0.68122491836547849,1,1
recipient_withdrawal,3217,V32P-A021158,0,0.58436332345008846,0.57690814137458801,0,0
recipient_withdrawal,3218,V32P-A021159,0,0.54445641040802006,0.53754930496215825,0,0
recipient_withdrawal,3219,V32P-A021160,0,0.45422013401985167,0.44435866475105285,0,0
recipient_withdrawal,3220,V32P-A021161,0,0.35671078562736513,0.34755695462226865,0,0
recipient_withdrawal,3221,V32P-A021162,0,0.13913837969303131,0.13508713245391846,0,0
recipient_withdrawal,3222,V32P-A021175,0,0.71575480699539185,0.70857263803482051,1,1
recipient_withdrawal,3223,V32P-A021176,0,0.63706506490707393,0.62792382240295408,1,1
recipient_withdrawal,3224,V32P-A021177,0,0.59418143033981319,0.58511860370635982,0,0
recipient_withdrawal,3225,V32P-A021178,0,0.50175098180770872,0.49287675619125365,0,0
recipient_withdrawal,3226,V32P-A021179,0,0.40278053283691406,0.39475722908973693,0,0
recipient_withdrawal,3227,V32P-A021180,0,0.17110198140144348,0.1672186017036438,0,0
recipient_withdrawal,3228,V32P-A021181,0,0.58170738220214846,0.57583582401275635,0,0
recipient_withdrawal,3229,V32P-A021182,0,0.56384868025779722,0.55955196022987364,0,0
recipient_withdrawal,3230,V32P-A021183,0,0.46692205667495729,0.45815140008926392,0,0
recipient_withdrawal,3231,V32P-A021184,0,0.43604717850685121,0.4346357762813568,0,0
recipient_withdrawal,3232,V32P-A021185,0,0.36896545588970187,0.36895456016063688,0,0
recipient_withdrawal,3233,V32P-A021186,0,0.1708294540643692,0.17294428050518035,0,0
recipient_withdrawal,3234,V32P-A021187,0,0.59272652864456177,0.58754529953002932,0,0
recipient_withdrawal,3235,V32P-A021188,0,0.57207891941070554,0.56884313821792598,0,0
recipient_withdrawal,3236,V32P-A021189,0,0.53927391767501831,0.53679617643356325,0,0
recipient_withdrawal,3237,V32P-A021190,0,0.46685416102409361,0.46550102829933165,0,0
recipient_withdrawal,3238,V32P-A021191,1,0.37432430982589721,0.37425311803817751,0,0
recipient_withdrawal,3239,V32P-A021192,0,0.029404972121119498,0.029765784740447998,0,0
recipient_withdrawal,3240,V32P-A021211,0,0.70286077260971069,0.69980428218841551,1,1
recipient_withdrawal,3241,V32P-A021212,0,0.48548073768615724,0.48262329101562501,0,0
recipient_withdrawal,3242,V32P-A021213,0,0.46515137553215025,0.46400895714759827,0,0
recipient_withdrawal,3243,V32P-A021214,0,0.45995538830757143,0.45833047032356261,0,0
recipient_withdrawal,3244,V32P-A021215,0,0.49018984436988833,0.48818288445472718,0,0
recipient_withdrawal,3245,V32P-A021216,0,0.1674690216779709,0.16738970577716827,0,0
recipient_withdrawal,3246,V32P-A021301,0,0.5659966349601746,0.56286002397537227,0,0
recipient_withdrawal,3247,V32P-A021302,0,0.48659073710441592,0.48285804390907289,0,0
recipient_withdrawal,3248,V32P-A021303,0,0.40473084449768065,0.40209656953811646,0,0
recipient_withdrawal,3249,V32P-A021304,0,0.32760507762432101,0.32544842660427092,0,0
recipient_withdrawal,3250,V32P-A021305,0,0.32335478663444517,0.32218258976936343,0,0
recipient_withdrawal,3251,V32P-A021306,0,0.16242649406194687,0.16229768246412277,0,0
recipient_withdrawal,3252,V32P-A021385,0,0.71452554464340212,0.70744864940643315,1,1
recipient_withdrawal,3253,V32P-A021386,0,0.56928843259811401,0.56142625808715818,0,0
recipient_withdrawal,3254,V32P-A021387,0,0.54081970453262329,0.53348810672760005,0,0
recipient_withdrawal,3255,V32P-A021388,0,0.56839050054550166,0.56096814870834355,0,0
recipient_withdrawal,3256,V32P-A021389,0,0.51387919187545772,0.50492515563964846,0,0
recipient_withdrawal,3257,V32P-A021390,0,0.04429355952888727,0.044367927871644494,0,0
recipient_withdrawal,3258,V32P-A021481,0,0.64965742826461792,0.6376679539680481,1,1
recipient_withdrawal,3259,V32P-A021482,0,0.57367485761642456,0.56202921867370603,0,0
recipient_withdrawal,3260,V32P-A021483,0,0.64301700592041011,0.62268415689468382,1,1
recipient_withdrawal,3261,V32P-A021484,0,0.43864140212535857,0.42783442437648772,0,0
recipient_withdrawal,3262,V32P-A021485,0,0.34018673896789553,0.33274804651737211,0,0
recipient_withdrawal,3263,V32P-A021486,0,0.17936268746852874,0.17725559771060945,0,0
recipient_withdrawal,3264,V32P-A021493,0,0.74146829843521123,0.73759576082229616,1,1
recipient_withdrawal,3265,V32P-A021494,0,0.70135024785995481,0.69635320901870723,1,1
recipient_withdrawal,3266,V32P-A021495,0,0.6246822595596313,0.61980000734329221,1,0
recipient_withdrawal,3267,V32P-A021496,0,0.56508792638778682,0.55973542928695674,0,0
recipient_withdrawal,3268,V32P-A021497,0,0.49060254096984862,0.48608553409576416,0,0
recipient_withdrawal,3269,V32P-A021498,0,0.23279716074466705,0.23051322102546692,0,0
recipient_withdrawal,3270,V32P-A021553,1,0.63404638767242427,0.6347230076789856,1,1
recipient_withdrawal,3271,V32P-A021554,1,0.55528072118759153,0.55662324428558352,0,0
recipient_withdrawal,3272,V32P-A021555,1,0.51000781059265132,0.51183955073356624,0,0
recipient_withdrawal,3273,V32P-A021556,0,0.10008377432823182,0.10197730362415314,0,0
recipient_withdrawal,3274,V32P-A021557,0,0.08390768021345138,0.085804012417793271,0,0
recipient_withdrawal,3275,V32P-A021558,0,0.036316145956516263,0.037028564885258672,0,0
recipient_withdrawal,3276,V32P-A021577,0,0.50803963541984554,0.49602013230323794,0,0
recipient_withdrawal,3277,V32P-A021578,0,0.56675558686256411,0.55987551808357239,0,0
recipient_withdrawal,3278,V32P-A021579,0,0.46693320870399474,0.45853421092033386,0,0
recipient_withdrawal,3279,V32P-A021580,0,0.38308537602424619,0.37598546743392947,0,0
recipient_withdrawal,3280,V32P-A021581,0,0.26908333003520968,0.26416700184345243,0,0
recipient_withdrawal,3281,V32P-A021582,0,0.099077223241329199,0.09824404567480087,0,0
recipient_withdrawal,3282,V32P-A021607,0,0.60372557640075686,0.5994531512260437,0,0
recipient_withdrawal,3283,V32P-A021608,0,0.59879096746444704,0.59416323900222778,0,0
recipient_withdrawal,3284,V32P-A021609,0,0.59021232128143308,0.5855860710144043,0,0
recipient_withdrawal,3285,V32P-A021610,0,0.53404603004455564,0.5285910964012146,0,0
recipient_withdrawal,3286,V32P-A021611,0,0.46234642863273623,0.45710878968238833,0,0
recipient_withdrawal,3287,V32P-A021612,0,0.03625694438815117,0.036384701728820801,0,0
recipient_withdrawal,3288,V32P-A021625,0,0.49375222325325013,0.48925092816352844,0,0
recipient_withdrawal,3289,V32P-A021626,0,0.51110073924064636,0.50758643746376042,0,0
recipient_withdrawal,3290,V32P-A021627,0,0.49260586500167847,0.47913602590560911,0,0
recipient_withdrawal,3291,V32P-A021628,0,0.45767650008201599,0.4534492313861847,0,0
recipient_withdrawal,3292,V32P-A021629,0,0.37820933163166048,0.37479925453662871,0,0
recipient_withdrawal,3293,V32P-A021630,0,0.18738061040639878,0.18665320128202439,0,0
recipient_withdrawal,3294,V32P-A021685,0,0.73458044528961186,0.728570020198822,1,1
recipient_withdrawal,3295,V32P-A021686,0,0.63790946006774907,0.63006836175918579,1,1
recipient_withdrawal,3296,V32P-A021687,0,0.58369414806365971,0.57624712586402893,0,0
recipient_withdrawal,3297,V32P-A021688,0,0.58148416280746462,0.57553054094314571,0,0
recipient_withdrawal,3298,V32P-A021689,0,0.46230172514915469,0.45523014068603518,0,0
recipient_withdrawal,3299,V32P-A021690,0,0.22949936687946321,0.22708196043968201,0,0
recipient_withdrawal,3300,V32P-A021703,0,0.7412667512893677,0.73527698516845708,1,1
recipient_withdrawal,3301,V32P-A021704,0,0.68629817962646489,0.68030990362167354,1,1
recipient_withdrawal,3302,V32P-A021705,0,0.63342843055725095,0.62678470611572268,1,1
recipient_withdrawal,3303,V32P-A021706,1,0.54550741910934453,0.53955786228179936,0,0
recipient_withdrawal,3304,V32P-A021707,0,0.079253685474395749,0.07930911928415299,0,0
recipient_withdrawal,3305,V32P-A021708,0,0.035553464666008949,0.035629014670848849,0,0
recipient_withdrawal,3306,V32P-A021733,0,0.72943704128265385,0.72542625665664673,1,1
recipient_withdrawal,3307,V32P-A021734,0,0.61473799943923946,0.60851025581359863,0,0
recipient_withdrawal,3308,V32P-A021735,0,0.54616636037826538,0.54065623283386233,0,0
recipient_withdrawal,3309,V32P-A021736,0,0.58077320456504822,0.57778026461601262,0,0
recipient_withdrawal,3310,V32P-A021737,0,0.45285008549690248,0.44834711551666262,0,0
recipient_withdrawal,3311,V32P-A021738,0,0.26776912510395051,0.2653169184923172,0,0
recipient_withdrawal,3312,V32P-A021751,0,0.46275133490562437,0.46021991372108462,0,0
recipient_withdrawal,3313,V32P-A021752,0,0.45913127660751341,0.45745108127593992,0,0
recipient_withdrawal,3314,V32P-A021753,0,0.41225042343139651,0.41112074255943298,0,0
recipient_withdrawal,3315,V32P-A021754,0,0.33459639549255371,0.33411993980407717,0,0
recipient_withdrawal,3316,V32P-A021755,0,0.26514586508274079,0.26545293033123019,0,0
recipient_withdrawal,3317,V32P-A021756,0,0.12015111744403839,0.12115630507469177,0,0
recipient_withdrawal,3318,V32P-A021793,0,0.81183228492736814,0.80568149089813235,1,1
recipient_withdrawal,3319,V32P-A021794,0,0.72297179698944092,0.71582083702087407,1,1
recipient_withdrawal,3320,V32P-A021795,0,0.69665379524230953,0.69035593271255491,1,1
recipient_withdrawal,3321,V32P-A021796,0,0.62086901664733884,0.61395130157470701,1,0
recipient_withdrawal,3322,V32P-A021797,0,0.55979230403900149,0.5534995317459106,0,0
recipient_withdrawal,3323,V32P-A021798,0,0.31974199116230012,0.31600474417209623,0,0
recipient_withdrawal,3324,V32P-A021817,0,0.41098374128341675,0.40829735994338989,0,0
recipient_withdrawal,3325,V32P-A021818,0,0.47306838631629944,0.47171397805213927,0,0
recipient_withdrawal,3326,V32P-A021819,0,0.46654813289642333,0.46549401283264158,0,0
recipient_withdrawal,3327,V32P-A021820,0,0.40351310968399046,0.40283060073852539,0,0
recipient_withdrawal,3328,V32P-A021821,0,0.32471767067909241,0.32434534430503847,0,0
recipient_withdrawal,3329,V32P-A021822,0,0.14718900620937347,0.14832057654857636,0,0
recipient_withdrawal,3330,V32P-A021835,0,0.45502928495407102,0.44807723760604856,0,0
recipient_withdrawal,3331,V32P-A021836,0,0.3994284927845001,0.39350926876068115,0,0
recipient_withdrawal,3332,V32P-A021837,0,0.34194648563861846,0.33837898671627042,0,0
recipient_withdrawal,3333,V32P-A021838,0,0.28915651440620421,0.28682900071144102,0,0
recipient_withdrawal,3334,V32P-A021839,0,0.2226736068725586,0.22133295834064484,0,0
recipient_withdrawal,3335,V32P-A021840,0,0.099435758590698239,0.09947670847177506,0,0
recipient_withdrawal,3336,V32P-A021883,0,0.55538035631179805,0.55331029891967776,0,0
recipient_withdrawal,3337,V32P-A021884,0,0.45929278731346129,0.45687404274940491,0,0
recipient_withdrawal,3338,V32P-A021885,0,0.39385348558425903,0.39261692762374878,0,0
recipient_withdrawal,3339,V32P-A021886,0,0.32165666222572326,0.32074208855628966,0,0
recipient_withdrawal,3340,V32P-A021887,0,0.2533403128385544,0.25286121070384981,0,0
recipient_withdrawal,3341,V32P-A021888,0,0.11989092975854873,0.11971363574266433,0,0
recipient_withdrawal,3342,V32P-A021913,0,0.3412438452243805,0.3396916389465332,0,0
recipient_withdrawal,3343,V32P-A021914,0,0.32793166041374205,0.32480340600013735,0,0
recipient_withdrawal,3344,V32P-A021915,0,0.3785827696323395,0.37840850353240968,0,0
recipient_withdrawal,3345,V32P-A021916,0,0.3278959572315216,0.32842836976051332,0,0
recipient_withdrawal,3346,V32P-A021917,0,0.26490903794765475,0.26588273942470553,0,0
recipient_withdrawal,3347,V32P-A021918,0,0.12032832875847817,0.12223200872540474,0,0
recipient_withdrawal,3348,V32P-A021925,1,0.87833887338638306,0.87364332675933842,1,1
recipient_withdrawal,3349,V32P-A021926,1,0.68279134035110478,0.67191933393478398,1,1
recipient_withdrawal,3350,V32P-A021927,1,0.56125465631484983,0.54699387550354006,0,0
recipient_withdrawal,3351,V32P-A021928,0,0.20878222435712815,0.20498325079679489,0,0
recipient_withdrawal,3352,V32P-A021929,0,0.09784445315599441,0.097223810851573944,0,0
recipient_withdrawal,3353,V32P-A021930,0,0.040574075281620027,0.040717938169837001,0,0
recipient_withdrawal,3354,V32P-A021955,0,0.44462667703628539,0.43436962366104126,0,0
recipient_withdrawal,3355,V32P-A021956,0,0.5149995028972626,0.50727376341819763,0,0
recipient_withdrawal,3356,V32P-A021957,0,0.50097218751907346,0.49441264867782592,0,0
recipient_withdrawal,3357,V32P-A021958,0,0.45347868800163271,0.44746054410934449,0,0
recipient_withdrawal,3358,V32P-A021959,0,0.38808756470680239,0.38354439735412599,0,0
recipient_withdrawal,3359,V32P-A021960,0,0.18601081818342208,0.1850959375500679,0,0
recipient_withdrawal,3360,V32P-A021997,0,0.41647625565528867,0.41710171699523924,0,0
recipient_withdrawal,3361,V32P-A021998,0,0.39997942447662355,0.4010160744190216,0,0
recipient_withdrawal,3362,V32P-A021999,0,0.37972979545593261,0.38101968765258787,0,0
recipient_withdrawal,3363,V32P-A022000,0,0.35034014880657194,0.35160396397113802,0,0
recipient_withdrawal,3364,V32P-A022001,0,0.25340296030044557,0.25578047335147858,0,0
recipient_withdrawal,3365,V32P-A022002,0,0.12492526322603226,0.12627425044775009,0,0
recipient_withdrawal,3366,V32P-A022021,0,0.54690406918525691,0.54275162816047673,0,0
recipient_withdrawal,3367,V32P-A022022,0,0.57654999494552617,0.57364619970321651,0,0
recipient_withdrawal,3368,V32P-A022023,0,0.4635506272315979,0.4543242812156677,0,0
recipient_withdrawal,3369,V32P-A022024,0,0.50058866739273067,0.49756147861480715,0,0
recipient_withdrawal,3370,V32P-A022025,0,0.42759916782379148,0.42505224943161013,0,0
recipient_withdrawal,3371,V32P-A022026,0,0.21476973295211793,0.21363347172737121,0,0
recipient_withdrawal,3372,V32P-A022033,0,0.6718201279640198,0.66601905822753904,1,1
recipient_withdrawal,3373,V32P-A022034,0,0.5521607458591461,0.5478854358196259,0,0
recipient_withdrawal,3374,V32P-A022035,0,0.44836528301239015,0.4440488636493683,0,0
recipient_withdrawal,3375,V32P-A022036,0,0.36295232176780701,0.35958603620529173,0,0
recipient_withdrawal,3376,V32P-A022037,0,0.31225574016571045,0.30896158814430236,0,0
recipient_withdrawal,3377,V32P-A022038,0,0.14746702462434769,0.14598032385110854,0,0
recipient_withdrawal,3378,V32P-A022183,0,0.7743716835975647,0.76468389034271245,1,1
recipient_withdrawal,3379,V32P-A022184,0,0.69219809770584106,0.68299219608306883,1,1
recipient_withdrawal,3380,V32P-A022185,0,0.60624091625213627,0.59728839397430422,0,0
recipient_withdrawal,3381,V32P-A022186,0,0.55582857728004453,0.54904947280883787,0,0
recipient_withdrawal,3382,V32P-A022187,0,0.48098852634429934,0.47617594003677366,0,0
recipient_withdrawal,3383,V32P-A022188,0,0.046531763300299643,0.046629671007394791,0,0
recipient_withdrawal,3384,V32P-A022189,0,0.79595789909362791,0.79062844514846797,1,1
recipient_withdrawal,3385,V32P-A022190,0,0.70688436031341551,0.7011843681335449,1,1
recipient_withdrawal,3386,V32P-A022191,0,0.62415591478347776,0.61921448707580562,1,0
recipient_withdrawal,3387,V32P-A022192,0,0.57925119400024416,0.57570146322250371,0,0
recipient_withdrawal,3388,V32P-A022193,0,0.56155789494514463,0.54577661752700801,0,0
recipient_withdrawal,3389,V32P-A022194,0,0.26280124187469484,0.26041642129421233,0,0
recipient_withdrawal,3390,V32P-A022219,0,0.75891329050064082,0.75253758430480955,1,1
recipient_withdrawal,3391,V32P-A022220,0,0.56001595258712766,0.54393827319145205,0,0
recipient_withdrawal,3392,V32P-A022221,0,0.60685778856277461,0.59599310159683228,0,0
recipient_withdrawal,3393,V32P-A022222,1,0.71153355836868282,0.70369749069213872,1,1
recipient_withdrawal,3394,V32P-A022223,0,0.087396979331970215,0.086454569548368457,0,0
recipient_withdrawal,3395,V32P-A022224,0,0.037297940626740453,0.037067805975675584,0,0
recipient_withdrawal,3396,V32P-A022297,0,0.44528409242630007,0.44262658953666689,0,0
recipient_withdrawal,3397,V32P-A022298,0,0.42030961513519288,0.41836085915565491,0,0
recipient_withdrawal,3398,V32P-A022299,0,0.40446884632110597,0.40370662808418273,0,0
recipient_withdrawal,3399,V32P-A022300,0,0.37259016036987302,0.37237839102745057,0,0
recipient_withdrawal,3400,V32P-A022301,0,0.26719698309898376,0.2675595462322235,0,0
recipient_withdrawal,3401,V32P-A022302,0,0.13167567253112794,0.13319084346294402,0,0
recipient_withdrawal,3402,V32P-A022375,0,0.74319536685943599,0.73668344020843501,1,1
recipient_withdrawal,3403,V32P-A022376,0,0.65741972923278813,0.64837609529495244,1,1
recipient_withdrawal,3404,V32P-A022377,0,0.76985242366790774,0.75902556180953984,1,1
recipient_withdrawal,3405,V32P-A022378,0,0.57669872641563413,0.56740432381629946,0,0
recipient_withdrawal,3406,V32P-A022379,0,0.48860273957252504,0.48068289756774901,0,0
recipient_withdrawal,3407,V32P-A022380,0,0.24326722621917723,0.24013169407844542,0,0
recipient_withdrawal,3408,V32P-A022453,0,0.70043628215789799,0.69836782217025761,1,1
recipient_withdrawal,3409,V32P-A022454,0,0.65655289888381962,0.65502216815948489,1,1
recipient_withdrawal,3410,V32P-A022455,0,0.63311895132064822,0.63288319110870361,1,1
recipient_withdrawal,3411,V32P-A022456,0,0.57071423530578613,0.57167956829071043,0,0
recipient_withdrawal,3412,V32P-A022457,0,0.48148309588432314,0.48334305882453921,0,0
recipient_withdrawal,3413,V32P-A022458,0,0.22547308206558228,0.22785219550132751,0,0
recipient_withdrawal,3414,V32P-A022465,0,0.77002669572830196,0.76370427608489988,1,1
recipient_withdrawal,3415,V32P-A022466,0,0.63735018968582158,0.63030508756637571,1,1
recipient_withdrawal,3416,V32P-A022467,0,0.54361560344696047,0.53208392858505249,0,0
recipient_withdrawal,3417,V32P-A022468,0,0.52108784914016726,0.51712119579315186,0,0
recipient_withdrawal,3418,V32P-A022469,0,0.43508793711662291,0.43223745822906495,0,0
recipient_withdrawal,3419,V32P-A022470,0,0.21541302353143693,0.21508555412292479,0,0
recipient_withdrawal,3420,V32P-A022495,0,0.76544208526611324,0.76012359857559209,1,1
recipient_withdrawal,3421,V32P-A022496,0,0.63319540023803711,0.62828505039215088,1,1
recipient_withdrawal,3422,V32P-A022497,0,0.61446403264999394,0.60895141363143923,0,0
recipient_withdrawal,3423,V32P-A022498,0,0.63855447769165041,0.63253300189971928,1,1
recipient_withdrawal,3424,V32P-A022499,0,0.60363507270812988,0.59626588821411131,0,0
recipient_withdrawal,3425,V32P-A022500,0,0.28260775506496427,0.27841106057167053,0,0
recipient_withdrawal,3426,V32P-A022501,0,0.62963360548019409,0.62815757989883425,1,1
recipient_withdrawal,3427,V32P-A022502,0,0.56988495588302612,0.56484606266021731,0,0
recipient_withdrawal,3428,V32P-A022503,0,0.44578867554664614,0.44649203419685363,0,0
recipient_withdrawal,3429,V32P-A022504,0,0.36068668365478518,0.36212188601493833,0,0
recipient_withdrawal,3430,V32P-A022505,0,0.2804273724555969,0.28231692910194395,0,0
recipient_withdrawal,3431,V32P-A022506,0,0.12908441126346587,0.13083111345767975,0,0
recipient_withdrawal,3432,V32P-A022519,0,0.72725952863693233,0.72216508388519285,1,1
recipient_withdrawal,3433,V32P-A022520,0,0.74245563745498655,0.73161540031433103,1,1
recipient_withdrawal,3434,V32P-A022521,0,0.60168659687042236,0.59450379610061643,0,0
recipient_withdrawal,3435,V32P-A022522,1,0.57966549396514888,0.57380346059799192,0,0
recipient_withdrawal,3436,V32P-A022523,0,0.098759110271930697,0.098800206184387201,0,0
recipient_withdrawal,3437,V32P-A022524,0,0.04421676769852638,0.044342921674251558,0,0
recipient_withdrawal,3438,V32P-A022537,0,0.48212851285934449,0.47830520272254945,0,0
recipient_withdrawal,3439,V32P-A022538,0,0.51094495058059697,0.50756938457489009,0,0
recipient_withdrawal,3440,V32P-A022539,0,0.46215459704399109,0.45817863345146181,0,0
recipient_withdrawal,3441,V32P-A022540,0,0.38443493843078613,0.38134902119636538,0,0
recipient_withdrawal,3442,V32P-A022541,0,0.29792067706584929,0.29512510001659392,0,0
recipient_withdrawal,3443,V32P-A022542,0,0.11875808835029603,0.11836892813444137,0,0
recipient_withdrawal,3444,V32P-A022597,0,0.72886078357696538,0.72399694919586177,1,1
recipient_withdrawal,3445,V32P-A022598,0,0.55171786546707158,0.54638313055038457,0,0
recipient_withdrawal,3446,V32P-A022599,0,0.47571612000465391,0.47213698625564576,0,0
recipient_withdrawal,3447,V32P-A022600,0,0.37336049079895017,0.37218602299690245,0,0
recipient_withdrawal,3448,V32P-A022601,0,0.28162402808666231,0.28142524063587188,0,0
recipient_withdrawal,3449,V32P-A022602,0,0.12770468294620513,0.12793083488941193,0,0
recipient_withdrawal,3450,V32P-A022681,0,0.39489549398422241,0.38456320166587832,0,0
recipient_withdrawal,3451,V32P-A022682,0,0.37130446434020997,0.36140357851982119,0,0
recipient_withdrawal,3452,V32P-A022683,0,0.33994693160057066,0.33093845248222353,0,0
recipient_withdrawal,3453,V32P-A022684,0,0.29522920548915865,0.28734718859195707,0,0
recipient_withdrawal,3454,V32P-A022685,0,0.23222138285636901,0.22568976283073425,0,0
recipient_withdrawal,3455,V32P-A022686,0,0.10789457857608795,0.1057245448231697,0,0
recipient_withdrawal,3456,V32P-A022699,0,0.51807442307472229,0.50767858624458317,0,0
recipient_withdrawal,3457,V32P-A022700,0,0.44231821298599244,0.43177138566970824,0,0
recipient_withdrawal,3458,V32P-A022701,0,0.41376661956310273,0.40418742001056673,0,0
recipient_withdrawal,3459,V32P-A022702,0,0.35098094940185548,0.34211435317993166,0,0
recipient_withdrawal,3460,V32P-A022703,0,0.28061078488826752,0.27340725958347323,0,0
recipient_withdrawal,3461,V32P-A022704,0,0.13894620686769485,0.13508065193891525,0,0
recipient_withdrawal,3462,V32P-A022849,0,0.72504956722259517,0.71990762948989873,1,1
recipient_withdrawal,3463,V32P-A022850,0,0.63363586664199834,0.62852600812911985,1,1
recipient_withdrawal,3464,V32P-A022851,0,0.70890263319015501,0.70326471328735352,1,1
recipient_withdrawal,3465,V32P-A022852,0,0.60278203487396242,0.59541033506393437,0,0
recipient_withdrawal,3466,V32P-A022853,0,0.508957850933075,0.50252666473388674,0,0
recipient_withdrawal,3467,V32P-A022854,0,0.24628338217735291,0.24478313922882081,0,0
recipient_withdrawal,3468,V32P-A022855,0,0.55316570401191711,0.54746481776237488,0,0
recipient_withdrawal,3469,V32P-A022856,0,0.49935587644577029,0.49257441759109499,0,0
recipient_withdrawal,3470,V32P-A022857,0,0.45885627865791323,0.45305216908454893,0,0
recipient_withdrawal,3471,V32P-A022858,0,0.36640748381614685,0.36149069070816042,0,0
recipient_withdrawal,3472,V32P-A022859,0,0.28720168769359589,0.28397968113422395,0,0
recipient_withdrawal,3473,V32P-A022860,0,0.11703260242938995,0.11662917435169221,0,0
recipient_withdrawal,3474,V32P-A022873,1,0.76770771741867061,0.76191860437393188,1,1
recipient_withdrawal,3475,V32P-A022874,1,0.78813110589981084,0.77450312376022334,1,1
recipient_withdrawal,3476,V32P-A022875,1,0.62456265687942503,0.61516638994216921,1,0
recipient_withdrawal,3477,V32P-A022876,0,0.10809821859002114,0.10772645324468613,0,0
recipient_withdrawal,3478,V32P-A022877,0,0.079077230021357539,0.079036772623658186,0,0
recipient_withdrawal,3479,V32P-A022878,0,0.037099231220781806,0.03714930843561888,0,0
recipient_withdrawal,3480,V32P-A022939,0,0.53700190186500552,0.5344824492931366,0,0
recipient_withdrawal,3481,V32P-A022940,0,0.52329943180084226,0.5210434556007385,0,0
recipient_withdrawal,3482,V32P-A022941,0,0.50645855069160461,0.5047098696231842,0,0
recipient_withdrawal,3483,V32P-A022942,0,0.45734540820121766,0.45682089924812319,0,0
recipient_withdrawal,3484,V32P-A022943,0,0.39518355131149291,0.39582233428955077,0,0
recipient_withdrawal,3485,V32P-A022944,0,0.19762855470180513,0.20021601021289825,0,0
recipient_withdrawal,3486,V32P-A023119,0,0.45176634192466736,0.44876646399497988,0,0
recipient_withdrawal,3487,V32P-A023120,0,0.43074531555175782,0.42941280603408816,0,0
recipient_withdrawal,3488,V32P-A023121,0,0.38290513753890992,0.38287555575370791,0,0
recipient_withdrawal,3489,V32P-A023122,0,0.33182911872863768,0.3326245665550232,0,0
recipient_withdrawal,3490,V32P-A023123,0,0.26290721893310548,0.26475862264633176,0,0
recipient_withdrawal,3491,V32P-A023124,0,0.11401884555816651,0.11558040380477905,0,0
recipient_withdrawal,3492,V32P-A023137,0,0.55769063234329219,0.53539537787437441,0,0
recipient_withdrawal,3493,V32P-A023138,0,0.69555754661560054,0.67850021123886106,1,1
recipient_withdrawal,3494,V32P-A023139,0,0.72387892007827759,0.71202653646469116,1,1
recipient_withdrawal,3495,V32P-A023140,0,0.51396772265434265,0.50022906064987183,0,0
recipient_withdrawal,3496,V32P-A023141,1,0.3646668314933777,0.35502595901489259,0,0
recipient_withdrawal,3497,V32P-A023142,0,0.03252185536548495,0.032425836008042094,0,0
recipient_withdrawal,3498,V32P-A023203,0,0.68311136960983276,0.67793267965316772,1,1
recipient_withdrawal,3499,V32P-A023204,0,0.57823820114135738,0.57269424200057983,0,0
recipient_withdrawal,3500,V32P-A023205,0,0.54726912975311282,0.54337348937988283,0,0
recipient_withdrawal,3501,V32P-A023206,1,0.44992636442184447,0.4475542366504669,0,0
recipient_withdrawal,3502,V32P-A023207,0,0.055423933826386926,0.056190544925630095,0,0
recipient_withdrawal,3503,V32P-A023208,0,0.022155896387994291,0.022614465467631815,0,0
recipient_withdrawal,3504,V32P-A023257,0,0.72220250368118288,0.71772890090942387,1,1
recipient_withdrawal,3505,V32P-A023258,0,0.62139358520507815,0.61676573753356934,1,0
recipient_withdrawal,3506,V32P-A023259,0,0.55430270433425899,0.55005534291267399,0,0
recipient_withdrawal,3507,V32P-A023260,0,0.47208879590034486,0.46890617012977598,0,0
recipient_withdrawal,3508,V32P-A023261,0,0.45491459965705872,0.45231502056121825,0,0
recipient_withdrawal,3509,V32P-A023262,0,0.25223720073699951,0.25214096605777742,0,0
recipient_withdrawal,3510,V32P-A023281,0,0.54673736095428471,0.54437894821166988,0,0
recipient_withdrawal,3511,V32P-A023282,0,0.40960208773612977,0.40685302615165708,0,0
recipient_withdrawal,3512,V32P-A023283,0,0.33895198404788973,0.33566071689128874,0,0
recipient_withdrawal,3513,V32P-A023284,0,0.27827189862728119,0.27426108419895173,0,0
recipient_withdrawal,3514,V32P-A023285,0,0.2119681417942047,0.20857521891593933,0,0
recipient_withdrawal,3515,V32P-A023286,0,0.098461675643920901,0.097303096950054166,0,0
recipient_withdrawal,3516,V32P-A023329,0,0.7656368613243103,0.76209300756454468,1,1
recipient_withdrawal,3517,V32P-A023330,0,0.60093700885772705,0.59904834032058718,0,0
recipient_withdrawal,3518,V32P-A023331,0,0.53805029988288877,0.53560912013053896,0,0
recipient_withdrawal,3519,V32P-A023332,0,0.59487968683242798,0.58535019159317014,0,0
recipient_withdrawal,3520,V32P-A023333,0,0.44123967885971072,0.43964661359786988,0,0
recipient_withdrawal,3521,V32P-A023334,0,0.22050921022891998,0.21983464956283569,0,0
recipient_withdrawal,3522,V32P-A023335,0,0.4761516571044922,0.47231931686401368,0,0
recipient_withdrawal,3523,V32P-A023336,0,0.46445679068565371,0.46175717711448672,0,0
recipient_withdrawal,3524,V32P-A023337,0,0.44523619413375853,0.44437046051025392,0,0
recipient_withdrawal,3525,V32P-A023338,0,0.36154932975769044,0.36261967420578001,0,0
recipient_withdrawal,3526,V32P-A023339,0,0.27906555533409116,0.28163039088249209,0,0
recipient_withdrawal,3527,V32P-A023340,0,0.11568382829427719,0.1179193064570427,0,0
recipient_withdrawal,3528,V32P-A023353,0,0.59638359546661379,0.5902176678180695,0,0
recipient_withdrawal,3529,V32P-A023354,0,0.59764108657836912,0.59378077983856203,0,0
recipient_withdrawal,3530,V32P-A023355,0,0.54848797917366032,0.5464806020259857,0,0
recipient_withdrawal,3531,V32P-A023356,0,0.47088717818260195,0.47064091563224791,0,0
recipient_withdrawal,3532,V32P-A023357,0,0.39469816088676452,0.39614088535308839,0,0
recipient_withdrawal,3533,V32P-A023358,0,0.18000673055648803,0.18239354193210602,0,0
recipient_withdrawal,3534,V32P-A023359,0,0.49928112030029298,0.49483436942100523,0,0
recipient_withdrawal,3535,V32P-A023360,0,0.51035458445549009,0.50745501518249514,0,0
recipient_withdrawal,3536,V32P-A023361,0,0.44313164353370665,0.44194594621658323,0,0
recipient_withdrawal,3537,V32P-A023362,0,0.36458166837692263,0.36447787284851074,0,0
recipient_withdrawal,3538,V32P-A023363,0,0.2879164904356003,0.28821386396884918,0,0
recipient_withdrawal,3539,V32P-A023364,0,0.13206552565097809,0.13264436721801759,0,0
recipient_withdrawal,3540,V32P-A023371,0,0.54047524333000185,0.52507640719413762,0,0
recipient_withdrawal,3541,V32P-A023372,0,0.60942416191101079,0.59725306034088133,0,0
recipient_withdrawal,3542,V32P-A023373,0,0.59894622564315791,0.58730940818786626,0,0
recipient_withdrawal,3543,V32P-A023374,0,0.5222416996955872,0.51276628375053401,0,0
recipient_withdrawal,3544,V32P-A023375,0,0.4386159062385559,0.43129550814628603,0,0
recipient_withdrawal,3545,V32P-A023376,0,0.032133046165108682,0.032142041251063347,0,0
recipient_withdrawal,3546,V32P-A023389,0,0.61959356069564819,0.61568907499313352,0,0
recipient_withdrawal,3547,V32P-A023390,0,0.55036979913711548,0.54776989817619326,0,0
recipient_withdrawal,3548,V32P-A023391,0,0.52605224251747129,0.52382255792617793,0,0
recipient_withdrawal,3549,V32P-A023392,0,0.4838407814502716,0.48236366510391238,0,0
recipient_withdrawal,3550,V32P-A023393,0,0.43974209427833555,0.43797202706336974,0,0
recipient_withdrawal,3551,V32P-A023394,0,0.21852607429027557,0.2185867816209793,0,0
recipient_withdrawal,3552,V32P-A023413,0,0.62950536012649538,0.62630465030670168,1,1
recipient_withdrawal,3553,V32P-A023414,0,0.62584060430526733,0.62297562360763548,1,1
recipient_withdrawal,3554,V32P-A023415,0,0.595036244392395,0.59203252792358396,0,0
recipient_withdrawal,3555,V32P-A023416,0,0.51339964866638188,0.51139031052589412,0,0
recipient_withdrawal,3556,V32P-A023417,0,0.44222442507743837,0.44179100990295411,0,0
recipient_withdrawal,3557,V32P-A023418,0,0.2193300098180771,0.22082631587982177,0,0
recipient_withdrawal,3558,V32P-A023461,0,0.56652126908302303,0.55044742822647097,0,0
recipient_withdrawal,3559,V32P-A023462,0,0.64093710184097286,0.62861651182174683,1,1
recipient_withdrawal,3560,V32P-A023463,0,0.64700912237167363,0.63488035202026372,1,1
recipient_withdrawal,3561,V32P-A023464,0,0.61906288862228398,0.60591906309127808,0,0
recipient_withdrawal,3562,V32P-A023465,0,0.56893573999404912,0.55368286371231079,0,0
recipient_withdrawal,3563,V32P-A023466,0,0.30916561186313629,0.30297560095787046,0,0
recipient_withdrawal,3564,V32P-A023521,0,0.76660332679748533,0.76237466335296633,1,1
recipient_withdrawal,3565,V32P-A023522,0,0.60375434160232544,0.59661446809768681,0,0
recipient_withdrawal,3566,V32P-A023523,0,0.54771054387092588,0.53355318903923032,0,0
recipient_withdrawal,3567,V32P-A023524,0,0.55018167495727544,0.5448619484901428,0,0
recipient_withdrawal,3568,V32P-A023525,0,0.38545191287994385,0.38167315721511841,0,0
recipient_withdrawal,3569,V32P-A023526,0,0.14700644463300705,0.14662521034479142,0,0
recipient_withdrawal,3570,V32P-A023581,0,0.4720860242843628,0.47089438438415526,0,0
recipient_withdrawal,3571,V32P-A023582,0,0.40880351662635805,0.40653800964355469,0,0
recipient_withdrawal,3572,V32P-A023583,0,0.35063219666481016,0.34853734374046325,0,0
recipient_withdrawal,3573,V32P-A023584,0,0.28486408889293668,0.28291086852550507,0,0
recipient_withdrawal,3574,V32P-A023585,0,0.23183485269546508,0.23021317720413209,0,0
recipient_withdrawal,3575,V32P-A023586,0,0.11582663655281067,0.11514919549226761,0,0
recipient_withdrawal,3576,V32P-A023623,0,0.611949622631073,0.61043385267257688,0,0
recipient_withdrawal,3577,V32P-A023624,0,0.48696886897087099,0.48502157330513002,0,0
recipient_withdrawal,3578,V32P-A023625,0,0.40842838883399962,0.40691053271293642,0,0
recipient_withdrawal,3579,V32P-A023626,0,0.32085652947425841,0.31957848668098449,0,0
recipient_withdrawal,3580,V32P-A023627,0,0.25259402096271516,0.25162201821804048,0,0
recipient_withdrawal,3581,V32P-A023628,0,0.12096899449825287,0.12070301771163941,0,0
recipient_withdrawal,3582,V32P-A023653,0,0.68077352046966555,0.67584838867187502,1,1
recipient_withdrawal,3583,V32P-A023654,0,0.61345638036727901,0.60658383369445801,0,0
recipient_withdrawal,3584,V32P-A023655,0,0.6969893097877502,0.68703204393386841,1,1
recipient_withdrawal,3585,V32P-A023656,0,0.44695731401443484,0.4343427777290344,0,0
recipient_withdrawal,3586,V32P-A023657,1,0.36212935447692873,0.35290277004241943,0,0
recipient_withdrawal,3587,V32P-A023658,0,0.022689568623900414,0.02276572585105896,0,0
recipient_withdrawal,3588,V32P-A023695,0,0.76750383377075193,0.76231104135513306,1,1
recipient_withdrawal,3589,V32P-A023696,0,0.64960000514984129,0.64297833442687991,1,1
recipient_withdrawal,3590,V32P-A023697,0,0.62396700382232662,0.6188409090042114,1,0
recipient_withdrawal,3591,V32P-A023698,0,0.66158128976821895,0.65485677719116209,1,1
recipient_withdrawal,3592,V32P-A023699,0,0.50902198553085332,0.50362928509712224,0,0
recipient_withdrawal,3593,V32P-A023700,0,0.24775942862033845,0.24670113027095794,0,0
recipient_withdrawal,3594,V32P-A023719,0,0.74291529655456545,0.7377061605453491,1,1
recipient_withdrawal,3595,V32P-A023720,0,0.6355121254920959,0.62379575371742246,1,1
recipient_withdrawal,3596,V32P-A023721,0,0.6119470536708832,0.60571113228797913,0,0
recipient_withdrawal,3597,V32P-A023722,1,0.54321534037590025,0.5371660172939301,0,0
recipient_withdrawal,3598,V32P-A023723,0,0.098920539766550061,0.098616849631071091,0,0
recipient_withdrawal,3599,V32P-A023724,0,0.043294773437082767,0.043270939029753208,0,0
recipient_withdrawal,3600,V32P-A023767,0,0.50412579178810124,0.49665493369102476,0,0
recipient_withdrawal,3601,V32P-A023768,0,0.44513940215110781,0.43724471926689146,0,0
recipient_withdrawal,3602,V32P-A023769,0,0.37851337790489198,0.37085904479026793,0,0
recipient_withdrawal,3603,V32P-A023770,0,0.3082064688205719,0.30112404227256773,0,0
recipient_withdrawal,3604,V32P-A023771,0,0.23951276093721391,0.23343739658594131,0,0
recipient_withdrawal,3605,V32P-A023772,0,0.11199208237230777,0.10943478830158711,0,0
recipient_withdrawal,3606,V32P-A023779,0,0.79741796255111697,0.78592180013656621,1,1
recipient_withdrawal,3607,V32P-A023780,0,0.61170601844787598,0.59751250147819523,0,0
recipient_withdrawal,3608,V32P-A023781,0,0.78279236555099485,0.76183784008026123,1,1
recipient_withdrawal,3609,V32P-A023782,1,0.43851149678230283,0.43168423175811765,0,0
recipient_withdrawal,3610,V32P-A023783,0,0.10725368931889534,0.10686189159750939,0,0
recipient_withdrawal,3611,V32P-A023784,0,0.047963550128042695,0.047933093272149563,0,0
recipient_withdrawal,3612,V32P-A023827,0,0.4485942840576172,0.44006760120391847,0,0
recipient_withdrawal,3613,V32P-A023828,0,0.47283278107643129,0.4652043879032135,0,0
recipient_withdrawal,3614,V32P-A023829,0,0.41252011656761167,0.40553998947143555,0,0
recipient_withdrawal,3615,V32P-A023830,1,0.31728442907333376,0.31228824853897097,0,0
recipient_withdrawal,3616,V32P-A023831,0,0.040902621299028399,0.041280906647443771,0,0
recipient_withdrawal,3617,V32P-A023832,0,0.01726997420191765,0.01746007278561592,0,0
recipient_withdrawal,3618,V32P-A023833,0,0.56433774828910832,0.5601479709148407,0,0
recipient_withdrawal,3619,V32P-A023834,0,0.60092175006866455,0.59693715572357176,0,0
recipient_withdrawal,3620,V32P-A023835,0,0.65741343498229976,0.65280758142471318,1,1
recipient_withdrawal,3621,V32P-A023836,0,0.65011084079742432,0.64505521059036253,1,1
recipient_withdrawal,3622,V32P-A023837,0,0.49822262525558469,0.4823547124862671,0,0
recipient_withdrawal,3623,V32P-A023838,0,0.2137281984090805,0.20783489942550659,0,0
recipient_withdrawal,3624,V32P-A023983,0,0.68424239158630373,0.67578589916229248,1,1
recipient_withdrawal,3625,V32P-A023984,0,0.58066650032997136,0.57279945611953731,0,0
recipient_withdrawal,3626,V32P-A023985,0,0.55607672929763796,0.55064300894737239,0,0
recipient_withdrawal,3627,V32P-A023986,1,0.51095489859580989,0.50652591586112972,0,0
recipient_withdrawal,3628,V32P-A023987,0,0.090501900762319565,0.090039973706006998,0,0
recipient_withdrawal,3629,V32P-A023988,0,0.035505722835659982,0.035680576786398889,0,0
recipient_withdrawal,3630,V32P-A023989,1,0.63033615350723271,0.62282285690307615,1,1
recipient_withdrawal,3631,V32P-A023990,1,0.47776936888694765,0.47129826545715331,0,0
recipient_withdrawal,3632,V32P-A023991,1,0.38845112323760989,0.38422231674194335,0,0
recipient_withdrawal,3633,V32P-A023992,0,0.068923548981547358,0.069031320139765734,0,0
recipient_withdrawal,3634,V32P-A023993,0,0.053905731439590453,0.054246986657381056,0,0
recipient_withdrawal,3635,V32P-A023994,0,0.026007777731865644,0.026302154641598463,0,0
recipient_withdrawal,3636,V32P-A024019,0,0.70505686998367312,0.69828149080276491,1,1
recipient_withdrawal,3637,V32P-A024020,0,0.64895087480545044,0.64347033500671391,1,1
recipient_withdrawal,3638,V32P-A024021,0,0.5733646929264069,0.56925153732299805,0,0
recipient_withdrawal,3639,V32P-A024022,0,0.44237849712371824,0.43277093768119812,0,0
recipient_withdrawal,3640,V32P-A024023,0,0.4570914149284363,0.45423351526260375,0,0
recipient_withdrawal,3641,V32P-A024024,0,0.22210769802331926,0.22138103693723679,0,0
recipient_withdrawal,3642,V32P-A024031,0,0.53497708439826963,0.532421487569809,0,0
recipient_withdrawal,3643,V32P-A024032,0,0.50132910609245296,0.49891132712364195,0,0
recipient_withdrawal,3644,V32P-A024033,0,0.44363555908203123,0.44114757776260377,0,0
recipient_withdrawal,3645,V32P-A024034,0,0.36529173254966735,0.36245951056480408,0,0
recipient_withdrawal,3646,V32P-A024035,0,0.29689508080482485,0.29389585852622985,0,0
recipient_withdrawal,3647,V32P-A024036,0,0.14830648377537728,0.14736821427941321,0,0
recipient_withdrawal,3648,V32P-A024043,0,0.81116193532943726,0.80557039976119993,1,1
recipient_withdrawal,3649,V32P-A024044,0,0.83149241209030156,0.82631034851074214,1,1
recipient_withdrawal,3650,V32P-A024045,0,0.85548334121704106,0.8501559257507324,1,1
recipient_withdrawal,3651,V32P-A024046,0,0.77058496475219729,0.76290172338485718,1,1
recipient_withdrawal,3652,V32P-A024047,0,0.68581351041793825,0.67708663940429692,1,1
recipient_withdrawal,3653,V32P-A024048,0,0.097889554500579831,0.097889249771833414,0,0
recipient_withdrawal,3654,V32P-A024073,0,0.68402266502380371,0.67012594938278203,1,1
recipient_withdrawal,3655,V32P-A024074,0,0.61748467683792119,0.60385719537734983,0,0
recipient_withdrawal,3656,V32P-A024075,0,0.54581063389778139,0.53466320633888242,0,0
recipient_withdrawal,3657,V32P-A024076,0,0.46501082777976988,0.45628061294555666,0,0
recipient_withdrawal,3658,V32P-A024077,0,0.56264112591743465,0.54628451466560368,0,0
recipient_withdrawal,3659,V32P-A024078,0,0.14861398339271545,0.14739555567502977,0,0
recipient_withdrawal,3660,V32P-A024079,0,0.71269742250442503,0.70853151082992549,1,1
recipient_withdrawal,3661,V32P-A024080,0,0.54527205824851988,0.54359503388404851,0,0
recipient_withdrawal,3662,V32P-A024081,0,0.66698007583618169,0.66378517150878902,1,1
recipient_withdrawal,3663,V32P-A024082,0,0.49913773536682127,0.49742364287376406,0,0
recipient_withdrawal,3664,V32P-A024083,0,0.3948871076107025,0.39422066211700441,0,0
recipient_withdrawal,3665,V32P-A024084,0,0.17177428901195527,0.17205728590488434,0,0
recipient_withdrawal,3666,V32P-A024109,0,0.57769125699996948,0.5767090916633606,0,0
recipient_withdrawal,3667,V32P-A024110,0,0.5601879358291626,0.55899808406829832,0,0
recipient_withdrawal,3668,V32P-A024111,0,0.53105239868164067,0.53010525703430178,0,0
recipient_withdrawal,3669,V32P-A024112,0,0.45278556346893312,0.45203416347503661,0,0
recipient_withdrawal,3670,V32P-A024113,0,0.38128433525562289,0.38107363283634188,0,0
recipient_withdrawal,3671,V32P-A024114,0,0.1694117158651352,0.1703633338212967,0,0
recipient_withdrawal,3672,V32P-A024145,0,0.71564173698425293,0.70885607004165652,1,1
recipient_withdrawal,3673,V32P-A024146,0,0.72753860950469973,0.72051916122436521,1,1
recipient_withdrawal,3674,V32P-A024147,0,0.73789145946502688,0.73062902688980103,1,1
recipient_withdrawal,3675,V32P-A024148,0,0.70918229818344114,0.69968707561492915,1,1
recipient_withdrawal,3676,V32P-A024149,0,0.6684258818626404,0.65641100406646724,1,1
recipient_withdrawal,3677,V32P-A024150,0,0.45932466387748716,0.4483639419078827,0,0
recipient_withdrawal,3678,V32P-A024163,0,0.37274182438850401,0.36525769233703614,0,0
recipient_withdrawal,3679,V32P-A024164,0,0.4050645172595978,0.39790272116661074,0,0
recipient_withdrawal,3680,V32P-A024165,0,0.37981045842170713,0.37315960526466369,0,0
recipient_withdrawal,3681,V32P-A024166,0,0.31703504920005798,0.3103693425655365,0,0
recipient_withdrawal,3682,V32P-A024167,0,0.23480832874774932,0.22978686392307282,0,0
recipient_withdrawal,3683,V32P-A024168,0,0.093710403144359591,0.092352689802646631,0,0
recipient_withdrawal,3684,V32P-A024205,0,0.69758838415145874,0.69077217578887939,1,1
recipient_withdrawal,3685,V32P-A024206,0,0.62099370956420896,0.61173111200332642,1,0
recipient_withdrawal,3686,V32P-A024207,0,0.58916871547698979,0.58154507875442507,0,0
recipient_withdrawal,3687,V32P-A024208,0,0.58773753643035886,0.57878055572509768,0,0
recipient_withdrawal,3688,V32P-A024209,0,0.54970865249633794,0.53879327774047847,0,0
recipient_withdrawal,3689,V32P-A024210,0,0.27980860471725466,0.27368699610233305,0,0
recipient_withdrawal,3690,V32P-A024211,1,0.53728028535842898,0.53666602373123173,0,0
recipient_withdrawal,3691,V32P-A024212,1,0.52993255853652954,0.52878803014755249,0,0
recipient_withdrawal,3692,V32P-A024213,1,0.54737899899482723,0.54735932946205135,0,0
recipient_withdrawal,3693,V32P-A024214,0,0.099157410115003591,0.1002139389514923,0,0
recipient_withdrawal,3694,V32P-A024215,0,0.079973556101322174,0.080823700129985812,0,0
recipient_withdrawal,3695,V32P-A024216,0,0.043074421212077142,0.043512977659702301,0,0
recipient_withdrawal,3696,V32P-A024295,0,0.643030834197998,0.63066631555557251,1,1
recipient_withdrawal,3697,V32P-A024296,0,0.66319067478179927,0.6544073224067688,1,1
recipient_withdrawal,3698,V32P-A024297,0,0.63757790327072139,0.63190090656280518,1,1
recipient_withdrawal,3699,V32P-A024298,0,0.60613346099853516,0.60225671529769897,0,0
recipient_withdrawal,3700,V32P-A024299,0,0.5882303893566132,0.57342906594276433,0,0
recipient_withdrawal,3701,V32P-A024300,0,0.37313479781150816,0.37126160264015196,0,0
recipient_withdrawal,3702,V32P-A024307,0,0.37014919519424438,0.36557331681251526,0,0
recipient_withdrawal,3703,V32P-A024308,0,0.37035321593284609,0.36673271059989931,0,0
recipient_withdrawal,3704,V32P-A024309,0,0.32279524207115173,0.32000939249992372,0,0
recipient_withdrawal,3705,V32P-A024310,0,0.30907106697559356,0.30774115622043607,0,0
recipient_withdrawal,3706,V32P-A024311,0,0.24384520053863526,0.23610639572143555,0,0
recipient_withdrawal,3707,V32P-A024312,0,0.10709995850920677,0.10805406793951988,0,0
recipient_withdrawal,3708,V32P-A024379,1,0.68279236555099487,0.6700163602828979,1,1
recipient_withdrawal,3709,V32P-A024380,1,0.59703384637832646,0.58291772603988645,0,0
recipient_withdrawal,3710,V32P-A024381,1,0.54082910418510433,0.5283231198787689,0,0
recipient_withdrawal,3711,V32P-A024382,0,0.091085409373044962,0.089141715317964554,0,0
recipient_withdrawal,3712,V32P-A024383,0,0.066581619158387187,0.065673184022307401,0,0
recipient_withdrawal,3713,V32P-A024384,0,0.032423537410795691,0.032239653728902341,0,0
recipient_withdrawal,3714,V32P-A024391,0,0.53852249383926387,0.52195022702217098,0,0
recipient_withdrawal,3715,V32P-A024392,0,0.54103592634201048,0.52945076227188115,0,0
recipient_withdrawal,3716,V32P-A024393,0,0.48395408391952516,0.47179597616195679,0,0
recipient_withdrawal,3717,V32P-A024394,0,0.38993868827819822,0.38004207611083984,0,0
recipient_withdrawal,3718,V32P-A024395,0,0.30209782719612122,0.29488469958305358,0,0
recipient_withdrawal,3719,V32P-A024396,0,0.1249644324183464,0.12317797988653183,0,0
recipient_withdrawal,3720,V32P-A024403,0,0.48752368688583375,0.47703942656517029,0,0
recipient_withdrawal,3721,V32P-A024404,0,0.5429923474788666,0.53119455575942998,0,0
recipient_withdrawal,3722,V32P-A024405,0,0.45596096515655515,0.44707301855087278,0,0
recipient_withdrawal,3723,V32P-A024406,0,0.42301287651062014,0.41532011032104493,0,0
recipient_withdrawal,3724,V32P-A024407,1,0.33728919923305511,0.33192803561687467,0,0
recipient_withdrawal,3725,V32P-A024408,0,0.038510752096772197,0.038639979995787145,0,0
recipient_withdrawal,3726,V32P-A024427,1,0.78466044664382939,0.77821720838546748,1,1
recipient_withdrawal,3727,V32P-A024428,1,0.69361321926116948,0.68472588062286377,1,1
recipient_withdrawal,3728,V32P-A024429,1,0.60392729043960569,0.59465894699096677,0,0
recipient_withdrawal,3729,V32P-A024430,0,0.086194286495447164,0.085212790220975873,0,0
recipient_withdrawal,3730,V32P-A024431,0,0.063613722845911977,0.0631998110562563,0,0
recipient_withdrawal,3731,V32P-A024432,0,0.026980160363018514,0.02691743355244398,0,0
recipient_withdrawal,3732,V32P-A024487,0,0.699785304069519,0.69605795145034788,1,1
recipient_withdrawal,3733,V32P-A024488,0,0.6658282518386841,0.6636513829231262,1,1
recipient_withdrawal,3734,V32P-A024489,0,0.62160130739212038,0.62111620903015141,1,1
recipient_withdrawal,3735,V32P-A024490,0,0.56716083884239199,0.56837425827980037,0,0
recipient_withdrawal,3736,V32P-A024491,0,0.49155597686767577,0.49507128000259398,0,0
recipient_withdrawal,3737,V32P-A024492,0,0.25741239786148074,0.26159252822399137,0,0
recipient_withdrawal,3738,V32P-A024577,0,0.77401720285415654,0.76809381246566777,1,1
recipient_withdrawal,3739,V32P-A024578,0,0.65568258166313176,0.64977914094924927,1,1
recipient_withdrawal,3740,V32P-A024579,0,0.63556051850318906,0.63121699094772343,1,1
recipient_withdrawal,3741,V32P-A024580,0,0.59462007880210876,0.59029776453971861,0,0
recipient_withdrawal,3742,V32P-A024581,0,0.57344551086425777,0.56944993138313293,0,0
recipient_withdrawal,3743,V32P-A024582,0,0.33616244792938232,0.33606700599193573,0,0
recipient_withdrawal,3744,V32P-A024613,0,0.63220714330673222,0.62273527383804317,1,1
recipient_withdrawal,3745,V32P-A024614,0,0.63753094673156741,0.63027727603912354,1,1
recipient_withdrawal,3746,V32P-A024615,0,0.58011242151260378,0.5725853443145752,0,0
recipient_withdrawal,3747,V32P-A024616,0,0.49086071252822877,0.4858993351459503,0,0
recipient_withdrawal,3748,V32P-A024617,0,0.39450217485427858,0.39140528440475464,0,0
recipient_withdrawal,3749,V32P-A024618,0,0.16771261394023895,0.16706880927085876,0,0
recipient_withdrawal,3750,V32P-A024631,0,0.76087750196456905,0.75633205175399776,1,1
recipient_withdrawal,3751,V32P-A024632,0,0.55024363398551945,0.54719275832176206,0,0
recipient_withdrawal,3752,V32P-A024633,0,0.47579442858695986,0.47468357682228091,0,0
recipient_withdrawal,3753,V32P-A024634,0,0.40652421712875364,0.40586235523223879,0,0
recipient_withdrawal,3754,V32P-A024635,0,0.31509658098220827,0.31521457433700562,0,0
recipient_withdrawal,3755,V32P-A024636,0,0.1525501787662506,0.15282533168792725,0,0
recipient_withdrawal,3756,V32P-A024637,0,0.46354345679283143,0.45975884795188904,0,0
recipient_withdrawal,3757,V32P-A024638,0,0.47248750925064087,0.46915816068649291,0,0
recipient_withdrawal,3758,V32P-A024639,0,0.46236100196838381,0.4595311641693115,0,0
recipient_withdrawal,3759,V32P-A024640,1,0.44788683056831358,0.44332975745201109,0,0
recipient_withdrawal,3760,V32P-A024641,0,0.06393778882920742,0.064224533364176745,0,0
recipient_withdrawal,3761,V32P-A024642,0,0.026585312373936177,0.026766482554376126,0,0
recipient_withdrawal,3762,V32P-A024763,0,0.65428220033645634,0.65234471559524532,1,1
recipient_withdrawal,3763,V32P-A024764,0,0.68993554115295408,0.68772730827331541,1,1
recipient_withdrawal,3764,V32P-A024765,0,0.70236337184906006,0.69941327571868894,1,1
recipient_withdrawal,3765,V32P-A024766,0,0.68850576877593994,0.68501548767089848,1,1
recipient_withdrawal,3766,V32P-A024767,0,0.60557622909545894,0.60004882812500004,0,0
recipient_withdrawal,3767,V32P-A024768,0,0.34186339378356934,0.33954105377197263,0,0
recipient_withdrawal,3768,V32P-A024799,0,0.56612039208412168,0.55866778492927549,0,0
recipient_withdrawal,3769,V32P-A024800,0,0.51774214506149296,0.51069481968879704,0,0
recipient_withdrawal,3770,V32P-A024801,0,0.48008005023002626,0.47420012354850771,0,0
recipient_withdrawal,3771,V32P-A024802,1,0.40403313636779786,0.39732124805450442,0,0
recipient_withdrawal,3772,V32P-A024803,0,0.067164033092558389,0.067434019781649118,0,0
recipient_withdrawal,3773,V32P-A024804,0,0.028837279090657829,0.029006931418552994,0,0
recipient_withdrawal,3774,V32P-A024805,0,0.48354800343513488,0.47583697438240052,0,0
recipient_withdrawal,3775,V32P-A024806,0,0.50988226532936098,0.5027427494525909,0,0
recipient_withdrawal,3776,V32P-A024807,0,0.49223154783248901,0.48485223054885862,0,0
recipient_withdrawal,3777,V32P-A024808,1,0.4583540201187134,0.45152827501296999,0,0
recipient_withdrawal,3778,V32P-A024809,0,0.06158759817481041,0.061090730875730512,0,0
recipient_withdrawal,3779,V32P-A024810,0,0.026748176477849484,0.02682891208678484,0,0
recipient_withdrawal,3780,V32P-A024841,0,0.81057054996490474,0.80256527662277222,1,1
recipient_withdrawal,3781,V32P-A024842,0,0.72292261123657231,0.7101189851760864,1,1
recipient_withdrawal,3782,V32P-A024843,0,0.67128175497055054,0.6598423838615417,1,1
recipient_withdrawal,3783,V32P-A024844,0,0.62114665508270261,0.61139289736747737,1,0
recipient_withdrawal,3784,V32P-A024845,0,0.53971256613731389,0.53247359395027161,0,0
recipient_withdrawal,3785,V32P-A024846,0,0.28308145403862001,0.2811515972018242,0,0
recipient_withdrawal,3786,V32P-A024943,0,0.40465372800827026,0.39725838899612426,0,0
recipient_withdrawal,3787,V32P-A024944,0,0.39394862055778501,0.38691760897636412,0,0
recipient_withdrawal,3788,V32P-A024945,0,0.34248807430267336,0.3360210657119751,0,0
recipient_withdrawal,3789,V32P-A024946,0,0.27677412927150724,0.2717809110879898,0,0
recipient_withdrawal,3790,V32P-A024947,0,0.24086574912071229,0.23583564460277556,0,0
recipient_withdrawal,3791,V32P-A024948,0,0.12545178160071374,0.12434323653578758,0,0
recipient_withdrawal,3792,V32P-A024955,0,0.48778479099273681,0.48281730413436891,0,0
recipient_withdrawal,3793,V32P-A024956,0,0.40947037935256958,0.40385535955429075,0,0
recipient_withdrawal,3794,V32P-A024957,0,0.35356919169425965,0.34854492545127869,0,0
recipient_withdrawal,3795,V32P-A024958,0,0.25656479895114898,0.25289698541164396,0,0
recipient_withdrawal,3796,V32P-A024959,0,0.20164452195167543,0.19927176833152771,0,0
recipient_withdrawal,3797,V32P-A024960,0,0.086749440431594854,0.086372774839401242,0,0
recipient_withdrawal,3798,V32P-A024961,0,0.50584430098533628,0.50121473670005801,0,0
recipient_withdrawal,3799,V32P-A024962,0,0.5020444393157959,0.49794079065322877,0,0
recipient_withdrawal,3800,V32P-A024963,0,0.47244589328765868,0.46872818470001221,0,0
recipient_withdrawal,3801,V32P-A024964,0,0.42451904416084291,0.42183105349540712,0,0
recipient_withdrawal,3802,V32P-A024965,0,0.36166846156120303,0.36028693318367006,0,0
recipient_withdrawal,3803,V32P-A024966,0,0.029353085905313492,0.029726428166031837,0,0
recipient_withdrawal,3804,V32P-A024985,0,0.44238101840019228,0.43773326277732849,0,0
recipient_withdrawal,3805,V32P-A024986,0,0.39404706358909608,0.38896561861038209,0,0
recipient_withdrawal,3806,V32P-A024987,0,0.36087116003036501,0.35625708699226377,0,0
recipient_withdrawal,3807,V32P-A024988,0,0.30274820029735566,0.2993848115205765,0,0
recipient_withdrawal,3808,V32P-A024989,0,0.24068226218223571,0.23802724480628967,0,0
recipient_withdrawal,3809,V32P-A024990,0,0.019010068476200105,0.019166534021496772,0,0
recipient_withdrawal,3810,V32P-A025039,0,0.74518340826034546,0.74058613777160642,1,1
recipient_withdrawal,3811,V32P-A025040,0,0.44967325925827029,0.4378941237926483,0,0
recipient_withdrawal,3812,V32P-A025041,0,0.48785257339477539,0.48274101018905641,0,0
recipient_withdrawal,3813,V32P-A025042,0,0.52319781184196468,0.51903663277626033,0,0
recipient_withdrawal,3814,V32P-A025043,0,0.38370920419692994,0.37880688309669497,0,0
recipient_withdrawal,3815,V32P-A025044,0,0.14487438499927521,0.14411477446556092,0,0
recipient_withdrawal,3816,V32P-A025075,0,0.73231076002120976,0.72735259532928465,1,1
recipient_withdrawal,3817,V32P-A025076,0,0.6280612468719482,0.62217992544174194,1,1
recipient_withdrawal,3818,V32P-A025077,0,0.525439840555191,0.51985529661178587,0,0
recipient_withdrawal,3819,V32P-A025078,0,0.59091743230819704,0.58406279087066648,0,0
recipient_withdrawal,3820,V32P-A025079,0,0.61281387805938725,0.60384449958801267,0,0
recipient_withdrawal,3821,V32P-A025080,0,0.38811869025230405,0.37922191023826601,0,0
recipient_withdrawal,3822,V32P-A025093,0,0.3164518862962723,0.31318373382091524,0,0
recipient_withdrawal,3823,V32P-A025094,0,0.35479330420494082,0.35379958748817442,0,0
recipient_withdrawal,3824,V32P-A025095,0,0.33006748557090759,0.3288751721382141,0,0
recipient_withdrawal,3825,V32P-A025096,0,0.26877008974552152,0.26826880276203158,0,0
recipient_withdrawal,3826,V32P-A025097,0,0.21936135292053222,0.21960343122482301,0,0
recipient_withdrawal,3827,V32P-A025098,0,0.099037371575832367,0.099745745956897738,0,0
recipient_withdrawal,3828,V32P-A025135,0,0.78624103069305418,0.78018208742141726,1,1
recipient_withdrawal,3829,V32P-A025136,0,0.71639171838760374,0.70849809646606443,1,1
recipient_withdrawal,3830,V32P-A025137,0,0.67268999814987185,0.66434863805770872,1,1
recipient_withdrawal,3831,V32P-A025138,0,0.66311212778091433,0.65462435483932491,1,1
recipient_withdrawal,3832,V32P-A025139,0,0.54223302006721497,0.5323753893375397,0,0
recipient_withdrawal,3833,V32P-A025140,0,0.035854640603065493,0.035784114152193069,0,0
recipient_withdrawal,3834,V32P-A025249,0,0.72157329320907593,0.71691719293594358,1,1
recipient_withdrawal,3835,V32P-A025250,0,0.46557487249374391,0.46029464006423948,0,0
recipient_withdrawal,3836,V32P-A025251,0,0.62266910672187803,0.61234812140464778,1,0
recipient_withdrawal,3837,V32P-A025252,0,0.41009376645088197,0.40427143573760987,0,0
recipient_withdrawal,3838,V32P-A025253,0,0.3065431982278824,0.30186299979686737,0,0
recipient_withdrawal,3839,V32P-A025254,0,0.13059297055006028,0.12907045036554338,0,0
recipient_withdrawal,3840,V32P-A025255,0,0.50750852227210996,0.4983002245426178,0,0
recipient_withdrawal,3841,V32P-A025256,0,0.49295012950897216,0.48516317605972292,0,0
recipient_withdrawal,3842,V32P-A025257,0,0.46962051987648012,0.46332554817199706,0,0
recipient_withdrawal,3843,V32P-A025258,0,0.4021964192390442,0.39722018241882323,0,0
recipient_withdrawal,3844,V32P-A025259,0,0.38389660120010377,0.37162472009658815,0,0
recipient_withdrawal,3845,V32P-A025260,0,0.17053787410259247,0.16913726031780243,0,0
recipient_withdrawal,3846,V32P-A025273,0,0.31110734641551974,0.30886408984661101,0,0
recipient_withdrawal,3847,V32P-A025274,0,0.37875452041625979,0.37700848579406737,0,0
recipient_withdrawal,3848,V32P-A025275,0,0.36971743106842042,0.36928950548171996,0,0
recipient_withdrawal,3849,V32P-A025276,0,0.29476490020751955,0.29557356834411619,0,0
recipient_withdrawal,3850,V32P-A025277,0,0.22149479687213897,0.22394501268863679,0,0
recipient_withdrawal,3851,V32P-A025278,0,0.091926675289869308,0.093704108148813248,0,0
recipient_withdrawal,3852,V32P-A025327,0,0.77457975149154668,0.76821047067642212,1,1
recipient_withdrawal,3853,V32P-A025328,0,0.64484289884567259,0.63983649015426636,1,1
recipient_withdrawal,3854,V32P-A025329,0,0.55599349141120913,0.55275233387947087,0,0
recipient_withdrawal,3855,V32P-A025330,0,0.46247625946998594,0.46026779413223268,0,0
recipient_withdrawal,3856,V32P-A025331,0,0.34128085374832151,0.34029928445816038,0,0
recipient_withdrawal,3857,V32P-A025332,0,0.14804878383874892,0.14808508008718491,0,0
recipient_withdrawal,3858,V32P-A025345,0,0.53520320057868953,0.52450007200241089,0,0
recipient_withdrawal,3859,V32P-A025346,0,0.55654013752937315,0.54665912985801701,0,0
recipient_withdrawal,3860,V32P-A025347,0,0.5452090263366699,0.53452104330062866,0,0
recipient_withdrawal,3861,V32P-A025348,0,0.47307397723197936,0.4623533248901367,0,0
recipient_withdrawal,3862,V32P-A025349,0,0.40825428664684293,0.39702136814594269,0,0
recipient_withdrawal,3863,V32P-A025350,0,0.19449041411280632,0.18863029703497886,0,0
recipient_withdrawal,3864,V32P-A025387,0,0.64314496517181396,0.64059352874755859,1,1
recipient_withdrawal,3865,V32P-A025388,0,0.61074619293212895,0.60831060409545901,0,0
recipient_withdrawal,3866,V32P-A025389,0,0.58819467425346372,0.58642688393592834,0,0
recipient_withdrawal,3867,V32P-A025390,0,0.52963482737541201,0.52882505059242246,0,0
recipient_withdrawal,3868,V32P-A025391,0,0.47505404353141784,0.46667578220367434,0,0
recipient_withdrawal,3869,V32P-A025392,0,0.22102514207363128,0.2226189523935318,0,0
recipient_withdrawal,3870,V32P-A025447,1,0.77526712417602539,0.76680436134338381,1,1
recipient_withdrawal,3871,V32P-A025448,1,0.74404680728912354,0.73459193706512449,1,1
recipient_withdrawal,3872,V32P-A025449,0,0.32385112643241881,0.31639356911182404,0,0
recipient_withdrawal,3873,V32P-A025450,0,0.13723008930683137,0.13605279177427293,0,0
recipient_withdrawal,3874,V32P-A025451,0,0.10673276260495186,0.10604724362492561,0,0
recipient_withdrawal,3875,V32P-A025452,0,0.044534439779818059,0.04438046980649233,0,0
recipient_withdrawal,3876,V32P-A025495,0,0.77856329679489134,0.77537577152252202,1,1
recipient_withdrawal,3877,V32P-A025496,0,0.6129558324813843,0.61056379079818723,0,0
recipient_withdrawal,3878,V32P-A025497,0,0.50987167358398433,0.50813102722167969,0,0
recipient_withdrawal,3879,V32P-A025498,0,0.43183805346488952,0.43083386421203612,0,0
recipient_withdrawal,3880,V32P-A025499,0,0.40888278484344481,0.40878531932830808,0,0
recipient_withdrawal,3881,V32P-A025500,0,0.15048461407423019,0.1509690523147583,0,0
recipient_withdrawal,3882,V32P-A025561,0,0.70263346433639529,0.69792320728302004,1,1
recipient_withdrawal,3883,V32P-A025562,0,0.56944390535354616,0.55924137830734255,0,0
recipient_withdrawal,3884,V32P-A025563,0,0.48194957375526426,0.47156764268875123,0,0
recipient_withdrawal,3885,V32P-A025564,0,0.41549940705299376,0.40763729214668276,0,0
recipient_withdrawal,3886,V32P-A025565,0,0.30979981422424319,0.30401074886322021,0,0
recipient_withdrawal,3887,V32P-A025566,0,0.12655888348817826,0.12521711885929107,0,0
recipient_withdrawal,3888,V32P-A025573,0,0.66290497779846191,0.65885515213012691,1,1
recipient_withdrawal,3889,V32P-A025574,0,0.56622098684310918,0.56094077825546262,0,0
recipient_withdrawal,3890,V32P-A025575,0,0.4757734715938568,0.47088255286216735,0,0
recipient_withdrawal,3891,V32P-A025576,0,0.39471504092216492,0.39115854501724245,0,0
recipient_withdrawal,3892,V32P-A025577,0,0.33408423364162443,0.32690948545932769,0,0
recipient_withdrawal,3893,V32P-A025578,0,0.14363256990909576,0.14271990954875946,0,0
recipient_withdrawal,3894,V32P-A025663,0,0.6442085981369019,0.63514866828918459,1,1
recipient_withdrawal,3895,V32P-A025664,0,0.53798863887786863,0.52545282244682312,0,0
recipient_withdrawal,3896,V32P-A025665,0,0.51280641555786133,0.50146333575248714,0,0
recipient_withdrawal,3897,V32P-A025666,1,0.47971538305282591,0.46980498433113099,0,0
recipient_withdrawal,3898,V32P-A025667,0,0.074437557160854345,0.073978095501661303,0,0
recipient_withdrawal,3899,V32P-A025668,0,0.034236159361898902,0.034176792576909067,0,0
recipient_withdrawal,3900,V32P-A025723,0,0.54045390486717226,0.53143783211708073,0,0
recipient_withdrawal,3901,V32P-A025724,0,0.65560946464538572,0.64790800809860227,1,1
recipient_withdrawal,3902,V32P-A025725,0,0.64285848140716551,0.63480346202850346,1,1
recipient_withdrawal,3903,V32P-A025726,1,0.59233753681182866,0.58396831750869749,0,0
recipient_withdrawal,3904,V32P-A025727,0,0.083054728060960772,0.082813371717929837,0,0
recipient_withdrawal,3905,V32P-A025728,0,0.04213322140276432,0.04218626394867897,0,0
recipient_withdrawal,3906,V32P-A025837,0,0.64905368089675908,0.64527618885040283,1,1
recipient_withdrawal,3907,V32P-A025838,0,0.49252750277519225,0.48575670123100279,0,0
recipient_withdrawal,3908,V32P-A025839,0,0.4396661162376404,0.43599191308021545,0,0
recipient_withdrawal,3909,V32P-A025840,0,0.35938879251480105,0.3576813519001007,0,0
recipient_withdrawal,3910,V32P-A025841,0,0.27118097841739652,0.27074918448925017,0,0
recipient_withdrawal,3911,V32P-A025842,0,0.10517595410346985,0.10575381815433502,0,0
recipient_withdrawal,3912,V32P-A025915,0,0.53688437342643736,0.53086993098258972,0,0
recipient_withdrawal,3913,V32P-A025916,0,0.55280879735946653,0.54851941466331477,0,0
recipient_withdrawal,3914,V32P-A025917,0,0.51003816723823547,0.50670251846313474,0,0
recipient_withdrawal,3915,V32P-A025918,0,0.46274524331092837,0.46134939789772034,0,0
recipient_withdrawal,3916,V32P-A025919,0,0.38559853434562685,0.3852710247039795,0,0
recipient_withdrawal,3917,V32P-A025920,0,0.17810503840446473,0.17888063490390776,0,0
recipient_withdrawal,3918,V32P-A026041,0,0.73116120100021365,0.7273308992385864,1,1
recipient_withdrawal,3919,V32P-A026042,0,0.69893662929534917,0.69545191526412964,1,1
recipient_withdrawal,3920,V32P-A026043,0,0.6801009058952332,0.67674465179443355,1,1
recipient_withdrawal,3921,V32P-A026044,0,0.67302072048187256,0.6689384341239929,1,1
recipient_withdrawal,3922,V32P-A026045,0,0.67185969352722164,0.66712331771850586,1,1
recipient_withdrawal,3923,V32P-A026046,0,0.54130549430847164,0.53560057282447815,0,0
recipient_withdrawal,3924,V32P-A026077,0,0.55827389359474178,0.55356239080429082,0,0
recipient_withdrawal,3925,V32P-A026078,0,0.55745952129364018,0.55178550481796262,0,0
recipient_withdrawal,3926,V32P-A026079,0,0.54920930266380308,0.54142375588417058,0,0
recipient_withdrawal,3927,V32P-A026080,0,0.52862163186073308,0.52159503102302551,0,0
recipient_withdrawal,3928,V32P-A026081,0,0.45145043730735779,0.44448648095130922,0,0
recipient_withdrawal,3929,V32P-A026082,0,0.22864766716957091,0.22570328116416932,0,0
recipient_withdrawal,3930,V32P-A026101,0,0.58728127479553227,0.58390991687774663,0,0
recipient_withdrawal,3931,V32P-A026102,0,0.56947114467620852,0.56685177087783811,0,0
recipient_withdrawal,3932,V32P-A026103,0,0.57907040715217595,0.57689424157142644,0,0
recipient_withdrawal,3933,V32P-A026104,0,0.55847862362861633,0.55708696842193606,0,0
recipient_withdrawal,3934,V32P-A026105,0,0.49236734509468078,0.49157063364982606,0,0
recipient_withdrawal,3935,V32P-A026106,0,0.26931436657905578,0.27054426372051238,0,0
recipient_withdrawal,3936,V32P-A026119,1,0.7031963109970093,0.69646692276000977,1,1
recipient_withdrawal,3937,V32P-A026120,1,0.67523664236068726,0.66756978034973147,1,1
recipient_withdrawal,3938,V32P-A026121,1,0.62707739472389223,0.62096470594406128,1,1
recipient_withdrawal,3939,V32P-A026122,0,0.1086743488907814,0.10869556963443756,0,0
recipient_withdrawal,3940,V32P-A026123,0,0.079206453263759607,0.079478844255208972,0,0
recipient_withdrawal,3941,V32P-A026124,0,0.031742202863097188,0.031976028531789782,0,0
recipient_withdrawal,3942,V32P-A026131,0,0.53278727531433101,0.52458523511886601,0,0
recipient_withdrawal,3943,V32P-A026132,0,0.51190786957740786,0.50447456240653987,0,0
recipient_withdrawal,3944,V32P-A026133,0,0.52227087020874019,0.5063965916633606,0,0
recipient_withdrawal,3945,V32P-A026134,0,0.40796150565147399,0.39980949163436891,0,0
recipient_withdrawal,3946,V32P-A026135,0,0.34015445411205292,0.33348783552646638,0,0
recipient_withdrawal,3947,V32P-A026136,0,0.1581004023551941,0.1561928391456604,0,0
recipient_withdrawal,3948,V32P-A026227,0,0.56166939735412602,0.55548592805862429,0,0
recipient_withdrawal,3949,V32P-A026228,0,0.62145653963088987,0.61581305265426634,1,0
recipient_withdrawal,3950,V32P-A026229,0,0.59560729265213008,0.58349968194961543,0,0
recipient_withdrawal,3951,V32P-A026230,0,0.60027495622634885,0.59253517389297483,0,0
recipient_withdrawal,3952,V32P-A026231,0,0.53780251741409302,0.53056135773658752,0,0
recipient_withdrawal,3953,V32P-A026232,0,0.047247313708066938,0.04737466238439083,0,0
recipient_withdrawal,3954,V32P-A026365,0,0.63262293338775633,0.62800824642181396,1,1
recipient_withdrawal,3955,V32P-A026366,0,0.49933405518531798,0.49629226326942444,0,0
recipient_withdrawal,3956,V32P-A026367,0,0.43413488864898681,0.43139402270317079,0,0
recipient_withdrawal,3957,V32P-A026368,0,0.3554546356201172,0.35308531522750852,0,0
recipient_withdrawal,3958,V32P-A026369,0,0.29848034083843233,0.29651262462139127,0,0
recipient_withdrawal,3959,V32P-A026370,0,0.15304353088140488,0.15096261352300644,0,0
recipient_withdrawal,3960,V32P-A026431,0,0.48838633894920347,0.4823309898376465,0,0
recipient_withdrawal,3961,V32P-A026432,0,0.43469927310943601,0.42945224642753599,0,0
recipient_withdrawal,3962,V32P-A026433,0,0.38367586731910708,0.37927271127700807,0,0
recipient_withdrawal,3963,V32P-A026434,0,0.30123178362846376,0.29793550372123717,0,0
recipient_withdrawal,3964,V32P-A026435,0,0.23462857902050019,0.23252318501472474,0,0
recipient_withdrawal,3965,V32P-A026436,0,0.10578221231698989,0.10590046048164367,0,0
recipient_withdrawal,3966,V32P-A026455,0,0.6563912034034729,0.64918282032012942,1,1
recipient_withdrawal,3967,V32P-A026456,0,0.56653458476066587,0.55859040617942812,0,0
recipient_withdrawal,3968,V32P-A026457,0,0.48392529487609864,0.47637742161750796,0,0
recipient_withdrawal,3969,V32P-A026458,0,0.60425166487693782,0.59039519429206844,0,0
recipient_withdrawal,3970,V32P-A026459,1,0.36314482092857359,0.35853628516197206,0,0
recipient_withdrawal,3971,V32P-A026460,0,0.034760114550590512,0.034837829135358336,0,0
recipient_withdrawal,3972,V32P-A026479,0,0.63224259614944456,0.62720308303833006,1,1
recipient_withdrawal,3973,V32P-A026480,0,0.57714672088623042,0.57189660072326665,0,0
recipient_withdrawal,3974,V32P-A026481,0,0.52737402319908144,0.52173201441764827,0,0
recipient_withdrawal,3975,V32P-A026482,0,0.43057239055633545,0.42211657762527466,0,0
recipient_withdrawal,3976,V32P-A026483,0,0.33527313768863676,0.32698836624622346,0,0
recipient_withdrawal,3977,V32P-A026484,0,0.13872540295124053,0.13598477244377136,0,0
recipient_withdrawal,3978,V32P-A026485,0,0.85131161212921147,0.84644454717636108,1,1
recipient_withdrawal,3979,V32P-A026486,0,0.78537708520889282,0.77896564006805424,1,1
recipient_withdrawal,3980,V32P-A026487,0,0.73284239768981929,0.72607253789901738,1,1
recipient_withdrawal,3981,V32P-A026488,0,0.65068230628967283,0.64392466545104976,1,1
recipient_withdrawal,3982,V32P-A026489,1,0.59500168561935429,0.58827415704727171,0,0
recipient_withdrawal,3983,V32P-A026490,0,0.047159839794039725,0.047282127290964128,0,0
recipient_withdrawal,3984,V32P-A026569,0,0.48894642591476439,0.48136462569236754,0,0
recipient_withdrawal,3985,V32P-A026570,0,0.53163045644760132,0.52525470256805418,0,0
recipient_withdrawal,3986,V32P-A026571,0,0.43349154591560363,0.42850463986396792,0,0
recipient_withdrawal,3987,V32P-A026572,0,0.40039377808570864,0.39732658863067627,0,0
recipient_withdrawal,3988,V32P-A026573,0,0.33034225404262541,0.32855470478534698,0,0
recipient_withdrawal,3989,V32P-A026574,0,0.14660352468490601,0.14675710499286651,0,0
recipient_withdrawal,3990,V32P-A026593,1,0.70126719474792476,0.69775325059890747,1,1
recipient_withdrawal,3991,V32P-A026594,1,0.66715184450149534,0.66370362043380737,1,1
recipient_withdrawal,3992,V32P-A026595,1,0.48221656680107117,0.48060681819915774,0,0
recipient_withdrawal,3993,V32P-A026596,0,0.092248234897851944,0.093161379545927042,0,0
recipient_withdrawal,3994,V32P-A026597,0,0.071771606430411333,0.072601081803441048,0,0
recipient_withdrawal,3995,V32P-A026598,0,0.031729191169142724,0.032086789608001709,0,0
recipient_withdrawal,3996,V32P-A026611,0,0.71619057655334473,0.71318652629852297,1,1
recipient_withdrawal,3997,V32P-A026612,0,0.46431068778038026,0.46219419836997988,0,0
recipient_withdrawal,3998,V32P-A026613,0,0.38292301893234254,0.38179343342781069,0,0
recipient_withdrawal,3999,V32P-A026614,0,0.39364062547683715,0.39320433139801025,0,0
recipient_withdrawal,4000,V32P-A026615,0,0.31308951377868655,0.30682280063629153,0,0
recipient_withdrawal,4001,V32P-A026616,0,0.10422588139772415,0.10525333136320114,0,0
recipient_withdrawal,4002,V32P-A026647,0,0.35531747341156006,0.3509839713573456,0,0
recipient_withdrawal,4003,V32P-A026648,0,0.3873575687408447,0.38480197191238402,0,0
recipient_withdrawal,4004,V32P-A026649,0,0.36007395386695862,0.35853738188743589,0,0
recipient_withdrawal,4005,V32P-A026650,0,0.29428620934486388,0.29371342062950134,0,0
recipient_withdrawal,4006,V32P-A026651,0,0.22807809710502625,0.22814040184020995,0,0
recipient_withdrawal,4007,V32P-A026652,0,0.098913168162107462,0.099458055943250662,0,0
recipient_withdrawal,4008,V32P-A026701,0,0.60174024105072021,0.59199060201644893,0,0
recipient_withdrawal,4009,V32P-A026702,0,0.54057087302207951,0.53108249306678768,0,0
recipient_withdrawal,4010,V32P-A026703,0,0.45567012429237364,0.44459730982780454,0,0
recipient_withdrawal,4011,V32P-A026704,0,0.31210753619670867,0.30286491215229033,0,0
recipient_withdrawal,4012,V32P-A026705,1,0.30238675773143769,0.29493236243724824,0,0
recipient_withdrawal,4013,V32P-A026706,0,0.018461260292679072,0.018517581094056369,0,0
recipient_withdrawal,4014,V32P-A026719,0,0.78516917228698735,0.78072829246520992,1,1
recipient_withdrawal,4015,V32P-A026720,0,0.73638346195220949,0.73136537075042729,1,1
recipient_withdrawal,4016,V32P-A026721,0,0.72125891447067259,0.71662185192108152,1,1
recipient_withdrawal,4017,V32P-A026722,0,0.70506317615509029,0.70045498609542844,1,1
recipient_withdrawal,4018,V32P-A026723,0,0.65383441448211665,0.64814403057098391,1,1
recipient_withdrawal,4019,V32P-A026724,0,0.43307663202285768,0.42475183606147765,0,0
recipient_withdrawal,4020,V32P-A026725,0,0.54962274432182312,0.5472637832164764,0,0
recipient_withdrawal,4021,V32P-A026726,0,0.42731648683547974,0.42572631239891051,0,0
recipient_withdrawal,4022,V32P-A026727,0,0.3685210645198822,0.36753985285758972,0,0
recipient_withdrawal,4023,V32P-A026728,0,0.28893061578273771,0.28863252103328707,0,0
recipient_withdrawal,4024,V32P-A026729,0,0.22395414710044861,0.22439667284488679,0,0
recipient_withdrawal,4025,V32P-A026730,0,0.096420875191688543,0.097750081121921545,0,0
recipient_withdrawal,4026,V32P-A026833,0,0.54172762036323552,0.53900712132453921,0,0
recipient_withdrawal,4027,V32P-A026834,0,0.52629823684692378,0.52365270256996155,0,0
recipient_withdrawal,4028,V32P-A026835,0,0.49910421967506408,0.49667818546295167,0,0
recipient_withdrawal,4029,V32P-A026836,0,0.43434016704559325,0.43235248923301695,0,0
recipient_withdrawal,4030,V32P-A026837,0,0.36947721242904663,0.36820722222328184,0,0
recipient_withdrawal,4031,V32P-A026838,0,0.17667719423770906,0.17676019370555879,0,0
recipient_withdrawal,4032,V32P-A026887,0,0.71016290187835696,0.70330727100372314,1,1
recipient_withdrawal,4033,V32P-A026888,0,0.5419184625148773,0.53529755473136897,0,0
recipient_withdrawal,4034,V32P-A026889,0,0.45851286053657531,0.45251038670539856,0,0
recipient_withdrawal,4035,V32P-A026890,0,0.37788756489753722,0.37232052087783812,0,0
recipient_withdrawal,4036,V32P-A026891,0,0.33077148199081419,0.32582007050514222,0,0
recipient_withdrawal,4037,V32P-A026892,0,0.11872983127832412,0.11790554821491242,0,0
recipient_withdrawal,4038,V32P-A026989,0,0.44453020691871642,0.43202566504478457,0,0
recipient_withdrawal,4039,V32P-A026990,0,0.53656679987907407,0.52598223686218259,0,0
recipient_withdrawal,4040,V32P-A026991,0,0.51839039325714109,0.50992992520332336,0,0
recipient_withdrawal,4041,V32P-A026992,0,0.43987231254577636,0.43240453600883483,0,0
recipient_withdrawal,4042,V32P-A026993,0,0.36815116405487058,0.36259649991989135,0,0
recipient_withdrawal,4043,V32P-A026994,0,0.1927497535943985,0.19065645784139634,0,0
recipient_withdrawal,4044,V32P-A027055,0,0.46105284690856935,0.45557760596275332,0,0
recipient_withdrawal,4045,V32P-A027056,0,0.53337592482566831,0.53050542473793028,0,0
recipient_withdrawal,4046,V32P-A027057,0,0.51652739048004148,0.51523357629776001,0,0
recipient_withdrawal,4047,V32P-A027058,0,0.43225824236869814,0.43225438594818116,0,0
recipient_withdrawal,4048,V32P-A027059,0,0.34672142267227174,0.34739658236503601,0,0
recipient_withdrawal,4049,V32P-A027060,0,0.15386842787265778,0.15516493171453477,0,0
recipient_withdrawal,4050,V32P-A027133,0,0.42351914644241334,0.41503537893295289,0,0
recipient_withdrawal,4051,V32P-A027134,0,0.4311603307723999,0.42403908967971804,0,0
recipient_withdrawal,4052,V32P-A027135,0,0.39023709893226621,0.38457515239715578,0,0
recipient_withdrawal,4053,V32P-A027136,0,0.30741669535636901,0.30315502882003786,0,0
recipient_withdrawal,4054,V32P-A027137,0,0.23756576180458069,0.23530471324920654,0,0
recipient_withdrawal,4055,V32P-A027138,0,0.097583653032779688,0.09724352955818176,0,0
recipient_withdrawal,4056,V32P-A027169,0,0.42572166323661803,0.41791023015975953,0,0
recipient_withdrawal,4057,V32P-A027170,0,0.35142370462417605,0.3445043206214905,0,0
recipient_withdrawal,4058,V32P-A027171,0,0.32028100192546843,0.31356635987758635,0,0
recipient_withdrawal,4059,V32P-A027172,0,0.35165856182575228,0.34368278086185455,0,0
recipient_withdrawal,4060,V32P-A027173,0,0.24212242960929869,0.23738632798194886,0,0
recipient_withdrawal,4061,V32P-A027174,0,0.14280514568090438,0.1404712677001953,0,0
recipient_withdrawal,4062,V32P-A027193,0,0.61215555667877197,0.6097393155097961,0,0
recipient_withdrawal,4063,V32P-A027194,0,0.49832877516746521,0.49675318598747253,0,0
recipient_withdrawal,4064,V32P-A027195,0,0.45684841275215149,0.45662218332290649,0,0
recipient_withdrawal,4065,V32P-A027196,0,0.36952385902404783,0.37061522603034974,0,0
recipient_withdrawal,4066,V32P-A027197,0,0.28997645974159242,0.29178256988525392,0,0
recipient_withdrawal,4067,V32P-A027198,0,0.11906469911336899,0.12029164582490921,0,0
recipient_withdrawal,4068,V32P-A027217,0,0.72595263719558711,0.72039654254913332,1,1
recipient_withdrawal,4069,V32P-A027218,0,0.51852691173553467,0.50427706837654118,0,0
recipient_withdrawal,4070,V32P-A027219,0,0.68240705728530882,0.67587636709213261,1,1
recipient_withdrawal,4071,V32P-A027220,0,0.46294663548469545,0.4570770263671875,0,0
recipient_withdrawal,4072,V32P-A027221,0,0.33788366317749025,0.33423176407814026,0,0
recipient_withdrawal,4073,V32P-A027222,0,0.13336271792650223,0.13269571512937545,0,0
recipient_withdrawal,4074,V32P-A027235,0,0.69254453182220455,0.68292655944824221,1,1
recipient_withdrawal,4075,V32P-A027236,0,0.60511587858200078,0.5954691886901855,0,0
recipient_withdrawal,4076,V32P-A027237,0,0.55573168396949768,0.54814224243164067,0,0
recipient_withdrawal,4077,V32P-A027238,0,0.47203493714332578,0.46723744869232176,0,0
recipient_withdrawal,4078,V32P-A027239,0,0.42494451403617861,0.42164676785469057,0,0
recipient_withdrawal,4079,V32P-A027240,0,0.16299763023853303,0.16247119158506393,0,0
recipient_withdrawal,4080,V32P-A027277,0,0.55101334452629092,0.53970078825950618,0,0
recipient_withdrawal,4081,V32P-A027278,0,0.48366627693176267,0.46266080737113952,0,0
recipient_withdrawal,4082,V32P-A027279,0,0.36354622840881345,0.3525023400783539,0,0
recipient_withdrawal,4083,V32P-A027280,0,0.28869410157203673,0.27943707704544068,0,0
recipient_withdrawal,4084,V32P-A027281,0,0.22853493243455886,0.22142701596021652,0,0
recipient_withdrawal,4085,V32P-A027282,0,0.10785697996616364,0.10526085346937179,0,0
recipient_withdrawal,4086,V32P-A027337,1,0.80430297851562504,0.79957451820373537,1,1
recipient_withdrawal,4087,V32P-A027338,1,0.68932495117187498,0.68396340608596806,1,1
recipient_withdrawal,4088,V32P-A027339,0,0.18029296398162842,0.1808079957962036,0,0
recipient_withdrawal,4089,V32P-A027340,0,0.13105661273002625,0.13169757202267646,0,0
recipient_withdrawal,4090,V32P-A027341,0,0.15011977627873421,0.14965428709983825,0,0
recipient_withdrawal,4091,V32P-A027342,0,0.047246946208179,0.047478547506034377,0,0
recipient_withdrawal,4092,V32P-A027379,0,0.62099663019180296,0.61578545570373533,1,0
recipient_withdrawal,4093,V32P-A027380,0,0.66707423925399778,0.66159250736236574,1,1
recipient_withdrawal,4094,V32P-A027381,0,0.68683167695999148,0.68041464090347292,1,1
recipient_withdrawal,4095,V32P-A027382,0,0.6881613492965698,0.6810932874679565,1,1
recipient_withdrawal,4096,V32P-A027383,1,0.51352095007896426,0.50691656470298763,0,0
recipient_withdrawal,4097,V32P-A027384,0,0.028996396437287332,0.028998452425003051,0,0
recipient_withdrawal,4098,V32P-A027481,0,0.51684958338737486,0.51392129063606262,0,0
recipient_withdrawal,4099,V32P-A027482,0,0.52957938909530644,0.52660831809043884,0,0
recipient_withdrawal,4100,V32P-A027483,0,0.54021472334861753,0.53715716004371639,0,0
recipient_withdrawal,4101,V32P-A027484,0,0.48440995216369631,0.4806501567363739,0,0
recipient_withdrawal,4102,V32P-A027485,1,0.38999343514442442,0.38643231987953186,0,0
recipient_withdrawal,4103,V32P-A027486,0,0.029867910966277122,0.030183996632695199,0,0
recipient_withdrawal,4104,V32P-A027511,0,0.69655622243881221,0.692999255657196,1,1
recipient_withdrawal,4105,V32P-A027512,0,0.61530121564865115,0.6125342011451721,0,0
recipient_withdrawal,4106,V32P-A027513,0,0.51902045607566838,0.51684336066246028,0,0
recipient_withdrawal,4107,V32P-A027514,0,0.43738622069358823,0.43723496794700623,0,0
recipient_withdrawal,4108,V32P-A027515,0,0.39467068910598757,0.39523957967758178,0,0
recipient_withdrawal,4109,V32P-A027516,0,0.18813574314117432,0.18992265462875366,0,0
recipient_withdrawal,4110,V32P-A027541,0,0.55594244003295901,0.54849419593811033,0,0
recipient_withdrawal,4111,V32P-A027542,0,0.49430544376373292,0.47655026912689208,0,0
recipient_withdrawal,4112,V32P-A027543,0,0.56355969309806819,0.55757589936256413,0,0
recipient_withdrawal,4113,V32P-A027544,0,0.48286482095718386,0.47656303644180298,0,0
recipient_withdrawal,4114,V32P-A027545,0,0.38297628164291381,0.37664804458618162,0,0
recipient_withdrawal,4115,V32P-A027546,0,0.16651988476514817,0.16423600167036057,0,0
recipient_withdrawal,4116,V32P-A027595,0,0.81394746303558352,0.80695245265960691,1,1
recipient_withdrawal,4117,V32P-A027596,0,0.7397033214569092,0.7319286108016968,1,1
recipient_withdrawal,4118,V32P-A027597,0,0.67589297294616701,0.66219528913497927,1,1
recipient_withdrawal,4119,V32P-A027598,0,0.63797821998596194,0.63001360893249514,1,1
recipient_withdrawal,4120,V32P-A027599,0,0.55294321179389949,0.54432340264320378,0,0
recipient_withdrawal,4121,V32P-A027600,0,0.040127887949347497,0.040063466504216196,0,0
recipient_withdrawal,4122,V32P-A027757,0,0.74612854719161992,0.74186570644378658,1,1
recipient_withdrawal,4123,V32P-A027758,0,0.44200357198715212,0.43246553540229798,0,0
recipient_withdrawal,4124,V32P-A027759,0,0.47810783982276917,0.47416434884071351,0,0
recipient_withdrawal,4125,V32P-A027760,0,0.37097219824790956,0.36735628247261048,0,0
recipient_withdrawal,4126,V32P-A027761,0,0.28998967409133913,0.28694353699684144,0,0
recipient_withdrawal,4127,V32P-A027762,0,0.12105258703231811,0.12012331187725067,0,0
recipient_withdrawal,4128,V32P-A027781,1,0.65470138788223264,0.64999759197235107,1,1
recipient_withdrawal,4129,V32P-A027782,1,0.52522901892662044,0.51923091411590572,0,0
recipient_withdrawal,4130,V32P-A027783,1,0.44755873680114744,0.44373046159744262,0,0
recipient_withdrawal,4131,V32P-A027784,0,0.062928442656993863,0.063526186347007754,0,0
recipient_withdrawal,4132,V32P-A027785,0,0.048680607974529264,0.049248275160789487,0,0
recipient_withdrawal,4133,V32P-A027786,0,0.023708040453493597,0.024052085168659688,0,0
recipient_withdrawal,4134,V32P-A027811,0,0.79391897916793819,0.78760230541229248,1,1
recipient_withdrawal,4135,V32P-A027812,0,0.72598378658294682,0.71600774526596067,1,1
recipient_withdrawal,4136,V32P-A027813,0,0.66161786317825322,0.64960825443267822,1,1
recipient_withdrawal,4137,V32P-A027814,0,0.53850234746932979,0.52367792725563045,0,0
recipient_withdrawal,4138,V32P-A027815,0,0.44660769701004027,0.43500764369964601,0,0
recipient_withdrawal,4139,V32P-A027816,0,0.19606370627880096,0.19161359667778016,0,0
recipient_withdrawal,4140,V32P-A027829,1,0.69907550811767583,0.6965935230255127,1,1
recipient_withdrawal,4141,V32P-A027830,1,0.56784192919731136,0.56512007117271423,0,0
recipient_withdrawal,4142,V32P-A027831,1,0.5347744286060333,0.53340143561363218,0,0
recipient_withdrawal,4143,V32P-A027832,0,0.088793323934078211,0.090382125973701474,0,0
recipient_withdrawal,4144,V32P-A027833,0,0.064628454297780996,0.065911849588155741,0,0
recipient_withdrawal,4145,V32P-A027834,0,0.027073878608644009,0.027654556371271611,0,0
recipient_withdrawal,4146,V32P-A027841,0,0.54194037914276127,0.53916761875152586,0,0
recipient_withdrawal,4147,V32P-A027842,0,0.4898992359638214,0.48592926859855651,0,0
recipient_withdrawal,4148,V32P-A027843,0,0.46731510758399963,0.46369948983192444,0,0
recipient_withdrawal,4149,V32P-A027844,0,0.38552975058555605,0.38264546394348142,0,0
recipient_withdrawal,4150,V32P-A027845,0,0.30716522932052615,0.30514671802520754,0,0
recipient_withdrawal,4151,V32P-A027846,0,0.1374494343996048,0.13719920814037323,0,0
recipient_withdrawal,4152,V32P-A027889,0,0.83201705217361455,0.82261409759521487,1,1
recipient_withdrawal,4153,V32P-A027890,0,0.70437885522842403,0.69022284746170048,1,1
recipient_withdrawal,4154,V32P-A027891,0,0.846634304523468,0.83819971084594724,1,1
recipient_withdrawal,4155,V32P-A027892,1,0.66044446229934695,0.6452479779720306,1,1
recipient_withdrawal,4156,V32P-A027893,0,0.15052707046270369,0.1493648886680603,0,0
recipient_withdrawal,4157,V32P-A027894,0,0.070021492429077625,0.069789527542889113,0,0
recipient_withdrawal,4158,V32P-A027925,0,0.50821327567100527,0.50820805430412297,0,0
recipient_withdrawal,4159,V32P-A027926,0,0.41047409176826477,0.41217810511589048,0,0
recipient_withdrawal,4160,V32P-A027927,0,0.37727240324020384,0.37973957061767577,0,0
recipient_withdrawal,4161,V32P-A027928,0,0.32794957756996157,0.33097921609878539,0,0
recipient_withdrawal,4162,V32P-A027929,0,0.26324346661567688,0.26657462120056152,0,0
recipient_withdrawal,4163,V32P-A027930,0,0.12004385292530059,0.1227592408657074,0,0
recipient_withdrawal,4164,V32P-A027943,0,0.84266173839569092,0.83932737112045286,1,1
recipient_withdrawal,4165,V32P-A027944,0,0.70159001350402828,0.6962287425994873,1,1
recipient_withdrawal,4166,V32P-A027945,0,0.62653914690017698,0.62268096208572388,1,1
recipient_withdrawal,4167,V32P-A027946,0,0.60828881263732915,0.60597833395004275,0,0
recipient_withdrawal,4168,V32P-A027947,0,0.61547580361366272,0.60624523162841792,0,0
recipient_withdrawal,4169,V32P-A027948,0,0.33709211051464083,0.33672448396682741,0,0
recipient_withdrawal,4170,V32P-A027961,0,0.76211899518966675,0.75999799966812132,1,1
recipient_withdrawal,4171,V32P-A027962,0,0.63836485147476196,0.63718428611755373,1,1
recipient_withdrawal,4172,V32P-A027963,0,0.54446879625320432,0.54418911933898928,0,0
recipient_withdrawal,4173,V32P-A027964,0,0.58814381361007695,0.58883141279220585,0,0
recipient_withdrawal,4174,V32P-A027965,0,0.43569135069847109,0.43819783329963685,0,0
recipient_withdrawal,4175,V32P-A027966,0,0.18673440217971801,0.1891937494277954,0,0
recipient_withdrawal,4176,V32P-A027973,0,0.50339007973670957,0.49975921511650084,0,0
recipient_withdrawal,4177,V32P-A027974,0,0.40616731047630311,0.40314580202102662,0,0
recipient_withdrawal,4178,V32P-A027975,0,0.37550475597381594,0.37278266549110411,0,0
recipient_withdrawal,4179,V32P-A027976,0,0.33199702501296996,0.33043651580810546,0,0
recipient_withdrawal,4180,V32P-A027977,0,0.26301465332508089,0.26191097199916841,0,0
recipient_withdrawal,4181,V32P-A027978,0,0.11698640435934067,0.11675860434770584,0,0
recipient_withdrawal,4182,V32P-A027985,0,0.67403571605682377,0.66741403341293337,1,1
recipient_withdrawal,4183,V32P-A027986,0,0.58199726343154912,0.57240217924118042,0,0
recipient_withdrawal,4184,V32P-A027987,0,0.5295742273330688,0.52119222879409788,0,0
recipient_withdrawal,4185,V32P-A027988,0,0.43461310863494873,0.42665103673934934,0,0
recipient_withdrawal,4186,V32P-A027989,0,0.33684065937995911,0.33000545501708983,0,0
recipient_withdrawal,4187,V32P-A027990,0,0.13778952211141587,0.13423402160406112,0,0
recipient_withdrawal,4188,V32P-A027997,0,0.79219977855682377,0.78659957647323608,1,1
recipient_withdrawal,4189,V32P-A027998,0,0.70867087841033938,0.69984312057495113,1,1
recipient_withdrawal,4190,V32P-A027999,0,0.77083005905151369,0.76471257209777832,1,1
recipient_withdrawal,4191,V32P-A028000,0,0.67532080411911011,0.66510249376296993,1,1
recipient_withdrawal,4192,V32P-A028001,1,0.58290974497795101,0.57350484132766721,0,0
recipient_withdrawal,4193,V32P-A028002,0,0.044735971093177798,0.044744760915637019,0,0
recipient_withdrawal,4194,V32P-A028009,0,0.4016317665576935,0.3978759706020355,0,0
recipient_withdrawal,4195,V32P-A028010,0,0.43673198819160464,0.43469350934028628,0,0
recipient_withdrawal,4196,V32P-A028011,0,0.36430922150611877,0.36341043114662169,0,0
recipient_withdrawal,4197,V32P-A028012,0,0.28654865920543671,0.28713553249835966,0,0
recipient_withdrawal,4198,V32P-A028013,0,0.21023531258106232,0.21123715937137605,0,0
recipient_withdrawal,4199,V32P-A028014,0,0.087225618958473208,0.088234111666679382,0,0
recipient_withdrawal,4200,V32P-A028027,0,0.56171649098396303,0.56204984784126277,0,0
recipient_withdrawal,4201,V32P-A028028,0,0.51137044429779055,0.51257299780845644,0,0
recipient_withdrawal,4202,V32P-A028029,0,0.48455797433853148,0.48570415377616882,0,0
recipient_withdrawal,4203,V32P-A028030,0,0.44742850661277772,0.44926764369010924,0,0
recipient_withdrawal,4204,V32P-A028031,0,0.37140662670135499,0.37358353137969968,0,0
recipient_withdrawal,4205,V32P-A028032,0,0.19424953311681747,0.19664434641599654,0,0
recipient_withdrawal,4206,V32P-A028033,0,0.34781503081321719,0.34236052632331848,0,0
recipient_withdrawal,4207,V32P-A028034,0,0.37567438483238219,0.37157182097434999,0,0
recipient_withdrawal,4208,V32P-A028035,0,0.36216109693050386,0.35833715498447416,0,0
recipient_withdrawal,4209,V32P-A028036,0,0.34881202578544618,0.34590957760810853,0,0
recipient_withdrawal,4210,V32P-A028037,0,0.26442008912563325,0.2617204338312149,0,0
recipient_withdrawal,4211,V32P-A028038,0,0.11712954938411713,0.11686203479766846,0,0
recipient_withdrawal,4212,V32P-A028105,0,0.69124778509140017,0.68601413965225222,1,1
recipient_withdrawal,4213,V32P-A028106,0,0.56345080137252812,0.55276538133621211,0,0
recipient_withdrawal,4214,V32P-A028107,0,0.56888279914855955,0.56369915008544924,0,0
recipient_withdrawal,4215,V32P-A028108,0,0.48167856931686404,0.47773714065551759,0,0
recipient_withdrawal,4216,V32P-A028109,0,0.39517039656639097,0.39195049405097959,0,0
recipient_withdrawal,4217,V32P-A028110,0,0.21112462133169174,0.21026432663202285,0,0
recipient_withdrawal,4218,V32P-A028117,0,0.69428244829177854,0.69274255037307741,1,1
recipient_withdrawal,4219,V32P-A028118,0,0.58544564247131348,0.58434609174728391,0,0
recipient_withdrawal,4220,V32P-A028119,0,0.58025898933410647,0.58038161993026738,0,0
recipient_withdrawal,4221,V32P-A028120,0,0.58556941747665403,0.5874995112419128,0,0
recipient_withdrawal,4222,V32P-A028121,0,0.53039857745170593,0.53300678730010986,0,0
recipient_withdrawal,4223,V32P-A028122,0,0.26999445259571075,0.27311773896217345,0,0
recipient_withdrawal,4224,V32P-A028195,0,0.44534375667572024,0.43815234899520872,0,0
recipient_withdrawal,4225,V32P-A028196,0,0.62024911642074587,0.61394921541213987,1,0
recipient_withdrawal,4226,V32P-A028197,0,0.68201112747192383,0.67609810829162598,1,1
recipient_withdrawal,4227,V32P-A028198,0,0.41680913567543032,0.41058595180511476,0,0
recipient_withdrawal,4228,V32P-A028199,0,0.58520830273628233,0.57095777392387392,0,0
recipient_withdrawal,4229,V32P-A028200,0,0.020143379643559455,0.020139181986451149,0,0
recipient_withdrawal,4230,V32P-A028219,1,0.62803595066070561,0.62386741638183596,1,1
recipient_withdrawal,4231,V32P-A028220,1,0.48241358995437622,0.47720283269882202,0,0
recipient_withdrawal,4232,V32P-A028221,0,0.10221324861049652,0.10132591128349304,0,0
recipient_withdrawal,4233,V32P-A028222,0,0.090069089084863663,0.089629270881414411,0,0
recipient_withdrawal,4234,V32P-A028223,0,0.068290821462869647,0.068104579299688342,0,0
recipient_withdrawal,4235,V32P-A028224,0,0.030598862655460836,0.030691810138523578,0,0
recipient_withdrawal,4236,V32P-A028231,1,0.49387694597244264,0.4892484426498413,0,0
recipient_withdrawal,4237,V32P-A028232,1,0.48606705665588379,0.48136413097381592,0,0
recipient_withdrawal,4238,V32P-A028233,1,0.52837293148040776,0.52420781850814824,0,0
recipient_withdrawal,4239,V32P-A028234,0,0.095497303083539015,0.09656857736408711,0,0
recipient_withdrawal,4240,V32P-A028235,0,0.068579978682100778,0.069431335665285587,0,0
recipient_withdrawal,4241,V32P-A028236,0,0.03137929681688547,0.03182599935680628,0,0
recipient_withdrawal,4242,V32P-A028243,0,0.5889514684677124,0.58362703323364262,0,0
recipient_withdrawal,4243,V32P-A028244,0,0.52370502352714543,0.5166850864887238,0,0
recipient_withdrawal,4244,V32P-A028245,0,0.48420954346656797,0.47806597948074342,0,0
recipient_withdrawal,4245,V32P-A028246,0,0.38113006353378298,0.37652822136878966,0,0
recipient_withdrawal,4246,V32P-A028247,0,0.30013395845890045,0.29579260647296907,0,0
recipient_withdrawal,4247,V32P-A028248,0,0.12392065078020095,0.12224707752466202,0,0
recipient_withdrawal,4248,V32P-A028273,0,0.67636150121688843,0.67153035402297978,1,1
recipient_withdrawal,4249,V32P-A028274,0,0.55775509476661678,0.54690575003623965,0,0
recipient_withdrawal,4250,V32P-A028275,0,0.5473289310932159,0.5446917712688446,0,0
recipient_withdrawal,4251,V32P-A028276,0,0.48540102839469912,0.48452935814857484,0,0
recipient_withdrawal,4252,V32P-A028277,0,0.40196956396102906,0.40216271877288817,0,0
recipient_withdrawal,4253,V32P-A028278,0,0.1956626832485199,0.19653568565845489,0,0
recipient_withdrawal,4254,V32P-A028291,0,0.66747379302978516,0.66004751920700078,1,1
recipient_withdrawal,4255,V32P-A028292,0,0.57457216382026677,0.55830251574516299,0,0
recipient_withdrawal,4256,V32P-A028293,0,0.6749250173568726,0.6666555523872375,1,1
recipient_withdrawal,4257,V32P-A028294,0,0.44593812227249147,0.4367020785808563,0,0
recipient_withdrawal,4258,V32P-A028295,0,0.39317777752876282,0.38529302477836608,0,0
recipient_withdrawal,4259,V32P-A028296,0,0.22144823670387268,0.21875973045825958,0,0
recipient_withdrawal,4260,V32P-A028303,1,0.39691926836967467,0.39743103384971618,0,0
recipient_withdrawal,4261,V32P-A028304,1,0.41463708281517031,0.41578672528266908,0,0
recipient_withdrawal,4262,V32P-A028305,0,0.087118408083915716,0.089431169629096988,0,0
recipient_withdrawal,4263,V32P-A028306,0,0.06485262736678124,0.066645995527505872,0,0
recipient_withdrawal,4264,V32P-A028307,0,0.044876449555158612,0.045893460512161255,0,0
recipient_withdrawal,4265,V32P-A028308,0,0.020236482564359903,0.02064852910116315,0,0
recipient_withdrawal,4266,V32P-A028333,0,0.59190328717231755,0.58097646832466121,0,0
recipient_withdrawal,4267,V32P-A028334,0,0.495664644241333,0.4843020260334015,0,0
recipient_withdrawal,4268,V32P-A028335,0,0.42097401320934297,0.41007945835590365,0,0
recipient_withdrawal,4269,V32P-A028336,0,0.35224198102951049,0.34259739518165588,0,0
recipient_withdrawal,4270,V32P-A028337,0,0.27596254050731661,0.26995789706707002,0,0
recipient_withdrawal,4271,V32P-A028338,0,0.028059797221794726,0.028009603964164853,0,0
recipient_withdrawal,4272,V32P-A028381,0,0.53720110654830933,0.53363668918609619,0,0
recipient_withdrawal,4273,V32P-A028382,0,0.47056483030319213,0.46765454411506652,0,0
recipient_withdrawal,4274,V32P-A028383,0,0.4331668198108673,0.43116240501403807,0,0
recipient_withdrawal,4275,V32P-A028384,0,0.32730528116226199,0.32612371444702148,0,0
recipient_withdrawal,4276,V32P-A028385,0,0.26288369894027708,0.26276892423629761,0,0
recipient_withdrawal,4277,V32P-A028386,0,0.10689065605401993,0.10730848759412766,0,0
recipient_withdrawal,4278,V32P-A028411,0,0.72338413000106816,0.71595797538757322,1,1
recipient_withdrawal,4279,V32P-A028412,0,0.64213018417358403,0.63260600566864011,1,1
recipient_withdrawal,4280,V32P-A028413,0,0.5823920845985413,0.57140016555786133,0,0
recipient_withdrawal,4281,V32P-A028414,0,0.50631701350212099,0.49652224183082583,0,0
recipient_withdrawal,4282,V32P-A028415,0,0.46843073964118959,0.46028859019279478,0,0
recipient_withdrawal,4283,V32P-A028416,0,0.19065455496311187,0.18805250227451326,0,0
recipient_withdrawal,4284,V32P-A028423,1,0.69369014501571657,0.6900883793830872,1,1
recipient_withdrawal,4285,V32P-A028424,1,0.54425599575042727,0.54071695804595943,0,0
recipient_withdrawal,4286,V32P-A028425,1,0.66864241361618038,0.66494594812393193,1,1
recipient_withdrawal,4287,V32P-A028426,0,0.10271649360656739,0.10322335511445999,0,0
recipient_withdrawal,4288,V32P-A028427,0,0.072795920073986053,0.073332221806049341,0,0
recipient_withdrawal,4289,V32P-A028428,0,0.029670860804617404,0.029926850460469723,0,0
recipient_withdrawal,4290,V32P-A028441,0,0.54246063232421871,0.53410000205039976,0,0
recipient_withdrawal,4291,V32P-A028442,0,0.58792239427566528,0.58117034435272219,0,0
recipient_withdrawal,4292,V32P-A028443,0,0.6817338347434998,0.67607133388519292,1,1
recipient_withdrawal,4293,V32P-A028444,0,0.62910195589065554,0.62368597984313967,1,1
recipient_withdrawal,4294,V32P-A028445,0,0.56167778372764587,0.55555266737937925,0,0
recipient_withdrawal,4295,V32P-A028446,0,0.042167513445019719,0.042414751276373862,0,0
recipient_withdrawal,4296,V32P-A028525,0,0.80598257780075078,0.79760992527008057,1,1
recipient_withdrawal,4297,V32P-A028526,0,0.6888841986656189,0.67759923934936528,1,1
recipient_withdrawal,4298,V32P-A028527,0,0.66059679985046382,0.65128670930862431,1,1
recipient_withdrawal,4299,V32P-A028528,0,0.75587098598480229,0.74956544637680056,1,1
recipient_withdrawal,4300,V32P-A028529,1,0.71039936542510984,0.70119982957839966,1,1
recipient_withdrawal,4301,V32P-A028530,0,0.074939154088497162,0.074941588938236242,0,0
recipient_withdrawal,4302,V32P-A028549,0,0.65858272314071653,0.65595765113830562,1,1
recipient_withdrawal,4303,V32P-A028550,0,0.56402131915092468,0.56257897019386294,0,0
recipient_withdrawal,4304,V32P-A028551,0,0.44835304021835326,0.44760090112686157,0,0
recipient_withdrawal,4305,V32P-A028552,0,0.31423931717872622,0.31463229060173037,0,0
recipient_withdrawal,4306,V32P-A028553,0,0.24293076097965241,0.24414836466312409,0,0
recipient_withdrawal,4307,V32P-A028554,0,0.11203298866748809,0.11336583197116852,0,0
recipient_withdrawal,4308,V32P-A028573,1,0.70392990112304688,0.69688425064086912,1,1
recipient_withdrawal,4309,V32P-A028574,1,0.68445837497711182,0.67726794481277464,1,1
recipient_withdrawal,4310,V32P-A028575,1,0.67815605401992796,0.67100584506988525,1,1
recipient_withdrawal,4311,V32P-A028576,0,0.13017309457063675,0.13009606376290322,0,0
recipient_withdrawal,4312,V32P-A028577,0,0.096261978894472119,0.096367994695901876,0,0
recipient_withdrawal,4313,V32P-A028578,0,0.041741344518959521,0.041888311505317688,0,0
recipient_withdrawal,4314,V32P-A028633,0,0.59221509695053098,0.59224739074707033,0,0
recipient_withdrawal,4315,V32P-A028634,0,0.46896386742591856,0.46975120902061462,0,0
recipient_withdrawal,4316,V32P-A028635,0,0.49813423156738279,0.49290429353713988,0,0
recipient_withdrawal,4317,V32P-A028636,0,0.39755851030349731,0.39962205886840818,0,0
recipient_withdrawal,4318,V32P-A028637,1,0.3175651878118515,0.31970908343791959,0,0
recipient_withdrawal,4319,V32P-A028638,0,0.025517390854656697,0.026090447045862674,0,0
recipient_withdrawal,4320,V32P-A028657,0,0.29592857360839842,0.29197585582733154,0,0
recipient_withdrawal,4321,V32P-A028658,0,0.32441607713699339,0.32102352380752563,0,0
recipient_withdrawal,4322,V32P-A028659,0,0.28010171055793764,0.27727217078208921,0,0
recipient_withdrawal,4323,V32P-A028660,0,0.24003247916698456,0.23842035233974457,0,0
recipient_withdrawal,4324,V32P-A028661,0,0.17828685343265532,0.17430870532989501,0,0
recipient_withdrawal,4325,V32P-A028662,0,0.087691529095172888,0.088096873462200159,0,0
recipient_withdrawal,4326,V32P-A028741,0,0.57476661205291746,0.56823230385780332,0,0
recipient_withdrawal,4327,V32P-A028742,0,0.59614425897598267,0.58375149965286255,0,0
recipient_withdrawal,4328,V32P-A028743,0,0.53969695568084719,0.53145237565040593,0,0
recipient_withdrawal,4329,V32P-A028744,0,0.45621319413185119,0.44993821382522581,0,0
recipient_withdrawal,4330,V32P-A028745,0,0.39530654847621916,0.39029417335987093,0,0
recipient_withdrawal,4331,V32P-A028746,0,0.23008081465959548,0.22785968929529191,0,0
recipient_withdrawal,4332,V32P-A028747,0,0.59774742126464842,0.59427329301834109,0,0
recipient_withdrawal,4333,V32P-A028748,0,0.53428683280944822,0.53148764371871948,0,0
recipient_withdrawal,4334,V32P-A028749,0,0.56741497516632078,0.56526038646697996,0,0
recipient_withdrawal,4335,V32P-A028750,0,0.56414010524749758,0.56286045312881472,0,0
recipient_withdrawal,4336,V32P-A028751,0,0.49891706705093386,0.49869496822357179,0,0
recipient_withdrawal,4337,V32P-A028752,0,0.2854077607393265,0.28682149648666383,0,0
recipient_withdrawal,4338,V32P-A028789,0,0.7297285795211792,0.72471086978912358,1,1
recipient_withdrawal,4339,V32P-A028790,0,0.65608890056610103,0.65135182142257686,1,1
recipient_withdrawal,4340,V32P-A028791,0,0.59439935684204104,0.59088895320892332,0,0
recipient_withdrawal,4341,V32P-A028792,0,0.50457152128219607,0.50149987936019902,0,0
recipient_withdrawal,4342,V32P-A028793,0,0.42986766695976258,0.42744041085243223,0,0
recipient_withdrawal,4343,V32P-A028794,0,0.2594269126653671,0.25891791880130766,0,0
recipient_withdrawal,4344,V32P-A028837,1,0.64224480986595156,0.62302790284156795,1,1
recipient_withdrawal,4345,V32P-A028838,1,0.65078645348548891,0.63512169718742373,1,1
recipient_withdrawal,4346,V32P-A028839,1,0.75559648275375368,0.74348961114883427,1,1
recipient_withdrawal,4347,V32P-A028840,0,0.22002166211605073,0.2105091243982315,0,0
recipient_withdrawal,4348,V32P-A028841,0,0.17056097090244293,0.16581177711486816,0,0
recipient_withdrawal,4349,V32P-A028842,0,0.076409392803907392,0.075291308760643008,0,0
recipient_withdrawal,4350,V32P-A028843,0,0.41455532908439635,0.4053683876991272,0,0
recipient_withdrawal,4351,V32P-A028844,0,0.48090583682060239,0.47441990971565245,0,0
recipient_withdrawal,4352,V32P-A028845,0,0.45210997462272645,0.44496133923530579,0,0
recipient_withdrawal,4353,V32P-A028846,0,0.35717669129371643,0.3438003182411194,0,0
recipient_withdrawal,4354,V32P-A028847,0,0.29266337156295774,0.28648896217346193,0,0
recipient_withdrawal,4355,V32P-A028848,0,0.13886723220348357,0.136752250790596,0,0
recipient_withdrawal,4356,V32P-A028873,0,0.82078430652618406,0.8160545825958252,1,1
recipient_withdrawal,4357,V32P-A028874,0,0.6957110524177551,0.69043759107589719,1,1
recipient_withdrawal,4358,V32P-A028875,0,0.59713813066482546,0.5926762700080872,0,0
recipient_withdrawal,4359,V32P-A028876,0,0.55928188562393188,0.55682789087295537,0,0
recipient_withdrawal,4360,V32P-A028877,0,0.52790527343750004,0.52583560943603513,0,0
recipient_withdrawal,4361,V32P-A028878,0,0.30390066504478452,0.30289743542671205,0,0
recipient_withdrawal,4362,V32P-A028891,0,0.61708211898803711,0.60194813013076787,0,0
recipient_withdrawal,4363,V32P-A028892,0,0.63738952875137334,0.62544230222702024,1,1
recipient_withdrawal,4364,V32P-A028893,0,0.59963496923446657,0.58894712328910825,0,0
recipient_withdrawal,4365,V32P-A028894,0,0.53060504794120789,0.52055275440216064,0,0
recipient_withdrawal,4366,V32P-A028895,1,0.44409607052803041,0.43566228747367858,0,0
recipient_withdrawal,4367,V32P-A028896,0,0.033969772234559062,0.033931936137378216,0,0
recipient_withdrawal,4368,V32P-A028981,0,0.54906570315361025,0.54400246739387514,0,0
recipient_withdrawal,4369,V32P-A028982,0,0.53685089349746706,0.53187453150749209,0,0
recipient_withdrawal,4370,V32P-A028983,0,0.52770165801048274,0.52449204921722414,0,0
recipient_withdrawal,4371,V32P-A028984,0,0.60029439926147465,0.58562406301498415,0,0
recipient_withdrawal,4372,V32P-A028985,0,0.35960288047790528,0.35664474964141846,0,0
recipient_withdrawal,4373,V32P-A028986,0,0.024825785495340823,0.02502282876521349,0,0
recipient_withdrawal,4374,V32P-A028993,1,0.53706774711608884,0.52880954146385195,0,0
recipient_withdrawal,4375,V32P-A028994,1,0.52935268282890324,0.52352100014686587,0,0
recipient_withdrawal,4376,V32P-A028995,1,0.47844159007072451,0.47544077038764954,0,0
recipient_withdrawal,4377,V32P-A028996,0,0.099844523146748548,0.10145335383713246,0,0
recipient_withdrawal,4378,V32P-A028997,0,0.071437373757362366,0.07307802140712738,0,0
recipient_withdrawal,4379,V32P-A028998,0,0.030978460423648359,0.031909120641648768,0,0
recipient_withdrawal,4380,V32P-A029029,0,0.61846305131912227,0.61581511497497554,0,0
recipient_withdrawal,4381,V32P-A029030,0,0.44399307966232299,0.44533694386482237,0,0
recipient_withdrawal,4382,V32P-A029031,0,0.37589243650436399,0.37779487371444703,0,0
recipient_withdrawal,4383,V32P-A029032,0,0.3005324423313141,0.30226544141769407,0,0
recipient_withdrawal,4384,V32P-A029033,0,0.22421066462993622,0.22569242417812346,0,0
recipient_withdrawal,4385,V32P-A029034,0,0.10759838819503784,0.10868171006441116,0,0
recipient_withdrawal,4386,V32P-A029047,0,0.45423170924186707,0.44409176707267761,0,0
recipient_withdrawal,4387,V32P-A029048,0,0.5243988454341888,0.51608690619468689,0,0
recipient_withdrawal,4388,V32P-A029049,0,0.51965848803520198,0.51155859231948853,0,0
recipient_withdrawal,4389,V32P-A029050,0,0.47558800578117372,0.46632419824600219,0,0
recipient_withdrawal,4390,V32P-A029051,0,0.41118434071540833,0.4016579747200012,0,0
recipient_withdrawal,4391,V32P-A029052,0,0.21570809334516525,0.21055411845445632,0,0
recipient_withdrawal,4392,V32P-A029071,0,0.32807951569557192,0.32746950984001161,0,0
recipient_withdrawal,4393,V32P-A029072,0,0.3758066177368164,0.37609895467758181,0,0
recipient_withdrawal,4394,V32P-A029073,0,0.36319953203201294,0.36374480724334718,0,0
recipient_withdrawal,4395,V32P-A029074,0,0.31025738418102267,0.3112015575170517,0,0
recipient_withdrawal,4396,V32P-A029075,0,0.24155775308609009,0.24271528124809266,0,0
recipient_withdrawal,4397,V32P-A029076,0,0.10579416006803513,0.10697814971208572,0,0
recipient_withdrawal,4398,V32P-A029101,0,0.52676120400428772,0.51792261600494383,0,0
recipient_withdrawal,4399,V32P-A029102,0,0.53095946311950681,0.52420024871826176,0,0
recipient_withdrawal,4400,V32P-A029103,0,0.49505923986434935,0.48963604569435121,0,0
recipient_withdrawal,4401,V32P-A029104,0,0.43513917922973633,0.43029814958572388,0,0
recipient_withdrawal,4402,V32P-A029105,0,0.42338746190071108,0.40902904272079466,0,0
recipient_withdrawal,4403,V32P-A029106,0,0.028946378640830515,0.029055044613778593,0,0
recipient_withdrawal,4404,V32P-A029119,0,0.60248346328735347,0.59021430015563969,0,0
recipient_withdrawal,4405,V32P-A029120,0,0.6233176589012146,0.61314729452133176,1,0
recipient_withdrawal,4406,V32P-A029121,0,0.58118194341659546,0.57117456197738647,0,0
recipient_withdrawal,4407,V32P-A029122,0,0.50998938083648682,0.50066343545913694,0,0
recipient_withdrawal,4408,V32P-A029123,0,0.4032023549079895,0.39688116908073423,0,0
recipient_withdrawal,4409,V32P-A029124,0,0.16753734946250914,0.16566608846187592,0,0
recipient_withdrawal,4410,V32P-A029131,0,0.40032838582992553,0.39182965755462645,0,0
recipient_withdrawal,4411,V32P-A029132,0,0.51507629752159123,0.50933063626289365,0,0
recipient_withdrawal,4412,V32P-A029133,0,0.47913571000099181,0.47327100634574892,0,0
recipient_withdrawal,4413,V32P-A029134,0,0.41690181493759154,0.4111580729484558,0,0
recipient_withdrawal,4414,V32P-A029135,0,0.33204671740531921,0.32740266919136046,0,0
recipient_withdrawal,4415,V32P-A029136,0,0.021718791313469411,0.021945307962596416,0,0
recipient_withdrawal,4416,V32P-A029167,0,0.74042690992355342,0.73691836595535276,1,1
recipient_withdrawal,4417,V32P-A029168,0,0.63909684419631962,0.63614544868469236,1,1
recipient_withdrawal,4418,V32P-A029169,0,0.59409016370773315,0.59254275560379033,0,0
recipient_withdrawal,4419,V32P-A029170,0,0.5318651676177979,0.53235032558441164,0,0
recipient_withdrawal,4420,V32P-A029171,0,0.45195449590682985,0.45396143794059751,0,0
recipient_withdrawal,4421,V32P-A029172,0,0.26853678822517396,0.27201099395751954,0,0
recipient_withdrawal,4422,V32P-A029191,0,0.4813129663467407,0.47596879601478576,0,0
recipient_withdrawal,4423,V32P-A029192,0,0.51263035535812373,0.50974657535552981,0,0
recipient_withdrawal,4424,V32P-A029193,0,0.41411463022232053,0.4112518012523651,0,0
recipient_withdrawal,4425,V32P-A029194,1,0.3000424265861511,0.29794751405715941,0,0
recipient_withdrawal,4426,V32P-A029195,0,0.03814023248851299,0.038586943224072454,0,0
recipient_withdrawal,4427,V32P-A029196,0,0.016241654381155969,0.016450648382306098,0,0
recipient_withdrawal,4428,V32P-A029197,0,0.73191753625869749,0.72635263204574585,1,1
recipient_withdrawal,4429,V32P-A029198,0,0.59844089746475215,0.58825428485870357,0,0
recipient_withdrawal,4430,V32P-A029199,0,0.67379627227783201,0.66592632532119755,1,1
recipient_withdrawal,4431,V32P-A029200,0,0.6778380274772644,0.6693748474121094,1,1
recipient_withdrawal,4432,V32P-A029201,0,0.64075152873992924,0.63076933026313786,1,1
recipient_withdrawal,4433,V32P-A029202,0,0.36905577182769778,0.36587657928466799,0,0
recipient_withdrawal,4434,V32P-A029215,0,0.51504962444305424,0.51366245150566103,0,0
recipient_withdrawal,4435,V32P-A029216,0,0.46678147912025453,0.46596580147743227,0,0
recipient_withdrawal,4436,V32P-A029217,0,0.45500825047492982,0.45482764244079588,0,0
recipient_withdrawal,4437,V32P-A029218,0,0.45315598249435424,0.45409526228904723,0,0
recipient_withdrawal,4438,V32P-A029219,1,0.38245587348937987,0.37623231410980223,0,0
recipient_withdrawal,4439,V32P-A029220,0,0.032136623002588752,0.03263035472482443,0,0
recipient_withdrawal,4440,V32P-A029221,0,0.59747765660285945,0.59309713244438167,0,0
recipient_withdrawal,4441,V32P-A029222,0,0.48787729144096376,0.4830790340900421,0,0
recipient_withdrawal,4442,V32P-A029223,0,0.41687984466552735,0.41122076511383054,0,0
recipient_withdrawal,4443,V32P-A029224,0,0.34117434322834017,0.33616775572299956,0,0
recipient_withdrawal,4444,V32P-A029225,0,0.32125202119350432,0.31625569164752959,0,0
recipient_withdrawal,4445,V32P-A029226,0,0.12367321625351906,0.12232891991734504,0,0
recipient_withdrawal,4446,V32P-A029245,0,0.6981512665748596,0.69289762973785396,1,1
recipient_withdrawal,4447,V32P-A029246,0,0.66960582733154295,0.66404931545257573,1,1
recipient_withdrawal,4448,V32P-A029247,0,0.65763584375381468,0.65166950225830078,1,1
recipient_withdrawal,4449,V32P-A029248,0,0.61937177181243896,0.61319541931152344,0,0
recipient_withdrawal,4450,V32P-A029249,0,0.55809536576271057,0.55162406563758848,0,0
recipient_withdrawal,4451,V32P-A029250,0,0.30191758573055266,0.29766832888126371,0,0
recipient_withdrawal,4452,V32P-A029269,0,0.71066843271255498,0.70465177297592163,1,1
recipient_withdrawal,4453,V32P-A029270,0,0.57018226981163023,0.56332100033760069,0,0
recipient_withdrawal,4454,V32P-A029271,0,0.4694041132926941,0.46314235925674441,0,0
recipient_withdrawal,4455,V32P-A029272,0,0.53752074837684627,0.53140529990196228,0,0
recipient_withdrawal,4456,V32P-A029273,0,0.39381995201110842,0.38839588165283201,0,0
recipient_withdrawal,4457,V32P-A029274,0,0.17766710221767426,0.17610777914524078,0,0
recipient_withdrawal,4458,V32P-A029293,0,0.5900525569915771,0.58781398534774776,0,0
recipient_withdrawal,4459,V32P-A029294,0,0.40555992722511292,0.40027578473091124,0,0
recipient_withdrawal,4460,V32P-A029295,0,0.45143412351608275,0.45013397932052612,0,0
recipient_withdrawal,4461,V32P-A029296,0,0.4366848409175873,0.43543706536293031,0,0
recipient_withdrawal,4462,V32P-A029297,1,0.33612374365329745,0.33615587055683138,0,0
recipient_withdrawal,4463,V32P-A029298,0,0.026666959468275308,0.027430557552725075,0,0
recipient_withdrawal,4464,V32P-A029395,0,0.77634567022323608,0.7729084968566895,1,1
recipient_withdrawal,4465,V32P-A029396,0,0.64523905515670776,0.64345252513885498,1,1
recipient_withdrawal,4466,V32P-A029397,0,0.79524197578430178,0.78520630598068242,1,1
recipient_withdrawal,4467,V32P-A029398,0,0.54387673735618591,0.54264655709266663,0,0
recipient_withdrawal,4468,V32P-A029399,0,0.4334368109703064,0.43403778076171873,0,0
recipient_withdrawal,4469,V32P-A029400,0,0.20447940975427628,0.20508393496274949,0,0
recipient_withdrawal,4470,V32P-A029431,0,0.29002062082290647,0.28394541144371033,0,0
recipient_withdrawal,4471,V32P-A029432,0,0.35769675374031068,0.35083653926849367,0,0
recipient_withdrawal,4472,V32P-A029433,0,0.35135086178779601,0.34456687569618227,0,0
recipient_withdrawal,4473,V32P-A029434,0,0.28775961697101593,0.28290868699550631,0,0
recipient_withdrawal,4474,V32P-A029435,0,0.2257269024848938,0.22286137342453002,0,0
recipient_withdrawal,4475,V32P-A029436,0,0.017158441804349424,0.017587680928409101,0,0
recipient_withdrawal,4476,V32P-A029473,0,0.74935245513916016,0.74400203227996831,1,1
recipient_withdrawal,4477,V32P-A029474,0,0.57272258996963499,0.566539466381073,0,0
recipient_withdrawal,4478,V32P-A029475,0,0.44363090991973875,0.43977515101432801,0,0
recipient_withdrawal,4479,V32P-A029476,0,0.36984831094741821,0.36591095328330991,0,0
recipient_withdrawal,4480,V32P-A029477,0,0.3344242751598358,0.32915646433830259,0,0
recipient_withdrawal,4481,V32P-A029478,0,0.1727424904704094,0.17094862312078477,0,0
recipient_withdrawal,4482,V32P-A029527,0,0.63110987544059749,0.62397516369819639,1,1
recipient_withdrawal,4483,V32P-A029528,0,0.50660530924797054,0.49899207949638369,0,0
recipient_withdrawal,4484,V32P-A029529,0,0.38054469823837278,0.37437851428985597,0,0
recipient_withdrawal,4485,V32P-A029530,0,0.30556538403034211,0.30072080790996553,0,0
recipient_withdrawal,4486,V32P-A029531,0,0.23847811222076415,0.23441720604896546,0,0
recipient_withdrawal,4487,V32P-A029532,0,0.10299269407987595,0.10199201852083206,0,0
recipient_withdrawal,4488,V32P-A029587,1,0.57956393957138064,0.57436655759811406,0,0
recipient_withdrawal,4489,V32P-A029588,1,0.4324440836906433,0.4287214517593384,0,0
recipient_withdrawal,4490,V32P-A029589,1,0.62151439189910884,0.61015806198120115,1,0
recipient_withdrawal,4491,V32P-A029590,0,0.065360798686742785,0.065605635941028598,0,0
recipient_withdrawal,4492,V32P-A029591,0,0.047209387272596361,0.047484371811151505,0,0
recipient_withdrawal,4493,V32P-A029592,0,0.021264166664332153,0.021395041700452568,0,0
recipient_withdrawal,4494,V32P-A029629,0,0.71974260807037349,0.7080971479415894,1,1
recipient_withdrawal,4495,V32P-A029630,0,0.65137225389480591,0.6388907909393311,1,1
recipient_withdrawal,4496,V32P-A029631,0,0.61158733367919926,0.60089746713638303,0,0
recipient_withdrawal,4497,V32P-A029632,0,0.55001077651977537,0.54247641563415527,0,0
recipient_withdrawal,4498,V32P-A029633,0,0.47059807181358337,0.46410842537879943,0,0
recipient_withdrawal,4499,V32P-A029634,0,0.028364326059818267,0.02852768562734127,0,0
recipient_withdrawal,4500,V32P-A029695,0,0.65178195238113401,0.64674170017242427,1,1
recipient_withdrawal,4501,V32P-A029696,0,0.56433814167976382,0.55407304763793941,0,0
recipient_withdrawal,4502,V32P-A029697,0,0.56024103164672856,0.55419661998748782,0,0
recipient_withdrawal,4503,V32P-A029698,1,0.46498849987983704,0.46104626059532167,0,0
recipient_withdrawal,4504,V32P-A029699,0,0.054115553945302965,0.054703240841627122,0,0
recipient_withdrawal,4505,V32P-A029700,0,0.022862044535577296,0.02317461371421814,0,0
recipient_withdrawal,4506,V32P-A029707,1,0.56180759668350222,0.56066693067550655,0,0
recipient_withdrawal,4507,V32P-A029708,1,0.43662790060043333,0.43614084720611573,0,0
recipient_withdrawal,4508,V32P-A029709,1,0.46162225008010865,0.46194416284561157,0,0
recipient_withdrawal,4509,V32P-A029710,0,0.07112300097942352,0.072557491064071652,0,0
recipient_withdrawal,4510,V32P-A029711,0,0.05359780415892601,0.05462966114282608,0,0
recipient_withdrawal,4511,V32P-A029712,0,0.025078184530138971,0.025512692891061305,0,0
recipient_withdrawal,4512,V32P-A029755,0,0.67428389787673948,0.66751742362976074,1,1
recipient_withdrawal,4513,V32P-A029756,0,0.58699314594268803,0.57732588052749634,0,0
recipient_withdrawal,4514,V32P-A029757,0,0.53574957847595217,0.52454288005828853,0,0
recipient_withdrawal,4515,V32P-A029758,0,0.46219052672386168,0.45036659240722654,0,0
recipient_withdrawal,4516,V32P-A029759,0,0.35436637103557589,0.33993005454540254,0,0
recipient_withdrawal,4517,V32P-A029760,0,0.14391398429870605,0.14024169743061066,0,0
recipient_withdrawal,4518,V32P-A029827,0,0.72111774682998653,0.71793406009674077,1,1
recipient_withdrawal,4519,V32P-A029828,0,0.62016078233718874,0.61767600774765019,1,0
recipient_withdrawal,4520,V32P-A029829,0,0.52718268036842342,0.52571204304695129,0,0
recipient_withdrawal,4521,V32P-A029830,1,0.46581013202667237,0.46437154412269593,0,0
recipient_withdrawal,4522,V32P-A029831,0,0.094132988899946216,0.094891224056482315,0,0
recipient_withdrawal,4523,V32P-A029832,0,0.035540122166275979,0.035768482461571695,0,0
recipient_withdrawal,4524,V32P-A029869,0,0.54394704699516294,0.52889531254768374,0,0
recipient_withdrawal,4525,V32P-A029870,0,0.60488151311874394,0.59379389286041262,0,0
recipient_withdrawal,4526,V32P-A029871,0,0.57823579311370854,0.56699563264846797,0,0
recipient_withdrawal,4527,V32P-A029872,0,0.50216668844223022,0.49246171116828918,0,0
recipient_withdrawal,4528,V32P-A029873,0,0.39108374118804934,0.38329207301139834,0,0
recipient_withdrawal,4529,V32P-A029874,0,0.16632136404514314,0.16418989449739457,0,0
recipient_withdrawal,4530,V32P-A029887,0,0.70778496265411373,0.69758157730102544,1,1
recipient_withdrawal,4531,V32P-A029888,0,0.64078798294067385,0.63063039183616643,1,1
recipient_withdrawal,4532,V32P-A029889,0,0.62569016218185425,0.61829390525817873,1,0
recipient_withdrawal,4533,V32P-A029890,0,0.56691293716430669,0.5615541517734528,0,0
recipient_withdrawal,4534,V32P-A029891,0,0.4871181845664978,0.48397548198699952,0,0
recipient_withdrawal,4535,V32P-A029892,0,0.23939078748226167,0.23886206150054931,0,0
recipient_withdrawal,4536,V32P-A029893,0,0.80429531335830684,0.80161548852920528,1,1
recipient_withdrawal,4537,V32P-A029894,0,0.5562031030654907,0.55541263818740849,0,0
recipient_withdrawal,4538,V32P-A029895,0,0.4728782534599304,0.46882500648498537,0,0
recipient_withdrawal,4539,V32P-A029896,0,0.60138198733329773,0.60273229479789736,0,0
recipient_withdrawal,4540,V32P-A029897,0,0.41731022000312806,0.42030045390129089,0,0
recipient_withdrawal,4541,V32P-A029898,0,0.21072940528392792,0.21246226429939269,0,0
recipient_withdrawal,4542,V32P-A029959,0,0.66220970153808589,0.65665047168731694,1,1
recipient_withdrawal,4543,V32P-A029960,0,0.61408053636550908,0.60921248197555544,0,0
recipient_withdrawal,4544,V32P-A029961,0,0.61824135780334477,0.61327052116394043,0,0
recipient_withdrawal,4545,V32P-A029962,0,0.58818952441215511,0.58325496315956116,0,0
recipient_withdrawal,4546,V32P-A029963,0,0.48882672190666199,0.48567102551460267,0,0
recipient_withdrawal,4547,V32P-A029964,0,0.25939460098743439,0.25905851721763612,0,0
recipient_withdrawal,4548,V32P-A030043,0,0.44398109912872313,0.43531710505485532,0,0
recipient_withdrawal,4549,V32P-A030044,0,0.47720314264297486,0.47111148834228517,0,0
recipient_withdrawal,4550,V32P-A030045,0,0.43043231964111328,0.4264258325099945,0,0
recipient_withdrawal,4551,V32P-A030046,0,0.39885753989219663,0.38817057013511658,0,0
recipient_withdrawal,4552,V32P-A030047,0,0.27028962373733523,0.26993559002876283,0,0
recipient_withdrawal,4553,V32P-A030048,0,0.11614499986171722,0.11720655709505082,0,0
recipient_withdrawal,4554,V32P-A030157,0,0.75836342573165894,0.75648995637893679,1,1
recipient_withdrawal,4555,V32P-A030158,0,0.59033699035644527,0.58984779119491582,0,0
recipient_withdrawal,4556,V32P-A030159,0,0.47777137756347654,0.47830717563629149,0,0
recipient_withdrawal,4557,V32P-A030160,0,0.58538293838500977,0.5854303240776062,0,0
recipient_withdrawal,4558,V32P-A030161,0,0.32358914017677309,0.32487931847572327,0,0
recipient_withdrawal,4559,V32P-A030162,0,0.14735687226057054,0.14875033050775527,0,0
recipient_withdrawal,4560,V32P-A030163,0,0.52495591640472417,0.52345193624496456,0,0
recipient_withdrawal,4561,V32P-A030164,0,0.45063709616661074,0.45065629482269287,0,0
recipient_withdrawal,4562,V32P-A030165,0,0.38037169575691221,0.38103306889533994,0,0
recipient_withdrawal,4563,V32P-A030166,1,0.31212817430496215,0.31351486444473264,0,0
recipient_withdrawal,4564,V32P-A030167,0,0.049637018516659734,0.050980192795395854,0,0
recipient_withdrawal,4565,V32P-A030168,0,0.020758536364883184,0.021272633131593464,0,0
recipient_withdrawal,4566,V32P-A030265,0,0.59393184781074526,0.58871913552284239,0,0
recipient_withdrawal,4567,V32P-A030266,0,0.46493923664093018,0.45771828293800354,0,0
recipient_withdrawal,4568,V32P-A030267,0,0.36453042626380922,0.35863856673240663,0,0
recipient_withdrawal,4569,V32P-A030268,0,0.27537733018398286,0.27195838391780852,0,0
recipient_withdrawal,4570,V32P-A030269,0,0.19987442791461946,0.1980461746454239,0,0
recipient_withdrawal,4571,V32P-A030270,0,0.077395407110452646,0.077308382838964462,0,0
recipient_withdrawal,4572,V32P-A030271,0,0.63660590648651127,0.62603816390037537,1,1
recipient_withdrawal,4573,V32P-A030272,0,0.60850834846496582,0.59792974591255188,0,0
recipient_withdrawal,4574,V32P-A030273,0,0.5863792896270752,0.57665131688117977,0,0
recipient_withdrawal,4575,V32P-A030274,0,0.54609621763229366,0.53704556822776794,0,0
recipient_withdrawal,4576,V32P-A030275,0,0.51593891978263851,0.50589537620544434,0,0
recipient_withdrawal,4577,V32P-A030276,0,0.038600751571357249,0.038534398190677166,0,0
recipient_withdrawal,4578,V32P-A030325,0,0.63173868656158449,0.62448905706405644,1,1
recipient_withdrawal,4579,V32P-A030326,0,0.6654791116714478,0.65253925323486328,1,1
recipient_withdrawal,4580,V32P-A030327,0,0.57906950712203975,0.5701271772384644,0,0
recipient_withdrawal,4581,V32P-A030328,0,0.52884446382522587,0.52017984390258787,0,0
recipient_withdrawal,4582,V32P-A030329,0,0.41134819984436033,0.40371147990226747,0,0
recipient_withdrawal,4583,V32P-A030330,0,0.16718125939369202,0.16475757658481599,0,0
recipient_withdrawal,4584,V32P-A030409,0,0.69214222431182859,0.69088476896286011,1,1
recipient_withdrawal,4585,V32P-A030410,0,0.61228798627853398,0.61207565069198611,0,0
recipient_withdrawal,4586,V32P-A030411,0,0.55551847219467165,0.55564193725585942,0,0
recipient_withdrawal,4587,V32P-A030412,0,0.59162358641624446,0.59136131405830383,0,0
recipient_withdrawal,4588,V32P-A030413,1,0.54252546429634096,0.54270539879798885,0,0
recipient_withdrawal,4589,V32P-A030414,0,0.044146732613444331,0.044674837216734889,0,0
recipient_withdrawal,4590,V32P-A030439,0,0.64575889110565188,0.64012653827667232,1,1
recipient_withdrawal,4591,V32P-A030440,0,0.50401505231857302,0.49979316592216494,0,0
recipient_withdrawal,4592,V32P-A030441,0,0.42904610633850099,0.42542822957038878,0,0
recipient_withdrawal,4593,V32P-A030442,0,0.46208813786506653,0.45791388750076295,0,0
recipient_withdrawal,4594,V32P-A030443,0,0.41428053975105283,0.41001790761947632,0,0
recipient_withdrawal,4595,V32P-A030444,0,0.20839482247829438,0.20690511167049408,0,0
recipient_withdrawal,4596,V32P-A030475,0,0.62688994407653809,0.62358206510543823,1,1
recipient_withdrawal,4597,V32P-A030476,0,0.43314521908760073,0.42912201285362245,0,0
recipient_withdrawal,4598,V32P-A030477,0,0.3933354914188385,0.39003403186798097,0,0
recipient_withdrawal,4599,V32P-A030478,0,0.37485865354537962,0.37284687757492063,0,0
recipient_withdrawal,4600,V32P-A030479,1,0.37370536625385287,0.36292342245578768,0,0
recipient_withdrawal,4601,V32P-A030480,0,0.022418726049363614,0.022581027634441853,0,0
recipient_withdrawal,4602,V32P-A030511,0,0.51943900585174563,0.5196098327636719,0,0
recipient_withdrawal,4603,V32P-A030512,0,0.45268124938011167,0.45468761324882506,0,0
recipient_withdrawal,4604,V32P-A030513,0,0.35912083387374877,0.36135002970695496,0,0
recipient_withdrawal,4605,V32P-A030514,0,0.29098651409149168,0.29528725147247314,0,0
recipient_withdrawal,4606,V32P-A030515,0,0.23438544869422911,0.23890073895454406,0,0
recipient_withdrawal,4607,V32P-A030516,0,0.10545166954398155,0.10981096848845481,0,0
recipient_withdrawal,4608,V32P-A030559,0,0.52114658951759341,0.51460757851600647,0,0
recipient_withdrawal,4609,V32P-A030560,0,0.5021940231323242,0.49640607237815859,0,0
recipient_withdrawal,4610,V32P-A030561,0,0.46440895795822146,0.45992771983146669,0,0
recipient_withdrawal,4611,V32P-A030562,0,0.39977840781211854,0.39621747136116026,0,0
recipient_withdrawal,4612,V32P-A030563,0,0.32949990630149839,0.32746805548667907,0,0
recipient_withdrawal,4613,V32P-A030564,0,0.1694555625319481,0.16903380304574966,0,0
recipient_withdrawal,4614,V32P-A030619,0,0.41476240754127502,0.40343324542045594,0,0
recipient_withdrawal,4615,V32P-A030620,0,0.41119256019592287,0.40101571083068849,0,0
recipient_withdrawal,4616,V32P-A030621,0,0.35309353470802307,0.34348496794700623,0,0
recipient_withdrawal,4617,V32P-A030622,0,0.27921709418296814,0.27094401121139527,0,0
recipient_withdrawal,4618,V32P-A030623,0,0.20796852409839631,0.20248780250549317,0,0
recipient_withdrawal,4619,V32P-A030624,0,0.088618779182434076,0.086994108557701108,0,0
recipient_withdrawal,4620,V32P-A030643,1,0.70341018438339231,0.6981925368309021,1,1
recipient_withdrawal,4621,V32P-A030644,1,0.58075152039527889,0.57561256289482121,0,0
recipient_withdrawal,4622,V32P-A030645,1,0.64793317317962651,0.63556256294250491,1,1
recipient_withdrawal,4623,V32P-A030646,0,0.11019770726561547,0.1106011338531971,0,0
recipient_withdrawal,4624,V32P-A030647,0,0.085075576603412625,0.085723318159580231,0,0
recipient_withdrawal,4625,V32P-A030648,0,0.041227481327950954,0.041579777561128142,0,0
recipient_withdrawal,4626,V32P-A030673,0,0.55346328616142271,0.54677754044532778,0,0
recipient_withdrawal,4627,V32P-A030674,0,0.57096002101898191,0.56464453935623171,0,0
recipient_withdrawal,4628,V32P-A030675,0,0.54248173832893376,0.52695991992950442,0,0
recipient_withdrawal,4629,V32P-A030676,0,0.53731743097305296,0.5298514842987061,0,0
recipient_withdrawal,4630,V32P-A030677,0,0.46681823730468752,0.45872143507003782,0,0
recipient_withdrawal,4631,V32P-A030678,0,0.26200071424245835,0.25697906464338305,0,0
recipient_withdrawal,4632,V32P-A030691,0,0.665847384929657,0.66152909994125364,1,1
recipient_withdrawal,4633,V32P-A030692,0,0.6033730745315552,0.59976826310157771,0,0
recipient_withdrawal,4634,V32P-A030693,0,0.64635152816772456,0.6418998599052429,1,1
recipient_withdrawal,4635,V32P-A030694,1,0.62569506168365474,0.6217316150665283,1,1
recipient_withdrawal,4636,V32P-A030695,0,0.098527479916810989,0.099118112027645117,0,0
recipient_withdrawal,4637,V32P-A030696,0,0.044138302281498912,0.04445180185139179,0,0
recipient_withdrawal,4638,V32P-A030709,0,0.38836893439292908,0.38687305450439452,0,0
recipient_withdrawal,4639,V32P-A030710,0,0.41807258725166319,0.41698276400566103,0,0
recipient_withdrawal,4640,V32P-A030711,0,0.37706879973411561,0.37631823420524596,0,0
recipient_withdrawal,4641,V32P-A030712,0,0.29777134060859678,0.29746505618095398,0,0
recipient_withdrawal,4642,V32P-A030713,0,0.23027923703193665,0.23066240549087524,0,0
recipient_withdrawal,4643,V32P-A030714,0,0.10020026117563248,0.10141453295946121,0,0
recipient_withdrawal,4644,V32P-A030823,0,0.65067867040634153,0.64049477577209468,1,1
recipient_withdrawal,4645,V32P-A030824,0,0.60245182514190676,0.5927531242370605,0,0
recipient_withdrawal,4646,V32P-A030825,0,0.58384572863578799,0.57612816691398616,0,0
recipient_withdrawal,4647,V32P-A030826,0,0.57730987071990969,0.57020564079284664,0,0
recipient_withdrawal,4648,V32P-A030827,0,0.54812618494033816,0.54085559844970699,0,0
recipient_withdrawal,4649,V32P-A030828,0,0.34118888974189759,0.33963693976402282,0,0
recipient_withdrawal,4650,V32P-A030829,0,0.47264651656150819,0.46945578455924986,0,0
recipient_withdrawal,4651,V32P-A030830,0,0.44913045763969422,0.44647306799888609,0,0
recipient_withdrawal,4652,V32P-A030831,0,0.41367392539978026,0.41198705434799193,0,0
recipient_withdrawal,4653,V32P-A030832,0,0.38240736126899721,0.38090803623199465,0,0
recipient_withdrawal,4654,V32P-A030833,0,0.33048836290836336,0.31939025819301603,0,0
recipient_withdrawal,4655,V32P-A030834,0,0.026379236206412315,0.026640076562762259,0,0
recipient_withdrawal,4656,V32P-A030853,0,0.55008245706558223,0.54890112876892094,0,0
recipient_withdrawal,4657,V32P-A030854,0,0.47370398640632627,0.47235301733016966,0,0
recipient_withdrawal,4658,V32P-A030855,0,0.35259143114089964,0.34934269785881045,0,0
recipient_withdrawal,4659,V32P-A030856,0,0.33042473196983335,0.33070909976959229,0,0
recipient_withdrawal,4660,V32P-A030857,0,0.25798202157020567,0.25829285085201265,0,0
recipient_withdrawal,4661,V32P-A030858,0,0.12634305506944657,0.12667218297719957,0,0
recipient_withdrawal,4662,V32P-A030865,0,0.69218493700027461,0.68742121458053584,1,1
recipient_withdrawal,4663,V32P-A030866,0,0.58159626722335811,0.57569081783294673,0,0
recipient_withdrawal,4664,V32P-A030867,0,0.6342589676380157,0.62256382107734676,1,1
recipient_withdrawal,4665,V32P-A030868,0,0.45785628557205199,0.44917567968368532,0,0
recipient_withdrawal,4666,V32P-A030869,1,0.37724683582782748,0.36941595971584318,0,0
recipient_withdrawal,4667,V32P-A030870,0,0.029968184325844048,0.029965474922209977,0,0
recipient_withdrawal,4668,V32P-A030973,0,0.75862799882888798,0.75255657434463497,1,1
recipient_withdrawal,4669,V32P-A030974,0,0.67682048082351687,0.66816440820693968,1,1
recipient_withdrawal,4670,V32P-A030975,0,0.59870637655258174,0.5913901090621948,0,0
recipient_withdrawal,4671,V32P-A030976,0,0.51857094764709477,0.5141975939273834,0,0
recipient_withdrawal,4672,V32P-A030977,0,0.4404712378978729,0.43788365721702577,0,0
recipient_withdrawal,4673,V32P-A030978,0,0.21499728560447692,0.2143307387828827,0,0
recipient_withdrawal,4674,V32P-A030979,0,0.76670553684234621,0.75599561929702763,1,1
recipient_withdrawal,4675,V32P-A030980,0,0.64042073488235474,0.62458297014236452,1,1
recipient_withdrawal,4676,V32P-A030981,0,0.59555401206016545,0.58131223917007446,0,0
recipient_withdrawal,4677,V32P-A030982,0,0.49839712977409362,0.48530882596969604,0,0
recipient_withdrawal,4678,V32P-A030983,0,0.41685674786567689,0.4058747351169586,0,0
recipient_withdrawal,4679,V32P-A030984,0,0.037945724558085203,0.037746550422161816,0,0
recipient_withdrawal,4680,V32P-A030985,0,0.68793559074401855,0.68386074304580691,1,1
recipient_withdrawal,4681,V32P-A030986,0,0.6320320844650269,0.627455723285675,1,1
recipient_withdrawal,4682,V32P-A030987,0,0.55956316590309141,0.55520892739295957,0,0
recipient_withdrawal,4683,V32P-A030988,0,0.44582912921905515,0.4418667793273926,0,0
recipient_withdrawal,4684,V32P-A030989,0,0.33262536823749544,0.33061337769031524,0,0
recipient_withdrawal,4685,V32P-A030990,0,0.13801047950983047,0.13816539198160172,0,0
recipient_withdrawal,4686,V32P-A030997,0,0.71294283866882324,0.70614702701568599,1,1
recipient_withdrawal,4687,V32P-A030998,0,0.66236653327941897,0.65164687633514407,1,1
recipient_withdrawal,4688,V32P-A030999,0,0.65176144838333128,0.64546552896499632,1,1
recipient_withdrawal,4689,V32P-A031000,0,0.62389240264892576,0.61891193389892574,1,0
recipient_withdrawal,4690,V32P-A031001,1,0.57678819894790645,0.57297207713127141,0,0
recipient_withdrawal,4691,V32P-A031002,0,0.045857273414731024,0.046181037649512292,0,0
recipient_withdrawal,4692,V32P-A031093,1,0.52637378573417659,0.52290480732917788,0,0
recipient_withdrawal,4693,V32P-A031094,1,0.34984112977981568,0.34891700148582461,0,0
recipient_withdrawal,4694,V32P-A031095,1,0.3004245638847351,0.29964120984077453,0,0
recipient_withdrawal,4695,V32P-A031096,0,0.049645244330167773,0.050695526599884036,0,0
recipient_withdrawal,4696,V32P-A031097,0,0.036534647271037099,0.03738624341785908,0,0
recipient_withdrawal,4697,V32P-A031098,0,0.016055930592119693,0.01645467970520258,0,0
recipient_withdrawal,4698,V32P-A031105,0,0.45948529243469238,0.45300090312957764,0,0
recipient_withdrawal,4699,V32P-A031106,0,0.37280136942863462,0.36635746359825133,0,0
recipient_withdrawal,4700,V32P-A031107,0,0.32043507695198059,0.31643103957176211,0,0
recipient_withdrawal,4701,V32P-A031108,0,0.42316081523895266,0.40579597949981688,0,0
recipient_withdrawal,4702,V32P-A031109,1,0.22383078932762146,0.21980290114879608,0,0
recipient_withdrawal,4703,V32P-A031110,0,0.019360553845763205,0.019491076841950415,0,0
recipient_withdrawal,4704,V32P-A031111,0,0.53780106306076048,0.53279298543930054,0,0
recipient_withdrawal,4705,V32P-A031112,0,0.44965900182724,0.44427520036697388,0,0
recipient_withdrawal,4706,V32P-A031113,0,0.42083876132965087,0.41654213666915896,0,0
recipient_withdrawal,4707,V32P-A031114,0,0.3221603363752365,0.31864750683307647,0,0
recipient_withdrawal,4708,V32P-A031115,0,0.25828990936279295,0.25615184903144839,0,0
recipient_withdrawal,4709,V32P-A031116,0,0.10990695804357528,0.11008452326059341,0,0
recipient_withdrawal,4710,V32P-A031153,0,0.78945027589797978,0.78354145288467403,1,1
recipient_withdrawal,4711,V32P-A031154,0,0.61953090429306035,0.61312222480773926,0,0
recipient_withdrawal,4712,V32P-A031155,0,0.50967152118682857,0.50439612865448002,0,0
recipient_withdrawal,4713,V32P-A031156,0,0.55515778064727783,0.55122978687286373,0,0
recipient_withdrawal,4714,V32P-A031157,0,0.3954565405845642,0.39123651981353758,0,0
recipient_withdrawal,4715,V32P-A031158,0,0.20524107515811921,0.20343031287193297,0,0
recipient_withdrawal,4716,V32P-A031189,0,0.65288561582565308,0.64978187084198002,1,1
recipient_withdrawal,4717,V32P-A031190,0,0.58197102546691892,0.5782732367515564,0,0
recipient_withdrawal,4718,V32P-A031191,0,0.56234735250473022,0.55885246992111204,0,0
recipient_withdrawal,4719,V32P-A031192,0,0.46996499896049498,0.46045146584510804,0,0
recipient_withdrawal,4720,V32P-A031193,0,0.47935110926628111,0.47688354849815368,0,0
recipient_withdrawal,4721,V32P-A031194,0,0.27001682221889495,0.27060759365558623,0,0
recipient_withdrawal,4722,V32P-A031231,0,0.86761007308959959,0.86222674846649172,1,1
recipient_withdrawal,4723,V32P-A031232,0,0.73363026380538943,0.71638289690017698,1,1
recipient_withdrawal,4724,V32P-A031233,0,0.71045491695404051,0.70078065395355227,1,1
recipient_withdrawal,4725,V32P-A031234,0,0.76139923334121706,0.75472333431243899,1,1
recipient_withdrawal,4726,V32P-A031235,0,0.65368704795837407,0.6447574377059937,1,1
recipient_withdrawal,4727,V32P-A031236,0,0.35761944949626923,0.35381241440773009,0,0
recipient_withdrawal,4728,V32P-A031261,0,0.65515251159667964,0.65028587579727171,1,1
recipient_withdrawal,4729,V32P-A031262,0,0.5703100442886353,0.56572204828262329,0,0
recipient_withdrawal,4730,V32P-A031263,0,0.51455213427543645,0.51023887991905215,0,0
recipient_withdrawal,4731,V32P-A031264,0,0.43895003199577332,0.43357555866241454,0,0
recipient_withdrawal,4732,V32P-A031265,0,0.35502256155014039,0.34948977828025818,0,0
recipient_withdrawal,4733,V32P-A031266,0,0.17160754799842834,0.16906937658786775,0,0
recipient_withdrawal,4734,V32P-A031369,0,0.64247086048126223,0.64065603017807005,1,1
recipient_withdrawal,4735,V32P-A031370,0,0.52311078310012815,0.5215201854705811,0,0
recipient_withdrawal,4736,V32P-A031371,0,0.44140741825103758,0.44072511792182922,0,0
recipient_withdrawal,4737,V32P-A031372,0,0.36785910725593568,0.36722108125686648,0,0
recipient_withdrawal,4738,V32P-A031373,0,0.29691318273544309,0.29652191400527955,0,0
recipient_withdrawal,4739,V32P-A031374,0,0.14808965772390364,0.14857771992683411,0,0
recipient_withdrawal,4740,V32P-A031381,0,0.78471989631652828,0.77873609066009519,1,1
recipient_withdrawal,4741,V32P-A031382,0,0.55195911526679997,0.54015590548515324,0,0
recipient_withdrawal,4742,V32P-A031383,0,0.56218702793121333,0.55487159490585325,0,0
recipient_withdrawal,4743,V32P-A031384,0,0.44833207726478574,0.44147970676422121,0,0
recipient_withdrawal,4744,V32P-A031385,0,0.42531210780143736,0.41862756609916685,0,0
recipient_withdrawal,4745,V32P-A031386,0,0.17030198127031326,0.16761527508497237,0,0
recipient_withdrawal,4746,V32P-A031393,0,0.59137539267539974,0.58761298060417178,0,0
recipient_withdrawal,4747,V32P-A031394,0,0.35801607370376587,0.35751489996910096,0,0
recipient_withdrawal,4748,V32P-A031395,0,0.29842566847801211,0.29775028824806216,0,0
recipient_withdrawal,4749,V32P-A031396,0,0.24225398600101472,0.2423146516084671,0,0
recipient_withdrawal,4750,V32P-A031397,0,0.23820393979549409,0.22840752303600312,0,0
recipient_withdrawal,4751,V32P-A031398,0,0.07295130863785744,0.073590635508298877,0,0
recipient_withdrawal,4752,V32P-A031471,0,0.63442599773406982,0.6277318000793457,1,1
recipient_withdrawal,4753,V32P-A031472,0,0.49602229595184327,0.49005559682846067,0,0
recipient_withdrawal,4754,V32P-A031473,0,0.42827433943748472,0.4231980860233307,0,0
recipient_withdrawal,4755,V32P-A031474,0,0.43569448590278625,0.42922078967094424,0,0
recipient_withdrawal,4756,V32P-A031475,0,0.32855041623115538,0.32270430922508242,0,0
recipient_withdrawal,4757,V32P-A031476,0,0.038804059103131297,0.038842327892780304,0,0
recipient_withdrawal,4758,V32P-A031477,0,0.6432527959346771,0.62887321114540096,1,1
recipient_withdrawal,4759,V32P-A031478,0,0.71627124547958376,0.70436561107635498,1,1
recipient_withdrawal,4760,V32P-A031479,0,0.69811353683471677,0.68676824569702144,1,1
recipient_withdrawal,4761,V32P-A031480,0,0.66575299501419072,0.6539519309997559,1,1
recipient_withdrawal,4762,V32P-A031481,1,0.70803620815277102,0.69073793888092039,1,1
recipient_withdrawal,4763,V32P-A031482,0,0.051172987744212153,0.050787169486284256,0,0
recipient_withdrawal,4764,V32P-A031501,0,0.55658560991287231,0.54962843656539917,0,0
recipient_withdrawal,4765,V32P-A031502,0,0.61937402486801152,0.6105507969856262,0,0
recipient_withdrawal,4766,V32P-A031503,0,0.63263278007507329,0.62334055900573726,1,1
recipient_withdrawal,4767,V32P-A031504,0,0.66687988042831425,0.6561914920806885,1,1
recipient_withdrawal,4768,V32P-A031505,0,0.58406977057456966,0.57117844223976133,0,0
recipient_withdrawal,4769,V32P-A031506,0,0.37212705314159394,0.36308742463588717,0,0
recipient_withdrawal,4770,V32P-A031561,0,0.58116645216941831,0.5749408543109894,0,0
recipient_withdrawal,4771,V32P-A031562,0,0.38430892527103422,0.37776512801647188,0,0
recipient_withdrawal,4772,V32P-A031563,0,0.51372596025466921,0.50811598300933836,0,0
recipient_withdrawal,4773,V32P-A031564,0,0.48747318983078003,0.4798162579536438,0,0
recipient_withdrawal,4774,V32P-A031565,0,0.43729438185691832,0.42909010052680968,0,0
recipient_withdrawal,4775,V32P-A031566,0,0.23037360608577728,0.22613598108291627,0,0
recipient_withdrawal,4776,V32P-A031603,0,0.78184388875961308,0.77718764543533325,1,1
recipient_withdrawal,4777,V32P-A031604,0,0.66952477693557744,0.66250967979431152,1,1
recipient_withdrawal,4778,V32P-A031605,0,0.59520853757858272,0.58797819614410396,0,0
recipient_withdrawal,4779,V32P-A031606,0,0.5417668998241425,0.53513887524604797,0,0
recipient_withdrawal,4780,V32P-A031607,0,0.52528020143508913,0.51877601146697994,0,0
recipient_withdrawal,4781,V32P-A031608,0,0.15936831235885621,0.15806746482849121,0,0
recipient_withdrawal,4782,V32P-A031663,0,0.76254419088363645,0.75612185001373289,1,1
recipient_withdrawal,4783,V32P-A031664,0,0.54875674247741701,0.53799788951873784,0,0
recipient_withdrawal,4784,V32P-A031665,0,0.50906928777694704,0.50562493205070491,0,0
recipient_withdrawal,4785,V32P-A031666,0,0.45856014490127561,0.45752314329147337,0,0
recipient_withdrawal,4786,V32P-A031667,0,0.38828170895576475,0.38802403211593628,0,0
recipient_withdrawal,4787,V32P-A031668,0,0.22517001926898955,0.22564707398414613,0,0
recipient_withdrawal,4788,V32P-A031783,0,0.54337913990020748,0.53640296459198,0,0
recipient_withdrawal,4789,V32P-A031784,0,0.5906376838684082,0.58428049087524414,0,0
recipient_withdrawal,4790,V32P-A031785,0,0.58530722856521611,0.57953653335571287,0,0
recipient_withdrawal,4791,V32P-A031786,0,0.53928514719009402,0.53392328023910518,0,0
recipient_withdrawal,4792,V32P-A031787,0,0.45998252630233766,0.45487373471260073,0,0
recipient_withdrawal,4793,V32P-A031788,0,0.23777773529291152,0.23667139261960984,0,0
recipient_withdrawal,4794,V32P-A031891,0,0.48275220394134521,0.47219660282135012,0,0
recipient_withdrawal,4795,V32P-A031892,0,0.50005385279655457,0.49028857946395876,0,0
recipient_withdrawal,4796,V32P-A031893,0,0.48192424178123472,0.47334032058715819,0,0
recipient_withdrawal,4797,V32P-A031894,1,0.42155618071556089,0.41335627436637878,0,0
recipient_withdrawal,4798,V32P-A031895,0,0.06006345748901367,0.059627132862806319,0,0
recipient_withdrawal,4799,V32P-A031896,0,0.027732442691922189,0.027668875642120838,0,0
recipient_withdrawal,4800,V32P-A031909,0,0.75514523983001713,0.75005588531494138,1,1
recipient_withdrawal,4801,V32P-A031910,0,0.60788531899452214,0.60390136837959285,0,0
recipient_withdrawal,4802,V32P-A031911,0,0.55242215991020205,0.54053351283073425,0,0
recipient_withdrawal,4803,V32P-A031912,0,0.5922303259372711,0.58679770827293398,0,0
recipient_withdrawal,4804,V32P-A031913,0,0.54779361486434941,0.54167954921722417,0,0
recipient_withdrawal,4805,V32P-A031914,0,0.25814413726329805,0.25703057944774627,0,0
recipient_withdrawal,4806,V32P-A032023,0,0.52959216237068174,0.52256296277046199,0,0
recipient_withdrawal,4807,V32P-A032024,0,0.51275618076324458,0.50616770386695864,0,0
recipient_withdrawal,4808,V32P-A032025,0,0.48082060217857359,0.47505982518196105,0,0
recipient_withdrawal,4809,V32P-A032026,0,0.40552936792373656,0.40075480937957764,0,0
recipient_withdrawal,4810,V32P-A032027,0,0.32541136741638182,0.32148576974868776,0,0
recipient_withdrawal,4811,V32P-A032028,0,0.14014880508184432,0.13821966797113419,0,0
recipient_withdrawal,4812,V32P-A032143,0,0.4160367727279663,0.41845009922981263,0,0
recipient_withdrawal,4813,V32P-A032144,0,0.37568407058715819,0.37834987640380857,0,0
recipient_withdrawal,4814,V32P-A032145,0,0.39483888745307921,0.398380970954895,0,0
recipient_withdrawal,4815,V32P-A032146,0,0.33867256045341493,0.3422945261001587,0,0
recipient_withdrawal,4816,V32P-A032147,1,0.28955438435077668,0.29300146996974946,0,0
recipient_withdrawal,4817,V32P-A032148,0,0.023732444830238821,0.024530679918825626,0,0
recipient_withdrawal,4818,V32P-A032149,0,0.53288699984550481,0.53318341374397282,0,0
recipient_withdrawal,4819,V32P-A032150,0,0.44420365691184999,0.44304378628730773,0,0
recipient_withdrawal,4820,V32P-A032151,0,0.3707756459712982,0.36265495419502258,0,0
recipient_withdrawal,4821,V32P-A032152,0,0.37073913216590881,0.37169480919837949,0,0
recipient_withdrawal,4822,V32P-A032153,0,0.30369777977466583,0.30583759844303132,0,0
recipient_withdrawal,4823,V32P-A032154,0,0.12597320824861527,0.12794464379549025,0,0
recipient_withdrawal,4824,V32P-A032185,0,0.78927892446517944,0.78286620378494265,1,1
recipient_withdrawal,4825,V32P-A032186,0,0.78476254940032963,0.77786486148834233,1,1
recipient_withdrawal,4826,V32P-A032187,0,0.81399636268615727,0.80735630989074703,1,1
recipient_withdrawal,4827,V32P-A032188,1,0.69532543420791626,0.68069822788238521,1,1
recipient_withdrawal,4828,V32P-A032189,0,0.12544774711132051,0.12338079512119293,0,0
recipient_withdrawal,4829,V32P-A032190,0,0.048656282573938371,0.048234687373042109,0,0
recipient_withdrawal,4830,V32P-A032299,0,0.56072409749031071,0.55694906115531917,0,0
recipient_withdrawal,4831,V32P-A032300,0,0.58146356344223027,0.57749491930007935,0,0
recipient_withdrawal,4832,V32P-A032301,0,0.58330472707748415,0.57875916957855222,0,0
recipient_withdrawal,4833,V32P-A032302,0,0.60984611511230469,0.60458812713623045,0,0
recipient_withdrawal,4834,V32P-A032303,0,0.61085519790649412,0.60364831686019893,0,0
recipient_withdrawal,4835,V32P-A032304,0,0.3628432512283325,0.35732009410858157,0,0
recipient_withdrawal,4836,V32P-A032317,1,0.73377370834350586,0.72375168800354006,1,1
recipient_withdrawal,4837,V32P-A032318,1,0.67303650379180913,0.66163790225982666,1,1
recipient_withdrawal,4838,V32P-A032319,0,0.18501776307821274,0.18325915187597275,0,0
recipient_withdrawal,4839,V32P-A032320,0,0.16202383488416672,0.16081956923007965,0,0
recipient_withdrawal,4840,V32P-A032321,0,0.095547360181808469,0.095039914548397067,0,0
recipient_withdrawal,4841,V32P-A032322,0,0.042436707392334939,0.04233584925532341,0,0
recipient_withdrawal,4842,V32P-A032329,0,0.60470744967460632,0.5961653530597687,0,0
recipient_withdrawal,4843,V32P-A032330,0,0.47518768310546877,0.46396757364273072,0,0
recipient_withdrawal,4844,V32P-A032331,0,0.61772434115409847,0.60326507687568665,0,0
recipient_withdrawal,4845,V32P-A032332,0,0.53109329342842104,0.51886200308799746,0,0
recipient_withdrawal,4846,V32P-A032333,0,0.48213071525096896,0.4686180680990219,0,0
recipient_withdrawal,4847,V32P-A032334,0,0.2836360424757004,0.26714502274990082,0,0
recipient_withdrawal,4848,V32P-A032347,0,0.73995388746261592,0.73549211025238037,1,1
recipient_withdrawal,4849,V32P-A032348,0,0.57156559228897097,0.5673804402351379,0,0
recipient_withdrawal,4850,V32P-A032349,0,0.49275617599487304,0.49004760384559631,0,0
recipient_withdrawal,4851,V32P-A032350,0,0.43186728954315184,0.42953401207923891,0,0
recipient_withdrawal,4852,V32P-A032351,0,0.37146001458168032,0.36939188838005066,0,0
recipient_withdrawal,4853,V32P-A032352,0,0.030231934599578382,0.030712349526584148,0,0
recipient_withdrawal,4854,V32P-A032431,0,0.57677192687988277,0.57213345766067503,0,0
recipient_withdrawal,4855,V32P-A032432,0,0.43087713718414306,0.42662681341171266,0,0
recipient_withdrawal,4856,V32P-A032433,0,0.33952814340591431,0.33605800867080687,0,0
recipient_withdrawal,4857,V32P-A032434,0,0.26612030565738676,0.26403350532054903,0,0
recipient_withdrawal,4858,V32P-A032435,0,0.23348998427391052,0.22578335404396058,0,0
recipient_withdrawal,4859,V32P-A032436,0,0.094831202179193497,0.094764990359544748,0,0
recipient_withdrawal,4860,V32P-A032467,0,0.58117038607597349,0.57718257308006282,0,0
recipient_withdrawal,4861,V32P-A032468,0,0.49537928104400636,0.49106965065002439,0,0
recipient_withdrawal,4862,V32P-A032469,0,0.3972592890262604,0.38670485019683837,0,0
recipient_withdrawal,4863,V32P-A032470,0,0.36843653917312624,0.3651377260684967,0,0
recipient_withdrawal,4864,V32P-A032471,0,0.28437741398811339,0.28200854659080504,0,0
recipient_withdrawal,4865,V32P-A032472,0,0.11621625274419785,0.11634047776460647,0,0
recipient_withdrawal,4866,V32P-A032479,0,0.80918377637863159,0.80019141435623165,1,1
recipient_withdrawal,4867,V32P-A032480,0,0.67020754814147954,0.65920997858047481,1,1
recipient_withdrawal,4868,V32P-A032481,0,0.56577489972114559,0.55548972487449644,0,0
recipient_withdrawal,4869,V32P-A032482,0,0.62215887308120732,0.61103229522705083,1,0
recipient_withdrawal,4870,V32P-A032483,0,0.46201168894767763,0.45442122817039488,0,0
recipient_withdrawal,4871,V32P-A032484,0,0.27275814116001129,0.26922293305397033,0,0
recipient_withdrawal,4872,V32P-A032551,0,0.79771571159362797,0.7930939793586731,1,1
recipient_withdrawal,4873,V32P-A032552,0,0.64717042446136475,0.64091629981994624,1,1
recipient_withdrawal,4874,V32P-A032553,0,0.55434010624885555,0.54997957348823545,0,0
recipient_withdrawal,4875,V32P-A032554,0,0.62209224104881289,0.61757509112358089,1,0
recipient_withdrawal,4876,V32P-A032555,0,0.55733420848846438,0.55308028459548952,0,0
recipient_withdrawal,4877,V32P-A032556,0,0.26795668303966524,0.26621706187725069,0,0
recipient_withdrawal,4878,V32P-A032557,0,0.69817931652069087,0.69072259664535518,1,1
recipient_withdrawal,4879,V32P-A032558,0,0.63087921142578129,0.62297483682632449,1,1
recipient_withdrawal,4880,V32P-A032559,0,0.60623054504394536,0.60002087950706484,0,0
recipient_withdrawal,4881,V32P-A032560,0,0.6029512882232666,0.59751181602478032,0,0
recipient_withdrawal,4882,V32P-A032561,0,0.58777186870574949,0.58209797143936159,0,0
recipient_withdrawal,4883,V32P-A032562,0,0.059142613410949708,0.059150528907775876,0,0
recipient_withdrawal,4884,V32P-A032671,0,0.68379447460174558,0.68092092275619509,1,1
recipient_withdrawal,4885,V32P-A032672,0,0.61744325160980229,0.61446466445922854,0,0
recipient_withdrawal,4886,V32P-A032673,0,0.51491460800170896,0.5049094974994659,0,0
recipient_withdrawal,4887,V32P-A032674,0,0.51498873233795162,0.51432275772094727,0,0
recipient_withdrawal,4888,V32P-A032675,0,0.43925721645355226,0.4397415816783905,0,0
recipient_withdrawal,4889,V32P-A032676,0,0.19420404136180877,0.19534463286399842,0,0
recipient_withdrawal,4890,V32P-A032683,0,0.67413616180419922,0.67115664482116699,1,1
recipient_withdrawal,4891,V32P-A032684,0,0.55979149937629702,0.55415557026863094,0,0
recipient_withdrawal,4892,V32P-A032685,0,0.48889418840408327,0.48514460921287539,0,0
recipient_withdrawal,4893,V32P-A032686,0,0.45915488600730897,0.45713688135147096,0,0
recipient_withdrawal,4894,V32P-A032687,1,0.45075401663780212,0.44977761507034303,0,0
recipient_withdrawal,4895,V32P-A032688,0,0.029433624818921089,0.029918749630451203,0,0
recipient_withdrawal,4896,V32P-A032701,0,0.65676491260528569,0.65132309198379512,1,1
recipient_withdrawal,4897,V32P-A032702,0,0.55591992139816282,0.55028554201126101,0,0
recipient_withdrawal,4898,V32P-A032703,0,0.48633204698562621,0.48160266876220703,0,0
recipient_withdrawal,4899,V32P-A032704,0,0.40741714835166931,0.4021783947944641,0,0
recipient_withdrawal,4900,V32P-A032705,0,0.31944604516029357,0.31567274928092959,0,0
recipient_withdrawal,4901,V32P-A032706,0,0.1426235854625702,0.14156385362148285,0,0
recipient_withdrawal,4902,V32P-A032719,0,0.82563151121139522,0.81497439146041872,1,1
recipient_withdrawal,4903,V32P-A032720,0,0.71198866367340086,0.69534368515014644,1,1
recipient_withdrawal,4904,V32P-A032721,0,0.62729049921035762,0.613427746295929,1,0
recipient_withdrawal,4905,V32P-A032722,0,0.66498211622238157,0.65246512889862063,1,1
recipient_withdrawal,4906,V32P-A032723,0,0.49705931544303894,0.48543506860733032,0,0
recipient_withdrawal,4907,V32P-A032724,0,0.26289994120597837,0.25836541056632994,0,0
recipient_withdrawal,4908,V32P-A032731,0,0.82435153722763066,0.81900866031646724,1,1
recipient_withdrawal,4909,V32P-A032732,0,0.70359520912170415,0.69232361912727358,1,1
recipient_withdrawal,4910,V32P-A032733,0,0.67168658971786499,0.66925630569458006,1,1
recipient_withdrawal,4911,V32P-A032734,0,0.68571292161941533,0.68249131441116329,1,1
recipient_withdrawal,4912,V32P-A032735,0,0.58648933768272404,0.584588634967804,0,0
recipient_withdrawal,4913,V32P-A032736,0,0.31994336843490601,0.31981279850006106,0,0
recipient_withdrawal,4914,V32P-A032743,1,0.61681663990020752,0.61264973878860474,0,0
recipient_withdrawal,4915,V32P-A032744,1,0.52182541489601131,0.51689798235893247,0,0
recipient_withdrawal,4916,V32P-A032745,1,0.44607099890708923,0.44138242602348327,0,0
recipient_withdrawal,4917,V32P-A032746,0,0.061857207491993901,0.06243310309946537,0,0
recipient_withdrawal,4918,V32P-A032747,0,0.044826547428965566,0.045439894869923593,0,0
recipient_withdrawal,4919,V32P-A032748,0,0.017958241887390612,0.018255871161818503,0,0
recipient_withdrawal,4920,V32P-A032785,0,0.51824888586997986,0.51199829578399658,0,0
recipient_withdrawal,4921,V32P-A032786,0,0.49535547494888305,0.48949947357177737,0,0
recipient_withdrawal,4922,V32P-A032787,0,0.42968383431434631,0.42546897530555727,0,0
recipient_withdrawal,4923,V32P-A032788,0,0.35327273905277251,0.35087982118129729,0,0
recipient_withdrawal,4924,V32P-A032789,0,0.27165274620056151,0.27024043798446656,0,0
recipient_withdrawal,4925,V32P-A032790,0,0.11842028796672821,0.11914749741554261,0,0
recipient_withdrawal,4926,V32P-A032821,0,0.60862225890159605,0.60625422596931455,0,0
recipient_withdrawal,4927,V32P-A032822,0,0.44827798604965208,0.44826829433441162,0,0
recipient_withdrawal,4928,V32P-A032823,0,0.37812432646751404,0.37867925167083738,0,0
recipient_withdrawal,4929,V32P-A032824,0,0.28011015355587005,0.28062230646610259,0,0
recipient_withdrawal,4930,V32P-A032825,0,0.21835374534130098,0.21904963254928589,0,0
recipient_withdrawal,4931,V32P-A032826,0,0.093877403438091284,0.094689238071441653,0,0
recipient_withdrawal,4932,V32P-A032863,0,0.78389313220977785,0.77879813909530637,1,1
recipient_withdrawal,4933,V32P-A032864,0,0.71122076511383059,0.70488923788070679,1,1
recipient_withdrawal,4934,V32P-A032865,0,0.66919314861297607,0.66333357095718382,1,1
recipient_withdrawal,4935,V32P-A032866,0,0.58689886331558228,0.58311477899551389,0,0
recipient_withdrawal,4936,V32P-A032867,0,0.5235639214515686,0.52206964492797847,0,0
recipient_withdrawal,4937,V32P-A032868,0,0.25712555646896362,0.25802890360355379,0,0
recipient_withdrawal,4938,V32P-A032911,0,0.73294246196746826,0.72894046306610105,1,1
recipient_withdrawal,4939,V32P-A032912,0,0.57090148329734802,0.56669779419898991,0,0
recipient_withdrawal,4940,V32P-A032913,0,0.63228427171707158,0.62767697572708125,1,1
recipient_withdrawal,4941,V32P-A032914,0,0.48009241223335264,0.47584944367408755,0,0
recipient_withdrawal,4942,V32P-A032915,0,0.50275017619133,0.49765058755874636,0,0
recipient_withdrawal,4943,V32P-A032916,0,0.2367354452610016,0.23471613824367524,0,0
recipient_withdrawal,4944,V32P-A032941,0,0.68523385524749758,0.67835302352905269,1,1
recipient_withdrawal,4945,V32P-A032942,0,0.6001488089561462,0.59363099336624148,0,0
recipient_withdrawal,4946,V32P-A032943,0,0.56772556900978088,0.5620496332645416,0,0
recipient_withdrawal,4947,V32P-A032944,0,0.50042659640312193,0.4951696455478668,0,0
recipient_withdrawal,4948,V32P-A032945,0,0.41028457283973696,0.40650429725646975,0,0
recipient_withdrawal,4949,V32P-A032946,0,0.18661131113767623,0.18590649813413621,0,0
recipient_withdrawal,4950,V32P-A032965,1,0.58801835775375366,0.5850818276405334,0,0
recipient_withdrawal,4951,V32P-A032966,1,0.50253732800483708,0.50077249407768254,0,0
recipient_withdrawal,4952,V32P-A032967,1,0.52732841372489925,0.51710826754570005,0,0
recipient_withdrawal,4953,V32P-A032968,0,0.072481878101825714,0.073061510920524597,0,0
recipient_withdrawal,4954,V32P-A032969,0,0.060882684588432309,0.061547668278217317,0,0
recipient_withdrawal,4955,V32P-A032970,0,0.027812663465738297,0.028142221644520758,0,0
recipient_withdrawal,4956,V32P-A033007,0,0.83351238965988161,0.82651481628417967,1,1
recipient_withdrawal,4957,V32P-A033008,0,0.74280399084091187,0.73268104791641231,1,1
recipient_withdrawal,4958,V32P-A033009,0,0.71323355436325075,0.70352603197097774,1,1
recipient_withdrawal,4959,V32P-A033010,1,0.63590894937515263,0.62644543647766116,1,1
recipient_withdrawal,4960,V32P-A033011,0,0.1163635492324829,0.11584227830171585,0,0
recipient_withdrawal,4961,V32P-A033012,0,0.053231305256485936,0.053122543543577191,0,0
recipient_withdrawal,4962,V32P-A033025,0,0.63133867979049685,0.62640572786331172,1,1
recipient_withdrawal,4963,V32P-A033026,0,0.58699260950088505,0.5832003235816956,0,0
recipient_withdrawal,4964,V32P-A033027,0,0.55246442556381226,0.5503638029098511,0,0
recipient_withdrawal,4965,V32P-A033028,0,0.44350790381431582,0.44170495867729187,0,0
recipient_withdrawal,4966,V32P-A033029,0,0.34206882119178772,0.34137778282165526,0,0
recipient_withdrawal,4967,V32P-A033030,0,0.14135137051343918,0.14188502579927445,0,0
recipient_withdrawal,4968,V32P-A033049,0,0.53886575698852535,0.53305896520614626,0,0
recipient_withdrawal,4969,V32P-A033050,0,0.41720222234725951,0.40517556667327881,0,0
recipient_withdrawal,4970,V32P-A033051,0,0.47771979570388795,0.47187623381614685,0,0
recipient_withdrawal,4971,V32P-A033052,0,0.38132562041282653,0.37583993077278138,0,0
recipient_withdrawal,4972,V32P-A033053,0,0.28326631188392637,0.27943387031555178,0,0
recipient_withdrawal,4973,V32P-A033054,0,0.11589763909578324,0.11503780335187912,0,0
recipient_withdrawal,4974,V32P-A033067,0,0.66262282133102413,0.65935332775115962,1,1
recipient_withdrawal,4975,V32P-A033068,0,0.69369719028472898,0.69121558666229244,1,1
recipient_withdrawal,4976,V32P-A033069,0,0.7015481233596802,0.69892418384552002,1,1
recipient_withdrawal,4977,V32P-A033070,0,0.68762788772583006,0.68459929227828975,1,1
recipient_withdrawal,4978,V32P-A033071,0,0.65938254594802859,0.65603246688842776,1,1
recipient_withdrawal,4979,V32P-A033072,0,0.063975290209054944,0.06467805802822113,0,0
recipient_withdrawal,4980,V32P-A033079,0,0.58031890392303465,0.57748934030532839,0,0
recipient_withdrawal,4981,V32P-A033080,0,0.40456525683403016,0.40181966423988341,0,0
recipient_withdrawal,4982,V32P-A033081,0,0.4351935923099518,0.42685349583625792,0,0
recipient_withdrawal,4983,V32P-A033082,0,0.27803806066513059,0.27677336931228635,0,0
recipient_withdrawal,4984,V32P-A033083,1,0.22089037597179412,0.22035240232944489,0,0
recipient_withdrawal,4985,V32P-A033084,0,0.019086621655151247,0.019250684743747117,0,0
recipient_withdrawal,4986,V32P-A033121,0,0.51389463543891911,0.50975301861763,0,0
recipient_withdrawal,4987,V32P-A033122,0,0.4928146958351135,0.49005805253982543,0,0
recipient_withdrawal,4988,V32P-A033123,0,0.48229232430458069,0.4797633230686188,0,0
recipient_withdrawal,4989,V32P-A033124,0,0.39309221506118774,0.39106858968734742,0,0
recipient_withdrawal,4990,V32P-A033125,0,0.34066565632820128,0.33959146142005919,0,0
recipient_withdrawal,4991,V32P-A033126,0,0.17129078209400178,0.17104880511760712,0,0
recipient_withdrawal,4992,V32P-A033145,1,0.76842077970504763,0.76433562040328984,1,1
recipient_withdrawal,4993,V32P-A033146,1,0.59701931476593018,0.59288687705993648,0,0
recipient_withdrawal,4994,V32P-A033147,1,0.48368647098541262,0.48245625495910643,0,0
recipient_withdrawal,4995,V32P-A033148,0,0.096841973066329953,0.099084652960300446,0,0
recipient_withdrawal,4996,V32P-A033149,0,0.065923025086522105,0.06722834669053554,0,0
recipient_withdrawal,4997,V32P-A033150,0,0.026387108489871025,0.026830273494124413,0,0
recipient_withdrawal,4998,V32P-A033187,0,0.69394848346710203,0.68613187074661253,1,1
recipient_withdrawal,4999,V32P-A033188,0,0.65865955352783201,0.65168063640594487,1,1
recipient_withdrawal,5000,V32P-A033189,0,0.60999828577041626,0.6040320515632629,0,0
recipient_withdrawal,5001,V32P-A033190,0,0.55122661590576172,0.54503805637359615,0,0
recipient_withdrawal,5002,V32P-A033191,0,0.48746650218963622,0.48275299072265626,0,0
recipient_withdrawal,5003,V32P-A033192,0,0.26396079659461974,0.26185544133186339,0,0
recipient_withdrawal,5004,V32P-A033199,0,0.58028817772865293,0.57534070611000065,0,0
recipient_withdrawal,5005,V32P-A033200,0,0.61236712932586668,0.6075173020362854,0,0
recipient_withdrawal,5006,V32P-A033201,0,0.662077271938324,0.65759288072586064,1,1
recipient_withdrawal,5007,V32P-A033202,1,0.67147167921066286,0.66654387712478635,1,1
recipient_withdrawal,5008,V32P-A033203,0,0.091492122411727911,0.090770791471004489,0,0
recipient_withdrawal,5009,V32P-A033204,0,0.033225646242499352,0.033241979777812958,0,0
recipient_withdrawal,5010,V32P-A033307,0,0.73898795843124387,0.7342266798019409,1,1
recipient_withdrawal,5011,V32P-A033308,0,0.65808256864547732,0.64270958304405212,1,1
recipient_withdrawal,5012,V32P-A033309,0,0.62785707712173466,0.62072720527648928,1,1
recipient_withdrawal,5013,V32P-A033310,0,0.54911376237869258,0.54378163814544678,0,0
recipient_withdrawal,5014,V32P-A033311,0,0.46374865770339968,0.46055752635002134,0,0
recipient_withdrawal,5015,V32P-A033312,0,0.21815795153379441,0.21832414269447326,0,0
recipient_withdrawal,5016,V32P-A033349,0,0.50842018127441402,0.50112963318824766,0,0
recipient_withdrawal,5017,V32P-A033350,0,0.49359534978866576,0.48883233070373533,0,0
recipient_withdrawal,5018,V32P-A033351,0,0.45250455141067503,0.44787092804908751,0,0
recipient_withdrawal,5019,V32P-A033352,0,0.52148700952529903,0.50622907876968382,0,0
recipient_withdrawal,5020,V32P-A033353,0,0.30513940751552582,0.30179521739482879,0,0
recipient_withdrawal,5021,V32P-A033354,0,0.023490902036428452,0.023620936274528503,0,0
recipient_withdrawal,5022,V32P-A033403,0,0.48928999304771426,0.48631433248519895,0,0
recipient_withdrawal,5023,V32P-A033404,0,0.49745391011238099,0.49465493559837342,0,0
recipient_withdrawal,5024,V32P-A033405,0,0.50401044487953184,0.50157852768898015,0,0
recipient_withdrawal,5025,V32P-A033406,0,0.44552975296974184,0.44351541996002197,0,0
recipient_withdrawal,5026,V32P-A033407,0,0.37922526597976686,0.37765013575553896,0,0
recipient_withdrawal,5027,V32P-A033408,0,0.17391450256109237,0.17374335676431657,0,0
recipient_withdrawal,5028,V32P-A033463,0,0.58627964258193965,0.58713418245315552,0,0
recipient_withdrawal,5029,V32P-A033464,0,0.51329272389411928,0.5145816326141357,0,0
recipient_withdrawal,5030,V32P-A033465,0,0.45938517451286315,0.46119464635849,0,0
recipient_withdrawal,5031,V32P-A033466,0,0.40317977070808408,0.40566347241401673,0,0
recipient_withdrawal,5032,V32P-A033467,0,0.407886403799057,0.41174598932266238,0,0
recipient_withdrawal,5033,V32P-A033468,0,0.20886556506156922,0.2120194137096405,0,0
recipient_withdrawal,5034,V32P-A033481,0,0.70032689571380613,0.69006456136703487,1,1
recipient_withdrawal,5035,V32P-A033482,0,0.64438465833663938,0.63231630325317378,1,1
recipient_withdrawal,5036,V32P-A033483,0,0.70933996438980107,0.69637867212295534,1,1
recipient_withdrawal,5037,V32P-A033484,1,0.53716147541999815,0.52307388186454773,0,0
recipient_withdrawal,5038,V32P-A033485,0,0.083916979283094412,0.083235827833414072,0,0
recipient_withdrawal,5039,V32P-A033486,0,0.039886088669300081,0.039717126265168191,0,0
recipient_withdrawal,5040,V32P-A033499,0,0.67428427934646606,0.66991866827011104,1,1
recipient_withdrawal,5041,V32P-A033500,0,0.55468466281890871,0.54732828736305239,0,0
recipient_withdrawal,5042,V32P-A033501,0,0.56552435159683223,0.54923353791236873,0,0
recipient_withdrawal,5043,V32P-A033502,1,0.54446994066238408,0.53751080036163335,0,0
recipient_withdrawal,5044,V32P-A033503,0,0.063632684946060183,0.063629426807165143,0,0
recipient_withdrawal,5045,V32P-A033504,0,0.027889844868332146,0.027941778395324947,0,0
recipient_withdrawal,5046,V32P-A033541,0,0.66123961210250859,0.65463923215866093,1,1
recipient_withdrawal,5047,V32P-A033542,0,0.55645098686218264,0.55234721899032591,0,0
recipient_withdrawal,5048,V32P-A033543,0,0.47307224869728087,0.471929007768631,0,0
recipient_withdrawal,5049,V32P-A033544,0,0.40733177661895753,0.40840131640434263,0,0
recipient_withdrawal,5050,V32P-A033545,0,0.32618924081325529,0.32867630422115324,0,0
recipient_withdrawal,5051,V32P-A033546,0,0.14611775875091554,0.14828927218914031,0,0
recipient_withdrawal,5052,V32P-A033613,0,0.63120126724243164,0.62772337198257444,1,1
recipient_withdrawal,5053,V32P-A033614,0,0.61985698938369749,0.61606824398040771,0,0
recipient_withdrawal,5054,V32P-A033615,0,0.60503120422363277,0.60156040191650395,0,0
recipient_withdrawal,5055,V32P-A033616,0,0.56805252432823183,0.56503234505653377,0,0
recipient_withdrawal,5056,V32P-A033617,0,0.50627955794334412,0.50411467552185063,0,0
recipient_withdrawal,5057,V32P-A033618,0,0.043921687826514247,0.044169381633400916,0,0
recipient_withdrawal,5058,V32P-A033625,0,0.49914947152137756,0.49667001366615293,0,0
recipient_withdrawal,5059,V32P-A033626,0,0.4062013804912567,0.40321511030197144,0,0
recipient_withdrawal,5060,V32P-A033627,0,0.35877420604228971,0.35576887428760529,0,0
recipient_withdrawal,5061,V32P-A033628,0,0.26928744316101072,0.26724953651428224,0,0
recipient_withdrawal,5062,V32P-A033629,0,0.20104365348815917,0.20010505318641664,0,0
recipient_withdrawal,5063,V32P-A033630,0,0.089924476295709613,0.090786955505609515,0,0
recipient_withdrawal,5064,V32P-A033661,0,0.77467659711837766,0.76761217117309566,1,1
recipient_withdrawal,5065,V32P-A033662,0,0.66971139907836919,0.65847178697586062,1,1
recipient_withdrawal,5066,V32P-A033663,0,0.57014797329902644,0.55914900898933406,0,0
recipient_withdrawal,5067,V32P-A033664,0,0.4813118577003479,0.4730226993560791,0,0
recipient_withdrawal,5068,V32P-A033665,0,0.42335107922554016,0.4163181483745575,0,0
recipient_withdrawal,5069,V32P-A033666,0,0.23349641263484955,0.23142334520816804,0,0
recipient_withdrawal,5070,V32P-A033709,0,0.59517508745193481,0.59109026193618774,0,0
recipient_withdrawal,5071,V32P-A033710,0,0.49855071902275083,0.49399043917655944,0,0
recipient_withdrawal,5072,V32P-A033711,0,0.45293490290641786,0.4496752083301544,0,0
recipient_withdrawal,5073,V32P-A033712,0,0.37829473614692688,0.37625207901000979,0,0
recipient_withdrawal,5074,V32P-A033713,0,0.3121321052312851,0.31180008947849275,0,0
recipient_withdrawal,5075,V32P-A033714,0,0.13247539401054381,0.13333601951599122,0,0
recipient_withdrawal,5076,V32P-A033811,0,0.60073565244674687,0.58990533351898189,0,0
recipient_withdrawal,5077,V32P-A033812,0,0.65052967071533208,0.63958722352981567,1,1
recipient_withdrawal,5078,V32P-A033813,0,0.70120712518692019,0.6916632771492004,1,1
recipient_withdrawal,5079,V32P-A033814,0,0.6209112346172333,0.60731540322303768,1,0
recipient_withdrawal,5080,V32P-A033815,0,0.57924117445945744,0.56444575190544133,0,0
recipient_withdrawal,5081,V32P-A033816,0,0.37643583416938781,0.35855277776718142,0,0
recipient_withdrawal,5082,V32P-A033823,0,0.77935765981674199,0.77349233627319336,1,1
recipient_withdrawal,5083,V32P-A033824,0,0.66228781938552861,0.64865602254867549,1,1
recipient_withdrawal,5084,V32P-A033825,0,0.57086106538772585,0.56292530298233034,0,0
recipient_withdrawal,5085,V32P-A033826,0,0.46876864433288573,0.46148372292518614,0,0
recipient_withdrawal,5086,V32P-A033827,0,0.38164337277412413,0.37647171616554259,0,0
recipient_withdrawal,5087,V32P-A033828,0,0.17052225172519683,0.16897738277912139,0,0
recipient_withdrawal,5088,V32P-A033877,0,0.77449696063995366,0.76779881715774534,1,1
recipient_withdrawal,5089,V32P-A033878,0,0.57713054418563847,0.56403645277023318,0,0
recipient_withdrawal,5090,V32P-A033879,0,0.52706909775733946,0.51834791302680971,0,0
recipient_withdrawal,5091,V32P-A033880,0,0.42050025463104246,0.41303490996360781,0,0
recipient_withdrawal,5092,V32P-A033881,0,0.31538405716419221,0.3095318704843521,0,0
recipient_withdrawal,5093,V32P-A033882,0,0.14071726202964782,0.13869740068912506,0,0
recipient_withdrawal,5094,V32P-A033883,0,0.60049417018890383,0.59275181889534001,0,0
recipient_withdrawal,5095,V32P-A033884,0,0.64037274122238164,0.63483760356903074,1,1
recipient_withdrawal,5096,V32P-A033885,0,0.63274240493774414,0.62798256874084468,1,1
recipient_withdrawal,5097,V32P-A033886,0,0.57908905148506162,0.57604303359985354,0,0
recipient_withdrawal,5098,V32P-A033887,0,0.51240922212600704,0.51047952175140376,0,0
recipient_withdrawal,5099,V32P-A033888,0,0.25418392121791838,0.25414538681507109,0,0
recipient_withdrawal,5100,V32P-A033913,0,0.79596918821334839,0.78886609077453618,1,1
recipient_withdrawal,5101,V32P-A033914,0,0.64797604084014893,0.63664660453796384,1,1
recipient_withdrawal,5102,V32P-A033915,0,0.5991082072257996,0.58880113363265996,0,0
recipient_withdrawal,5103,V32P-A033916,0,0.65521402955055241,0.64440050721168518,1,1
recipient_withdrawal,5104,V32P-A033917,0,0.55611640810966489,0.54154327511787415,0,0
recipient_withdrawal,5105,V32P-A033918,0,0.26032933294773103,0.25251736938953401,0,0
recipient_withdrawal,5106,V32P-A033943,1,0.77863438129425044,0.76956030130386355,1,1
recipient_withdrawal,5107,V32P-A033944,1,0.69561115503311155,0.68462344408035281,1,1
recipient_withdrawal,5108,V32P-A033945,0,0.21608942002058029,0.21192040294408798,0,0
recipient_withdrawal,5109,V32P-A033946,0,0.21585962027311326,0.21156064718961715,0,0
recipient_withdrawal,5110,V32P-A033947,0,0.15038797706365586,0.14918562546372413,0,0
recipient_withdrawal,5111,V32P-A033948,0,0.074708234146237368,0.07448090091347695,0,0
recipient_withdrawal,5112,V32P-A033955,1,0.88807107210159297,0.88220288753509524,1,1
recipient_withdrawal,5113,V32P-A033956,1,0.81657139062881468,0.8042885541915894,1,1
recipient_withdrawal,5114,V32P-A033957,1,0.75225393772125249,0.73703343868255611,1,1
recipient_withdrawal,5115,V32P-A033958,0,0.21564821451902388,0.21337563246488572,0,0
recipient_withdrawal,5116,V32P-A033959,0,0.14871378391981124,0.14766213074326515,0,0
recipient_withdrawal,5117,V32P-A033960,0,0.06182759962975979,0.061825740337371829,0,0
recipient_withdrawal,5118,V32P-A033979,0,0.40139961242675781,0.39809746742248536,0,0
recipient_withdrawal,5119,V32P-A033980,0,0.3684454381465912,0.36505488157272337,0,0
recipient_withdrawal,5120,V32P-A033981,0,0.33985702395439149,0.33648811578750609,0,0
recipient_withdrawal,5121,V32P-A033982,0,0.30172840952873231,0.29870047569274905,0,0
recipient_withdrawal,5122,V32P-A033983,0,0.2455433875322342,0.24272614419460298,0,0
recipient_withdrawal,5123,V32P-A033984,0,0.11384170353412629,0.11265962719917297,0,0
recipient_withdrawal,5124,V32P-A033997,0,0.38377090692520144,0.37680367827415467,0,0
recipient_withdrawal,5125,V32P-A033998,0,0.40629078745841979,0.40025797486305237,0,0
recipient_withdrawal,5126,V32P-A033999,0,0.37774271965026857,0.37226703763008118,0,0
recipient_withdrawal,5127,V32P-A034000,0,0.31168281137943266,0.30665208399295807,0,0
recipient_withdrawal,5128,V32P-A034001,0,0.23946981728076935,0.2357560783624649,0,0
recipient_withdrawal,5129,V32P-A034002,0,0.10643567889928818,0.10560248494148254,0,0
recipient_withdrawal,5130,V32P-A034057,0,0.75153237581253052,0.74459091424942014,1,1
recipient_withdrawal,5131,V32P-A034058,0,0.71764619350433345,0.71071368455886841,1,1
recipient_withdrawal,5132,V32P-A034059,0,0.71562929153442378,0.70774465799331665,1,1
recipient_withdrawal,5133,V32P-A034060,0,0.71853170394897459,0.70925267934799197,1,1
recipient_withdrawal,5134,V32P-A034061,0,0.66138186454772951,0.650527560710907,1,1
recipient_withdrawal,5135,V32P-A034062,0,0.41403418779373169,0.40260722637176516,0,0
recipient_withdrawal,5136,V32P-A034063,0,0.81608093976974483,0.81151520013809209,1,1
recipient_withdrawal,5137,V32P-A034064,0,0.65686519145965572,0.65090824961662297,1,1
recipient_withdrawal,5138,V32P-A034065,0,0.59641793370246887,0.59215955138206477,0,0
recipient_withdrawal,5139,V32P-A034066,0,0.53530347943305967,0.53220824003219602,0,0
recipient_withdrawal,5140,V32P-A034067,0,0.50107990503311162,0.49755210876464845,0,0
recipient_withdrawal,5141,V32P-A034068,0,0.31322401463985444,0.31055678129196168,0,0
recipient_withdrawal,5142,V32P-A034177,1,0.7901342511177063,0.78196600675582884,1,1
recipient_withdrawal,5143,V32P-A034178,1,0.59086324572563176,0.57730819582939152,0,0
recipient_withdrawal,5144,V32P-A034179,0,0.53159805536270144,0.50340802669525142,0,0
recipient_withdrawal,5145,V32P-A034180,0,0.12953911572694779,0.12854560762643813,0,0
recipient_withdrawal,5146,V32P-A034181,0,0.094144004210829732,0.09384053573012352,0,0
recipient_withdrawal,5147,V32P-A034182,0,0.044210938178002833,0.044182878732681272,0,0
recipient_withdrawal,5148,V32P-A034189,0,0.64548890590667729,0.63855161666870119,1,1
recipient_withdrawal,5149,V32P-A034190,0,0.55775104165077205,0.55202926993370061,0,0
recipient_withdrawal,5150,V32P-A034191,0,0.52889660596847532,0.52481545209884639,0,0
recipient_withdrawal,5151,V32P-A034192,0,0.47806518077850341,0.47432548999786378,0,0
recipient_withdrawal,5152,V32P-A034193,0,0.41874141693115235,0.41539710760116577,0,0
recipient_withdrawal,5153,V32P-A034194,0,0.20317110121250154,0.20260284543037416,0,0
recipient_withdrawal,5154,V32P-A034207,0,0.72985868453979497,0.72478960752487187,1,1
recipient_withdrawal,5155,V32P-A034208,0,0.66360834836959837,0.6586622357368469,1,1
recipient_withdrawal,5156,V32P-A034209,0,0.63146254420280457,0.61982706189155579,1,0
recipient_withdrawal,5157,V32P-A034210,0,0.65422741174697874,0.64839470386505127,1,1
recipient_withdrawal,5158,V32P-A034211,0,0.61731891036033626,0.60880315899848936,0,0
recipient_withdrawal,5159,V32P-A034212,0,0.39116811454296113,0.38299369513988496,0,0
recipient_withdrawal,5160,V32P-A034237,0,0.38652219176292418,0.38577474951744078,0,0
recipient_withdrawal,5161,V32P-A034238,0,0.32871356904506682,0.3279640108346939,0,0
recipient_withdrawal,5162,V32P-A034239,0,0.2893973380327225,0.28936345875263214,0,0
recipient_withdrawal,5163,V32P-A034240,0,0.26109905242919923,0.26157160997390749,0,0
recipient_withdrawal,5164,V32P-A034241,0,0.19972134083509446,0.20069184750318528,0,0
recipient_withdrawal,5165,V32P-A034242,0,0.096538994461297989,0.097443043440580371,0,0
recipient_withdrawal,5166,V32P-A034321,0,0.3107371389865875,0.3077379107475281,0,0
recipient_withdrawal,5167,V32P-A034322,0,0.32283389270305635,0.32206031978130339,0,0
recipient_withdrawal,5168,V32P-A034323,0,0.28498040735721586,0.28432563245296477,0,0
recipient_withdrawal,5169,V32P-A034324,0,0.22862085700035095,0.22856719493865968,0,0
recipient_withdrawal,5170,V32P-A034325,0,0.18371097445487977,0.18413728475570679,0,0
recipient_withdrawal,5171,V32P-A034326,0,0.07927937656641007,0.079773230850696569,0,0
recipient_withdrawal,5172,V32P-A034381,0,0.72652097940444949,0.72280131578445439,1,1
recipient_withdrawal,5173,V32P-A034382,0,0.54788585305213933,0.53479729890823369,0,0
recipient_withdrawal,5174,V32P-A034383,0,0.53004105091094966,0.52512404322624207,0,0
recipient_withdrawal,5175,V32P-A034384,0,0.4998746454715729,0.49735504388809204,0,0
recipient_withdrawal,5176,V32P-A034385,0,0.48120208978652956,0.47949687838554383,0,0
recipient_withdrawal,5177,V32P-A034386,0,0.22540866434574128,0.22479045689105986,0,0
recipient_withdrawal,5178,V32P-A034441,0,0.61087359189987178,0.60767866373062129,0,0
recipient_withdrawal,5179,V32P-A034442,0,0.57019282579421993,0.56792550086975102,0,0
recipient_withdrawal,5180,V32P-A034443,0,0.51128790974617,0.50954925417900088,0,0
recipient_withdrawal,5181,V32P-A034444,0,0.42756233215332029,0.42711166143417356,0,0
recipient_withdrawal,5182,V32P-A034445,0,0.34498105049133299,0.34580138325691223,0,0
recipient_withdrawal,5183,V32P-A034446,0,0.17336718887090682,0.17565529495477678,0,0
recipient_withdrawal,5184,V32P-A034519,0,0.6155322790145874,0.61199427843093868,0,0
recipient_withdrawal,5185,V32P-A034520,0,0.56562325358390808,0.56225723624229429,0,0
recipient_withdrawal,5186,V32P-A034521,0,0.46354057192802428,0.46098284721374511,0,0
recipient_withdrawal,5187,V32P-A034522,0,0.37684029340744019,0.37539222836494446,0,0
recipient_withdrawal,5188,V32P-A034523,0,0.30391412079334257,0.30295210778713227,0,0
recipient_withdrawal,5189,V32P-A034524,0,0.031187892705202103,0.031409562751650813,0,0
recipient_withdrawal,5190,V32P-A034573,0,0.61391041278839109,0.60811740159988403,0,0
recipient_withdrawal,5191,V32P-A034574,0,0.54781562685966489,0.54223650097846987,0,0
recipient_withdrawal,5192,V32P-A034575,0,0.49475720524787903,0.48953705430030825,0,0
recipient_withdrawal,5193,V32P-A034576,0,0.45535624027252197,0.4503619372844696,0,0
recipient_withdrawal,5194,V32P-A034577,0,0.38312876820564268,0.3785229206085205,0,0
recipient_withdrawal,5195,V32P-A034578,0,0.18086276501417159,0.17901636511087418,0,0
recipient_withdrawal,5196,V32P-A034579,0,0.77036535739898682,0.76564993858337405,1,1
recipient_withdrawal,5197,V32P-A034580,0,0.61327151060104368,0.610710221529007,0,0
recipient_withdrawal,5198,V32P-A034581,0,0.5145600020885468,0.51345482468605042,0,0
recipient_withdrawal,5199,V32P-A034582,0,0.48525469303131102,0.48516936898231505,0,0
recipient_withdrawal,5200,V32P-A034583,0,0.46347643733024596,0.46322569251060486,0,0
recipient_withdrawal,5201,V32P-A034584,0,0.2136214107275009,0.21422651112079621,0,0
recipient_withdrawal,5202,V32P-A034591,0,0.75685102939605708,0.75118650197982784,1,1
recipient_withdrawal,5203,V32P-A034592,0,0.692563784122467,0.68476366996765137,1,1
recipient_withdrawal,5204,V32P-A034593,0,0.6552105069160461,0.64716933965682988,1,1
recipient_withdrawal,5205,V32P-A034594,0,0.61614806652069087,0.60922520160675053,0,0
recipient_withdrawal,5206,V32P-A034595,0,0.55742706060409541,0.5522285461425781,0,0
recipient_withdrawal,5207,V32P-A034596,0,0.28757998645305632,0.2859464228153229,0,0
recipient_withdrawal,5208,V32P-A034603,1,0.72132467031478886,0.71343595981597896,1,1
recipient_withdrawal,5209,V32P-A034604,1,0.61084100008010866,0.6042883634567261,0,0
recipient_withdrawal,5210,V32P-A034605,1,0.65365059375762935,0.64104721546173093,1,1
recipient_withdrawal,5211,V32P-A034606,0,0.10837066471576691,0.10853673815727234,0,0
recipient_withdrawal,5212,V32P-A034607,0,0.078658255934715274,0.079051826149225235,0,0
recipient_withdrawal,5213,V32P-A034608,0,0.036594017781317233,0.036842236481606963,0,0
recipient_withdrawal,5214,V32P-A034615,0,0.82266447544097898,0.81178408861160278,1,1
recipient_withdrawal,5215,V32P-A034616,0,0.74687473773956303,0.73187650442123409,1,1
recipient_withdrawal,5216,V32P-A034617,0,0.63227794766426082,0.61709579825401306,1,0
recipient_withdrawal,5217,V32P-A034618,0,0.59782161712646487,0.58428061008453369,0,0
recipient_withdrawal,5218,V32P-A034619,0,0.52123889923095701,0.50839959383010869,0,0
recipient_withdrawal,5219,V32P-A034620,0,0.31714175641536713,0.30588754117488859,0,0
recipient_withdrawal,5220,V32P-A034627,0,0.54290118217468264,0.54038259983062742,0,0
recipient_withdrawal,5221,V32P-A034628,0,0.49648024439811705,0.49519576430320739,0,0
recipient_withdrawal,5222,V32P-A034629,0,0.41322983503341676,0.41306648254394529,0,0
recipient_withdrawal,5223,V32P-A034630,0,0.32322613000869749,0.32449359893798829,0,0
recipient_withdrawal,5224,V32P-A034631,0,0.24950170516967773,0.25130521655082705,0,0
recipient_withdrawal,5225,V32P-A034632,0,0.10251643359661103,0.10348286926746368,0,0
recipient_withdrawal,5226,V32P-A034687,1,0.67771269083023067,0.66949883699417112,1,1
recipient_withdrawal,5227,V32P-A034688,1,0.61964403390884404,0.61184157133102413,0,0
recipient_withdrawal,5228,V32P-A034689,1,0.55103099346160889,0.54444189071655269,0,0
recipient_withdrawal,5229,V32P-A034690,0,0.082483036071062082,0.082603520154953008,0,0
recipient_withdrawal,5230,V32P-A034691,0,0.061289146542549133,0.061598984897136687,0,0
recipient_withdrawal,5231,V32P-A034692,0,0.026580856926739217,0.026772920787334443,0,0
recipient_withdrawal,5232,V32P-A034705,0,0.73304216861724858,0.72762389183044429,1,1
recipient_withdrawal,5233,V32P-A034706,0,0.52573485970497136,0.51254481077194214,0,0
recipient_withdrawal,5234,V32P-A034707,0,0.52594821453094487,0.52022847533226013,0,0
recipient_withdrawal,5235,V32P-A034708,0,0.44533965587615965,0.44096440076828003,0,0
recipient_withdrawal,5236,V32P-A034709,0,0.36048570275306702,0.35769955515861512,0,0
recipient_withdrawal,5237,V32P-A034710,0,0.15854753851890563,0.15841471552848815,0,0
recipient_withdrawal,5238,V32P-A034831,0,0.66478271484374996,0.65910140275955198,1,1
recipient_withdrawal,5239,V32P-A034832,0,0.66339302062988281,0.65770478248596187,1,1
recipient_withdrawal,5240,V32P-A034833,0,0.63683205842971802,0.63152323961257939,1,1
recipient_withdrawal,5241,V32P-A034834,0,0.57685856819152836,0.57233968973159788,0,0
recipient_withdrawal,5242,V32P-A034835,0,0.47171628475189209,0.46853057742118837,0,0
recipient_withdrawal,5243,V32P-A034836,0,0.2009815365076065,0.20053971111774443,0,0
recipient_withdrawal,5244,V32P-A034843,0,0.7520774841308594,0.74629778861999507,1,1
recipient_withdrawal,5245,V32P-A034844,0,0.67053564786911013,0.66502503156661985,1,1
recipient_withdrawal,5246,V32P-A034845,0,0.70305056571960445,0.6982753992080688,1,1
recipient_withdrawal,5247,V32P-A034846,0,0.69240150451660154,0.68639664649963383,1,1
recipient_withdrawal,5248,V32P-A034847,0,0.65455775260925297,0.64709658622741695,1,1
recipient_withdrawal,5249,V32P-A034848,0,0.40491832494735719,0.39943326115608213,0,0
recipient_withdrawal,5250,V32P-A034873,0,0.49606815576553343,0.49725926518440244,0,0
recipient_withdrawal,5251,V32P-A034874,0,0.5131163537502289,0.516254723072052,0,0
recipient_withdrawal,5252,V32P-A034875,0,0.4618991196155548,0.46536285281181333,0,0
recipient_withdrawal,5253,V32P-A034876,1,0.37585865259170531,0.37974938154220583,0,0
recipient_withdrawal,5254,V32P-A034877,0,0.052284791320562365,0.054006417840719224,0,0
recipient_withdrawal,5255,V32P-A034878,0,0.022182507626712322,0.022903282940387727,0,0
recipient_withdrawal,5256,V32P-A035005,0,0.67658981084823611,0.67290016412734988,1,1
recipient_withdrawal,5257,V32P-A035006,0,0.61321020126342773,0.6095515370368958,0,0
recipient_withdrawal,5258,V32P-A035007,0,0.5925889134407043,0.58989473581314089,0,0
recipient_withdrawal,5259,V32P-A035008,0,0.50890418887138367,0.50712506771087651,0,0
recipient_withdrawal,5260,V32P-A035009,0,0.42468492984771727,0.42422105073928834,0,0
recipient_withdrawal,5261,V32P-A035010,0,0.20786733031272889,0.20883585810661315,0,0
recipient_withdrawal,5262,V32P-A035029,0,0.63183748722076416,0.62620524168014524,1,1
recipient_withdrawal,5263,V32P-A035030,0,0.57751467227935793,0.57246718406677244,0,0
recipient_withdrawal,5264,V32P-A035031,0,0.50775917768478396,0.50240166187286373,0,0
recipient_withdrawal,5265,V32P-A035032,0,0.39330377280712125,0.38840430080890653,0,0
recipient_withdrawal,5266,V32P-A035033,0,0.3170239984989166,0.31376771926879882,0,0
recipient_withdrawal,5267,V32P-A035034,0,0.12870987355709076,0.12827900946140289,0,0
recipient_withdrawal,5268,V32P-A035041,0,0.8272900342941284,0.81947910785675049,1,1
recipient_withdrawal,5269,V32P-A035042,0,0.7300235509872437,0.71858234405517574,1,1
recipient_withdrawal,5270,V32P-A035043,0,0.83049855232238767,0.81901953220367429,1,1
recipient_withdrawal,5271,V32P-A035044,0,0.68865274190902714,0.67671148777008061,1,1
recipient_withdrawal,5272,V32P-A035045,1,0.5716795027256012,0.55961506962776186,0,0
recipient_withdrawal,5273,V32P-A035046,0,0.044687169045209883,0.044638658687472341,0,0
recipient_withdrawal,5274,V32P-A035047,0,0.74846588373184209,0.74383541345596316,1,1
recipient_withdrawal,5275,V32P-A035048,0,0.77430880069732666,0.76791135072708128,1,1
recipient_withdrawal,5276,V32P-A035049,0,0.52681663036346438,0.52335743904113774,0,0
recipient_withdrawal,5277,V32P-A035050,0,0.41419982314109804,0.41325831413269043,0,0
recipient_withdrawal,5278,V32P-A035051,0,0.33119279742240904,0.33153524994850159,0,0
recipient_withdrawal,5279,V32P-A035052,0,0.18325906097888947,0.18481546938419341,0,0
recipient_withdrawal,5280,V32P-A035059,0,0.72752417325973506,0.7176036953926086,1,1
recipient_withdrawal,5281,V32P-A035060,0,0.62896274328231816,0.61629439592361446,1,0
recipient_withdrawal,5282,V32P-A035061,0,0.44283431768417358,0.42893155217170714,0,0
recipient_withdrawal,5283,V32P-A035062,0,0.33895658850669863,0.33028460741043092,0,0
recipient_withdrawal,5284,V32P-A035063,0,0.27935758531093596,0.27386471331119538,0,0
recipient_withdrawal,5285,V32P-A035064,0,0.11978946030139923,0.11756863296031952,0,0
recipient_withdrawal,5286,V32P-A035071,0,0.75471937656402588,0.74956495761871333,1,1
recipient_withdrawal,5287,V32P-A035072,0,0.63735315799713133,0.63107401132583618,1,1
recipient_withdrawal,5288,V32P-A035073,0,0.71696338653564451,0.71081250905990601,1,1
recipient_withdrawal,5289,V32P-A035074,0,0.57947396636009219,0.57276583313941953,0,0
recipient_withdrawal,5290,V32P-A035075,0,0.54473955035209654,0.53827084302902217,0,0
recipient_withdrawal,5291,V32P-A035076,0,0.29418241679668428,0.29098385870456694,0,0
recipient_withdrawal,5292,V32P-A035101,0,0.5200973689556122,0.5198091924190521,0,0
recipient_withdrawal,5293,V32P-A035102,0,0.42687993049621581,0.42654678225517273,0,0
recipient_withdrawal,5294,V32P-A035103,0,0.36969931721687316,0.37061039209365843,0,0
recipient_withdrawal,5295,V32P-A035104,0,0.30425575971603391,0.30537319183349609,0,0
recipient_withdrawal,5296,V32P-A035105,0,0.27695381939411162,0.27837630808353425,0,0
recipient_withdrawal,5297,V32P-A035106,0,0.13812275677919389,0.13888560682535173,0,0
recipient_withdrawal,5298,V32P-A035119,0,0.37331074476242065,0.36021191477775572,0,0
recipient_withdrawal,5299,V32P-A035120,0,0.43264820575714114,0.41989867091178895,0,0
recipient_withdrawal,5300,V32P-A035121,0,0.42056496739387511,0.40843996405601501,0,0
recipient_withdrawal,5301,V32P-A035122,1,0.36977410316467285,0.35828869342803954,0,0
recipient_withdrawal,5302,V32P-A035123,0,0.052861260995268819,0.051039696112275122,0,0
recipient_withdrawal,5303,V32P-A035124,0,0.023711576405912638,0.023428003955632448,0,0
recipient_withdrawal,5304,V32P-A035191,0,0.44320127964019773,0.43454833030700685,0,0
recipient_withdrawal,5305,V32P-A035192,0,0.42587745785713194,0.41843095421791077,0,0
recipient_withdrawal,5306,V32P-A035193,0,0.36455002427101135,0.35788348317146301,0,0
recipient_withdrawal,5307,V32P-A035194,0,0.28915327191352846,0.28355627059936522,0,0
recipient_withdrawal,5308,V32P-A035195,0,0.20213567316532136,0.1988212913274765,0,0
recipient_withdrawal,5309,V32P-A035196,0,0.083261282742023462,0.082485653460025787,0,0
recipient_withdrawal,5310,V32P-A035203,0,0.42556309103965761,0.41755605340003965,0,0
recipient_withdrawal,5311,V32P-A035204,0,0.44474402666091917,0.43865495920181274,0,0
recipient_withdrawal,5312,V32P-A035205,0,0.40788014531135558,0.40255740880966184,0,0
recipient_withdrawal,5313,V32P-A035206,0,0.31856536269187929,0.31434826254844667,0,0
recipient_withdrawal,5314,V32P-A035207,0,0.23895305395126343,0.23577770888805388,0,0
recipient_withdrawal,5315,V32P-A035208,0,0.092241343855857846,0.091673390567302698,0,0
recipient_withdrawal,5316,V32P-A035239,0,0.62148413658142088,0.61948000192642216,1,0
recipient_withdrawal,5317,V32P-A035240,0,0.63117015361785889,0.62869435548782349,1,1
recipient_withdrawal,5318,V32P-A035241,0,0.6219184398651123,0.6197512149810791,1,0
recipient_withdrawal,5319,V32P-A035242,0,0.56553711891174319,0.56413499116897581,0,0
recipient_withdrawal,5320,V32P-A035243,0,0.50810493826866154,0.50734557509422307,0,0
recipient_withdrawal,5321,V32P-A035244,0,0.036719497293233871,0.037272820994257924,0,0
recipient_withdrawal,5322,V32P-A035257,0,0.52047953009605408,0.51350283622741699,0,0
recipient_withdrawal,5323,V32P-A035258,0,0.43888698220252992,0.43278329372406005,0,0
recipient_withdrawal,5324,V32P-A035259,0,0.38245081007480619,0.37740014493465424,0,0
recipient_withdrawal,5325,V32P-A035260,0,0.31786544919013976,0.31313794851303101,0,0
recipient_withdrawal,5326,V32P-A035261,0,0.2594729155302048,0.2559888571500778,0,0
recipient_withdrawal,5327,V32P-A035262,0,0.1288022667169571,0.127610681951046,0,0
recipient_withdrawal,5328,V32P-A035269,0,0.82934414148330693,0.82104614973068235,1,1
recipient_withdrawal,5329,V32P-A035270,0,0.70474439859390259,0.69558299779891963,1,1
recipient_withdrawal,5330,V32P-A035271,0,0.60531980991363521,0.58954731225967405,0,0
recipient_withdrawal,5331,V32P-A035272,0,0.56506112813949583,0.55499128699302669,0,0
recipient_withdrawal,5332,V32P-A035273,0,0.53043719530105593,0.52067201733589175,0,0
recipient_withdrawal,5333,V32P-A035274,0,0.20162949115037918,0.19865906685590745,0,0
recipient_withdrawal,5334,V32P-A035317,0,0.51891453862190251,0.50784550905227666,0,0
recipient_withdrawal,5335,V32P-A035318,0,0.60070288181304932,0.59365107417106633,0,0
recipient_withdrawal,5336,V32P-A035319,0,0.61100738048553471,0.60424326062202449,0,0
recipient_withdrawal,5337,V32P-A035320,0,0.61903275251388545,0.61227074861526487,0,0
recipient_withdrawal,5338,V32P-A035321,1,0.55970162749290464,0.55369316935539248,0,0
recipient_withdrawal,5339,V32P-A035322,0,0.041808102279901505,0.042011763527989389,0,0
recipient_withdrawal,5340,V32P-A035323,0,0.51926629245281219,0.50457541644573212,0,0
recipient_withdrawal,5341,V32P-A035324,0,0.51091428399086003,0.49847803711891175,0,0
recipient_withdrawal,5342,V32P-A035325,0,0.4084757328033447,0.39832557439804078,0,0
recipient_withdrawal,5343,V32P-A035326,0,0.30351280272006986,0.29745182693004607,0,0
recipient_withdrawal,5344,V32P-A035327,0,0.23470599204301834,0.23162135034799575,0,0
recipient_withdrawal,5345,V32P-A035328,0,0.097836969792842871,0.097922374308109281,0,0
recipient_withdrawal,5346,V32P-A035329,0,0.68003650903701784,0.67205150127410884,1,1
recipient_withdrawal,5347,V32P-A035330,0,0.60178562402725222,0.59160389900207522,0,0
recipient_withdrawal,5348,V32P-A035331,0,0.55864560604095459,0.54624558687210079,0,0
recipient_withdrawal,5349,V32P-A035332,0,0.57060167789459226,0.55627400875091548,0,0
recipient_withdrawal,5350,V32P-A035333,0,0.46438493728637698,0.44925735592842103,0,0
recipient_withdrawal,5351,V32P-A035334,0,0.27963823825120926,0.27193375080823901,0,0
recipient_withdrawal,5352,V32P-A035335,0,0.54149376153945927,0.53830143213272097,0,0
recipient_withdrawal,5353,V32P-A035336,0,0.52130796313285832,0.51875550150871275,0,0
recipient_withdrawal,5354,V32P-A035337,0,0.57584233880043034,0.57183277010917666,0,0
recipient_withdrawal,5355,V32P-A035338,0,0.51544643044471739,0.51110711693763733,0,0
recipient_withdrawal,5356,V32P-A035339,0,0.43246783018112184,0.42842414975166321,0,0
recipient_withdrawal,5357,V32P-A035340,0,0.25729404240846632,0.2540025129914284,0,0
recipient_withdrawal,5358,V32P-A035389,0,0.76440546512603758,0.75741963386535649,1,1
recipient_withdrawal,5359,V32P-A035390,0,0.69457513093948364,0.68548842668533327,1,1
recipient_withdrawal,5360,V32P-A035391,0,0.64538968801498409,0.63819304704666135,1,1
recipient_withdrawal,5361,V32P-A035392,0,0.59095126390457153,0.58478590250015261,0,0
recipient_withdrawal,5362,V32P-A035393,0,0.56570509672164915,0.55966407060623169,0,0
recipient_withdrawal,5363,V32P-A035394,0,0.29938481450080873,0.29615485668182373,0,0
recipient_withdrawal,5364,V32P-A035491,0,0.8092049717903137,0.80297104120254514,1,1
recipient_withdrawal,5365,V32P-A035492,0,0.80520085096359251,0.79857541322708125,1,1
recipient_withdrawal,5366,V32P-A035493,0,0.66897302865982056,0.66116474270820613,1,1
recipient_withdrawal,5367,V32P-A035494,0,0.59633077383041377,0.59145941734313967,0,0
recipient_withdrawal,5368,V32P-A035495,1,0.51807395219802854,0.51439903974533085,0,0
recipient_withdrawal,5369,V32P-A035496,0,0.042397345788776873,0.042595445923507211,0,0
recipient_withdrawal,5370,V32P-A035545,0,0.74301528930664062,0.73754017353057866,1,1
recipient_withdrawal,5371,V32P-A035546,0,0.68982026576995847,0.68220719099044802,1,1
recipient_withdrawal,5372,V32P-A035547,0,0.68330377340316772,0.67633000612258909,1,1
recipient_withdrawal,5373,V32P-A035548,0,0.63735434412956238,0.63089612126350403,1,1
recipient_withdrawal,5374,V32P-A035549,1,0.58785696029663081,0.583720862865448,0,0
recipient_withdrawal,5375,V32P-A035550,0,0.052296015247702596,0.052529077231884005,0,0
recipient_withdrawal,5376,V32P-A035587,0,0.71112831830978396,0.70834243297576904,1,1
recipient_withdrawal,5377,V32P-A035588,0,0.64513479471206669,0.64241150617599485,1,1
recipient_withdrawal,5378,V32P-A035589,0,0.61679656505584712,0.61447147130966184,0,0
recipient_withdrawal,5379,V32P-A035590,0,0.62253193855285649,0.62048105001449583,1,1
recipient_withdrawal,5380,V32P-A035591,0,0.5263254821300507,0.52441554665565493,0,0
recipient_withdrawal,5381,V32P-A035592,0,0.27508840560913084,0.27545363903045655,0,0
recipient_withdrawal,5382,V32P-A035593,0,0.77356488704681392,0.76722625494003294,1,1
recipient_withdrawal,5383,V32P-A035594,0,0.67382827997207639,0.66488374471664424,1,1
recipient_withdrawal,5384,V32P-A035595,0,0.61408782005310059,0.60400311946868901,0,0
recipient_withdrawal,5385,V32P-A035596,0,0.52220122814178471,0.51335409283638,0,0
recipient_withdrawal,5386,V32P-A035597,0,0.49996894598007202,0.49131652116775515,0,0
recipient_withdrawal,5387,V32P-A035598,0,0.25396239459514619,0.24944522976875305,0,0
recipient_withdrawal,5388,V32P-A035629,0,0.53171801567077637,0.52519834041595459,0,0
recipient_withdrawal,5389,V32P-A035630,0,0.54385185837745664,0.53880142569541933,0,0
recipient_withdrawal,5390,V32P-A035631,0,0.59467546939849858,0.59170880317687991,0,0
recipient_withdrawal,5391,V32P-A035632,0,0.45132718086242674,0.44933312535285952,0,0
recipient_withdrawal,5392,V32P-A035633,0,0.41170402169227599,0.41081536412239072,0,0
recipient_withdrawal,5393,V32P-A035634,0,0.03646163251250982,0.03675450701266527,0,0
recipient_withdrawal,5394,V32P-A035659,0,0.68502310514450071,0.67790917158126829,1,1
recipient_withdrawal,5395,V32P-A035660,0,0.57344473004341123,0.5656310975551605,0,0
recipient_withdrawal,5396,V32P-A035661,0,0.51856946349143984,0.51095554232597351,0,0
recipient_withdrawal,5397,V32P-A035662,0,0.43444310426712035,0.42457094192504885,0,0
recipient_withdrawal,5398,V32P-A035663,0,0.33757691681385038,0.32860043942928313,0,0
recipient_withdrawal,5399,V32P-A035664,0,0.025009135995060206,0.024962706398218869,0,0
recipient_withdrawal,5400,V32P-A035677,0,0.7444868326187134,0.73138511180877686,1,1
recipient_withdrawal,5401,V32P-A035678,0,0.74949011802673338,0.73773348331451416,1,1
recipient_withdrawal,5402,V32P-A035679,0,0.76117020845413208,0.75049806833267207,1,1
recipient_withdrawal,5403,V32P-A035680,0,0.72390191555023198,0.71162432432174683,1,1
recipient_withdrawal,5404,V32P-A035681,0,0.65238280296325679,0.63779968023300171,1,1
recipient_withdrawal,5405,V32P-A035682,0,0.40368333756923674,0.39108192622661592,0,0
recipient_withdrawal,5406,V32P-A035689,0,0.60857348442077641,0.60411987304687498,0,0
recipient_withdrawal,5407,V32P-A035690,0,0.46917397379875181,0.46419362425804139,0,0
recipient_withdrawal,5408,V32P-A035691,0,0.5432003259658813,0.53248283863067625,0,0
recipient_withdrawal,5409,V32P-A035692,0,0.34307663440704345,0.33907236456871032,0,0
recipient_withdrawal,5410,V32P-A035693,0,0.25435671508312224,0.25116012990474701,0,0
recipient_withdrawal,5411,V32P-A035694,0,0.10979885682463646,0.10905083641409874,0,0
recipient_withdrawal,5412,V32P-A035743,0,0.51156949400901797,0.50124169588088985,0,0
recipient_withdrawal,5413,V32P-A035744,0,0.49107180237770082,0.48265740871429441,0,0
recipient_withdrawal,5414,V32P-A035745,0,0.4240250289440155,0.41576762199401857,0,0
recipient_withdrawal,5415,V32P-A035746,0,0.35552745163440702,0.34883377254009246,0,0
recipient_withdrawal,5416,V32P-A035747,0,0.34556564688682556,0.33658474683761597,0,0
recipient_withdrawal,5417,V32P-A035748,0,0.15682393461465835,0.15520533025264741,0,0
recipient_withdrawal,5418,V32P-A035749,0,0.65679560899734502,0.65343301296234135,1,1
recipient_withdrawal,5419,V32P-A035750,0,0.59587883949279785,0.59251185655593874,0,0
recipient_withdrawal,5420,V32P-A035751,0,0.55787897706031797,0.55474107861518862,0,0
recipient_withdrawal,5421,V32P-A035752,0,0.49291852712631223,0.48869764208793642,0,0
recipient_withdrawal,5422,V32P-A035753,0,0.41257531642913819,0.40887411236762999,0,0
recipient_withdrawal,5423,V32P-A035754,0,0.2112666204571724,0.20984319895505904,0,0
recipient_withdrawal,5424,V32P-A035761,0,0.6176813125610352,0.61144027709960935,0,0
recipient_withdrawal,5425,V32P-A035762,0,0.53704215288162227,0.53050264716148376,0,0
recipient_withdrawal,5426,V32P-A035763,0,0.49062486290931701,0.48532059192657473,0,0
recipient_withdrawal,5427,V32P-A035764,0,0.38317663669586183,0.38009793162345884,0,0
recipient_withdrawal,5428,V32P-A035765,0,0.34954434037208559,0.3470417857170105,0,0
recipient_withdrawal,5429,V32P-A035766,0,0.17947927713394166,0.17897063642740249,0,0
recipient_withdrawal,5430,V32P-A035767,0,0.64625231027603147,0.64294605255126958,1,1
recipient_withdrawal,5431,V32P-A035768,0,0.63959714174270632,0.63557136058807373,1,1
recipient_withdrawal,5432,V32P-A035769,0,0.60787883996963499,0.60317575931549072,0,0
recipient_withdrawal,5433,V32P-A035770,0,0.55127440094947811,0.54702312946319576,0,0
recipient_withdrawal,5434,V32P-A035771,0,0.46538062691688536,0.46224496960639955,0,0
recipient_withdrawal,5435,V32P-A035772,0,0.2159169614315033,0.21583661437034607,0,0
recipient_withdrawal,5436,V32P-A035797,0,0.43318282365798949,0.42932946681976319,0,0
recipient_withdrawal,5437,V32P-A035798,0,0.34741917252540588,0.3419157862663269,0,0
recipient_withdrawal,5438,V32P-A035799,0,0.27679614126682284,0.26947759091854095,0,0
recipient_withdrawal,5439,V32P-A035800,0,0.24343672394752502,0.23962333798408508,0,0
recipient_withdrawal,5440,V32P-A035801,0,0.18791671395301818,0.18558321595191957,0,0
recipient_withdrawal,5441,V32P-A035802,0,0.090074682235717768,0.089620545506477356,0,0
recipient_withdrawal,5442,V32P-A035833,0,0.43788599371910097,0.43327846527099612,0,0
recipient_withdrawal,5443,V32P-A035834,0,0.50051663517951961,0.49558832049369811,0,0
recipient_withdrawal,5444,V32P-A035835,0,0.49542453289031985,0.49095815420150757,0,0
recipient_withdrawal,5445,V32P-A035836,0,0.34814357757568359,0.34536924958229065,0,0
recipient_withdrawal,5446,V32P-A035837,1,0.25581397116184235,0.25374644100666044,0,0
recipient_withdrawal,5447,V32P-A035838,0,0.023970350716263057,0.02406650809571147,0,0
recipient_withdrawal,5448,V32P-A035887,0,0.35936750173568727,0.3543354868888855,0,0
recipient_withdrawal,5449,V32P-A035888,0,0.35852491855621338,0.35410678386688232,0,0
recipient_withdrawal,5450,V32P-A035889,0,0.31761134862899781,0.31376840472221373,0,0
recipient_withdrawal,5451,V32P-A035890,0,0.25045843720436095,0.24808903932571411,0,0
recipient_withdrawal,5452,V32P-A035891,0,0.19250470101833345,0.19117515683174133,0,0
recipient_withdrawal,5453,V32P-A035892,0,0.08660311102867127,0.086609247326850894,0,0
recipient_withdrawal,5454,V32P-A035971,0,0.4872491121292114,0.48445714712142945,0,0
recipient_withdrawal,5455,V32P-A035972,0,0.3710749685764313,0.36897599697113037,0,0
recipient_withdrawal,5456,V32P-A035973,0,0.29351916313171389,0.29247978329658508,0,0
recipient_withdrawal,5457,V32P-A035974,0,0.2279855042695999,0.22800979912281036,0,0
recipient_withdrawal,5458,V32P-A035975,0,0.17784487158060075,0.17903753370046616,0,0
recipient_withdrawal,5459,V32P-A035976,0,0.072229496389627459,0.073477392643690104,0,0
recipient_withdrawal,5460,V32P-A035983,0,0.69795153141021726,0.69407665729522705,1,1
recipient_withdrawal,5461,V32P-A035984,0,0.54138764142990115,0.53938771486282344,0,0
recipient_withdrawal,5462,V32P-A035985,0,0.48910558223724365,0.48699157238006591,0,0
recipient_withdrawal,5463,V32P-A035986,0,0.48266791105270385,0.47989102602005007,0,0
recipient_withdrawal,5464,V32P-A035987,0,0.45159984230995176,0.44845692515373231,0,0
recipient_withdrawal,5465,V32P-A035988,0,0.03278427105396986,0.033407331071794034,0,0
recipient_withdrawal,5466,V32P-A036019,0,0.46946590542793276,0.46696128249168395,0,0
recipient_withdrawal,5467,V32P-A036020,0,0.37008539438247678,0.36870000362396238,0,0
recipient_withdrawal,5468,V32P-A036021,0,0.31742821335792543,0.3171607732772827,0,0
recipient_withdrawal,5469,V32P-A036022,0,0.29417038857936861,0.28812700212001802,0,0
recipient_withdrawal,5470,V32P-A036023,0,0.2096990928053856,0.21035587042570114,0,0
recipient_withdrawal,5471,V32P-A036024,0,0.087318657338619238,0.08781084418296814,0,0
recipient_withdrawal,5472,V32P-A036043,0,0.6482528924942017,0.64352825880050657,1,1
recipient_withdrawal,5473,V32P-A036044,0,0.63827759027481079,0.6352368235588074,1,1
recipient_withdrawal,5474,V32P-A036045,0,0.58965588808059688,0.58811402320861816,0,0
recipient_withdrawal,5475,V32P-A036046,0,0.52005794644355774,0.52022076249122617,0,0
recipient_withdrawal,5476,V32P-A036047,0,0.43182961344718934,0.43387749791145325,0,0
recipient_withdrawal,5477,V32P-A036048,0,0.031127914041280746,0.031713924556970599,0,0
recipient_withdrawal,5478,V32P-A036241,0,0.4363421559333801,0.43512011170387266,0,0
recipient_withdrawal,5479,V32P-A036242,0,0.44980061352252959,0.44143606722354889,0,0
recipient_withdrawal,5480,V32P-A036243,0,0.49461924433708193,0.49210076928138735,0,0
recipient_withdrawal,5481,V32P-A036244,0,0.36181704998016356,0.35949459671974182,0,0
recipient_withdrawal,5482,V32P-A036245,1,0.2669853061437607,0.26467774212360384,0,0
recipient_withdrawal,5483,V32P-A036246,0,0.020285887829959392,0.020492482371628283,0,0
recipient_withdrawal,5484,V32P-A036253,0,0.65783568620681765,0.65393885374069216,1,1
recipient_withdrawal,5485,V32P-A036254,0,0.58623068928718569,0.58323937058448794,0,0
recipient_withdrawal,5486,V32P-A036255,0,0.46863116621971129,0.46154136061668394,0,0
recipient_withdrawal,5487,V32P-A036256,0,0.4057974576950073,0.40480031967163088,0,0
recipient_withdrawal,5488,V32P-A036257,0,0.32555077373981478,0.32535270154476165,0,0
recipient_withdrawal,5489,V32P-A036258,0,0.14781703352928161,0.14872582852840424,0,0
recipient_withdrawal,5490,V32P-A036265,0,0.47264745235443117,0.47032796144485473,0,0
recipient_withdrawal,5491,V32P-A036266,0,0.39680286645889284,0.39434479475021361,0,0
recipient_withdrawal,5492,V32P-A036267,0,0.36055504083633422,0.35874947309494021,0,0
recipient_withdrawal,5493,V32P-A036268,0,0.27549080550670624,0.27465671598911284,0,0
recipient_withdrawal,5494,V32P-A036269,0,0.23718920499086379,0.23647834807634355,0,0
recipient_withdrawal,5495,V32P-A036270,0,0.10106615945696831,0.10195202305912972,0,0
recipient_withdrawal,5496,V32P-A036307,0,0.40415672659873964,0.40061202049255373,0,0
recipient_withdrawal,5497,V32P-A036308,0,0.43477046489715576,0.43217509984970093,0,0
recipient_withdrawal,5498,V32P-A036309,0,0.42483663558959961,0.42233148813247678,0,0
recipient_withdrawal,5499,V32P-A036310,0,0.36396054625511171,0.36235042214393615,0,0
recipient_withdrawal,5500,V32P-A036311,0,0.29831911325454713,0.29720063209533693,0,0
recipient_withdrawal,5501,V32P-A036312,0,0.13368922322988511,0.13379702717065811,0,0
recipient_withdrawal,5502,V32P-A036313,0,0.38990098834037779,0.38756783008575441,0,0
recipient_withdrawal,5503,V32P-A036314,0,0.4060947597026825,0.4037486672401428,0,0
recipient_withdrawal,5504,V32P-A036315,0,0.39441622495651246,0.39277682900428773,0,0
recipient_withdrawal,5505,V32P-A036316,0,0.33896442651748659,0.33820278644561769,0,0
recipient_withdrawal,5506,V32P-A036317,0,0.27663737237453462,0.27658270895481107,0,0
recipient_withdrawal,5507,V32P-A036318,0,0.12277485877275467,0.12381619364023208,0,0
recipient_withdrawal,5508,V32P-A036331,0,0.74286397695541384,0.73421248197555544,1,1
recipient_withdrawal,5509,V32P-A036332,0,0.51160198450088501,0.49735057353973389,0,0
recipient_withdrawal,5510,V32P-A036333,0,0.46817076802253721,0.45574253201484682,0,0
recipient_withdrawal,5511,V32P-A036334,0,0.38449198007583618,0.374118036031723,0,0
recipient_withdrawal,5512,V32P-A036335,0,0.29574860632419586,0.28738665878772734,0,0
recipient_withdrawal,5513,V32P-A036336,0,0.1302884578704834,0.12755723297595978,0,0
recipient_withdrawal,5514,V32P-A036361,0,0.48911354541778562,0.4848158836364746,0,0
recipient_withdrawal,5515,V32P-A036362,0,0.38071963787078855,0.37712570428848269,0,0
recipient_withdrawal,5516,V32P-A036363,0,0.33042371571063994,0.32621107995510101,0,0
recipient_withdrawal,5517,V32P-A036364,0,0.29715062081813814,0.29272861182689669,0,0
recipient_withdrawal,5518,V32P-A036365,0,0.21718110442161559,0.20853849947452546,0,0
recipient_withdrawal,5519,V32P-A036366,0,0.10717325434088706,0.10691529139876366,0,0
recipient_withdrawal,5520,V32P-A036601,0,0.50493054986000063,0.49980613589286804,0,0
recipient_withdrawal,5521,V32P-A036602,0,0.46612897515296936,0.46023856997489931,0,0
recipient_withdrawal,5522,V32P-A036603,0,0.40861793160438536,0.40312939286231997,0,0
recipient_withdrawal,5523,V32P-A036604,0,0.31300166249275208,0.3084032118320465,0,0
recipient_withdrawal,5524,V32P-A036605,0,0.23006639480590821,0.22700993418693544,0,0
recipient_withdrawal,5525,V32P-A036606,0,0.090406243503093717,0.090272527933120725,0,0
recipient_withdrawal,5526,V32P-A036643,0,0.53504571914672849,0.52791843414306638,0,0
recipient_withdrawal,5527,V32P-A036644,0,0.46475053429603574,0.45724840164184571,0,0
recipient_withdrawal,5528,V32P-A036645,0,0.5478555500507355,0.54203217625617983,0,0
recipient_withdrawal,5529,V32P-A036646,0,0.48345004916191103,0.47845224142074583,0,0
recipient_withdrawal,5530,V32P-A036647,0,0.32062669098377228,0.3163799852132797,0,0
recipient_withdrawal,5531,V32P-A036648,0,0.13833654224872588,0.13732090145349501,0,0
recipient_withdrawal,5532,V32P-A036673,0,0.52116292715072632,0.5192535877227783,0,0
recipient_withdrawal,5533,V32P-A036674,0,0.42601121068000791,0.42409759163856509,0,0
recipient_withdrawal,5534,V32P-A036675,0,0.40315725207328795,0.40190629363059999,0,0
recipient_withdrawal,5535,V32P-A036676,0,0.34609078764915469,0.34571887850761412,0,0
recipient_withdrawal,5536,V32P-A036677,0,0.26260938644409182,0.25709440112113952,0,0
recipient_withdrawal,5537,V32P-A036678,0,0.12568575292825698,0.12630218714475633,0,0
recipient_withdrawal,5538,V32P-A036685,0,0.48175673186779022,0.47406667172908784,0,0
recipient_withdrawal,5539,V32P-A036686,0,0.43088885545730593,0.42358787059783937,0,0
recipient_withdrawal,5540,V32P-A036687,0,0.38214443624019623,0.37606567442417144,0,0
recipient_withdrawal,5541,V32P-A036688,0,0.3136965870857239,0.30905225872993469,0,0
recipient_withdrawal,5542,V32P-A036689,0,0.25559704899787905,0.25190503001213072,0,0
recipient_withdrawal,5543,V32P-A036690,0,0.11591093167662621,0.1148209623992443,0,0
recipient_withdrawal,5544,V32P-A036703,0,0.65404813289642338,0.64619114398956301,1,1
recipient_withdrawal,5545,V32P-A036704,0,0.54059966802597048,0.53363370895385742,0,0
recipient_withdrawal,5546,V32P-A036705,0,0.47814517021179198,0.47300376296043395,0,0
recipient_withdrawal,5547,V32P-A036706,0,0.41557345986366273,0.41306853294372559,0,0
recipient_withdrawal,5548,V32P-A036707,0,0.32960968613624575,0.32973121404647826,0,0
recipient_withdrawal,5549,V32P-A036708,0,0.13564504534006119,0.13652913123369217,0,0
recipient_withdrawal,5550,V32P-A036715,1,0.74828789234161375,0.74222393035888667,1,1
recipient_withdrawal,5551,V32P-A036716,1,0.74772480726242063,0.74100314378738408,1,1
recipient_withdrawal,5552,V32P-A036717,1,0.76609358787536619,0.75769866704940791,1,1
recipient_withdrawal,5553,V32P-A036718,0,0.11753510311245918,0.11670259013772011,0,0
recipient_withdrawal,5554,V32P-A036719,0,0.078849394619464871,0.078742147237062451,0,0
recipient_withdrawal,5555,V32P-A036720,0,0.035147136636078359,0.035214113630354406,0,0
recipient_withdrawal,5556,V32P-A036733,0,0.49105418324470518,0.47757834196090698,0,0
recipient_withdrawal,5557,V32P-A036734,0,0.46568520069122316,0.45280674695968626,0,0
recipient_withdrawal,5558,V32P-A036735,0,0.4383078098297119,0.42648226022720337,0,0
recipient_withdrawal,5559,V32P-A036736,0,0.37600491940975189,0.3651720196008682,0,0
recipient_withdrawal,5560,V32P-A036737,0,0.34141666293144224,0.33137568235397341,0,0
recipient_withdrawal,5561,V32P-A036738,0,0.02966737267561257,0.029533010767772795,0,0
recipient_withdrawal,5562,V32P-A036793,1,0.64476805925369263,0.64054812192916866,1,1
recipient_withdrawal,5563,V32P-A036794,1,0.48545846343040466,0.47888192534446716,0,0
recipient_withdrawal,5564,V32P-A036795,1,0.42454500198364259,0.41809798479080201,0,0
recipient_withdrawal,5565,V32P-A036796,0,0.0658722274005413,0.065667984634637827,0,0
recipient_withdrawal,5566,V32P-A036797,0,0.051891674101352689,0.051396264135837554,0,0
recipient_withdrawal,5567,V32P-A036798,0,0.023437596485018732,0.023478620871901511,0,0
recipient_withdrawal,5568,V32P-A036811,1,0.7903347492218018,0.78438434600830076,1,1
recipient_withdrawal,5569,V32P-A036812,1,0.73074623346328738,0.71807605028152466,1,1
recipient_withdrawal,5570,V32P-A036813,0,0.14225474521517753,0.13918318822979928,0,0
recipient_withdrawal,5571,V32P-A036814,0,0.10912776887416839,0.10802773982286454,0,0
recipient_withdrawal,5572,V32P-A036815,0,0.08106450960040093,0.080713317543268201,0,0
recipient_withdrawal,5573,V32P-A036816,0,0.036959104612469672,0.03696338199079037,0,0
recipient_withdrawal,5574,V32P-A036817,1,0.66731530427932739,0.66605055332183838,1,1
recipient_withdrawal,5575,V32P-A036818,1,0.58141997456550598,0.58112484216690063,0,0
recipient_withdrawal,5576,V32P-A036819,1,0.55812904238700867,0.5584161043167114,0,0
recipient_withdrawal,5577,V32P-A036820,0,0.098307055234909055,0.10021683275699615,0,0
recipient_withdrawal,5578,V32P-A036821,0,0.078026869148015973,0.079723373800516126,0,0
recipient_withdrawal,5579,V32P-A036822,0,0.034826767817139628,0.035598492249846458,0,0
recipient_withdrawal,5580,V32P-A036919,1,0.54277061223983769,0.53483396768569946,0,0
recipient_withdrawal,5581,V32P-A036920,1,0.47338677048683164,0.4666161000728607,0,0
recipient_withdrawal,5582,V32P-A036921,1,0.39387475252151488,0.38813531398773193,0,0
recipient_withdrawal,5583,V32P-A036922,0,0.052751379460096358,0.05280599892139435,0,0
recipient_withdrawal,5584,V32P-A036923,0,0.03884909152984619,0.039055503904819489,0,0
recipient_withdrawal,5585,V32P-A036924,0,0.017024996224790812,0.017186861950904131,0,0
recipient_withdrawal,5586,V32P-A036949,0,0.46615719199180605,0.46463588476181028,0,0
recipient_withdrawal,5587,V32P-A036950,0,0.41577904820442202,0.41425239443778994,0,0
recipient_withdrawal,5588,V32P-A036951,0,0.36886817812919614,0.36806322932243346,0,0
recipient_withdrawal,5589,V32P-A036952,0,0.30193158984184265,0.30055279135704038,0,0
recipient_withdrawal,5590,V32P-A036953,0,0.24376293420791625,0.2427625149488449,0,0
recipient_withdrawal,5591,V32P-A036954,0,0.12186604887247085,0.12174305468797683,0,0
recipient_withdrawal,5592,V32P-A036967,0,0.49966114163398745,0.49035431742668151,0,0
recipient_withdrawal,5593,V32P-A036968,0,0.61577171087265015,0.60851321220397947,0,0
recipient_withdrawal,5594,V32P-A036969,0,0.53520122170448303,0.52649382948875423,0,0
recipient_withdrawal,5595,V32P-A036970,0,0.46154433488845825,0.45331152081489562,0,0
recipient_withdrawal,5596,V32P-A036971,0,0.38840122222900392,0.38226768374443054,0,0
recipient_withdrawal,5597,V32P-A036972,0,0.20020030289888383,0.19853327423334122,0,0
recipient_withdrawal,5598,V32P-A037021,0,0.52334856390953066,0.51819462180137632,0,0
recipient_withdrawal,5599,V32P-A037022,0,0.52514263391494753,0.52024039030075075,0,0
recipient_withdrawal,5600,V32P-A037023,0,0.49563552141189576,0.49083542823791504,0,0
recipient_withdrawal,5601,V32P-A037024,0,0.43057651519775392,0.42615301012992857,0,0
recipient_withdrawal,5602,V32P-A037025,0,0.34126970767974851,0.33710944652557373,0,0
recipient_withdrawal,5603,V32P-A037026,0,0.14492665976285934,0.14413398653268814,0,0
recipient_withdrawal,5604,V32P-A037057,0,0.69410985708236694,0.69111456871032717,1,1
recipient_withdrawal,5605,V32P-A037058,0,0.47388736009597776,0.46166608333587644,0,0
recipient_withdrawal,5606,V32P-A037059,0,0.48709653019905091,0.48337367177009583,0,0
recipient_withdrawal,5607,V32P-A037060,0,0.41578863859176635,0.41146023869514464,0,0
recipient_withdrawal,5608,V32P-A037061,0,0.32928985953330991,0.32510950565338137,0,0
recipient_withdrawal,5609,V32P-A037062,0,0.022847939934581517,0.02298984592780471,0,0
recipient_withdrawal,5610,V32P-A037069,1,0.71589899063110352,0.70852967500686648,1,1
recipient_withdrawal,5611,V32P-A037070,1,0.62437324523925786,0.61625050306320195,1,0
recipient_withdrawal,5612,V32P-A037071,1,0.57604965567588806,0.56775062680244448,0,0
recipient_withdrawal,5613,V32P-A037072,0,0.10137740708887577,0.10018687285482883,0,0
recipient_withdrawal,5614,V32P-A037073,0,0.072375653684139257,0.071978987008333203,0,0
recipient_withdrawal,5615,V32P-A037074,0,0.03161955922842026,0.03155519999563694,0,0
recipient_withdrawal,5616,V32P-A037081,0,0.67737225294113157,0.6661595225334167,1,1
recipient_withdrawal,5617,V32P-A037082,0,0.64171887636184688,0.63098001480102539,1,1
recipient_withdrawal,5618,V32P-A037083,0,0.62778533697128291,0.6169852197170258,1,0
recipient_withdrawal,5619,V32P-A037084,0,0.5764925897121429,0.56460238695144649,0,0
recipient_withdrawal,5620,V32P-A037085,0,0.50826786160469051,0.49948969483375549,0,0
recipient_withdrawal,5621,V32P-A037086,0,0.27485974133014679,0.2710829436779022,0,0
recipient_withdrawal,5622,V32P-A037135,0,0.48969177007675169,0.48549250364303587,0,0
recipient_withdrawal,5623,V32P-A037136,0,0.48103124499320982,0.47704725265502929,0,0
recipient_withdrawal,5624,V32P-A037137,0,0.48160602450370787,0.47764284014701841,0,0
recipient_withdrawal,5625,V32P-A037138,0,0.4238158702850342,0.42020561695098879,0,0
recipient_withdrawal,5626,V32P-A037139,0,0.3546983778476715,0.35151098370552064,0,0
recipient_withdrawal,5627,V32P-A037140,0,0.16576072573661804,0.16393994688987731,0,0
recipient_withdrawal,5628,V32P-A037183,0,0.83314803838729856,0.82363240718841557,1,1
recipient_withdrawal,5629,V32P-A037184,0,0.75508071184158321,0.73641525506973271,1,1
recipient_withdrawal,5630,V32P-A037185,0,0.73829571008682249,0.72529981136322019,1,1
recipient_withdrawal,5631,V32P-A037186,0,0.67927600145339961,0.66553286314010618,1,1
recipient_withdrawal,5632,V32P-A037187,0,0.63528448343276978,0.62170485258102415,1,1
recipient_withdrawal,5633,V32P-A037188,0,0.42808151245117188,0.41768504977226256,0,0
recipient_withdrawal,5634,V32P-A037201,0,0.68093438148498531,0.67323886156082158,1,1
recipient_withdrawal,5635,V32P-A037202,0,0.59008127450942993,0.57213141918182375,0,0
recipient_withdrawal,5636,V32P-A037203,0,0.61135269403457637,0.60315837860107424,0,0
recipient_withdrawal,5637,V32P-A037204,0,0.56777079701423649,0.55918988585472107,0,0
recipient_withdrawal,5638,V32P-A037205,0,0.47954376339912413,0.47009081840515138,0,0
recipient_withdrawal,5639,V32P-A037206,0,0.2294626146554947,0.22497649490833282,0,0
recipient_withdrawal,5640,V32P-A037237,1,0.82394739389419558,0.81589380502700803,1,1
recipient_withdrawal,5641,V32P-A037238,1,0.68081462383270264,0.66467961072921755,1,1
recipient_withdrawal,5642,V32P-A037239,1,0.58795194625854497,0.57177791595458982,0,0
recipient_withdrawal,5643,V32P-A037240,0,0.15656744241714476,0.15284057110548019,0,0
recipient_withdrawal,5644,V32P-A037241,0,0.094138361513614655,0.093498156964778895,0,0
recipient_withdrawal,5645,V32P-A037242,0,0.044402608834207061,0.044225466810166834,0,0
recipient_withdrawal,5646,V32P-A037339,1,0.65889177322387693,0.65580765008926389,1,1
recipient_withdrawal,5647,V32P-A037340,1,0.52901951670646663,0.52469907402992244,0,0
recipient_withdrawal,5648,V32P-A037341,1,0.57498635053634639,0.57114182710647587,0,0
recipient_withdrawal,5649,V32P-A037342,0,0.091996805369853968,0.0919783890247345,0,0
recipient_withdrawal,5650,V32P-A037343,0,0.076054760068655011,0.076180171966552732,0,0
recipient_withdrawal,5651,V32P-A037344,0,0.03759239986538887,0.037760826945304873,0,0
recipient_withdrawal,5652,V32P-A037357,1,0.61395950317382808,0.60481729507446291,0,0
recipient_withdrawal,5653,V32P-A037358,1,0.5541606724262238,0.54558288455009463,0,0
recipient_withdrawal,5654,V32P-A037359,1,0.48819788098335265,0.47907741665840148,0,0
recipient_withdrawal,5655,V32P-A037360,0,0.074559711292386061,0.074088722839951521,0,0
recipient_withdrawal,5656,V32P-A037361,0,0.056580996885895726,0.056399491801857951,0,0
recipient_withdrawal,5657,V32P-A037362,0,0.025499633420258759,0.025519663002341986,0,0
recipient_withdrawal,5658,V32P-A037363,0,0.65161904096603396,0.64501420259475706,1,1
recipient_withdrawal,5659,V32P-A037364,0,0.57299422025680546,0.56304325461387639,0,0
recipient_withdrawal,5660,V32P-A037365,0,0.52796056866645813,0.52329342961311343,0,0
recipient_withdrawal,5661,V32P-A037366,0,0.42809637188911437,0.42495480775833128,0,0
recipient_withdrawal,5662,V32P-A037367,0,0.34431165456771851,0.34256967306137087,0,0
recipient_withdrawal,5663,V32P-A037368,0,0.16154464334249496,0.1617060348391533,0,0
recipient_withdrawal,5664,V32P-A037405,1,0.56388158798217769,0.56120443344116211,0,0
recipient_withdrawal,5665,V32P-A037406,1,0.62996510267257688,0.62711470127105717,1,1
recipient_withdrawal,5666,V32P-A037407,1,0.62862663269042973,0.62626117467880249,1,1
recipient_withdrawal,5667,V32P-A037408,0,0.11763904541730881,0.11901554763317108,0,0
recipient_withdrawal,5668,V32P-A037409,0,0.087729308009147647,0.088915272057056433,0,0
recipient_withdrawal,5669,V32P-A037410,0,0.042529362812638284,0.043148718029260638,0,0
recipient_withdrawal,5670,V32P-A037489,0,0.49586809873580934,0.49291384220123291,0,0
recipient_withdrawal,5671,V32P-A037490,0,0.46637526750564573,0.46351057291030884,0,0
recipient_withdrawal,5672,V32P-A037491,0,0.48713755011558535,0.48394221663475034,0,0
recipient_withdrawal,5673,V32P-A037492,1,0.45242584943771363,0.44939916133880614,0,0
recipient_withdrawal,5674,V32P-A037493,0,0.067639964073896414,0.068738835304975515,0,0
recipient_withdrawal,5675,V32P-A037494,0,0.030891835689544678,0.031447467952966691,0,0
recipient_withdrawal,5676,V32P-A037579,0,0.74174877405166628,0.72605506181716917,1,1
recipient_withdrawal,5677,V32P-A037580,0,0.68356065750122075,0.65700658559799197,1,1
recipient_withdrawal,5678,V32P-A037581,0,0.66120158433914189,0.64416471719741819,1,1
recipient_withdrawal,5679,V32P-A037582,0,0.61421864628791811,0.59863803982734676,0,0
recipient_withdrawal,5680,V32P-A037583,0,0.54191235899925227,0.52707569003105159,0,0
recipient_withdrawal,5681,V32P-A037584,0,0.29131406247615815,0.28421745300292967,0,0
recipient_withdrawal,5682,V32P-A037711,0,0.64385187029838564,0.63613962531089785,1,1
recipient_withdrawal,5683,V32P-A037712,0,0.51310818195343022,0.50389721989631653,0,0
recipient_withdrawal,5684,V32P-A037713,0,0.43109118342399599,0.42310044169425964,0,0
recipient_withdrawal,5685,V32P-A037714,0,0.35663853287696839,0.3508367598056793,0,0
recipient_withdrawal,5686,V32P-A037715,0,0.28280962854623792,0.27919773608446119,0,0
recipient_withdrawal,5687,V32P-A037716,0,0.12945555374026299,0.12806832119822503,0,0
recipient_withdrawal,5688,V32P-A037723,0,0.63048733472824092,0.62758909463882451,1,1
recipient_withdrawal,5689,V32P-A037724,0,0.54056410193443294,0.53840938210487366,0,0
recipient_withdrawal,5690,V32P-A037725,0,0.47675601840019227,0.47647429108619688,0,0
recipient_withdrawal,5691,V32P-A037726,0,0.41615548729896545,0.41724902391433716,0,0
recipient_withdrawal,5692,V32P-A037727,0,0.34695248901844022,0.34991102516651151,0,0
recipient_withdrawal,5693,V32P-A037728,0,0.15528732389211655,0.15736084133386613,0,0
recipient_withdrawal,5694,V32P-A037759,0,0.46160578727722168,0.46308272480964663,0,0
recipient_withdrawal,5695,V32P-A037760,0,0.45164709687232973,0.44575094580650332,0,0
recipient_withdrawal,5696,V32P-A037761,0,0.47773338556289674,0.47888580560684202,0,0
recipient_withdrawal,5697,V32P-A037762,0,0.37312620580196382,0.37610470354557035,0,0
recipient_withdrawal,5698,V32P-A037763,0,0.30080519914627074,0.30439115762710572,0,0
recipient_withdrawal,5699,V32P-A037764,0,0.12927216291427612,0.13190948069095612,0,0
recipient_withdrawal,5700,V32P-A037783,0,0.46903079152107241,0.46950973868370055,0,0
recipient_withdrawal,5701,V32P-A037784,0,0.45211031436920168,0.45379663705825807,0,0
recipient_withdrawal,5702,V32P-A037785,0,0.3792619049549103,0.38160347938537598,0,0
recipient_withdrawal,5703,V32P-A037786,0,0.28429962694644928,0.28752241432666781,0,0
recipient_withdrawal,5704,V32P-A037787,0,0.22589854896068573,0.22922999858856202,0,0
recipient_withdrawal,5705,V32P-A037788,0,0.095718523859977728,0.097947283089160925,0,0
recipient_withdrawal,5706,V32P-A037819,0,0.78786566257476809,0.77804645299911501,1,1
recipient_withdrawal,5707,V32P-A037820,0,0.71836305856704707,0.70542371273040771,1,1
recipient_withdrawal,5708,V32P-A037821,0,0.70508877038955686,0.6928468644618988,1,1
recipient_withdrawal,5709,V32P-A037822,0,0.65641190409660344,0.6455905497074127,1,1
recipient_withdrawal,5710,V32P-A037823,0,0.67677011489868166,0.65863457918167112,1,1
recipient_withdrawal,5711,V32P-A037824,0,0.061948467418551444,0.061833021230995655,0,0
recipient_withdrawal,5712,V32P-A037867,0,0.49632973074913023,0.48899629116058352,0,0
recipient_withdrawal,5713,V32P-A037868,0,0.51920179128646848,0.5110185444355011,0,0
recipient_withdrawal,5714,V32P-A037869,0,0.44324517250061035,0.43617735505104066,0,0
recipient_withdrawal,5715,V32P-A037870,0,0.38768394887447355,0.38196398913860319,0,0
recipient_withdrawal,5716,V32P-A037871,1,0.33412894308567048,0.32960706651210786,0,0
recipient_withdrawal,5717,V32P-A037872,0,0.039100534282624722,0.039138134941458701,0,0
recipient_withdrawal,5718,V32P-A037873,1,0.64938895702362065,0.6408686637878418,1,1
recipient_withdrawal,5719,V32P-A037874,1,0.60649781227111821,0.59969732761383054,0,0
recipient_withdrawal,5720,V32P-A037875,1,0.48567879199981689,0.47900345325469973,0,0
recipient_withdrawal,5721,V32P-A037876,0,0.072987669706344599,0.073259998857975003,0,0
recipient_withdrawal,5722,V32P-A037877,0,0.055070943012833593,0.055433687195181845,0,0
recipient_withdrawal,5723,V32P-A037878,0,0.023846232518553733,0.024044834822416306,0,0
recipient_withdrawal,5724,V32P-A037951,0,0.83382419347763059,0.82898950576782227,1,1
recipient_withdrawal,5725,V32P-A037952,0,0.70531780719757076,0.69760413169860835,1,1
recipient_withdrawal,5726,V32P-A037953,0,0.65723321437835691,0.65078785419464114,1,1
recipient_withdrawal,5727,V32P-A037954,0,0.62209247350692753,0.61679805517196651,1,0
recipient_withdrawal,5728,V32P-A037955,0,0.61416305303573604,0.6096828699111938,0,0
recipient_withdrawal,5729,V32P-A037956,0,0.29165233671665192,0.29007233679294586,0,0
recipient_withdrawal,5730,V32P-A037987,1,0.5274528503417969,0.51982960700988767,0,0
recipient_withdrawal,5731,V32P-A037988,1,0.50313135981559753,0.49520222544670106,0,0
recipient_withdrawal,5732,V32P-A037989,1,0.51862728595733643,0.50409256219863896,0,0
recipient_withdrawal,5733,V32P-A037990,0,0.071060154959559446,0.07039707712829113,0,0
recipient_withdrawal,5734,V32P-A037991,0,0.05399500150233507,0.053808105178177357,0,0
recipient_withdrawal,5735,V32P-A037992,0,0.023491090070456265,0.023577425163239241,0,0
recipient_withdrawal,5736,V32P-A038089,0,0.85147733688354488,0.84454315900802612,1,1
recipient_withdrawal,5737,V32P-A038090,0,0.65152949094772339,0.63918805718421934,1,1
recipient_withdrawal,5738,V32P-A038091,0,0.6453756630420685,0.63964961171150203,1,1
recipient_withdrawal,5739,V32P-A038092,0,0.65676432847976685,0.65076975226402278,1,1
recipient_withdrawal,5740,V32P-A038093,0,0.51830372810363767,0.5146895110607147,0,0
recipient_withdrawal,5741,V32P-A038094,0,0.054460071399807929,0.05474559664726257,0,0
recipient_withdrawal,5742,V32P-A038185,0,0.77168303728103638,0.76278319358825686,1,1
recipient_withdrawal,5743,V32P-A038186,0,0.74771163463592527,0.72957363128662112,1,1
recipient_withdrawal,5744,V32P-A038187,0,0.63234815597534177,0.61735605001449589,1,0
recipient_withdrawal,5745,V32P-A038188,0,0.49938184618949888,0.48620881438255309,0,0
recipient_withdrawal,5746,V32P-A038189,0,0.40939952731132506,0.39936807155609133,0,0
recipient_withdrawal,5747,V32P-A038190,0,0.21987279951572419,0.21628208309412003,0,0
recipient_withdrawal,5748,V32P-A038257,0,0.73309535980224605,0.7273659229278564,1,1
recipient_withdrawal,5749,V32P-A038258,0,0.68739717006683354,0.67924636602401733,1,1
recipient_withdrawal,5750,V32P-A038259,0,0.68749155998229983,0.67896305322647099,1,1
recipient_withdrawal,5751,V32P-A038260,0,0.58240169286727905,0.57285740375518801,0,0
recipient_withdrawal,5752,V32P-A038261,0,0.47085250020027158,0.4619173049926758,0,0
recipient_withdrawal,5753,V32P-A038262,0,0.21907493174076081,0.21507871150970459,0,0
recipient_withdrawal,5754,V32P-A038263,0,0.65085451602935795,0.63926281929016116,1,1
recipient_withdrawal,5755,V32P-A038264,0,0.61873273849487309,0.60490936636924741,0,0
recipient_withdrawal,5756,V32P-A038265,0,0.60055806636810305,0.58792099356651306,0,0
recipient_withdrawal,5757,V32P-A038266,0,0.53373925685882573,0.52384265661239626,0,0
recipient_withdrawal,5758,V32P-A038267,0,0.44976616501808164,0.44257327318191531,0,0
recipient_withdrawal,5759,V32P-A038268,0,0.20386799275875092,0.20187127441167832,0,0
recipient_withdrawal,5760,V32P-A038347,1,0.76107029914855961,0.75423378944396968,1,1
recipient_withdrawal,5761,V32P-A038348,1,0.66449155807495119,0.65674108266830444,1,1
recipient_withdrawal,5762,V32P-A038349,1,0.59142625331878662,0.58421797752380367,0,0
recipient_withdrawal,5763,V32P-A038350,0,0.16216492801904678,0.15913484245538712,0,0
recipient_withdrawal,5764,V32P-A038351,0,0.095043238252401352,0.094511153548955923,0,0
recipient_withdrawal,5765,V32P-A038352,0,0.038881434313952926,0.038834424130618571,0,0
recipient_withdrawal,5766,V32P-A038359,0,0.71942857503890989,0.71620815992355347,1,1
recipient_withdrawal,5767,V32P-A038360,0,0.55483713150024416,0.54903604984283449,0,0
recipient_withdrawal,5768,V32P-A038361,0,0.45338639616966248,0.44643062353134155,0,0
recipient_withdrawal,5769,V32P-A038362,0,0.49364275932312013,0.48846131563186646,0,0
recipient_withdrawal,5770,V32P-A038363,0,0.44955209493637083,0.44386897087097166,0,0
recipient_withdrawal,5771,V32P-A038364,0,0.16015509068965911,0.15731765031814576,0,0
recipient_withdrawal,5772,V32P-A038365,0,0.62546448707580571,0.61934564113616941,1,0
recipient_withdrawal,5773,V32P-A038366,0,0.56186978816986088,0.55371395945549007,0,0
recipient_withdrawal,5774,V32P-A038367,0,0.54662712216377263,0.53971549868583679,0,0
recipient_withdrawal,5775,V32P-A038368,0,0.49640060663223268,0.49143338203430176,0,0
recipient_withdrawal,5776,V32P-A038369,0,0.40426966845989226,0.40186085402965543,0,0
recipient_withdrawal,5777,V32P-A038370,0,0.1954682469367981,0.19541611969470979,0,0
recipient_withdrawal,5778,V32P-A038395,0,0.65217484235763545,0.64945493936538701,1,1
recipient_withdrawal,5779,V32P-A038396,0,0.53509053587913513,0.53347222208976741,0,0
recipient_withdrawal,5780,V32P-A038397,0,0.57335392832756038,0.56264750361442561,0,0
recipient_withdrawal,5781,V32P-A038398,0,0.33325338363647461,0.33178187608718873,0,0
recipient_withdrawal,5782,V32P-A038399,0,0.27210260331630709,0.27139687836170195,0,0
recipient_withdrawal,5783,V32P-A038400,0,0.12202727645635605,0.12202410846948623,0,0
recipient_withdrawal,5784,V32P-A038443,0,0.71727898120880129,0.71375546455383299,1,1
recipient_withdrawal,5785,V32P-A038444,0,0.58674225807189939,0.58176798820495601,0,0
recipient_withdrawal,5786,V32P-A038445,0,0.56351354122161867,0.56009386777877812,0,0
recipient_withdrawal,5787,V32P-A038446,0,0.46812092661857607,0.46641834378242492,0,0
recipient_withdrawal,5788,V32P-A038447,0,0.39398191571235658,0.39344268441200259,0,0
recipient_withdrawal,5789,V32P-A038448,0,0.17682670503854753,0.17795365601778029,0,0
recipient_withdrawal,5790,V32P-A038509,0,0.48027894496917722,0.47613186240196226,0,0
recipient_withdrawal,5791,V32P-A038510,0,0.476865816116333,0.4736952304840088,0,0
recipient_withdrawal,5792,V32P-A038511,0,0.41498709321022031,0.41283485293388367,0,0
recipient_withdrawal,5793,V32P-A038512,0,0.3417414128780365,0.3398142993450165,0,0
recipient_withdrawal,5794,V32P-A038513,0,0.26840144991874693,0.2668276011943817,0,0
recipient_withdrawal,5795,V32P-A038514,0,0.12247320413589477,0.12197126895189285,0,0
recipient_withdrawal,5796,V32P-A038599,0,0.70778779983520512,0.70035601854324336,1,1
recipient_withdrawal,5797,V32P-A038600,0,0.56666833162307739,0.5480709552764893,0,0
recipient_withdrawal,5798,V32P-A038601,0,0.60594439506530762,0.59689116477966309,0,0
recipient_withdrawal,5799,V32P-A038602,0,0.56662368178367617,0.55781452059745784,0,0
recipient_withdrawal,5800,V32P-A038603,0,0.51067873239517214,0.50212986469268794,0,0
recipient_withdrawal,5801,V32P-A038604,0,0.29824281334877012,0.29164476394653321,0,0
recipient_withdrawal,5802,V32P-A038605,0,0.51895811557769778,0.51633622646331789,0,0
recipient_withdrawal,5803,V32P-A038606,0,0.4130832076072693,0.40275030136108397,0,0
recipient_withdrawal,5804,V32P-A038607,0,0.47956294417381284,0.47640628218650816,0,0
recipient_withdrawal,5805,V32P-A038608,0,0.4284697651863098,0.42489698529243469,0,0
recipient_withdrawal,5806,V32P-A038609,0,0.33493947982788086,0.33200290203094485,0,0
recipient_withdrawal,5807,V32P-A038610,0,0.15279570072889329,0.15172228962182999,0,0
recipient_withdrawal,5808,V32P-A038623,1,0.52036606669425967,0.51417520046234133,0,0
recipient_withdrawal,5809,V32P-A038624,1,0.517040079832077,0.5134446918964386,0,0
recipient_withdrawal,5810,V32P-A038625,1,0.4802352011203766,0.47745736241340636,0,0
recipient_withdrawal,5811,V32P-A038626,0,0.067532455921173101,0.068595673143863681,0,0
recipient_withdrawal,5812,V32P-A038627,0,0.049802432954311374,0.0507382407784462,0,0
recipient_withdrawal,5813,V32P-A038628,0,0.022388826310634612,0.022862184047698974,0,0
recipient_withdrawal,5814,V32P-A038653,0,0.6782761812210083,0.66951957941055296,1,1
recipient_withdrawal,5815,V32P-A038654,0,0.52709269523620605,0.51587833762168889,0,0
recipient_withdrawal,5816,V32P-A038655,0,0.64907670021057129,0.63226499557495119,1,1
recipient_withdrawal,5817,V32P-A038656,0,0.54334955811500552,0.53110503554344179,0,0
recipient_withdrawal,5818,V32P-A038657,1,0.39698896408081052,0.38621098995208741,0,0
recipient_withdrawal,5819,V32P-A038658,0,0.032439430989325044,0.032241167128086091,0,0
recipient_withdrawal,5820,V32P-A038671,0,0.71120300292968752,0.70484622716903689,1,1
recipient_withdrawal,5821,V32P-A038672,0,0.76037292480468754,0.75356953144073491,1,1
recipient_withdrawal,5822,V32P-A038673,0,0.74923831224441528,0.74179505109786992,1,1
recipient_withdrawal,5823,V32P-A038674,0,0.77775070667266843,0.76989390850067141,1,1
recipient_withdrawal,5824,V32P-A038675,1,0.78556662797927856,0.76929560899734495,1,1
recipient_withdrawal,5825,V32P-A038676,0,0.094763074070215225,0.094709460437297818,0,0
recipient_withdrawal,5826,V32P-A038713,1,0.8078301787376404,0.80130639076232912,1,1
recipient_withdrawal,5827,V32P-A038714,1,0.6926257729530334,0.6778454542160034,1,1
recipient_withdrawal,5828,V32P-A038715,1,0.66778956651687627,0.66100727319717412,1,1
recipient_withdrawal,5829,V32P-A038716,0,0.10674748420715333,0.10600160658359528,0,0
recipient_withdrawal,5830,V32P-A038717,0,0.074224830418825147,0.074094400554895398,0,0
recipient_withdrawal,5831,V32P-A038718,0,0.032091602869331839,0.032121694087982176,0,0
recipient_withdrawal,5832,V32P-A038773,0,0.76010138988494869,0.75635778903961182,1,1
recipient_withdrawal,5833,V32P-A038774,0,0.63036434650421147,0.62664511203765871,1,1
recipient_withdrawal,5834,V32P-A038775,0,0.55458269119262693,0.55157008171081545,0,0
recipient_withdrawal,5835,V32P-A038776,0,0.46540040969848634,0.46381345987319944,0,0
recipient_withdrawal,5836,V32P-A038777,0,0.43438957333564759,0.43327929973602297,0,0
recipient_withdrawal,5837,V32P-A038778,0,0.1564703956246376,0.15732787996530534,0,0
recipient_withdrawal,5838,V32P-A038779,0,0.62792986631393433,0.61834831237792964,1,0
recipient_withdrawal,5839,V32P-A038780,0,0.70710557699203491,0.69577889442443852,1,1
recipient_withdrawal,5840,V32P-A038781,0,0.73350744247436528,0.72119295597076416,1,1
recipient_withdrawal,5841,V32P-A038782,0,0.69978717565536497,0.68577197790145872,1,1
recipient_withdrawal,5842,V32P-A038783,1,0.68213416337966915,0.6657427906990051,1,1
recipient_withdrawal,5843,V32P-A038784,0,0.13040223643183707,0.12913098931312561,0,0
recipient_withdrawal,5844,V32P-A038911,1,0.78195731639862065,0.77552803754806521,1,1
recipient_withdrawal,5845,V32P-A038912,1,0.70463377237319946,0.69789592027664182,1,1
recipient_withdrawal,5846,V32P-A038913,0,0.21609964966773987,0.21574070453643798,0,0
recipient_withdrawal,5847,V32P-A038914,0,0.16134444177150725,0.16144614666700363,0,0
recipient_withdrawal,5848,V32P-A038915,0,0.11579515561461448,0.11604829728603364,0,0
recipient_withdrawal,5849,V32P-A038916,0,0.047824269346892836,0.047993996553122996,0,0
recipient_withdrawal,5850,V32P-A038941,0,0.60898139476776125,0.60799012184143064,0,0
recipient_withdrawal,5851,V32P-A038942,0,0.48159729242324828,0.48122230768203733,0,0
recipient_withdrawal,5852,V32P-A038943,0,0.40847499370574952,0.40037802457809446,0,0
recipient_withdrawal,5853,V32P-A038944,0,0.41713316440582277,0.41807260513305666,0,0
recipient_withdrawal,5854,V32P-A038945,0,0.38983620703220367,0.39063468277454377,0,0
recipient_withdrawal,5855,V32P-A038946,0,0.16564850509166718,0.16681432127952575,0,0
recipient_withdrawal,5856,V32P-A039013,1,0.72088454961776738,0.71537177562713627,1,1
recipient_withdrawal,5857,V32P-A039014,1,0.64331072568893433,0.63575514554977419,1,1
recipient_withdrawal,5858,V32P-A039015,1,0.58436343669891355,0.57828038334846499,0,0
recipient_withdrawal,5859,V32P-A039016,0,0.1354980781674385,0.13582534343004227,0,0
recipient_withdrawal,5860,V32P-A039017,0,0.088254971057176584,0.088561709970235825,0,0
recipient_withdrawal,5861,V32P-A039018,0,0.03618247527629137,0.0363739849999547,0,0
recipient_withdrawal,5862,V32P-A039031,0,0.62743915319442745,0.62169015407562256,1,1
recipient_withdrawal,5863,V32P-A039032,0,0.53087922930717468,0.52616407275199895,0,0
recipient_withdrawal,5864,V32P-A039033,0,0.47263930439949037,0.46936956644058225,0,0
recipient_withdrawal,5865,V32P-A039034,0,0.45471006035804751,0.45191414952278136,0,0
recipient_withdrawal,5866,V32P-A039035,1,0.34259103536605834,0.3407829165458679,0,0
recipient_withdrawal,5867,V32P-A039036,0,0.030740574281662703,0.031017638277262449,0,0
recipient_withdrawal,5868,V32P-A039061,0,0.54142301678657534,0.5364413440227509,0,0
recipient_withdrawal,5869,V32P-A039062,0,0.33762755095958707,0.32728658616542816,0,0
recipient_withdrawal,5870,V32P-A039063,0,0.35410364270210265,0.34987986683845518,0,0
recipient_withdrawal,5871,V32P-A039064,0,0.26316921412944794,0.2602772921323776,0,0
recipient_withdrawal,5872,V32P-A039065,0,0.19427368342876433,0.1919730633497238,0,0
recipient_withdrawal,5873,V32P-A039066,0,0.080104118585586553,0.079892966151237491,0,0
recipient_withdrawal,5874,V32P-A039175,0,0.69695540666580202,0.6921038866043091,1,1
recipient_withdrawal,5875,V32P-A039176,0,0.56519303321838377,0.55984888076782224,0,0
recipient_withdrawal,5876,V32P-A039177,0,0.48773183226585387,0.48325724005699155,0,0
recipient_withdrawal,5877,V32P-A039178,0,0.39611582756042479,0.39253544807434082,0,0
recipient_withdrawal,5878,V32P-A039179,0,0.37818339467048645,0.37441650629043577,0,0
recipient_withdrawal,5879,V32P-A039180,0,0.10851880013942719,0.10869428962469101,0,0
recipient_withdrawal,5880,V32P-A039199,0,0.77133990526199336,0.76466261148452763,1,1
recipient_withdrawal,5881,V32P-A039200,0,0.66799645423889165,0.65908215045928953,1,1
recipient_withdrawal,5882,V32P-A039201,0,0.58657478094100957,0.57757501602172856,0,0
recipient_withdrawal,5883,V32P-A039202,0,0.52420290112495427,0.51564608216285701,0,0
recipient_withdrawal,5884,V32P-A039203,0,0.49529772996902466,0.48570608496665957,0,0
recipient_withdrawal,5885,V32P-A039204,0,0.19499023407697677,0.19254532754421233,0,0
recipient_withdrawal,5886,V32P-A039229,0,0.66203880310058594,0.65934655666351316,1,1
recipient_withdrawal,5887,V32P-A039230,0,0.64315664768218994,0.64001300334930422,1,1
recipient_withdrawal,5888,V32P-A039231,0,0.55772179961204527,0.55374540686607365,0,0
recipient_withdrawal,5889,V32P-A039232,0,0.57106860876083376,0.56892955303192139,0,0
recipient_withdrawal,5890,V32P-A039233,1,0.47456057071685792,0.46541316509246827,0,0
recipient_withdrawal,5891,V32P-A039234,0,0.031757873296737668,0.032030529901385309,0,0
recipient_withdrawal,5892,V32P-A039259,0,0.69186820983886721,0.68477382659912112,1,1
recipient_withdrawal,5893,V32P-A039260,0,0.67300384044647221,0.66427732706069942,1,1
recipient_withdrawal,5894,V32P-A039261,0,0.61059581041336064,0.60202970504760744,0,0
recipient_withdrawal,5895,V32P-A039262,0,0.53350099921226501,0.52583191990852352,0,0
recipient_withdrawal,5896,V32P-A039263,0,0.4603188097476959,0.44734554290771483,0,0
recipient_withdrawal,5897,V32P-A039264,0,0.19138159453868867,0.18763755857944489,0,0
recipient_withdrawal,5898,V32P-A039337,0,0.60754559636116023,0.60532273650169377,0,0
recipient_withdrawal,5899,V32P-A039338,0,0.42235792279243467,0.42143083214759824,0,0
recipient_withdrawal,5900,V32P-A039339,0,0.39414995312690737,0.39354123473167418,0,0
recipient_withdrawal,5901,V32P-A039340,0,0.43900474905967712,0.43866685032844543,0,0
recipient_withdrawal,5902,V32P-A039341,0,0.39185212254524232,0.3930638015270233,0,0
recipient_withdrawal,5903,V32P-A039342,0,0.18997824341058731,0.19247415214776992,0,0
recipient_withdrawal,5904,V32P-A039355,0,0.59837155342102055,0.59030849933624263,0,0
recipient_withdrawal,5905,V32P-A039356,0,0.58291008472442629,0.57585098743438723,0,0
recipient_withdrawal,5906,V32P-A039357,0,0.45952654480934141,0.44417115449905398,0,0
recipient_withdrawal,5907,V32P-A039358,0,0.42078810632228852,0.41643147766590116,0,0
recipient_withdrawal,5908,V32P-A039359,0,0.31249875128269194,0.31066663563251495,0,0
recipient_withdrawal,5909,V32P-A039360,0,0.13161848336458207,0.13215646594762803,0,0
recipient_withdrawal,5910,V32P-A039463,0,0.73255257606506352,0.72560180425643916,1,1
recipient_withdrawal,5911,V32P-A039464,0,0.68713915348052979,0.67821602821350102,1,1
recipient_withdrawal,5912,V32P-A039465,0,0.60408092737197872,0.59329173564910886,0,0
recipient_withdrawal,5913,V32P-A039466,0,0.51970211863517757,0.50959204435348515,0,0
recipient_withdrawal,5914,V32P-A039467,1,0.43064083456993102,0.42180043458938599,0,0
recipient_withdrawal,5915,V32P-A039468,0,0.03121773023158312,0.031092925556004049,0,0
recipient_withdrawal,5916,V32P-A039487,0,0.67684735059738155,0.66783096790313723,1,1
recipient_withdrawal,5917,V32P-A039488,0,0.54203253388404848,0.53386097550392153,0,0
recipient_withdrawal,5918,V32P-A039489,0,0.4933429002761841,0.48370987772941587,0,0
recipient_withdrawal,5919,V32P-A039490,0,0.41536426544189453,0.40709094405174256,0,0
recipient_withdrawal,5920,V32P-A039491,0,0.31014227569103242,0.30390749871730804,0,0
recipient_withdrawal,5921,V32P-A039492,0,0.13676689118146895,0.13551093488931656,0,0
recipient_withdrawal,5922,V32P-A039541,0,0.82736785411834712,0.82056688070297246,1,1
recipient_withdrawal,5923,V32P-A039542,0,0.70079314708709717,0.69062076807022099,1,1
recipient_withdrawal,5924,V32P-A039543,0,0.71716914176940916,0.69977730512619019,1,1
recipient_withdrawal,5925,V32P-A039544,0,0.606449818611145,0.59312621951103206,0,0
recipient_withdrawal,5926,V32P-A039545,0,0.54200112223625185,0.53003163337707515,0,0
recipient_withdrawal,5927,V32P-A039546,0,0.27549015581607816,0.27026119828224182,0,0
recipient_withdrawal,5928,V32P-A039565,0,0.44852098822593689,0.4453379213809967,0,0
recipient_withdrawal,5929,V32P-A039566,0,0.43087359666824343,0.42871670722961425,0,0
recipient_withdrawal,5930,V32P-A039567,0,0.39441998600959777,0.39286470413208008,0,0
recipient_withdrawal,5931,V32P-A039568,0,0.3508866846561432,0.3499395728111267,0,0
recipient_withdrawal,5932,V32P-A039569,0,0.28805918991565704,0.28728813230991362,0,0
recipient_withdrawal,5933,V32P-A039570,0,0.1415746182203293,0.14322821795940399,0,0
recipient_withdrawal,5934,V32P-A039577,0,0.74618172645568848,0.73753938674926756,1,1
recipient_withdrawal,5935,V32P-A039578,0,0.64652353525161743,0.63572902679443355,1,1
recipient_withdrawal,5936,V32P-A039579,0,0.56580845117568968,0.55532648563385012,0,0
recipient_withdrawal,5937,V32P-A039580,0,0.44925150275230408,0.43919653892517091,0,0
recipient_withdrawal,5938,V32P-A039581,0,0.35844785571098325,0.35002892613410952,0,0
recipient_withdrawal,5939,V32P-A039582,0,0.14609714746475219,0.14340766370296479,0,0
recipient_withdrawal,5940,V32P-A039583,0,0.7004962205886841,0.6972760677337646,1,1
recipient_withdrawal,5941,V32P-A039584,0,0.46392074823379514,0.45409102439880372,0,0
recipient_withdrawal,5942,V32P-A039585,0,0.4884496867656708,0.48503533005714417,0,0
recipient_withdrawal,5943,V32P-A039586,0,0.3702275216579437,0.36717683672904966,0,0
recipient_withdrawal,5944,V32P-A039587,0,0.28825641274452207,0.2862008035182953,0,0
recipient_withdrawal,5945,V32P-A039588,0,0.12032661586999893,0.11983806639909744,0,0
recipient_withdrawal,5946,V32P-A039601,0,0.58994038105010982,0.58554702997207642,0,0
recipient_withdrawal,5947,V32P-A039602,0,0.47760379314422607,0.47471084594726565,0,0
recipient_withdrawal,5948,V32P-A039603,0,0.44809724688529967,0.44714706540107729,0,0
recipient_withdrawal,5949,V32P-A039604,0,0.35251007080078123,0.35253759026527404,0,0
recipient_withdrawal,5950,V32P-A039605,0,0.26838153004646303,0.26993646621704104,0,0
recipient_withdrawal,5951,V32P-A039606,0,0.11303971856832504,0.11404263079166413,0,0
recipient_withdrawal,5952,V32P-A039661,0,0.63770920038223267,0.62923520803451538,1,1
recipient_withdrawal,5953,V32P-A039662,0,0.58255468606948857,0.57422785758972172,0,0
recipient_withdrawal,5954,V32P-A039663,0,0.52216082811355591,0.51412960886955261,0,0
recipient_withdrawal,5955,V32P-A039664,1,0.43535148501396181,0.42734453082084656,0,0
recipient_withdrawal,5956,V32P-A039665,0,0.081428741291165355,0.081280536577105517,0,0
recipient_withdrawal,5957,V32P-A039666,0,0.038872447796165943,0.038850461691617967,0,0
recipient_withdrawal,5958,V32P-A039679,0,0.63639761209487911,0.63414599895477297,1,1
recipient_withdrawal,5959,V32P-A039680,0,0.54072811007499699,0.53844409584999087,0,0
recipient_withdrawal,5960,V32P-A039681,0,0.4773113250732422,0.47502585649490359,0,0
recipient_withdrawal,5961,V32P-A039682,0,0.37744789123535155,0.37538455724716185,0,0
recipient_withdrawal,5962,V32P-A039683,0,0.30571393370628358,0.30470703840255736,0,0
recipient_withdrawal,5963,V32P-A039684,0,0.12397372275590897,0.12432149648666382,0,0
recipient_withdrawal,5964,V32P-A039703,0,0.73641582727432253,0.72937592267990115,1,1
recipient_withdrawal,5965,V32P-A039704,0,0.67080551385879517,0.66276879310607906,1,1
recipient_withdrawal,5966,V32P-A039705,0,0.61092070341110227,0.59813497662544246,0,0
recipient_withdrawal,5967,V32P-A039706,0,0.56571240425109859,0.5582700729370117,0,0
recipient_withdrawal,5968,V32P-A039707,0,0.46897376775741578,0.46374626755714415,0,0
recipient_withdrawal,5969,V32P-A039708,0,0.22384865283966066,0.22293885052204132,0,0
recipient_withdrawal,5970,V32P-A039739,0,0.67333741188049312,0.66860678195953371,1,1
recipient_withdrawal,5971,V32P-A039740,0,0.6744255900382996,0.66965723037719727,1,1
recipient_withdrawal,5972,V32P-A039741,0,0.69491788148880007,0.68961828947067261,1,1
recipient_withdrawal,5973,V32P-A039742,0,0.63890846967697146,0.63179408311843877,1,1
recipient_withdrawal,5974,V32P-A039743,0,0.58989414572715759,0.58196325898170476,0,0
recipient_withdrawal,5975,V32P-A039744,0,0.36038191616535187,0.35346691310405731,0,0
recipient_withdrawal,5976,V32P-A039769,0,0.69074536561965938,0.68500702381134038,1,1
recipient_withdrawal,5977,V32P-A039770,0,0.64743063449859617,0.64216757416725156,1,1
recipient_withdrawal,5978,V32P-A039771,0,0.61309676170349126,0.60040725469589229,0,0
recipient_withdrawal,5979,V32P-A039772,0,0.56628900170326235,0.56443571448326113,0,0
recipient_withdrawal,5980,V32P-A039773,0,0.4948743522167206,0.49450540542602539,0,0
recipient_withdrawal,5981,V32P-A039774,0,0.22792111635208129,0.22878025472164154,0,0
recipient_withdrawal,5982,V32P-A039811,0,0.54007767438888554,0.53197441101074217,0,0
recipient_withdrawal,5983,V32P-A039812,0,0.5323259770870209,0.52536954283714299,0,0
recipient_withdrawal,5984,V32P-A039813,0,0.49389904141426089,0.48891819119453428,0,0
recipient_withdrawal,5985,V32P-A039814,1,0.55724681019783018,0.54442282319068913,0,0
recipient_withdrawal,5986,V32P-A039815,0,0.058826009556651113,0.058777729794383046,0,0
recipient_withdrawal,5987,V32P-A039816,0,0.024902808852493762,0.024998362921178342,0,0
recipient_withdrawal,5988,V32P-A039841,0,0.59548090696334843,0.59317780733108516,0,0
recipient_withdrawal,5989,V32P-A039842,0,0.48282608389854431,0.48167893290519714,0,0
recipient_withdrawal,5990,V32P-A039843,0,0.44601469039916991,0.44555358290672303,0,0
recipient_withdrawal,5991,V32P-A039844,0,0.37724593877792356,0.37771453261375426,0,0
recipient_withdrawal,5992,V32P-A039845,0,0.29939340054988861,0.30028481781482697,0,0
recipient_withdrawal,5993,V32P-A039846,0,0.14018624275922775,0.14109218120574951,0,0
recipient_withdrawal,5994,V32P-A039859,0,0.40178654789924623,0.39691965579986571,0,0
recipient_withdrawal,5995,V32P-A039860,0,0.41113063097000124,0.40648985505104063,0,0
recipient_withdrawal,5996,V32P-A039861,0,0.38640294075012205,0.38240850567817686,0,0
recipient_withdrawal,5997,V32P-A039862,0,0.32781905531883238,0.3246642231941223,0,0
recipient_withdrawal,5998,V32P-A039863,0,0.25928516089916231,0.25745078623294831,0,0
recipient_withdrawal,5999,V32P-A039864,0,0.11287540197372437,0.11289983689785003,0,0
recipient_withdrawal,6000,V32P-A039877,0,0.78797075748443601,0.78326011896133418,1,1
recipient_withdrawal,6001,V32P-A039878,0,0.68811513185501094,0.6844763040542603,1,1
recipient_withdrawal,6002,V32P-A039879,0,0.62340192794799809,0.61983757019042973,1,0
recipient_withdrawal,6003,V32P-A039880,0,0.57490290999412541,0.57194818854331975,0,0
recipient_withdrawal,6004,V32P-A039881,0,0.54053118228912356,0.53807264566421509,0,0
recipient_withdrawal,6005,V32P-A039882,0,0.28211267292499542,0.28108029067516327,0,0
recipient_withdrawal,6006,V32P-A039895,0,0.49178498387336733,0.48625857830047609,0,0
recipient_withdrawal,6007,V32P-A039896,0,0.56099409461021421,0.55763798356056216,0,0
recipient_withdrawal,6008,V32P-A039897,0,0.54504035711288457,0.54223470687866215,0,0
recipient_withdrawal,6009,V32P-A039898,0,0.48214573860168458,0.48029199838638303,0,0
recipient_withdrawal,6010,V32P-A039899,0,0.37189561724662779,0.37058113813400267,0,0
recipient_withdrawal,6011,V32P-A039900,0,0.16299780458211899,0.16347724944353104,0,0
recipient_withdrawal,6012,V32P-A039901,0,0.34271445870399475,0.33921583890914919,0,0
recipient_withdrawal,6013,V32P-A039902,0,0.34270785450935365,0.33951201438903811,0,0
recipient_withdrawal,6014,V32P-A039903,0,0.36892487406730651,0.36541422009468078,0,0
recipient_withdrawal,6015,V32P-A039904,0,0.2858177125453949,0.28198933601379395,0,0
recipient_withdrawal,6016,V32P-A039905,0,0.20357727259397507,0.19397105425596237,0,0
recipient_withdrawal,6017,V32P-A039906,0,0.10885556191205978,0.10749421566724777,0,0
recipient_withdrawal,6018,V32P-A039907,0,0.7299371480941772,0.72575294971466064,1,1
recipient_withdrawal,6019,V32P-A039908,0,0.60316407680511475,0.59954695701599126,0,0
recipient_withdrawal,6020,V32P-A039909,0,0.53444828987121584,0.53155311942100525,0,0
recipient_withdrawal,6021,V32P-A039910,0,0.52512845396995544,0.52199845910072329,0,0
recipient_withdrawal,6022,V32P-A039911,0,0.35391834974288938,0.35243260860443115,0,0
recipient_withdrawal,6023,V32P-A039912,0,0.1536061868071556,0.15340071469545363,0,0
recipient_withdrawal,6024,V32P-A039931,0,0.36740549504756925,0.36526806652545929,0,0
recipient_withdrawal,6025,V32P-A039932,0,0.46107062697410583,0.46109552979469298,0,0
recipient_withdrawal,6026,V32P-A039933,0,0.4303189992904663,0.4304592967033386,0,0
recipient_withdrawal,6027,V32P-A039934,0,0.36314699649810789,0.36328406929969786,0,0
recipient_withdrawal,6028,V32P-A039935,1,0.28634962439537048,0.28676679730415344,0,0
recipient_withdrawal,6029,V32P-A039936,0,0.02201482029631734,0.022993542719632387,0,0
recipient_withdrawal,6030,V32P-A040003,0,0.46571407914161683,0.45952962636947631,0,0
recipient_withdrawal,6031,V32P-A040004,0,0.54327131509780879,0.5393805623054504,0,0
recipient_withdrawal,6032,V32P-A040005,0,0.52092108130455017,0.5170477449893951,0,0
recipient_withdrawal,6033,V32P-A040006,0,0.42626070976257324,0.42416316866874693,0,0
recipient_withdrawal,6034,V32P-A040007,0,0.33662193119525907,0.33536114394664762,0,0
recipient_withdrawal,6035,V32P-A040008,0,0.14490453302860259,0.14508359730243683,0,0
recipient_withdrawal,6036,V32P-A040099,0,0.46166005134582522,0.45029549598693847,0,0
recipient_withdrawal,6037,V32P-A040100,0,0.48432323336601257,0.47553555369377137,0,0
recipient_withdrawal,6038,V32P-A040101,0,0.37891678810119628,0.37334388494491577,0,0
recipient_withdrawal,6039,V32P-A040102,0,0.31567249298095701,0.31200324892997744,0,0
recipient_withdrawal,6040,V32P-A040103,0,0.25027377009391782,0.24788154065608978,0,0
recipient_withdrawal,6041,V32P-A040104,0,0.11516799479722976,0.11522176265716552,0,0
recipient_withdrawal,6042,V32P-A040129,0,0.63545490503311153,0.63312222957611086,1,1
recipient_withdrawal,6043,V32P-A040130,0,0.60457489490509031,0.60250236988067629,0,0
recipient_withdrawal,6044,V32P-A040131,0,0.64649463891983028,0.64336017370223997,1,1
recipient_withdrawal,6045,V32P-A040132,0,0.63009055852890017,0.62690677642822268,1,1
recipient_withdrawal,6046,V32P-A040133,0,0.55304607152938845,0.54986070394515996,0,0
recipient_withdrawal,6047,V32P-A040134,0,0.28976891338825228,0.28728016316890714,0,0
recipient_withdrawal,6048,V32P-A040165,0,0.79409649372100832,0.78551737070083616,1,1
recipient_withdrawal,6049,V32P-A040166,0,0.67533249855041499,0.65824350118637087,1,1
recipient_withdrawal,6050,V32P-A040167,0,0.64624799489974971,0.6364652037620544,1,1
recipient_withdrawal,6051,V32P-A040168,0,0.57836261987686155,0.56854921579360962,0,0
recipient_withdrawal,6052,V32P-A040169,1,0.48950709700584411,0.4795808970928192,0,0
recipient_withdrawal,6053,V32P-A040170,0,0.03956849109381437,0.039445363171398642,0,0
recipient_withdrawal,6054,V32P-A040183,0,0.66880033016204832,0.65972452163696294,1,1
recipient_withdrawal,6055,V32P-A040184,0,0.69295768737792973,0.68147069215774536,1,1
recipient_withdrawal,6056,V32P-A040185,0,0.53712963461875918,0.52902539372444157,0,0
recipient_withdrawal,6057,V32P-A040186,0,0.44185684919357299,0.43578032851219178,0,0
recipient_withdrawal,6058,V32P-A040187,1,0.38589692711830137,0.38248630762100222,0,0
recipient_withdrawal,6059,V32P-A040188,0,0.034771048557013275,0.034834290947765113,0,0
recipient_withdrawal,6060,V32P-A040195,0,0.73561824560165401,0.73037037849426267,1,1
recipient_withdrawal,6061,V32P-A040196,0,0.65238031148910525,0.64615490436553957,1,1
recipient_withdrawal,6062,V32P-A040197,0,0.56264530420303349,0.55514728426933291,0,0
recipient_withdrawal,6063,V32P-A040198,0,0.5137922465801239,0.50638719797134402,0,0
recipient_withdrawal,6064,V32P-A040199,0,0.40493795275688171,0.39386617541313174,0,0
recipient_withdrawal,6065,V32P-A040200,0,0.20989688038825988,0.2074122428894043,0,0
recipient_withdrawal,6066,V32P-A040231,0,0.68511579036712644,0.67837197780609126,1,1
recipient_withdrawal,6067,V32P-A040232,0,0.52760657668113708,0.5208439409732819,0,0
recipient_withdrawal,6068,V32P-A040233,0,0.42743557393550874,0.41944555938243866,0,0
recipient_withdrawal,6069,V32P-A040234,0,0.35167107582092283,0.34553590416908264,0,0
recipient_withdrawal,6070,V32P-A040235,0,0.31802610754966737,0.31201767325401308,0,0
recipient_withdrawal,6071,V32P-A040236,0,0.14080874919891356,0.138267320394516,0,0
recipient_withdrawal,6072,V32P-A040237,0,0.3560226082801819,0.34912542700767518,0,0
recipient_withdrawal,6073,V32P-A040238,0,0.3940001964569092,0.38694583773612978,0,0
recipient_withdrawal,6074,V32P-A040239,0,0.39724559187889097,0.39034602642059324,0,0
recipient_withdrawal,6075,V32P-A040240,0,0.38469043374061584,0.37725932598114015,0,0
recipient_withdrawal,6076,V32P-A040241,1,0.30493403971195221,0.29940661489963533,0,0
recipient_withdrawal,6077,V32P-A040242,0,0.024587693437933923,0.024827924370765687,0,0
recipient_withdrawal,6078,V32P-A040255,0,0.40096750259399416,0.39402187466621397,0,0
recipient_withdrawal,6079,V32P-A040256,0,0.41663011908531189,0.40993959307670591,0,0
recipient_withdrawal,6080,V32P-A040257,0,0.40305314064025877,0.3966072738170624,0,0
recipient_withdrawal,6081,V32P-A040258,0,0.34507706165313723,0.33947421312332154,0,0
recipient_withdrawal,6082,V32P-A040259,0,0.27054929435253144,0.26600359380245209,0,0
recipient_withdrawal,6083,V32P-A040260,0,0.12180451154708863,0.12051375061273575,0,0
recipient_withdrawal,6084,V32P-A040297,0,0.65034853219985966,0.640677809715271,1,1
recipient_withdrawal,6085,V32P-A040298,0,0.43872715234756471,0.42831097245216371,0,0
recipient_withdrawal,6086,V32P-A040299,0,0.32877230346202851,0.32120956480503082,0,0
recipient_withdrawal,6087,V32P-A040300,0,0.24626098573207855,0.24046854376792909,0,0
recipient_withdrawal,6088,V32P-A040301,0,0.23354289233684539,0.2271496444940567,0,0
recipient_withdrawal,6089,V32P-A040302,0,0.094552960991859433,0.093434932827949527,0,0
recipient_withdrawal,6090,V32P-A040315,1,0.76487119197845455,0.75596848726272581,1,1
recipient_withdrawal,6091,V32P-A040316,1,0.77773908376693723,0.76380624771118166,1,1
recipient_withdrawal,6092,V32P-A040317,1,0.58862431645393376,0.57854731082916255,0,0
recipient_withdrawal,6093,V32P-A040318,0,0.161599949747324,0.16166944578289985,0,0
recipient_withdrawal,6094,V32P-A040319,0,0.12463989481329918,0.12488644421100617,0,0
recipient_withdrawal,6095,V32P-A040320,0,0.061077900044620034,0.061259534396231177,0,0
recipient_withdrawal,6096,V32P-A040375,0,0.48718263506889342,0.4783745348453522,0,0
recipient_withdrawal,6097,V32P-A040376,0,0.58375977873802187,0.57666864991188049,0,0
recipient_withdrawal,6098,V32P-A040377,0,0.53325057625770567,0.52684047818183899,0,0
recipient_withdrawal,6099,V32P-A040378,0,0.46488137841224669,0.45882675051689148,0,0
recipient_withdrawal,6100,V32P-A040379,0,0.37566867470741272,0.37070593833923338,0,0
recipient_withdrawal,6101,V32P-A040380,0,0.026248754374682902,0.026373999565839766,0,0
recipient_withdrawal,6102,V32P-A040387,0,0.3970491111278534,0.39572067260742189,0,0
recipient_withdrawal,6103,V32P-A040388,0,0.45816103816032411,0.45653721690177917,0,0
recipient_withdrawal,6104,V32P-A040389,0,0.437365198135376,0.43549212217330935,0,0
recipient_withdrawal,6105,V32P-A040390,0,0.38611181974411013,0.38430026173591614,0,0
recipient_withdrawal,6106,V32P-A040391,0,0.32251420319080354,0.32138530910015106,0,0
recipient_withdrawal,6107,V32P-A040392,0,0.15987493544816972,0.15947894901037216,0,0
recipient_withdrawal,6108,V32P-A040399,0,0.7362799763679504,0.73232560157775883,1,1
recipient_withdrawal,6109,V32P-A040400,0,0.47601276636123657,0.4664836347103119,0,0
recipient_withdrawal,6110,V32P-A040401,0,0.7083341717720032,0.70434906482696535,1,1
recipient_withdrawal,6111,V32P-A040402,0,0.61867659091949467,0.61481741666793821,0,0
recipient_withdrawal,6112,V32P-A040403,0,0.46198366284370423,0.46099443435668946,0,0
recipient_withdrawal,6113,V32P-A040404,0,0.20050497651100158,0.20077803432941438,0,0
recipient_withdrawal,6114,V32P-A040477,0,0.48894842267036437,0.48477402329444885,0,0
recipient_withdrawal,6115,V32P-A040478,0,0.53071419596672054,0.52821249365806577,0,0
recipient_withdrawal,6116,V32P-A040479,0,0.51553145051002502,0.51358402371406553,0,0
recipient_withdrawal,6117,V32P-A040480,0,0.4458304286003113,0.44481573700904847,0,0
recipient_withdrawal,6118,V32P-A040481,0,0.38391586542129519,0.38326756954193114,0,0
recipient_withdrawal,6119,V32P-A040482,0,0.19522427171468734,0.196061871945858,0,0
recipient_withdrawal,6120,V32P-A040525,1,0.6923963308334351,0.68536249399185178,1,1
recipient_withdrawal,6121,V32P-A040526,1,0.62675659656524663,0.61615289449691768,1,0
recipient_withdrawal,6122,V32P-A040527,1,0.55041169524192812,0.53913678526878361,0,0
recipient_withdrawal,6123,V32P-A040528,0,0.081259343400597567,0.080634431168437007,0,0
recipient_withdrawal,6124,V32P-A040529,0,0.059938776865601541,0.059616467729210851,0,0
recipient_withdrawal,6125,V32P-A040530,0,0.026604995317757129,0.026569008082151412,0,0
recipient_withdrawal,6126,V32P-A040597,0,0.70773599147796629,0.69719970226287842,1,1
recipient_withdrawal,6127,V32P-A040598,0,0.71517181396484375,0.70069879293441772,1,1
recipient_withdrawal,6128,V32P-A040599,0,0.66282742023468022,0.65330690145492554,1,1
recipient_withdrawal,6129,V32P-A040600,0,0.57449979782104488,0.56527976989746098,0,0
recipient_withdrawal,6130,V32P-A040601,0,0.48605117201805115,0.47936534881591797,0,0
recipient_withdrawal,6131,V32P-A040602,0,0.23707042336463929,0.23580365777015685,0,0
recipient_withdrawal,6132,V32P-A040609,0,0.33948612809181211,0.33609474897384645,0,0
recipient_withdrawal,6133,V32P-A040610,0,0.32470022737979887,0.32162089049816134,0,0
recipient_withdrawal,6134,V32P-A040611,0,0.28458017110824585,0.28222357034683226,0,0
recipient_withdrawal,6135,V32P-A040612,0,0.23067457526922225,0.22900712341070176,0,0
recipient_withdrawal,6136,V32P-A040613,0,0.17941089123487472,0.17884434014558792,0,0
recipient_withdrawal,6137,V32P-A040614,0,0.084677686542272562,0.084650183469057089,0,0
recipient_withdrawal,6138,V32P-A040711,1,0.54352076649665837,0.53944103121757503,0,0
recipient_withdrawal,6139,V32P-A040712,1,0.51513925194740295,0.506900018453598,0,0
recipient_withdrawal,6140,V32P-A040713,0,0.083987171202898031,0.084609588235616678,0,0
recipient_withdrawal,6141,V32P-A040714,0,0.073696346394717699,0.075057601742446425,0,0
recipient_withdrawal,6142,V32P-A040715,0,0.052082171477377412,0.05313172433525324,0,0
recipient_withdrawal,6143,V32P-A040716,0,0.024262757506221533,0.024809618201106786,0,0
recipient_withdrawal,6144,V32P-A040741,0,0.66482460498809814,0.66026494503021238,1,1
recipient_withdrawal,6145,V32P-A040742,0,0.46315801739692686,0.46143283247947692,0,0
recipient_withdrawal,6146,V32P-A040743,0,0.40349584817886353,0.40252064466476439,0,0
recipient_withdrawal,6147,V32P-A040744,0,0.31935743689537049,0.31868384480476381,0,0
recipient_withdrawal,6148,V32P-A040745,0,0.24985242187976836,0.24984284341335297,0,0
recipient_withdrawal,6149,V32P-A040746,0,0.11446172595024109,0.11527436077594758,0,0
recipient_withdrawal,6150,V32P-A040753,0,0.59779875278472905,0.59636931419372563,0,0
recipient_withdrawal,6151,V32P-A040754,0,0.45873284339904785,0.45901272892951966,0,0
recipient_withdrawal,6152,V32P-A040755,0,0.38861294388771056,0.38968672156333922,0,0
recipient_withdrawal,6153,V32P-A040756,0,0.42138866782188417,0.42243768572807311,0,0
recipient_withdrawal,6154,V32P-A040757,0,0.32861105203628538,0.33183781504631044,0,0
recipient_withdrawal,6155,V32P-A040758,0,0.16216300278902054,0.16476934999227524,0,0
recipient_withdrawal,6156,V32P-A040867,0,0.41742814183235166,0.41181846857070925,0,0
recipient_withdrawal,6157,V32P-A040868,0,0.41300248503685,0.40780451893806458,0,0
recipient_withdrawal,6158,V32P-A040869,0,0.35173478126525881,0.34734730720520018,0,0
recipient_withdrawal,6159,V32P-A040870,0,0.27052264511585233,0.26670999228954317,0,0
recipient_withdrawal,6160,V32P-A040871,0,0.22214437127113343,0.21862032115459443,0,0
recipient_withdrawal,6161,V32P-A040872,0,0.10810154750943184,0.10686964318156242,0,0
recipient_withdrawal,6162,V32P-A040873,0,0.46704059839248657,0.46065802574157716,0,0
recipient_withdrawal,6163,V32P-A040874,0,0.46942940950393675,0.46536678075790405,0,0
recipient_withdrawal,6164,V32P-A040875,0,0.3932584047317505,0.38903226256370543,0,0
recipient_withdrawal,6165,V32P-A040876,0,0.30078558623790741,0.29804546535015108,0,0
recipient_withdrawal,6166,V32P-A040877,0,0.24434474706649781,0.24211745262145995,0,0
recipient_withdrawal,6167,V32P-A040878,0,0.11232149600982666,0.11138540804386139,0,0
recipient_withdrawal,6168,V32P-A040885,1,0.59268339872360232,0.58893003463745119,0,0
recipient_withdrawal,6169,V32P-A040886,1,0.43714308738708496,0.43526419997215271,0,0
recipient_withdrawal,6170,V32P-A040887,1,0.36450743079185488,0.36306315064430239,0,0
recipient_withdrawal,6171,V32P-A040888,0,0.084363072365522387,0.085421282798051834,0,0
recipient_withdrawal,6172,V32P-A040889,0,0.049715077877044676,0.050249963253736499,0,0
recipient_withdrawal,6173,V32P-A040890,0,0.021724869310855866,0.021965231187641619,0,0
recipient_withdrawal,6174,V32P-A040963,0,0.81207524538040166,0.80710982084274296,1,1
recipient_withdrawal,6175,V32P-A040964,0,0.70119620561599727,0.6948645353317261,1,1
recipient_withdrawal,6176,V32P-A040965,0,0.62423667907714842,0.61657696962356567,1,0
recipient_withdrawal,6177,V32P-A040966,0,0.53587924838066103,0.52990496158599854,0,0
recipient_withdrawal,6178,V32P-A040967,0,0.43147231936454772,0.42601491808891295,0,0
recipient_withdrawal,6179,V32P-A040968,0,0.18239043653011322,0.18064236938953399,0,0
recipient_withdrawal,6180,V32P-A041011,0,0.46318638920783994,0.46400726437568662,0,0
recipient_withdrawal,6181,V32P-A041012,0,0.45409668087959287,0.45535804629325866,0,0
recipient_withdrawal,6182,V32P-A041013,0,0.43421368598937987,0.43626633286476135,0,0
recipient_withdrawal,6183,V32P-A041014,1,0.37916805148124694,0.38175262212753297,0,0
recipient_withdrawal,6184,V32P-A041015,0,0.056196056306362152,0.058010151237249376,0,0
recipient_withdrawal,6185,V32P-A041016,0,0.024769648537039758,0.025525430962443352,0,0
recipient_withdrawal,6186,V32P-A041035,1,0.76287450790405276,0.75940831899642947,1,1
recipient_withdrawal,6187,V32P-A041036,1,0.58845621347427368,0.58400446176528931,0,0
recipient_withdrawal,6188,V32P-A041037,1,0.53915775418281553,0.53549403548240659,0,0
recipient_withdrawal,6189,V32P-A041038,0,0.085897985845804214,0.086035717278718948,0,0
recipient_withdrawal,6190,V32P-A041039,0,0.065807570144534117,0.065997390076518059,0,0
recipient_withdrawal,6191,V32P-A041040,0,0.029976598918437958,0.030119876377284527,0,0
recipient_withdrawal,6192,V32P-A041119,0,0.62441872358322148,0.61161063909530644,1,0
recipient_withdrawal,6193,V32P-A041120,0,0.58911453485488896,0.57770314216613772,0,0
recipient_withdrawal,6194,V32P-A041121,0,0.5531735956668854,0.54470120072364803,0,0
recipient_withdrawal,6195,V32P-A041122,0,0.47715540528297423,0.46913757920265198,0,0
recipient_withdrawal,6196,V32P-A041123,0,0.36662096977233888,0.36095755696296694,0,0
recipient_withdrawal,6197,V32P-A041124,0,0.15535470098257065,0.15350279659032823,0,0
recipient_withdrawal,6198,V32P-A041143,0,0.68847274780273438,0.68083481788635258,1,1
recipient_withdrawal,6199,V32P-A041144,0,0.60772836804389951,0.58998281359672544,0,0
recipient_withdrawal,6200,V32P-A041145,0,0.65299136638641353,0.64535359144210813,1,1
recipient_withdrawal,6201,V32P-A041146,0,0.62851612567901616,0.62067731618881228,1,1
recipient_withdrawal,6202,V32P-A041147,0,0.59729063510894775,0.58806924819946294,0,0
recipient_withdrawal,6203,V32P-A041148,0,0.053305932693183421,0.053346712701022626,0,0
recipient_withdrawal,6204,V32P-A041155,0,0.53349303603172304,0.52863506078720091,0,0
recipient_withdrawal,6205,V32P-A041156,0,0.57960095405578616,0.57531062364578245,0,0
recipient_withdrawal,6206,V32P-A041157,0,0.57704267501831052,0.57287774085998533,0,0
recipient_withdrawal,6207,V32P-A041158,0,0.53937250971794126,0.53525020480155949,0,0
recipient_withdrawal,6208,V32P-A041159,0,0.48820948004722597,0.48496065735816957,0,0
recipient_withdrawal,6209,V32P-A041160,0,0.27510380446910859,0.27423955500125885,0,0
recipient_withdrawal,6210,V32P-A041263,1,0.75738996267318726,0.7517541289329529,1,1
recipient_withdrawal,6211,V32P-A041264,1,0.75056697130203243,0.744529128074646,1,1
recipient_withdrawal,6212,V32P-A041265,1,0.802985155582428,0.79593027830123897,1,1
recipient_withdrawal,6213,V32P-A041266,0,0.3153629392385483,0.30839143991470336,0,0
recipient_withdrawal,6214,V32P-A041267,0,0.14883171245455742,0.14845650121569634,0,0
recipient_withdrawal,6215,V32P-A041268,0,0.061243108287453649,0.061409541964530946,0,0
recipient_withdrawal,6216,V32P-A041293,0,0.49967385530471803,0.49709643125534059,0,0
recipient_withdrawal,6217,V32P-A041294,0,0.42387304306030271,0.42243822216987609,0,0
recipient_withdrawal,6218,V32P-A041295,0,0.38912984728813171,0.38767694830894472,0,0
recipient_withdrawal,6219,V32P-A041296,0,0.33080055713653567,0.32929010987281798,0,0
recipient_withdrawal,6220,V32P-A041297,0,0.26641100645065308,0.26499109268188475,0,0
recipient_withdrawal,6221,V32P-A041298,0,0.1248801440000534,0.12451603412628173,0,0
recipient_withdrawal,6222,V32P-A041299,0,0.76575967073440554,0.76116466522216797,1,1
recipient_withdrawal,6223,V32P-A041300,0,0.67814737558364868,0.67371057271957402,1,1
recipient_withdrawal,6224,V32P-A041301,0,0.58140960931777952,0.57736297249794011,0,0
recipient_withdrawal,6225,V32P-A041302,1,0.59909160137176509,0.5940028309822083,0,0
recipient_withdrawal,6226,V32P-A041303,0,0.11831990331411361,0.11895465850830078,0,0
recipient_withdrawal,6227,V32P-A041304,0,0.049055111967027186,0.049360363371670248,0,0
recipient_withdrawal,6228,V32P-A041317,0,0.4747136175632477,0.47043691277503968,0,0
recipient_withdrawal,6229,V32P-A041318,0,0.34953230321407319,0.34501676261425018,0,0
recipient_withdrawal,6230,V32P-A041319,0,0.3136273741722107,0.31113826036453246,0,0
recipient_withdrawal,6231,V32P-A041320,0,0.24703401327133179,0.24655432105064393,0,0
recipient_withdrawal,6232,V32P-A041321,0,0.19730739444494247,0.19745271056890487,0,0
recipient_withdrawal,6233,V32P-A041322,0,0.10027639120817185,0.10098733901977539,0,0
recipient_withdrawal,6234,V32P-A041653,0,0.80400238037109373,0.79885133504867556,1,1
recipient_withdrawal,6235,V32P-A041654,0,0.62598139643669126,0.60716159343719478,1,0
recipient_withdrawal,6236,V32P-A041655,0,0.715763783454895,0.71007584333419804,1,1
recipient_withdrawal,6237,V32P-A041656,0,0.69535051584243779,0.68751448392868042,1,1
recipient_withdrawal,6238,V32P-A041657,0,0.59481559395790096,0.58803573250770569,0,0
recipient_withdrawal,6239,V32P-A041658,0,0.048486301116645335,0.04859559703618288,0,0
recipient_withdrawal,6240,V32P-A041665,0,0.4784268796443939,0.46922420859336855,0,0
recipient_withdrawal,6241,V32P-A041666,0,0.43455606698989868,0.42752532362937928,0,0
recipient_withdrawal,6242,V32P-A041667,0,0.37637968063354493,0.37171304225921631,0,0
recipient_withdrawal,6243,V32P-A041668,0,0.31989093124866486,0.3165309101343155,0,0
recipient_withdrawal,6244,V32P-A041669,0,0.3142578274011612,0.31142582595348356,0,0
recipient_withdrawal,6245,V32P-A041670,0,0.15462891012430191,0.15432711392641069,0,0
recipient_withdrawal,6246,V32P-A041701,0,0.61063089966773987,0.60392107367515568,0,0
recipient_withdrawal,6247,V32P-A041702,0,0.54236997365951534,0.53653291463851926,0,0
recipient_withdrawal,6248,V32P-A041703,0,0.43192175030708313,0.42642787694931028,0,0
recipient_withdrawal,6249,V32P-A041704,0,0.37065560221672056,0.36599795818328856,0,0
recipient_withdrawal,6250,V32P-A041705,1,0.31929319202899931,0.31613613665103912,0,0
recipient_withdrawal,6251,V32P-A041706,0,0.031197875365614892,0.031463136523962022,0,0
recipient_withdrawal,6252,V32P-A041773,0,0.66947267055511472,0.66097811460494993,1,1
recipient_withdrawal,6253,V32P-A041774,0,0.63310797214508052,0.6251659512519836,1,1
recipient_withdrawal,6254,V32P-A041775,0,0.53535115718841553,0.52346230149269102,0,0
recipient_withdrawal,6255,V32P-A041776,0,0.49555400013923645,0.48994045853614809,0,0
recipient_withdrawal,6256,V32P-A041777,0,0.39314709901809691,0.3896472930908203,0,0
recipient_withdrawal,6257,V32P-A041778,0,0.16055989414453506,0.1600221112370491,0,0
recipient_withdrawal,6258,V32P-A041791,0,0.73506656885147093,0.73053673505783079,1,1
recipient_withdrawal,6259,V32P-A041792,0,0.66703990697860716,0.6620745062828064,1,1
recipient_withdrawal,6260,V32P-A041793,0,0.71075593233108525,0.70461478233337405,1,1
recipient_withdrawal,6261,V32P-A041794,0,0.63772153854370117,0.62939589023590092,1,1
recipient_withdrawal,6262,V32P-A041795,0,0.64744491577148433,0.63746205568313596,1,1
recipient_withdrawal,6263,V32P-A041796,0,0.43791486322879791,0.42402233183383942,0,0
recipient_withdrawal,6264,V32P-A041803,0,0.82921020984649663,0.82303911447525024,1,1
recipient_withdrawal,6265,V32P-A041804,0,0.71329280138015749,0.70379498004913332,1,1
recipient_withdrawal,6266,V32P-A041805,0,0.6168530285358429,0.60884189009666445,0,0
recipient_withdrawal,6267,V32P-A041806,0,0.52351173758506775,0.51637112498283388,0,0
recipient_withdrawal,6268,V32P-A041807,0,0.52001459598541255,0.5120964586734772,0,0
recipient_withdrawal,6269,V32P-A041808,0,0.25071121752262115,0.24661748707294465,0,0
recipient_withdrawal,6270,V32P-A041815,0,0.67173330783843999,0.66790239810943608,1,1
recipient_withdrawal,6271,V32P-A041816,0,0.57861496210098262,0.57568937540054321,0,0
recipient_withdrawal,6272,V32P-A041817,0,0.47107437849044798,0.46079533696174624,0,0
recipient_withdrawal,6273,V32P-A041818,0,0.46337289214134214,0.46210802197456358,0,0
recipient_withdrawal,6274,V32P-A041819,0,0.37692569494247435,0.37652579545974729,0,0
recipient_withdrawal,6275,V32P-A041820,0,0.16706494688987733,0.16828045248985291,0,0
recipient_withdrawal,6276,V32P-A041863,0,0.77812207937240596,0.77090148925781254,1,1
recipient_withdrawal,6277,V32P-A041864,0,0.65084645748138426,0.64133082628250127,1,1
recipient_withdrawal,6278,V32P-A041865,0,0.56545722484588623,0.55754959583282471,0,0
recipient_withdrawal,6279,V32P-A041866,0,0.53129669427871706,0.52427549362182613,0,0
recipient_withdrawal,6280,V32P-A041867,1,0.53534421324729919,0.52918874621391299,0,0
recipient_withdrawal,6281,V32P-A041868,0,0.035539283603429797,0.03561016172170639,0,0
recipient_withdrawal,6282,V32P-A041875,0,0.5406166076660156,0.53413786888122561,0,0
recipient_withdrawal,6283,V32P-A041876,0,0.52276872992515566,0.51706646084785457,0,0
recipient_withdrawal,6284,V32P-A041877,0,0.50562149882316587,0.50128642320632932,0,0
recipient_withdrawal,6285,V32P-A041878,0,0.42029957175254823,0.41700405478477476,0,0
recipient_withdrawal,6286,V32P-A041879,0,0.3500625342130661,0.3479230970144272,0,0
recipient_withdrawal,6287,V32P-A041880,0,0.1569881707429886,0.15687608867883682,0,0
recipient_withdrawal,6288,V32P-A041953,1,0.82632600069046025,0.82197939157485966,1,1
recipient_withdrawal,6289,V32P-A041954,1,0.74662026166915896,0.73935581445693965,1,1
recipient_withdrawal,6290,V32P-A041955,1,0.66869977712631223,0.65968313217163088,1,1
recipient_withdrawal,6291,V32P-A041956,0,0.20695171505212784,0.20451056212186813,0,0
recipient_withdrawal,6292,V32P-A041957,0,0.14398935511708261,0.14341857209801673,0,0
recipient_withdrawal,6293,V32P-A041958,0,0.064401412755250936,0.06442200876772404,0,0
recipient_withdrawal,6294,V32P-A041971,0,0.75380417108535769,0.74943150281906123,1,1
recipient_withdrawal,6295,V32P-A041972,0,0.57189125418663023,0.56914620399475102,0,0
recipient_withdrawal,6296,V32P-A041973,0,0.62600581645965581,0.61658990383148193,1,0
recipient_withdrawal,6297,V32P-A041974,0,0.6166377067565918,0.61483417153358455,0,0
recipient_withdrawal,6298,V32P-A041975,0,0.51104732751846316,0.510438597202301,0,0
recipient_withdrawal,6299,V32P-A041976,0,0.2640234798192978,0.26456729471683504,0,0
recipient_withdrawal,6300,V32P-A041989,0,0.59098372459411619,0.58761371374130245,0,0
recipient_withdrawal,6301,V32P-A041990,0,0.55350472927093508,0.55083517432212825,0,0
recipient_withdrawal,6302,V32P-A041991,0,0.44970208406448364,0.4488431692123413,0,0
recipient_withdrawal,6303,V32P-A041992,0,0.4782903790473938,0.4760831117630005,0,0
recipient_withdrawal,6304,V32P-A041993,0,0.42792550921440126,0.41545758247375486,0,0
recipient_withdrawal,6305,V32P-A041994,0,0.21936039626598358,0.21976044178009033,0,0
recipient_withdrawal,6306,V32P-A042049,0,0.53569169044494624,0.5320283949375153,0,0
recipient_withdrawal,6307,V32P-A042050,0,0.50815860033035276,0.50452195405960087,0,0
recipient_withdrawal,6308,V32P-A042051,0,0.4752132833003998,0.47172072529792786,0,0
recipient_withdrawal,6309,V32P-A042052,0,0.46484540700912474,0.46134710907936094,0,0
recipient_withdrawal,6310,V32P-A042053,1,0.39738784432411195,0.39470586180686951,0,0
recipient_withdrawal,6311,V32P-A042054,0,0.03719147890806198,0.037360121682286265,0,0
recipient_withdrawal,6312,V32P-A042061,0,0.71039646863937378,0.70524355173110964,1,1
recipient_withdrawal,6313,V32P-A042062,0,0.67206934690475462,0.6660090565681458,1,1
recipient_withdrawal,6314,V32P-A042063,0,0.66683276891708376,0.66020362377166752,1,1
recipient_withdrawal,6315,V32P-A042064,0,0.62636940479278569,0.61860452890396123,1,0
recipient_withdrawal,6316,V32P-A042065,1,0.56862043738365176,0.56146737933158875,0,0
recipient_withdrawal,6317,V32P-A042066,0,0.042166535928845408,0.042250486463308333,0,0
recipient_withdrawal,6318,V32P-A042097,0,0.83665903806686404,0.82964366674423218,1,1
recipient_withdrawal,6319,V32P-A042098,0,0.69621282815933228,0.68205431699752805,1,1
recipient_withdrawal,6320,V32P-A042099,0,0.61276912689208984,0.60042686462402339,0,0
recipient_withdrawal,6321,V32P-A042100,0,0.68483359813690181,0.67597030401229863,1,1
recipient_withdrawal,6322,V32P-A042101,0,0.53105990886688237,0.51919826269149782,0,0
recipient_withdrawal,6323,V32P-A042102,0,0.25175757855176928,0.24575082808732987,0,0
recipient_withdrawal,6324,V32P-A042115,0,0.66871708631515503,0.66582914590835574,1,1
recipient_withdrawal,6325,V32P-A042116,0,0.45309572219848632,0.45180904865264893,0,0
recipient_withdrawal,6326,V32P-A042117,0,0.61212058067321773,0.60340435504913326,0,0
recipient_withdrawal,6327,V32P-A042118,0,0.51842434406280513,0.51699602603912354,0,0
recipient_withdrawal,6328,V32P-A042119,0,0.4651897192001343,0.46361641287803651,0,0
recipient_withdrawal,6329,V32P-A042120,0,0.21881448924541474,0.21934484839439392,0,0
recipient_withdrawal,6330,V32P-A042139,0,0.49254591464996339,0.47961304187774656,0,0
recipient_withdrawal,6331,V32P-A042140,0,0.43928513526916502,0.42640542984008789,0,0
recipient_withdrawal,6332,V32P-A042141,0,0.42219192981719972,0.41043103933334352,0,0
recipient_withdrawal,6333,V32P-A042142,0,0.36011370718479158,0.34904191792011263,0,0
recipient_withdrawal,6334,V32P-A042143,0,0.28439948260784148,0.27606210410594939,0,0
recipient_withdrawal,6335,V32P-A042144,0,0.12619738802313804,0.12371547743678094,0,0
recipient_withdrawal,6336,V32P-A042145,0,0.75531256198883057,0.75033450126647949,1,1
recipient_withdrawal,6337,V32P-A042146,0,0.64497047662734985,0.63743380308151243,1,1
recipient_withdrawal,6338,V32P-A042147,0,0.61770050525665288,0.61146968603134155,0,0
recipient_withdrawal,6339,V32P-A042148,0,0.72537328004837032,0.7199917316436768,1,1
recipient_withdrawal,6340,V32P-A042149,0,0.53524042963981633,0.52824692130088802,0,0
recipient_withdrawal,6341,V32P-A042150,0,0.051487432047724727,0.051641874387860297,0,0
recipient_withdrawal,6342,V32P-A042223,0,0.74579428434371953,0.73970795869827266,1,1
recipient_withdrawal,6343,V32P-A042224,0,0.65680834054946902,0.64885349273681636,1,1
recipient_withdrawal,6344,V32P-A042225,0,0.6584960460662842,0.64477182626724239,1,1
recipient_withdrawal,6345,V32P-A042226,0,0.50242198705673213,0.49505424499511719,0,0
recipient_withdrawal,6346,V32P-A042227,0,0.37888737916946413,0.3737151026725769,0,0
recipient_withdrawal,6347,V32P-A042228,0,0.13998828679323197,0.13875148445367813,0,0
recipient_withdrawal,6348,V32P-A042301,0,0.66926326751708987,0.66575357913970945,1,1
recipient_withdrawal,6349,V32P-A042302,0,0.66086857318878178,0.65804357528686519,1,1
recipient_withdrawal,6350,V32P-A042303,0,0.62801171541213985,0.62544902563095095,1,1
recipient_withdrawal,6351,V32P-A042304,0,0.56715037822723391,0.56498863697052004,0,0
recipient_withdrawal,6352,V32P-A042305,0,0.4745890974998474,0.46327379941940305,0,0
recipient_withdrawal,6353,V32P-A042306,0,0.31619290113449094,0.3170193672180176,0,0
recipient_withdrawal,6354,V32P-A042397,0,0.46432288289070128,0.45525548458099363,0,0
recipient_withdrawal,6355,V32P-A042398,0,0.61126104593276975,0.60543954372406006,0,0
recipient_withdrawal,6356,V32P-A042399,0,0.61195844411849976,0.60690968036651616,0,0
recipient_withdrawal,6357,V32P-A042400,0,0.56977005600929265,0.56298301815986629,0,0
recipient_withdrawal,6358,V32P-A042401,1,0.49087246060371398,0.48392453193664553,0,0
recipient_withdrawal,6359,V32P-A042402,0,0.04242535587400198,0.042529659904539587,0,0
recipient_withdrawal,6360,V32P-A042409,0,0.63034828901290896,0.6266527652740479,1,1
recipient_withdrawal,6361,V32P-A042410,0,0.61151182651519775,0.60827428102493286,0,0
recipient_withdrawal,6362,V32P-A042411,0,0.57330953478813174,0.57199254035949709,0,0
recipient_withdrawal,6363,V32P-A042412,0,0.51288102865219121,0.51264253854751585,0,0
recipient_withdrawal,6364,V32P-A042413,0,0.49037327170372008,0.49219167232513428,0,0
recipient_withdrawal,6365,V32P-A042414,0,0.2472824513912201,0.25007009506225586,0,0
recipient_withdrawal,6366,V32P-A042421,0,0.63633820414543152,0.62603304982185359,1,1
recipient_withdrawal,6367,V32P-A042422,0,0.6552133977413177,0.6447345554828644,1,1
recipient_withdrawal,6368,V32P-A042423,0,0.65750994086265568,0.64643098711967473,1,1
recipient_withdrawal,6369,V32P-A042424,0,0.61119951009750362,0.59783710241317745,0,0
recipient_withdrawal,6370,V32P-A042425,0,0.54041280150413518,0.5251636803150177,0,0
recipient_withdrawal,6371,V32P-A042426,0,0.32826941907405854,0.31724148392677309,0,0
recipient_withdrawal,6372,V32P-A042433,0,0.59934843778610225,0.59217339754104614,0,0
recipient_withdrawal,6373,V32P-A042434,0,0.49578107595443727,0.48834385871887209,0,0
recipient_withdrawal,6374,V32P-A042435,0,0.60032727718353274,0.59379082918167114,0,0
recipient_withdrawal,6375,V32P-A042436,0,0.5214601457118988,0.51412507891654968,0,0
recipient_withdrawal,6376,V32P-A042437,0,0.45608547925949094,0.44781399369239805,0,0
recipient_withdrawal,6377,V32P-A042438,0,0.2659435048699379,0.25990031808614733,0,0
recipient_withdrawal,6378,V32P-A042481,0,0.41238882541656496,0.40670126676559448,0,0
recipient_withdrawal,6379,V32P-A042482,0,0.40259621143341062,0.39649307131767275,0,0
recipient_withdrawal,6380,V32P-A042483,0,0.46267077326774597,0.45850179791450502,0,0
recipient_withdrawal,6381,V32P-A042484,1,0.41327108740806578,0.40834896564483641,0,0
recipient_withdrawal,6382,V32P-A042485,0,0.058162173256278038,0.058116624876856801,0,0
recipient_withdrawal,6383,V32P-A042486,0,0.025445521250367163,0.025556501373648642,0,0
recipient_withdrawal,6384,V32P-A042577,1,0.69067313671112063,0.68786051273345949,1,1
recipient_withdrawal,6385,V32P-A042578,1,0.63418701887130735,0.62462425231933594,1,1
recipient_withdrawal,6386,V32P-A042579,1,0.39647701978683469,0.39423174262046812,0,0
recipient_withdrawal,6387,V32P-A042580,0,0.078431218117475512,0.079281722009181974,0,0
recipient_withdrawal,6388,V32P-A042581,0,0.059778811782598494,0.060474027693271634,0,0
recipient_withdrawal,6389,V32P-A042582,0,0.026531514711678028,0.02685125879943371,0,0
recipient_withdrawal,6390,V32P-A042685,0,0.71243306398391726,0.70830925703048708,1,1
recipient_withdrawal,6391,V32P-A042686,0,0.61599295139312749,0.60934343338012698,0,0
recipient_withdrawal,6392,V32P-A042687,0,0.54428061842918396,0.53368217945098873,0,0
recipient_withdrawal,6393,V32P-A042688,0,0.51313743591308592,0.51070305705070496,0,0
recipient_withdrawal,6394,V32P-A042689,0,0.40945018529891969,0.40832577943801879,0,0
recipient_withdrawal,6395,V32P-A042690,0,0.17841382026672364,0.17893324047327042,0,0
recipient_withdrawal,6396,V32P-A042709,0,0.56842347383499148,0.5660652637481689,0,0
recipient_withdrawal,6397,V32P-A042710,0,0.51942656040191648,0.51764266490936284,0,0
recipient_withdrawal,6398,V32P-A042711,0,0.46384745836257935,0.46201584339141843,0,0
recipient_withdrawal,6399,V32P-A042712,0,0.35105429887771605,0.34965233206748964,0,0
recipient_withdrawal,6400,V32P-A042713,0,0.25969337224960326,0.25917057991027831,0,0
recipient_withdrawal,6401,V32P-A042714,0,0.020331190992146732,0.020628621894866229,0,0
recipient_withdrawal,6402,V32P-A042751,0,0.73035931587219238,0.72374174594879148,1,1
recipient_withdrawal,6403,V32P-A042752,0,0.64257595539093015,0.6361780524253845,1,1
recipient_withdrawal,6404,V32P-A042753,0,0.49303401708602906,0.48305082917213438,0,0
recipient_withdrawal,6405,V32P-A042754,0,0.4802436649799347,0.47544512152671814,0,0
recipient_withdrawal,6406,V32P-A042755,0,0.37668309509754183,0.37383756935596468,0,0
recipient_withdrawal,6407,V32P-A042756,0,0.1550622045993805,0.15483132004737854,0,0
recipient_withdrawal,6408,V32P-A042775,0,0.81422221660614014,0.80652300119400022,1,1
recipient_withdrawal,6409,V32P-A042776,0,0.6874823689460754,0.67707259654998775,1,1
recipient_withdrawal,6410,V32P-A042777,0,0.61757082939147945,0.60822820663452148,0,0
recipient_withdrawal,6411,V32P-A042778,0,0.5530412912368774,0.54474123120307927,0,0
recipient_withdrawal,6412,V32P-A042779,0,0.46150403618812563,0.45524640679359435,0,0
recipient_withdrawal,6413,V32P-A042780,0,0.23085315525531769,0.22922038137912751,0,0
recipient_withdrawal,6414,V32P-A042799,1,0.64599742889404299,0.63866331577301028,1,1
recipient_withdrawal,6415,V32P-A042800,1,0.61389889717102053,0.60611997842788701,0,0
recipient_withdrawal,6416,V32P-A042801,1,0.58687802553176882,0.58095177412033083,0,0
recipient_withdrawal,6417,V32P-A042802,0,0.09174105450510979,0.092059875279664999,0,0
recipient_withdrawal,6418,V32P-A042803,0,0.06663971021771431,0.067214453220367426,0,0
recipient_withdrawal,6419,V32P-A042804,0,0.026967217028141022,0.027335921302437782,0,0
recipient_withdrawal,6420,V32P-A042817,1,0.84421784877777095,0.83869550228118894,1,1
recipient_withdrawal,6421,V32P-A042818,1,0.67693803310394285,0.66923012733459475,1,1
recipient_withdrawal,6422,V32P-A042819,1,0.58928949832916255,0.58226517438888548,0,0
recipient_withdrawal,6423,V32P-A042820,0,0.13367245346307755,0.13263057619333268,0,0
recipient_withdrawal,6424,V32P-A042821,0,0.07684851139783859,0.076655925810337061,0,0
recipient_withdrawal,6425,V32P-A042822,0,0.030965973995625971,0.031024135835468768,0,0
recipient_withdrawal,6426,V32P-A042883,0,0.6367744922637939,0.63141463994979863,1,1
recipient_withdrawal,6427,V32P-A042884,0,0.52228693366050716,0.51885781884193416,0,0
recipient_withdrawal,6428,V32P-A042885,0,0.50956810116767881,0.50589749217033386,0,0
recipient_withdrawal,6429,V32P-A042886,0,0.51174406409263606,0.5073851406574249,0,0
recipient_withdrawal,6430,V32P-A042887,0,0.46556650400161742,0.46101965308189391,0,0
recipient_withdrawal,6431,V32P-A042888,0,0.032559444382786754,0.032893610373139384,0,0
recipient_withdrawal,6432,V32P-A043039,1,0.81904770135879512,0.80988019704818726,1,1
recipient_withdrawal,6433,V32P-A043040,1,0.78603456020355222,0.76958301067352297,1,1
recipient_withdrawal,6434,V32P-A043041,1,0.7052988648414612,0.69137382507324219,1,1
recipient_withdrawal,6435,V32P-A043042,0,0.15011615306138992,0.14834747165441514,0,0
recipient_withdrawal,6436,V32P-A043043,0,0.10879789739847183,0.10803509205579757,0,0
recipient_withdrawal,6437,V32P-A043044,0,0.047054040245711803,0.046941726095974447,0,0
recipient_withdrawal,6438,V32P-A043099,0,0.60483875274658205,0.60295938253402714,0,0
recipient_withdrawal,6439,V32P-A043100,0,0.46132822036743165,0.45911754369735719,0,0
recipient_withdrawal,6440,V32P-A043101,0,0.52858421206474304,0.51807441115379338,0,0
recipient_withdrawal,6441,V32P-A043102,0,0.51283560991287236,0.51154476404190063,0,0
recipient_withdrawal,6442,V32P-A043103,0,0.4424824297428131,0.44170116782188418,0,0
recipient_withdrawal,6443,V32P-A043104,0,0.040977166406810282,0.041404131986200812,0,0
recipient_withdrawal,6444,V32P-A043111,0,0.40647892951965331,0.40633105635643008,0,0
recipient_withdrawal,6445,V32P-A043112,0,0.46843754649162295,0.46814009547233582,0,0
recipient_withdrawal,6446,V32P-A043113,0,0.4504664123058319,0.4503033459186554,0,0
recipient_withdrawal,6447,V32P-A043114,0,0.39303579926490784,0.39351335763931272,0,0
recipient_withdrawal,6448,V32P-A043115,0,0.33328988552093508,0.33425964713096618,0,0
recipient_withdrawal,6449,V32P-A043116,0,0.028541274741291998,0.029029558598995208,0,0
recipient_withdrawal,6450,V32P-A043117,0,0.62006856799125676,0.60529807209968567,1,0
recipient_withdrawal,6451,V32P-A043118,0,0.59759370088577268,0.5839302182197571,0,0
recipient_withdrawal,6452,V32P-A043119,0,0.55233386754989622,0.53021100759506223,0,0
recipient_withdrawal,6453,V32P-A043120,0,0.53781046867370608,0.52609913945198061,0,0
recipient_withdrawal,6454,V32P-A043121,0,0.48158106803894041,0.47155757546424865,0,0
recipient_withdrawal,6455,V32P-A043122,0,0.27205932438373565,0.26729477941989899,0,0
recipient_withdrawal,6456,V32P-A043159,0,0.62766872644424443,0.62386896610260012,1,1
recipient_withdrawal,6457,V32P-A043160,0,0.50615414381027224,0.50108126997947688,0,0
recipient_withdrawal,6458,V32P-A043161,0,0.45196242928504943,0.44875048995018008,0,0
recipient_withdrawal,6459,V32P-A043162,0,0.36886996030807495,0.36624807715415952,0,0
recipient_withdrawal,6460,V32P-A043163,0,0.3618359327316284,0.36015176773071289,0,0
recipient_withdrawal,6461,V32P-A043164,0,0.14407321065664291,0.143295256793499,0,0
recipient_withdrawal,6462,V32P-A043165,0,0.33162886798381808,0.33071234524250032,0,0
recipient_withdrawal,6463,V32P-A043166,0,0.47672297358512877,0.47546325325965882,0,0
recipient_withdrawal,6464,V32P-A043167,0,0.52023895382881169,0.51898090243339534,0,0
recipient_withdrawal,6465,V32P-A043168,0,0.3919969856739044,0.38329225778579712,0,0
recipient_withdrawal,6466,V32P-A043169,0,0.33301663398742676,0.33478757143020632,0,0
recipient_withdrawal,6467,V32P-A043170,0,0.15175616443157197,0.15365554392337799,0,0
recipient_withdrawal,6468,V32P-A043207,0,0.34129710793495177,0.33676611185073851,0,0
recipient_withdrawal,6469,V32P-A043208,0,0.31774294674396514,0.3054636985063553,0,0
recipient_withdrawal,6470,V32P-A043209,0,0.3137041747570038,0.30922411084175111,0,0
recipient_withdrawal,6471,V32P-A043210,0,0.24651158452033997,0.24269868135452272,0,0
recipient_withdrawal,6472,V32P-A043211,0,0.18455783724784852,0.18205913007259369,0,0
recipient_withdrawal,6473,V32P-A043212,0,0.075274064391851428,0.075134845823049551,0,0
recipient_withdrawal,6474,V32P-A043243,0,0.53298444151878355,0.52795112133026123,0,0
recipient_withdrawal,6475,V32P-A043244,0,0.4384105086326599,0.43494950532913207,0,0
recipient_withdrawal,6476,V32P-A043245,0,0.36099200844764712,0.35897177457809448,0,0
recipient_withdrawal,6477,V32P-A043246,0,0.28651455342769622,0.28490080535411832,0,0
recipient_withdrawal,6478,V32P-A043247,0,0.21805329024791717,0.21678992211818696,0,0
recipient_withdrawal,6479,V32P-A043248,0,0.11218243390321732,0.11186491400003433,0,0
recipient_withdrawal,6480,V32P-A043255,1,0.79965144395828247,0.79510209560394285,1,1
recipient_withdrawal,6481,V32P-A043256,1,0.64833699464797978,0.64481568336486816,1,1
recipient_withdrawal,6482,V32P-A043257,1,0.70649755001068115,0.70216274261474609,1,1
recipient_withdrawal,6483,V32P-A043258,0,0.13617918044328689,0.1370604380965233,0,0
recipient_withdrawal,6484,V32P-A043259,0,0.10559160895645618,0.10673255212605,0,0
recipient_withdrawal,6485,V32P-A043260,0,0.044137998297810552,0.044978367909789083,0,0
recipient_withdrawal,6486,V32P-A043339,0,0.48384748101234437,0.47819798588752749,0,0
recipient_withdrawal,6487,V32P-A043340,0,0.36920840740203859,0.35938530564308169,0,0
recipient_withdrawal,6488,V32P-A043341,0,0.34881576299667361,0.34406675696372985,0,0
recipient_withdrawal,6489,V32P-A043342,0,0.2982562780380249,0.29473391175270081,0,0
recipient_withdrawal,6490,V32P-A043343,0,0.23306773006916046,0.23043169677257538,0,0
recipient_withdrawal,6491,V32P-A043344,0,0.10409943908452987,0.10362602919340133,0,0
recipient_withdrawal,6492,V32P-A043375,0,0.36886357665061953,0.36411603093147277,0,0
recipient_withdrawal,6493,V32P-A043376,0,0.40983043313026429,0.40633231997489927,0,0
recipient_withdrawal,6494,V32P-A043377,0,0.40037592649459841,0.39742739200592042,0,0
recipient_withdrawal,6495,V32P-A043378,0,0.34101074337959292,0.3382591664791107,0,0
recipient_withdrawal,6496,V32P-A043379,0,0.28713318705558777,0.28481833934783934,0,0
recipient_withdrawal,6497,V32P-A043380,0,0.14134459644556047,0.14099711626768113,0,0
recipient_withdrawal,6498,V32P-A043387,0,0.69303884506225588,0.68970092535018923,1,1
recipient_withdrawal,6499,V32P-A043388,0,0.60014903545379639,0.59535300731658936,0,0
recipient_withdrawal,6500,V32P-A043389,0,0.58241945505142212,0.57822692394256592,0,0
recipient_withdrawal,6501,V32P-A043390,0,0.5020246744155884,0.49826334714889525,0,0
recipient_withdrawal,6502,V32P-A043391,0,0.42725158333778379,0.42462900280952454,0,0
recipient_withdrawal,6503,V32P-A043392,0,0.21731766611337661,0.21685971766710282,0,0
recipient_withdrawal,6504,V32P-A043405,0,0.55287441611289978,0.55025768876075742,0,0
recipient_withdrawal,6505,V32P-A043406,0,0.57070134878158574,0.56788823604583738,0,0
recipient_withdrawal,6506,V32P-A043407,0,0.56000028848648076,0.55690071582794187,0,0
recipient_withdrawal,6507,V32P-A043408,0,0.56573005914688113,0.56184595823287964,0,0
recipient_withdrawal,6508,V32P-A043409,0,0.48253496289253234,0.46854923367500306,0,0
recipient_withdrawal,6509,V32P-A043410,0,0.233073890209198,0.23118938207626344,0,0
recipient_withdrawal,6510,V32P-A043417,0,0.41384410262107851,0.41188058257102966,0,0
recipient_withdrawal,6511,V32P-A043418,0,0.37680785655975341,0.37492246627807618,0,0
recipient_withdrawal,6512,V32P-A043419,0,0.35105530023574827,0.34939814209938047,0,0
recipient_withdrawal,6513,V32P-A043420,0,0.28420309126377108,0.283424910902977,0,0
recipient_withdrawal,6514,V32P-A043421,0,0.22205334901809692,0.2217562198638916,0,0
recipient_withdrawal,6515,V32P-A043422,0,0.095723569393157959,0.096180853247642514,0,0
recipient_withdrawal,6516,V32P-A043483,0,0.38274394273757933,0.37765808105468751,0,0
recipient_withdrawal,6517,V32P-A043484,0,0.3827298045158386,0.37743424177169799,0,0
recipient_withdrawal,6518,V32P-A043485,0,0.34144672751426697,0.33782406449317931,0,0
recipient_withdrawal,6519,V32P-A043486,0,0.32056438028812406,0.31744952499866486,0,0
recipient_withdrawal,6520,V32P-A043487,0,0.24901184737682341,0.24690283834934235,0,0
recipient_withdrawal,6521,V32P-A043488,0,0.11559923738241196,0.11565061956644059,0,0
recipient_withdrawal,6522,V32P-A043495,1,0.56920778155326845,0.56509258151054387,0,0
recipient_withdrawal,6523,V32P-A043496,1,0.41898309290409086,0.41399541199207307,0,0
recipient_withdrawal,6524,V32P-A043497,0,0.060822594910860062,0.060982286185026172,0,0
recipient_withdrawal,6525,V32P-A043498,0,0.065752874314785006,0.066267579793930054,0,0
recipient_withdrawal,6526,V32P-A043499,0,0.037223587743937969,0.037464088015258315,0,0
recipient_withdrawal,6527,V32P-A043500,0,0.016250542225316168,0.016388059081509709,0,0
recipient_withdrawal,6528,V32P-A043561,0,0.76930478811264036,0.76414852142333989,1,1
recipient_withdrawal,6529,V32P-A043562,0,0.66357370615005495,0.65699427127838139,1,1
recipient_withdrawal,6530,V32P-A043563,0,0.63469973802566526,0.6284170985221863,1,1
recipient_withdrawal,6531,V32P-A043564,1,0.56818780899047849,0.56251052618026731,0,0
recipient_withdrawal,6532,V32P-A043565,0,0.084709958732128138,0.084475995600223536,0,0
recipient_withdrawal,6533,V32P-A043566,0,0.03339253142476082,0.033554666116833685,0,0
recipient_withdrawal,6534,V32P-A043573,0,0.6731062173843384,0.66812658309936523,1,1
recipient_withdrawal,6535,V32P-A043574,0,0.50341340899467468,0.4938135087490082,0,0
recipient_withdrawal,6536,V32P-A043575,0,0.50128448605537412,0.49485880732536314,0,0
recipient_withdrawal,6537,V32P-A043576,0,0.48794243335723875,0.47223553657531736,0,0
recipient_withdrawal,6538,V32P-A043577,0,0.4979098618030548,0.49261994957923888,0,0
recipient_withdrawal,6539,V32P-A043578,0,0.23450189530849458,0.23152681887149812,0,0
recipient_withdrawal,6540,V32P-A043585,0,0.6490042924880981,0.64573304653167729,1,1
recipient_withdrawal,6541,V32P-A043586,0,0.49507944583892821,0.49200547337532041,0,0
recipient_withdrawal,6542,V32P-A043587,0,0.4234308421611786,0.4205267310142517,0,0
recipient_withdrawal,6543,V32P-A043588,0,0.32009361088275912,0.31764928996562958,0,0
recipient_withdrawal,6544,V32P-A043589,0,0.24539671242237091,0.24394910037517548,0,0
recipient_withdrawal,6545,V32P-A043590,0,0.10673674121499062,0.10651638880372047,0,0
recipient_withdrawal,6546,V32P-A043597,0,0.63228379487991337,0.62474496364593501,1,1
recipient_withdrawal,6547,V32P-A043598,0,0.52569069266319279,0.52061922550201412,0,0
recipient_withdrawal,6548,V32P-A043599,0,0.47556174993515016,0.47228071093559265,0,0
recipient_withdrawal,6549,V32P-A043600,0,0.43621456027030947,0.43396295309066774,0,0
recipient_withdrawal,6550,V32P-A043601,0,0.36876137256622316,0.36747142076492312,0,0
recipient_withdrawal,6551,V32P-A043602,0,0.1763928011059761,0.17665019184350966,0,0
recipient_withdrawal,6552,V32P-A043639,0,0.51684654355049131,0.5132082998752594,0,0
recipient_withdrawal,6553,V32P-A043640,0,0.51041287183761597,0.50707236528396604,0,0
recipient_withdrawal,6554,V32P-A043641,0,0.42523152828216554,0.42218014597892761,0,0
recipient_withdrawal,6555,V32P-A043642,0,0.44786191582679746,0.44419292807579042,0,0
recipient_withdrawal,6556,V32P-A043643,1,0.29404518306255339,0.29219838678836824,0,0
recipient_withdrawal,6557,V32P-A043644,0,0.021694772411137819,0.021923748310655355,0,0
recipient_withdrawal,6558,V32P-A043657,0,0.49379565715789797,0.48566272854804993,0,0
recipient_withdrawal,6559,V32P-A043658,0,0.51337981224060059,0.50462082624435423,0,0
recipient_withdrawal,6560,V32P-A043659,0,0.52545298337936397,0.51470831632614134,0,0
recipient_withdrawal,6561,V32P-A043660,0,0.49635382294654845,0.48434064984321595,0,0
recipient_withdrawal,6562,V32P-A043661,0,0.45269361734390257,0.43100815415382387,0,0
recipient_withdrawal,6563,V32P-A043662,0,0.26267797350883482,0.25591740310192107,0,0
recipient_withdrawal,6564,V32P-A043711,0,0.66473133563995357,0.66297668218612671,1,1
recipient_withdrawal,6565,V32P-A043712,0,0.43034788966178894,0.42533316612243655,0,0
recipient_withdrawal,6566,V32P-A043713,0,0.39511381983757021,0.39819389581680298,0,0
recipient_withdrawal,6567,V32P-A043714,0,0.30520723760128021,0.30919596850872039,0,0
recipient_withdrawal,6568,V32P-A043715,0,0.23652072250843048,0.24024685621261596,0,0
recipient_withdrawal,6569,V32P-A043716,0,0.10609003454446793,0.10800834149122238,0,0
recipient_withdrawal,6570,V32P-A043765,0,0.59801991581916814,0.58453382253646846,0,0
recipient_withdrawal,6571,V32P-A043766,0,0.5489655673503876,0.53698336482048037,0,0
recipient_withdrawal,6572,V32P-A043767,0,0.4398098111152649,0.43181729912757871,0,0
recipient_withdrawal,6573,V32P-A043768,0,0.37145748734474182,0.36509857773780824,0,0
recipient_withdrawal,6574,V32P-A043769,0,0.30308547914028167,0.29790054857730863,0,0
recipient_withdrawal,6575,V32P-A043770,0,0.14273766502738,0.14025356993079185,0,0
recipient_withdrawal,6576,V32P-A043783,0,0.69881032705307011,0.69052635431289677,1,1
recipient_withdrawal,6577,V32P-A043784,0,0.49418598413467407,0.48542792797088624,0,0
recipient_withdrawal,6578,V32P-A043785,0,0.41526376008987426,0.40756777524948118,0,0
recipient_withdrawal,6579,V32P-A043786,0,0.42588929533958436,0.41667367219924928,0,0
recipient_withdrawal,6580,V32P-A043787,0,0.30441603809595108,0.29751650840044019,0,0
recipient_withdrawal,6581,V32P-A043788,0,0.14164518751204014,0.13827043063938618,0,0
recipient_withdrawal,6582,V32P-A043849,0,0.81555665731430049,0.80871268510818484,1,1
recipient_withdrawal,6583,V32P-A043850,0,0.6545863151550293,0.64406980276107784,1,1
recipient_withdrawal,6584,V32P-A043851,0,0.62301976680755611,0.61473602056503296,1,0
recipient_withdrawal,6585,V32P-A043852,0,0.64822074174880984,0.64065830707550053,1,1
recipient_withdrawal,6586,V32P-A043853,0,0.58248528242111208,0.57419215440750127,0,0
recipient_withdrawal,6587,V32P-A043854,0,0.32635776400566102,0.32056692242622375,0,0
recipient_withdrawal,6588,V32P-A043867,0,0.68176416158676145,0.67285170555114748,1,1
recipient_withdrawal,6589,V32P-A043868,0,0.59726371765136721,0.583412766456604,0,0
recipient_withdrawal,6590,V32P-A043869,0,0.58134506344795223,0.56960147023200991,0,0
recipient_withdrawal,6591,V32P-A043870,0,0.51172745227813721,0.50190807580947872,0,0
recipient_withdrawal,6592,V32P-A043871,0,0.42889569401741029,0.42175912261009219,0,0
recipient_withdrawal,6593,V32P-A043872,0,0.18640228062868119,0.18493582457304,0,0
recipient_withdrawal,6594,V32P-A043891,0,0.72146903276443486,0.71785501241683958,1,1
recipient_withdrawal,6595,V32P-A043892,0,0.65412366390228271,0.65063071250915527,1,1
recipient_withdrawal,6596,V32P-A043893,0,0.53849114775657658,0.53127595782279968,0,0
recipient_withdrawal,6597,V32P-A043894,0,0.57108249664306643,0.56966258287429805,0,0
recipient_withdrawal,6598,V32P-A043895,0,0.56648405790328982,0.56607596278190608,0,0
recipient_withdrawal,6599,V32P-A043896,0,0.35259117186069489,0.35433203876018526,0,0
recipient_withdrawal,6600,V32P-A043897,0,0.6877156734466553,0.68207428455352781,1,1
recipient_withdrawal,6601,V32P-A043898,0,0.48848816752433777,0.48115239739418031,0,0
recipient_withdrawal,6602,V32P-A043899,0,0.59220534563064575,0.58546172380447392,0,0
recipient_withdrawal,6603,V32P-A043900,0,0.5421190738677979,0.53288942575454712,0,0
recipient_withdrawal,6604,V32P-A043901,0,0.38399100899696348,0.37548536062240601,0,0
recipient_withdrawal,6605,V32P-A043902,0,0.17015603035688401,0.16811784654855727,0,0
recipient_withdrawal,6606,V32P-A043903,0,0.44778230190277102,0.44447292089462281,0,0
recipient_withdrawal,6607,V32P-A043904,0,0.45228826403617861,0.44968535304069518,0,0
recipient_withdrawal,6608,V32P-A043905,0,0.41195364594459533,0.40957229137420653,0,0
recipient_withdrawal,6609,V32P-A043906,0,0.33774221539497373,0.33567169308662415,0,0
recipient_withdrawal,6610,V32P-A043907,0,0.2995786339044571,0.29810504019260409,0,0
recipient_withdrawal,6611,V32P-A043908,0,0.14779701232910156,0.14830161035060882,0,0
recipient_withdrawal,6612,V32P-A043933,0,0.48197941184043885,0.47889245152473447,0,0
recipient_withdrawal,6613,V32P-A043934,0,0.51191294789314268,0.50930151343345642,0,0
recipient_withdrawal,6614,V32P-A043935,0,0.52039251923561092,0.51777012944221501,0,0
recipient_withdrawal,6615,V32P-A043936,0,0.45251348614692688,0.45027626156806944,0,0
recipient_withdrawal,6616,V32P-A043937,0,0.37887180447578428,0.37707177400588987,0,0
recipient_withdrawal,6617,V32P-A043938,0,0.18120769858360292,0.18100463151931762,0,0
recipient_withdrawal,6618,V32P-A043987,0,0.62912158966064458,0.6282026886940002,1,1
recipient_withdrawal,6619,V32P-A043988,0,0.50586599707603452,0.50619112849235537,0,0
recipient_withdrawal,6620,V32P-A043989,0,0.39464152455329893,0.39622671604156495,0,0
recipient_withdrawal,6621,V32P-A043990,0,0.34794755876064298,0.3501272827386856,0,0
recipient_withdrawal,6622,V32P-A043991,0,0.32747423946857451,0.32967600524425505,0,0
recipient_withdrawal,6623,V32P-A043992,0,0.17316385507583618,0.17641895413398742,0,0
recipient_withdrawal,6624,V32P-A043993,0,0.60859384536743166,0.60481793880462642,0,0
recipient_withdrawal,6625,V32P-A043994,0,0.59783034324646001,0.59374320507049561,0,0
recipient_withdrawal,6626,V32P-A043995,0,0.64114302396774292,0.63667614459991451,1,1
recipient_withdrawal,6627,V32P-A043996,0,0.58277779817581177,0.57866306304931636,0,0
recipient_withdrawal,6628,V32P-A043997,0,0.52023729681968689,0.51633164286613464,0,0
recipient_withdrawal,6629,V32P-A043998,0,0.29315319359302522,0.29126313030719758,0,0
recipient_withdrawal,6630,V32P-A044005,0,0.74527300596237178,0.74108450412750249,1,1
recipient_withdrawal,6631,V32P-A044006,0,0.68582054376602175,0.68145384788513186,1,1
recipient_withdrawal,6632,V32P-A044007,0,0.61652141809463501,0.61296781301498415,0,0
recipient_withdrawal,6633,V32P-A044008,0,0.56641391515731809,0.56366097927093506,0,0
recipient_withdrawal,6634,V32P-A044009,0,0.56121557950973511,0.55847616195678706,0,0
recipient_withdrawal,6635,V32P-A044010,0,0.28407698273658755,0.28470847606658933,0,0
recipient_withdrawal,6636,V32P-A044035,0,0.6250036358833313,0.61942249536514282,1,0
recipient_withdrawal,6637,V32P-A044036,0,0.64542845487594602,0.63979632854461665,1,1
recipient_withdrawal,6638,V32P-A044037,0,0.55586040616035459,0.54768850207328801,0,0
recipient_withdrawal,6639,V32P-A044038,0,0.55965371727943425,0.55193472504615781,0,0
recipient_withdrawal,6640,V32P-A044039,0,0.50486815571784971,0.49672175049781797,0,0
recipient_withdrawal,6641,V32P-A044040,0,0.26362309157848357,0.26074421405792236,0,0
recipient_withdrawal,6642,V32P-A044077,0,0.44371162056922914,0.44035420417785642,0,0
recipient_withdrawal,6643,V32P-A044078,0,0.43761923909187317,0.43539782166481017,0,0
recipient_withdrawal,6644,V32P-A044079,0,0.3871916949748993,0.38654088973999023,0,0
recipient_withdrawal,6645,V32P-A044080,0,0.32085660696029661,0.32107337117195128,0,0
recipient_withdrawal,6646,V32P-A044081,0,0.25979886353015902,0.26049537360668185,0,0
recipient_withdrawal,6647,V32P-A044082,0,0.11672507822513581,0.11868523061275482,0,0
recipient_withdrawal,6648,V32P-A044095,0,0.56161663532257078,0.55529705286025999,0,0
recipient_withdrawal,6649,V32P-A044096,0,0.47036626338958742,0.46460959315299988,0,0
recipient_withdrawal,6650,V32P-A044097,0,0.40930256247520447,0.40507919788360597,0,0
recipient_withdrawal,6651,V32P-A044098,0,0.42561318278312682,0.42014119029045105,0,0
recipient_withdrawal,6652,V32P-A044099,0,0.34304547011852266,0.33806316554546356,0,0
recipient_withdrawal,6653,V32P-A044100,0,0.14463371932506561,0.14294857978820802,0,0
recipient_withdrawal,6654,V32P-A044125,0,0.75998815298080447,0.75515275001525883,1,1
recipient_withdrawal,6655,V32P-A044126,0,0.66356766223907471,0.65826480388641362,1,1
recipient_withdrawal,6656,V32P-A044127,0,0.58399021029472353,0.57952881455421446,0,0
recipient_withdrawal,6657,V32P-A044128,0,0.51318903565406804,0.51082659959793086,0,0
recipient_withdrawal,6658,V32P-A044129,0,0.41714779138565061,0.41645135879516604,0,0
recipient_withdrawal,6659,V32P-A044130,0,0.19134329706430436,0.19185554534196853,0,0
recipient_withdrawal,6660,V32P-A044167,0,0.44040574431419371,0.43843578100204467,0,0
recipient_withdrawal,6661,V32P-A044168,0,0.44704453349113465,0.44689689874649047,0,0
recipient_withdrawal,6662,V32P-A044169,0,0.39288094639778137,0.39347186684608459,0,0
recipient_withdrawal,6663,V32P-A044170,0,0.31440902948379518,0.3152319550514221,0,0
recipient_withdrawal,6664,V32P-A044171,0,0.24188544154167174,0.24326353073120116,0,0
recipient_withdrawal,6665,V32P-A044172,0,0.099553324282169342,0.10084469020366668,0,0
recipient_withdrawal,6666,V32P-A044185,0,0.48528816699981692,0.48205369710922241,0,0
recipient_withdrawal,6667,V32P-A044186,0,0.39992385506629946,0.39709124565124509,0,0
recipient_withdrawal,6668,V32P-A044187,0,0.35525730848312376,0.35303860306739809,0,0
recipient_withdrawal,6669,V32P-A044188,0,0.29226413369178772,0.2904232978820801,0,0
recipient_withdrawal,6670,V32P-A044189,0,0.22515926957130433,0.224397474527359,0,0
recipient_withdrawal,6671,V32P-A044190,0,0.095395562052726743,0.095585702359676367,0,0
recipient_withdrawal,6672,V32P-A044209,0,0.4422967553138733,0.4418494701385498,0,0
recipient_withdrawal,6673,V32P-A044210,0,0.43526117205619813,0.43592310547828672,0,0
recipient_withdrawal,6674,V32P-A044211,0,0.40418303608894346,0.40650137662887575,0,0
recipient_withdrawal,6675,V32P-A044212,0,0.33478571176528932,0.33792293071746826,0,0
recipient_withdrawal,6676,V32P-A044213,0,0.27602177858352661,0.27975996136665343,0,0
recipient_withdrawal,6677,V32P-A044214,0,0.12636923193931579,0.12927695214748383,0,0
recipient_withdrawal,6678,V32P-A044251,0,0.71919258832931521,0.71419147253036497,1,1
recipient_withdrawal,6679,V32P-A044252,0,0.61980711221694951,0.61311479806900027,0,0
recipient_withdrawal,6680,V32P-A044253,0,0.55975227952003481,0.55435460805892944,0,0
recipient_withdrawal,6681,V32P-A044254,0,0.49826937317848208,0.49509912729263306,0,0
recipient_withdrawal,6682,V32P-A044255,0,0.42840657830238343,0.42614262700080874,0,0
recipient_withdrawal,6683,V32P-A044256,0,0.20584636181592941,0.2057797208428383,0,0
recipient_withdrawal,6684,V32P-A044263,0,0.56684227585792546,0.56532676815986638,0,0
recipient_withdrawal,6685,V32P-A044264,0,0.67345165014266972,0.66484965085983272,1,1
recipient_withdrawal,6686,V32P-A044265,0,0.41986050009727477,0.41865898370742799,0,0
recipient_withdrawal,6687,V32P-A044266,1,0.35282736420631411,0.35294948816299437,0,0
recipient_withdrawal,6688,V32P-A044267,0,0.059039087593555452,0.059948258101940155,0,0
recipient_withdrawal,6689,V32P-A044268,0,0.027066901046782731,0.027417842764407396,0,0
recipient_withdrawal,6690,V32P-A044413,0,0.53619851469993596,0.53185163140296932,0,0
recipient_withdrawal,6691,V32P-A044414,0,0.4451893985271454,0.44098674058914183,0,0
recipient_withdrawal,6692,V32P-A044415,0,0.39677973985671999,0.39402995705604554,0,0
recipient_withdrawal,6693,V32P-A044416,0,0.32422176301479338,0.32295693457126617,0,0
recipient_withdrawal,6694,V32P-A044417,0,0.24809246063232421,0.24784998893737792,0,0
recipient_withdrawal,6695,V32P-A044418,0,0.1128396786749363,0.11326798722147942,0,0
recipient_withdrawal,6696,V32P-A044437,0,0.62959980964660645,0.62440683841705324,1,1
recipient_withdrawal,6697,V32P-A044438,0,0.6179003119468689,0.61373556852340694,0,0
recipient_withdrawal,6698,V32P-A044439,0,0.64905154705047607,0.64602814912796025,1,1
recipient_withdrawal,6699,V32P-A044440,0,0.63825836181640627,0.63488552570343015,1,1
recipient_withdrawal,6700,V32P-A044441,0,0.50587292313575749,0.50203937888145445,0,0
recipient_withdrawal,6701,V32P-A044442,0,0.30362032353878021,0.30327616930007933,0,0
recipient_withdrawal,6702,V32P-A044473,0,0.57310991883277895,0.5620277345180511,0,0
recipient_withdrawal,6703,V32P-A044474,0,0.46619992852211001,0.45517909526824951,0,0
recipient_withdrawal,6704,V32P-A044475,0,0.53215826749801631,0.5115115284919739,0,0
recipient_withdrawal,6705,V32P-A044476,0,0.35952959060668943,0.34887943267822263,0,0
recipient_withdrawal,6706,V32P-A044477,0,0.28406388759613038,0.27705293297767641,0,0
recipient_withdrawal,6707,V32P-A044478,0,0.146527449041605,0.144122926145792,0,0
recipient_withdrawal,6708,V32P-A044587,0,0.78149640560150146,0.77552667856216428,1,1
recipient_withdrawal,6709,V32P-A044588,0,0.6349928498268127,0.62521766424179082,1,1
recipient_withdrawal,6710,V32P-A044589,0,0.54861865043640134,0.53780718445777898,0,0
recipient_withdrawal,6711,V32P-A044590,0,0.5929642915725708,0.58630785942077634,0,0
recipient_withdrawal,6712,V32P-A044591,0,0.44363608956336975,0.43407539725303651,0,0
recipient_withdrawal,6713,V32P-A044592,0,0.26488182246685027,0.25904582738876342,0,0
recipient_withdrawal,6714,V32P-A044617,1,0.70142484903335567,0.69416341781616209,1,1
recipient_withdrawal,6715,V32P-A044618,1,0.67738813161849976,0.67109363079071049,1,1
recipient_withdrawal,6716,V32P-A044619,1,0.70476365089416504,0.69936578273773198,1,1
recipient_withdrawal,6717,V32P-A044620,0,0.10268343687057495,0.10282610058784485,0,0
recipient_withdrawal,6718,V32P-A044621,0,0.06883533596992493,0.069442613422870642,0,0
recipient_withdrawal,6719,V32P-A044622,0,0.026083499193191528,0.026470151171088217,0,0
recipient_withdrawal,6720,V32P-A044629,0,0.606244295835495,0.60505649447441101,0,0
recipient_withdrawal,6721,V32P-A044630,0,0.41754187643527985,0.41335670053958895,0,0
recipient_withdrawal,6722,V32P-A044631,0,0.52025715112686155,0.52053188085556035,0,0
recipient_withdrawal,6723,V32P-A044632,0,0.41354789733886721,0.41551789045333865,0,0
recipient_withdrawal,6724,V32P-A044633,1,0.27971906661987306,0.28260531425476076,0,0
recipient_withdrawal,6725,V32P-A044634,0,0.019037275947630404,0.019481076672673226,0,0
recipient_withdrawal,6726,V32P-A044641,0,0.68303190469741826,0.67885541915893555,1,1
recipient_withdrawal,6727,V32P-A044642,0,0.63698602914810176,0.63182703256607053,1,1
recipient_withdrawal,6728,V32P-A044643,0,0.61311242580413816,0.60856939554214473,0,0
recipient_withdrawal,6729,V32P-A044644,1,0.5228877484798431,0.51885529160499577,0,0
recipient_withdrawal,6730,V32P-A044645,0,0.064729802310466766,0.065312062948942179,0,0
recipient_withdrawal,6731,V32P-A044646,0,0.027151959389448165,0.027501562610268593,0,0
recipient_withdrawal,6732,V32P-A044647,0,0.60276816487312312,0.59870952963829038,0,0
recipient_withdrawal,6733,V32P-A044648,0,0.50721721649169926,0.50465407967567444,0,0
recipient_withdrawal,6734,V32P-A044649,0,0.45730049610137941,0.45616733431816103,0,0
recipient_withdrawal,6735,V32P-A044650,0,0.39389228820800781,0.39308708310127261,0,0
recipient_withdrawal,6736,V32P-A044651,0,0.32182446420192717,0.32132560312747954,0,0
recipient_withdrawal,6737,V32P-A044652,0,0.17402718961238861,0.17423137128353119,0,0
recipient_withdrawal,6738,V32P-A044665,0,0.44194022417068479,0.43546782732009887,0,0
recipient_withdrawal,6739,V32P-A044666,0,0.41036071777343752,0.4037132799625397,0,0
recipient_withdrawal,6740,V32P-A044667,0,0.38052328526973722,0.37364207208156586,0,0
recipient_withdrawal,6741,V32P-A044668,0,0.30996800661087037,0.30366819500923159,0,0
recipient_withdrawal,6742,V32P-A044669,0,0.23991377651691437,0.23482042849063872,0,0
recipient_withdrawal,6743,V32P-A044670,0,0.10429360941052437,0.10229595378041267,0,0
recipient_withdrawal,6744,V32P-A044695,0,0.6914640426635742,0.68653599023818968,1,1
recipient_withdrawal,6745,V32P-A044696,0,0.58366003036499026,0.57784631252288821,0,0
recipient_withdrawal,6746,V32P-A044697,0,0.52729483842849734,0.52265876531600952,0,0
recipient_withdrawal,6747,V32P-A044698,1,0.49525877237319949,0.4908812940120697,0,0
recipient_withdrawal,6748,V32P-A044699,0,0.078798343241214749,0.078973961621522898,0,0
recipient_withdrawal,6749,V32P-A044700,0,0.036578747443854809,0.036715338937938213,0,0
recipient_withdrawal,6750,V32P-A044731,1,0.83467602729797363,0.82648537158966062,1,1
recipient_withdrawal,6751,V32P-A044732,1,0.64472426176071163,0.62998969554901119,1,1
recipient_withdrawal,6752,V32P-A044733,1,0.75779346227645872,0.73624396324157715,1,1
recipient_withdrawal,6753,V32P-A044734,0,0.15985697060823439,0.15783751010894775,0,0
recipient_withdrawal,6754,V32P-A044735,0,0.12400468960404396,0.12296973392367364,0,0
recipient_withdrawal,6755,V32P-A044736,0,0.061134768649935722,0.060888877511024474,0,0
recipient_withdrawal,6756,V32P-A044749,0,0.63596267700195308,0.63096609115600588,1,1
recipient_withdrawal,6757,V32P-A044750,0,0.63072311878204346,0.62639359235763548,1,1
recipient_withdrawal,6758,V32P-A044751,0,0.60385262966156006,0.60069040656089778,0,0
recipient_withdrawal,6759,V32P-A044752,0,0.56723598837852474,0.56487538218498234,0,0
recipient_withdrawal,6760,V32P-A044753,0,0.51066035628318784,0.50946263670921321,0,0
recipient_withdrawal,6761,V32P-A044754,0,0.044691326469182967,0.045162241905927658,0,0
recipient_withdrawal,6762,V32P-A044773,0,0.64265142679214482,0.63747812509536739,1,1
recipient_withdrawal,6763,V32P-A044774,0,0.48563973307609559,0.48031487464904787,0,0
recipient_withdrawal,6764,V32P-A044775,0,0.43580244779586791,0.43023141026496886,0,0
recipient_withdrawal,6765,V32P-A044776,0,0.43603608608245847,0.4298082232475281,0,0
recipient_withdrawal,6766,V32P-A044777,0,0.31595138609409334,0.30923465788364413,0,0
recipient_withdrawal,6767,V32P-A044778,0,0.15808653980493545,0.15502029806375503,0,0
recipient_withdrawal,6768,V32P-A044797,0,0.44736507534980774,0.44591374397277833,0,0
recipient_withdrawal,6769,V32P-A044798,0,0.46209663748741148,0.46113419532775879,0,0
recipient_withdrawal,6770,V32P-A044799,0,0.44913851618766787,0.44849179983139037,0,0
recipient_withdrawal,6771,V32P-A044800,0,0.39628121852874754,0.39589162468910216,0,0
recipient_withdrawal,6772,V32P-A044801,0,0.33954210281372071,0.33957766294479369,0,0
recipient_withdrawal,6773,V32P-A044802,0,0.16990507841110231,0.17044242024421691,0,0
recipient_withdrawal,6774,V32P-A044947,0,0.74676811695098877,0.74047747850418089,1,1
recipient_withdrawal,6775,V32P-A044948,0,0.56884055137634282,0.56219850778579716,0,0
recipient_withdrawal,6776,V32P-A044949,0,0.51859733462333679,0.51363258957862856,0,0
recipient_withdrawal,6777,V32P-A044950,0,0.39813581705093382,0.39344677925109861,0,0
recipient_withdrawal,6778,V32P-A044951,0,0.40933021306991579,0.40278223156929016,0,0
recipient_withdrawal,6779,V32P-A044952,0,0.17194918692111968,0.17045127451419831,0,0
recipient_withdrawal,6780,V32P-A045013,0,0.66635271310806277,0.66156890392303469,1,1
recipient_withdrawal,6781,V32P-A045014,0,0.53283962607383728,0.52431736588478084,0,0
recipient_withdrawal,6782,V32P-A045015,0,0.52661758065223696,0.51959547996520994,0,0
recipient_withdrawal,6783,V32P-A045016,0,0.4673369824886322,0.4615719258785248,0,0
recipient_withdrawal,6784,V32P-A045017,0,0.36927441358566282,0.36430472731590269,0,0
recipient_withdrawal,6785,V32P-A045018,0,0.14954534769058228,0.14828259646892547,0,0
recipient_withdrawal,6786,V32P-A045037,0,0.6295749425888062,0.62112499475479122,1,1
recipient_withdrawal,6787,V32P-A045038,0,0.6244725823402405,0.6174152016639709,1,0
recipient_withdrawal,6788,V32P-A045039,0,0.55069917440414429,0.54301668405532832,0,0
recipient_withdrawal,6789,V32P-A045040,0,0.45625411272048949,0.44976693987846372,0,0
recipient_withdrawal,6790,V32P-A045041,0,0.37480658888816831,0.37118662595748902,0,0
recipient_withdrawal,6791,V32P-A045042,0,0.14169294238090516,0.14167730510234833,0,0
recipient_withdrawal,6792,V32P-A045043,0,0.68739988803863528,0.68097320795059202,1,1
recipient_withdrawal,6793,V32P-A045044,0,0.51984174847602849,0.51007749438285832,0,0
recipient_withdrawal,6794,V32P-A045045,0,0.42523784637451173,0.41264023184776305,0,0
recipient_withdrawal,6795,V32P-A045046,0,0.28218325376510622,0.27208435535430908,0,0
recipient_withdrawal,6796,V32P-A045047,0,0.19772807955741883,0.19074406027793883,0,0
recipient_withdrawal,6797,V32P-A045048,0,0.07372869029641152,0.071525771170854568,0,0
recipient_withdrawal,6798,V32P-A045085,0,0.46279991865158082,0.46208580732345583,0,0
recipient_withdrawal,6799,V32P-A045086,0,0.41995211839675906,0.41312129497528077,0,0
recipient_withdrawal,6800,V32P-A045087,0,0.41080918908119202,0.41110855937004087,0,0
recipient_withdrawal,6801,V32P-A045088,0,0.33633830547332766,0.33742718696594237,0,0
recipient_withdrawal,6802,V32P-A045089,0,0.27002499699592591,0.27310729622840879,0,0
recipient_withdrawal,6803,V32P-A045090,0,0.12264809906482696,0.1244872659444809,0,0
recipient_withdrawal,6804,V32P-A045163,0,0.6786661028862,0.67348963022232056,1,1
recipient_withdrawal,6805,V32P-A045164,0,0.56455537080764773,0.56064990758895872,0,0
recipient_withdrawal,6806,V32P-A045165,0,0.51680128574371342,0.51385040283203121,0,0
recipient_withdrawal,6807,V32P-A045166,0,0.41987572908401488,0.41665073037147521,0,0
recipient_withdrawal,6808,V32P-A045167,0,0.33651834130287173,0.33399842381477357,0,0
recipient_withdrawal,6809,V32P-A045168,0,0.15145898759365081,0.15084241926670075,0,0
recipient_withdrawal,6810,V32P-A045199,0,0.53139678835868831,0.51887442469596867,0,0
recipient_withdrawal,6811,V32P-A045200,0,0.54818845391273496,0.53703632950782776,0,0
recipient_withdrawal,6812,V32P-A045201,0,0.5150582075119019,0.50429885983467104,0,0
recipient_withdrawal,6813,V32P-A045202,0,0.44127106666564941,0.43194657564163208,0,0
recipient_withdrawal,6814,V32P-A045203,0,0.36134071052074435,0.35352609455585482,0,0
recipient_withdrawal,6815,V32P-A045204,0,0.17117226421833037,0.16722443401813508,0,0
recipient_withdrawal,6816,V32P-A045259,0,0.70146925449371333,0.69882605075836179,1,1
recipient_withdrawal,6817,V32P-A045260,0,0.5572023212909698,0.55489218831062315,0,0
recipient_withdrawal,6818,V32P-A045261,0,0.63762059211730959,0.6278319716453552,1,1
recipient_withdrawal,6819,V32P-A045262,0,0.47706519961357119,0.47494457960128783,0,0
recipient_withdrawal,6820,V32P-A045263,0,0.39255295097827914,0.39200364649295805,0,0
recipient_withdrawal,6821,V32P-A045264,0,0.19201916158199311,0.19372086822986603,0,0
recipient_withdrawal,6822,V32P-A045325,0,0.62768976688385014,0.62376978397369387,1,1
recipient_withdrawal,6823,V32P-A045326,0,0.63844060897827148,0.63611394166946411,1,1
recipient_withdrawal,6824,V32P-A045327,0,0.64945501089096069,0.64663324356079099,1,1
recipient_withdrawal,6825,V32P-A045328,0,0.59495853185653691,0.59120506048202515,0,0
recipient_withdrawal,6826,V32P-A045329,0,0.54106758832931523,0.53666150569915771,0,0
recipient_withdrawal,6827,V32P-A045330,0,0.3305992126464844,0.32864097952842714,0,0
recipient_withdrawal,6828,V32P-A045337,0,0.67388444542884829,0.66440802216529848,1,1
recipient_withdrawal,6829,V32P-A045338,0,0.56564879417419434,0.5541140675544739,0,0
recipient_withdrawal,6830,V32P-A045339,0,0.47078260779380798,0.45876888632774354,0,0
recipient_withdrawal,6831,V32P-A045340,0,0.33857856392860414,0.32720636725425722,0,0
recipient_withdrawal,6832,V32P-A045341,0,0.25527174174785616,0.24652360975742341,0,0
recipient_withdrawal,6833,V32P-A045342,0,0.1119884666055441,0.1097331415861845,0,0
recipient_withdrawal,6834,V32P-A045361,0,0.30658324062824249,0.30351216495037081,0,0
recipient_withdrawal,6835,V32P-A045362,0,0.35441232323646543,0.35184144973754883,0,0
recipient_withdrawal,6836,V32P-A045363,0,0.36546071767807009,0.36333155035972597,0,0
recipient_withdrawal,6837,V32P-A045364,0,0.30487498641014099,0.30304318070411684,0,0
recipient_withdrawal,6838,V32P-A045365,0,0.25088168382644654,0.24950679540634155,0,0
recipient_withdrawal,6839,V32P-A045366,0,0.11542299985885621,0.11554701328277588,0,0
recipient_withdrawal,6840,V32P-A045457,0,0.68991659879684453,0.68764961957931514,1,1
recipient_withdrawal,6841,V32P-A045458,0,0.57604990005493162,0.57445254325866701,0,0
recipient_withdrawal,6842,V32P-A045459,0,0.50700013041496272,0.50566472411155705,0,0
recipient_withdrawal,6843,V32P-A045460,0,0.42913210988044737,0.42842179536819458,0,0
recipient_withdrawal,6844,V32P-A045461,0,0.35314182043075559,0.35296016335487368,0,0
recipient_withdrawal,6845,V32P-A045462,0,0.029909844137728216,0.03022396508604288,0,0
recipient_withdrawal,6846,V32P-A045469,0,0.69550318717956539,0.69055336713790894,1,1
recipient_withdrawal,6847,V32P-A045470,0,0.63833562135696409,0.63258429765701296,1,1
recipient_withdrawal,6848,V32P-A045471,0,0.66775075197219846,0.66241571903228758,1,1
recipient_withdrawal,6849,V32P-A045472,0,0.68714790344238286,0.6819937109947205,1,1
recipient_withdrawal,6850,V32P-A045473,1,0.57703940272331233,0.57211179137229917,0,0
recipient_withdrawal,6851,V32P-A045474,0,0.041555895842611788,0.041710931248962878,0,0
recipient_withdrawal,6852,V32P-A045499,0,0.61939592361450191,0.61677452325820925,0,0
recipient_withdrawal,6853,V32P-A045500,0,0.52958648204803471,0.52772127389907841,0,0
recipient_withdrawal,6854,V32P-A045501,0,0.46403295397758482,0.46168664693832395,0,0
recipient_withdrawal,6855,V32P-A045502,0,0.3848637819290161,0.38270191550254823,0,0
recipient_withdrawal,6856,V32P-A045503,1,0.36396393775939939,0.36225912570953367,0,0
recipient_withdrawal,6857,V32P-A045504,0,0.028701826371252535,0.029151182062923907,0,0
recipient_withdrawal,6858,V32P-A045523,0,0.4286171317100525,0.42784324288368225,0,0
recipient_withdrawal,6859,V32P-A045524,0,0.40751117467880249,0.40738976597785947,0,0
recipient_withdrawal,6860,V32P-A045525,0,0.38064826130867002,0.38048319220542909,0,0
recipient_withdrawal,6861,V32P-A045526,0,0.31997432708740237,0.32012118697166442,0,0
recipient_withdrawal,6862,V32P-A045527,0,0.25339565277099607,0.25410406589508056,0,0
recipient_withdrawal,6863,V32P-A045528,0,0.1164748415350914,0.11767880767583846,0,0
recipient_withdrawal,6864,V32P-A045583,0,0.4973915755748749,0.49663820862770081,0,0
recipient_withdrawal,6865,V32P-A045584,0,0.44679169058799745,0.44577746391296386,0,0
recipient_withdrawal,6866,V32P-A045585,0,0.46338741183280946,0.46315783858299253,0,0
recipient_withdrawal,6867,V32P-A045586,0,0.414928138256073,0.41489176154136659,0,0
recipient_withdrawal,6868,V32P-A045587,1,0.35136050879955294,0.35227693617343903,0,0
recipient_withdrawal,6869,V32P-A045588,0,0.025757108256220816,0.026529747247695922,0,0
recipient_withdrawal,6870,V32P-A045619,0,0.54596682786941531,0.54313046932220455,0,0
recipient_withdrawal,6871,V32P-A045620,0,0.50901219844818113,0.50654999017715452,0,0
recipient_withdrawal,6872,V32P-A045621,0,0.47729062438011172,0.47457632422447205,0,0
recipient_withdrawal,6873,V32P-A045622,0,0.39260908365249636,0.38997563123703005,0,0
recipient_withdrawal,6874,V32P-A045623,0,0.31649452745914458,0.31460874974727632,0,0
recipient_withdrawal,6875,V32P-A045624,0,0.02344478163868189,0.023855816014111041,0,0
recipient_withdrawal,6876,V32P-A045697,0,0.78918526172637937,0.78514972925186155,1,1
recipient_withdrawal,6877,V32P-A045698,0,0.63288053274154665,0.62657291889190669,1,1
recipient_withdrawal,6878,V32P-A045699,0,0.66431977748870852,0.66013851165771487,1,1
recipient_withdrawal,6879,V32P-A045700,0,0.52361497282981873,0.51817844510078426,0,0
recipient_withdrawal,6880,V32P-A045701,0,0.5375433743000031,0.53204037547111516,0,0
recipient_withdrawal,6881,V32P-A045702,0,0.27290453314781188,0.27014391422271727,0,0
recipient_withdrawal,6882,V32P-A045811,0,0.62139402627944951,0.61926938295364375,1,0
recipient_withdrawal,6883,V32P-A045812,0,0.56279366016387944,0.5606701254844666,0,0
recipient_withdrawal,6884,V32P-A045813,0,0.40861862897872925,0.40657514333724976,0,0
recipient_withdrawal,6885,V32P-A045814,0,0.34453150928020476,0.34504614770412445,0,0
recipient_withdrawal,6886,V32P-A045815,0,0.32333746552467346,0.32452179789543151,0,0
recipient_withdrawal,6887,V32P-A045816,0,0.15546747297048569,0.15775998681783676,0,0
recipient_withdrawal,6888,V32P-A045841,0,0.62459034919738765,0.6233524441719055,1,1
recipient_withdrawal,6889,V32P-A045842,0,0.46264201402664185,0.4639842391014099,0,0
recipient_withdrawal,6890,V32P-A045843,0,0.37096228003501891,0.37313380837440491,0,0
recipient_withdrawal,6891,V32P-A045844,0,0.35746200680732726,0.36000408530235289,0,0
recipient_withdrawal,6892,V32P-A045845,0,0.29906839430332183,0.29574821293354037,0,0
recipient_withdrawal,6893,V32P-A045846,0,0.16610246896743774,0.16915904879570007,0,0
recipient_withdrawal,6894,V32P-A045871,0,0.46313300728797913,0.46379778981208802,0,0
recipient_withdrawal,6895,V32P-A045872,0,0.41856852769851682,0.42038121223449709,0,0
recipient_withdrawal,6896,V32P-A045873,0,0.40702058672904967,0.41006835699081423,0,0
recipient_withdrawal,6897,V32P-A045874,1,0.34369604587554931,0.34701061248779297,0,0
recipient_withdrawal,6898,V32P-A045875,0,0.04965096488595009,0.051324178278446195,0,0
recipient_withdrawal,6899,V32P-A045876,0,0.020141690038144588,0.020836211554706097,0,0
recipient_withdrawal,6900,V32P-A045877,0,0.48313031792640687,0.48084396719932554,0,0
recipient_withdrawal,6901,V32P-A045878,0,0.4485261797904968,0.44634526371955874,0,0
recipient_withdrawal,6902,V32P-A045879,0,0.40394487977027893,0.40194312334060667,0,0
recipient_withdrawal,6903,V32P-A045880,0,0.33697329163551332,0.33466855883598329,0,0
recipient_withdrawal,6904,V32P-A045881,0,0.28163838684558867,0.27973404824733733,0,0
recipient_withdrawal,6905,V32P-A045882,0,0.16268757432699205,0.16180123835802079,0,0
recipient_withdrawal,6906,V32P-A045895,0,0.28405464589595797,0.2783415228128433,0,0
recipient_withdrawal,6907,V32P-A045896,0,0.31737516522407533,0.31245633959770203,0,0
recipient_withdrawal,6908,V32P-A045897,0,0.28402180671691896,0.27955471873283388,0,0
recipient_withdrawal,6909,V32P-A045898,1,0.22732940912246705,0.22340645790100097,0,0
recipient_withdrawal,6910,V32P-A045899,0,0.029641312733292579,0.029952904954552651,0,0
recipient_withdrawal,6911,V32P-A045900,0,0.012987512350082397,0.013160252384841442,0,0
recipient_withdrawal,6912,V32P-A045907,0,0.72101166248321535,0.70506285429000859,1,1
recipient_withdrawal,6913,V32P-A045908,0,0.51595367789268498,0.49833281040191652,0,0
recipient_withdrawal,6914,V32P-A045909,0,0.47489234209060671,0.46240259408950807,0,0
recipient_withdrawal,6915,V32P-A045910,0,0.41593945622444151,0.40705295801162722,0,0
recipient_withdrawal,6916,V32P-A045911,0,0.33490230739116666,0.32806594073772433,0,0
recipient_withdrawal,6917,V32P-A045912,0,0.14950617104768754,0.1476850464940071,0,0
recipient_withdrawal,6918,V32P-A045919,0,0.5097313463687897,0.50384368300437932,0,0
recipient_withdrawal,6919,V32P-A045920,0,0.45742951631546019,0.45237068533897401,0,0
recipient_withdrawal,6920,V32P-A045921,0,0.40174929201602938,0.39770834743976591,0,0
recipient_withdrawal,6921,V32P-A045922,0,0.34784866869449615,0.34445323050022125,0,0
recipient_withdrawal,6922,V32P-A045923,0,0.28035401105880736,0.2771033227443695,0,0
recipient_withdrawal,6923,V32P-A045924,0,0.14517229571938514,0.14410437420010566,0,0
recipient_withdrawal,6924,V32P-A046081,1,0.60553703308105467,0.60006450414657597,0,0
recipient_withdrawal,6925,V32P-A046082,1,0.57483462095260618,0.57011537551879887,0,0
recipient_withdrawal,6926,V32P-A046083,1,0.53404719233512876,0.53090088963508608,0,0
recipient_withdrawal,6927,V32P-A046084,0,0.07838016003370285,0.078993728756904608,0,0
recipient_withdrawal,6928,V32P-A046085,0,0.058108435571193696,0.058707860857248308,0,0
recipient_withdrawal,6929,V32P-A046086,0,0.025150470435619354,0.02543957605957985,0,0
recipient_withdrawal,6930,V32P-A046165,0,0.80884931087493894,0.80158276557922359,1,1
recipient_withdrawal,6931,V32P-A046166,0,0.73062634468078613,0.72105987071990962,1,1
recipient_withdrawal,6932,V32P-A046167,0,0.63155540227890017,0.61387153267860417,1,0
recipient_withdrawal,6933,V32P-A046168,0,0.54123354554176328,0.53102118372917173,0,0
recipient_withdrawal,6934,V32P-A046169,0,0.44570990204811095,0.43854748010635375,0,0
recipient_withdrawal,6935,V32P-A046170,0,0.036473254673182964,0.036611430160701272,0,0
recipient_withdrawal,6936,V32P-A046177,0,0.59787084460258488,0.58973593115806577,0,0
recipient_withdrawal,6937,V32P-A046178,0,0.5481659889221191,0.54105782508850098,0,0
recipient_withdrawal,6938,V32P-A046179,0,0.50787382721900942,0.50243100523948669,0,0
recipient_withdrawal,6939,V32P-A046180,0,0.42132559418678284,0.41623423695564271,0,0
recipient_withdrawal,6940,V32P-A046181,0,0.34729866385459901,0.34307122230529785,0,0
recipient_withdrawal,6941,V32P-A046182,0,0.19347117245197296,0.19191345870494841,0,0
recipient_withdrawal,6942,V32P-A046189,0,0.65405956506729124,0.65009796619415283,1,1
recipient_withdrawal,6943,V32P-A046190,0,0.57883312702178957,0.57668623924255369,0,0
recipient_withdrawal,6944,V32P-A046191,0,0.54326966404914856,0.54199052453041074,0,0
recipient_withdrawal,6945,V32P-A046192,0,0.47039169669151304,0.46946669220924375,0,0
recipient_withdrawal,6946,V32P-A046193,1,0.42936131954193113,0.42931639552116396,0,0
recipient_withdrawal,6947,V32P-A046194,0,0.031804678216576579,0.032302254810929298,0,0
recipient_withdrawal,6948,V32P-A046195,0,0.62341699600219724,0.61476514339447019,1,0
recipient_withdrawal,6949,V32P-A046196,0,0.6085077047348022,0.60032659769058228,0,0
recipient_withdrawal,6950,V32P-A046197,0,0.49280755519866942,0.48485274910926818,0,0
recipient_withdrawal,6951,V32P-A046198,0,0.41141906976699827,0.40535472035408021,0,0
recipient_withdrawal,6952,V32P-A046199,0,0.33509009778499604,0.33084526956081389,0,0
recipient_withdrawal,6953,V32P-A046200,0,0.16641346812248231,0.1648653581738472,0,0
recipient_withdrawal,6954,V32P-A046267,0,0.51409628391265871,0.50520467758178711,0,0
recipient_withdrawal,6955,V32P-A046268,0,0.48036629855632784,0.47358016669750214,0,0
recipient_withdrawal,6956,V32P-A046269,0,0.42033103108406067,0.41405414342880248,0,0
recipient_withdrawal,6957,V32P-A046270,0,0.35492637753486633,0.34889178276062011,0,0
recipient_withdrawal,6958,V32P-A046271,0,0.29066730588674544,0.28596350997686387,0,0
recipient_withdrawal,6959,V32P-A046272,0,0.13376010023057461,0.13260651640594007,0,0
recipient_withdrawal,6960,V32P-A046273,0,0.3487565040588379,0.34110345244407653,0,0
recipient_withdrawal,6961,V32P-A046274,0,0.40459781885147095,0.39346991777420043,0,0
recipient_withdrawal,6962,V32P-A046275,0,0.40595298409461977,0.39943860173225404,0,0
recipient_withdrawal,6963,V32P-A046276,0,0.34931633472442625,0.34347897171974184,0,0
recipient_withdrawal,6964,V32P-A046277,0,0.28580447733402253,0.28093469440937041,0,0
recipient_withdrawal,6965,V32P-A046278,0,0.13333601951599122,0.13158777356147766,0,0
recipient_withdrawal,6966,V32P-A046291,0,0.83376731872558596,0.82627460956573484,1,1
recipient_withdrawal,6967,V32P-A046292,0,0.6846749067306519,0.67499449253082278,1,1
recipient_withdrawal,6968,V32P-A046293,0,0.59843073487281795,0.59101305007934568,0,0
recipient_withdrawal,6969,V32P-A046294,0,0.54809180498123167,0.54245713353157043,0,0
recipient_withdrawal,6970,V32P-A046295,0,0.53832541108131404,0.53139912486076357,0,0
recipient_withdrawal,6971,V32P-A046296,0,0.048664445988833904,0.048733248747885226,0,0
recipient_withdrawal,6972,V32P-A046309,0,0.70055533647537227,0.69236167669296267,1,1
recipient_withdrawal,6973,V32P-A046310,0,0.6433422446250916,0.63510485887527468,1,1
recipient_withdrawal,6974,V32P-A046311,0,0.57123546600341801,0.56373907327651973,0,0
recipient_withdrawal,6975,V32P-A046312,0,0.44338836669921877,0.43559259772300718,0,0
recipient_withdrawal,6976,V32P-A046313,0,0.33853269219398496,0.33302045464515684,0,0
recipient_withdrawal,6977,V32P-A046314,0,0.13694998621940613,0.13493399918079377,0,0
recipient_withdrawal,6978,V32P-A046351,0,0.70467183589935301,0.70169222354888916,1,1
recipient_withdrawal,6979,V32P-A046352,0,0.50783328413963313,0.50617448687553401,0,0
recipient_withdrawal,6980,V32P-A046353,0,0.39187849760055543,0.3855116069316864,0,0
recipient_withdrawal,6981,V32P-A046354,0,0.46755187511444091,0.4653857946395874,0,0
recipient_withdrawal,6982,V32P-A046355,0,0.31894119381904601,0.31802038550376893,0,0
recipient_withdrawal,6983,V32P-A046356,0,0.15839838981628418,0.1587403029203415,0,0
recipient_withdrawal,6984,V32P-A046429,1,0.77562445402145386,0.7687940835952759,1,1
recipient_withdrawal,6985,V32P-A046430,1,0.67815421819686894,0.66802204847335811,1,1
recipient_withdrawal,6986,V32P-A046431,1,0.60680550336837769,0.59809489250183101,0,0
recipient_withdrawal,6987,V32P-A046432,0,0.095589126273989675,0.095308002457022672,0,0
recipient_withdrawal,6988,V32P-A046433,0,0.071090316399931908,0.071061670407652849,0,0
recipient_withdrawal,6989,V32P-A046434,0,0.031990458630025385,0.032055708579719067,0,0
recipient_withdrawal,6990,V32P-A046453,0,0.2704898238182068,0.26909322142601011,0,0
recipient_withdrawal,6991,V32P-A046454,0,0.30280227065086363,0.30161239504814147,0,0
recipient_withdrawal,6992,V32P-A046455,0,0.27584846317768097,0.27439486086368559,0,0
recipient_withdrawal,6993,V32P-A046456,0,0.22953736186027526,0.22835177779197693,0,0
recipient_withdrawal,6994,V32P-A046457,0,0.18162370324134827,0.18079562485218048,0,0
recipient_withdrawal,6995,V32P-A046458,0,0.086785578727722162,0.087266904115676877,0,0
recipient_withdrawal,6996,V32P-A046477,0,0.65611007213592532,0.6499883651733398,1,1
recipient_withdrawal,6997,V32P-A046478,0,0.48517481088638303,0.47666933536529543,0,0
recipient_withdrawal,6998,V32P-A046479,0,0.43908041715621948,0.42967070937156676,0,0
recipient_withdrawal,6999,V32P-A046480,0,0.42989656925201414,0.42024019360542297,0,0
recipient_withdrawal,7000,V32P-A046481,0,0.35768496990203857,0.34789960980415346,0,0
recipient_withdrawal,7001,V32P-A046482,0,0.19204827547073364,0.18386976420879364,0,0
recipient_withdrawal,7002,V32P-A046519,0,0.46307885050773623,0.4582974910736084,0,0
recipient_withdrawal,7003,V32P-A046520,0,0.43617326021194458,0.43183869123458862,0,0
recipient_withdrawal,7004,V32P-A046521,0,0.35948235392570493,0.35731195211410521,0,0
recipient_withdrawal,7005,V32P-A046522,0,0.28478987216949464,0.28367879390716555,0,0
recipient_withdrawal,7006,V32P-A046523,1,0.24967696368694306,0.24904132783412933,0,0
recipient_withdrawal,7007,V32P-A046524,0,0.024344847397878767,0.024552523577585816,0,0
recipient_withdrawal,7008,V32P-A046543,0,0.48855226635932925,0.48432446718215943,0,0
recipient_withdrawal,7009,V32P-A046544,0,0.46038331985473635,0.45588960051536559,0,0
recipient_withdrawal,7010,V32P-A046545,0,0.41644493937492372,0.4130342721939087,0,0
recipient_withdrawal,7011,V32P-A046546,0,0.40217734575271608,0.39777569770812987,0,0
recipient_withdrawal,7012,V32P-A046547,0,0.31745093762874604,0.30489363968372346,0,0
recipient_withdrawal,7013,V32P-A046548,0,0.14094898998737335,0.1394420474767685,0,0
recipient_withdrawal,7014,V32P-A046567,0,0.60763574242591856,0.59976201653480532,0,0
recipient_withdrawal,7015,V32P-A046568,0,0.63399745225906368,0.6265620112419128,1,1
recipient_withdrawal,7016,V32P-A046569,0,0.60922721624374387,0.6028552293777466,0,0
recipient_withdrawal,7017,V32P-A046570,0,0.55930144190788267,0.55381274819374082,0,0
recipient_withdrawal,7018,V32P-A046571,0,0.5003037571907043,0.49585127234458926,0,0
recipient_withdrawal,7019,V32P-A046572,0,0.28570819795131686,0.28473903238773346,0,0
recipient_withdrawal,7020,V32P-A046609,0,0.66339951753616333,0.65888242721557622,1,1
recipient_withdrawal,7021,V32P-A046610,0,0.55979648828506468,0.55347093343734743,0,0
recipient_withdrawal,7022,V32P-A046611,0,0.54973345994949341,0.54438315629959111,0,0
recipient_withdrawal,7023,V32P-A046612,0,0.48427361845970152,0.47943951487541198,0,0
recipient_withdrawal,7024,V32P-A046613,0,0.39199877977371217,0.38848404884338378,0,0
recipient_withdrawal,7025,V32P-A046614,0,0.16658059060573577,0.16648877561092376,0,0
recipient_withdrawal,7026,V32P-A046687,0,0.80514043569564819,0.80065383911132815,1,1
recipient_withdrawal,7027,V32P-A046688,0,0.74145377874374385,0.73786550760269165,1,1
recipient_withdrawal,7028,V32P-A046689,0,0.59055085182189937,0.58951964378356936,0,0
recipient_withdrawal,7029,V32P-A046690,0,0.53421630859375002,0.53412690162658694,0,0
recipient_withdrawal,7030,V32P-A046691,0,0.43077138066291809,0.43166773915290835,0,0
recipient_withdrawal,7031,V32P-A046692,0,0.20122458338737487,0.20249372422695161,0,0
recipient_withdrawal,7032,V32P-A046705,0,0.42094679474830626,0.41889079213142394,0,0
recipient_withdrawal,7033,V32P-A046706,0,0.37003051042556762,0.36804581880569459,0,0
recipient_withdrawal,7034,V32P-A046707,0,0.37388526797294619,0.37303887605667113,0,0
recipient_withdrawal,7035,V32P-A046708,0,0.3263719230890274,0.32573277652263644,0,0
recipient_withdrawal,7036,V32P-A046709,1,0.26559560596942899,0.26482757627964021,0,0
recipient_withdrawal,7037,V32P-A046710,0,0.024134816508740185,0.024498497229069473,0,0
recipient_withdrawal,7038,V32P-A046819,0,0.46666162014007567,0.45599303245544431,0,0
recipient_withdrawal,7039,V32P-A046820,0,0.50718251466751096,0.50146868228912356,0,0
recipient_withdrawal,7040,V32P-A046821,0,0.4755123734474182,0.46961347460746766,0,0
recipient_withdrawal,7041,V32P-A046822,1,0.43743059635162351,0.43226303458213805,0,0
recipient_withdrawal,7042,V32P-A046823,0,0.059281956031918527,0.0591904167085886,0,0
recipient_withdrawal,7043,V32P-A046824,0,0.028214374743402004,0.028328505717217921,0,0
recipient_withdrawal,7044,V32P-A046933,0,0.52669054865837095,0.52170906662940975,0,0
recipient_withdrawal,7045,V32P-A046934,0,0.46661951541900637,0.46232728958129882,0,0
recipient_withdrawal,7046,V32P-A046935,0,0.39168446660041811,0.38813498020172121,0,0
recipient_withdrawal,7047,V32P-A046936,0,0.30451715886592867,0.30267531573772433,0,0
recipient_withdrawal,7048,V32P-A046937,0,0.26266644895076752,0.26177798211574554,0,0
recipient_withdrawal,7049,V32P-A046938,0,0.12071232050657273,0.12089758962392808,0,0
recipient_withdrawal,7050,V32P-A046975,0,0.83659231662750244,0.83028975725173948,1,1
recipient_withdrawal,7051,V32P-A046976,0,0.75077768564224245,0.74049601554870603,1,1
recipient_withdrawal,7052,V32P-A046977,0,0.73657016754150395,0.72742984294891355,1,1
recipient_withdrawal,7053,V32P-A046978,0,0.6831268191337585,0.67452350854873655,1,1
recipient_withdrawal,7054,V32P-A046979,1,0.75183283090591435,0.73577218055725102,1,1
recipient_withdrawal,7055,V32P-A046980,0,0.080059409514069563,0.079853872209787374,0,0
recipient_withdrawal,7056,V32P-A047089,0,0.63137555122375488,0.62770042419433592,1,1
recipient_withdrawal,7057,V32P-A047090,0,0.62586667537689211,0.61527007818222046,1,0
recipient_withdrawal,7058,V32P-A047091,0,0.60385780334472661,0.60049461126327519,0,0
recipient_withdrawal,7059,V32P-A047092,0,0.5968849301338196,0.59306458234786985,0,0
recipient_withdrawal,7060,V32P-A047093,0,0.52719774246215823,0.52408741712570195,0,0
recipient_withdrawal,7061,V32P-A047094,0,0.30606532692909239,0.30546978712081907,0,0
recipient_withdrawal,7062,V32P-A047143,0,0.72028270959854124,0.71492472887039182,1,1
recipient_withdrawal,7063,V32P-A047144,0,0.58963686227798462,0.57990443706512451,0,0
recipient_withdrawal,7064,V32P-A047145,0,0.46946387290954589,0.46000305414199827,0,0
recipient_withdrawal,7065,V32P-A047146,0,0.5302807092666626,0.52342386245727535,0,0
recipient_withdrawal,7066,V32P-A047147,0,0.34729951620101929,0.3407879710197449,0,0
recipient_withdrawal,7067,V32P-A047148,0,0.17725424319505692,0.17407165318727494,0,0
recipient_withdrawal,7068,V32P-A047173,0,0.54513323903083799,0.54011916518211367,0,0
recipient_withdrawal,7069,V32P-A047174,0,0.50870695114135744,0.50360375642776489,0,0
recipient_withdrawal,7070,V32P-A047175,0,0.47343506217002868,0.46857314705848696,0,0
recipient_withdrawal,7071,V32P-A047176,0,0.41124122738838198,0.40782841444015505,0,0
recipient_withdrawal,7072,V32P-A047177,1,0.37025989890098571,0.36758055090904235,0,0
recipient_withdrawal,7073,V32P-A047178,0,0.028925811313092707,0.0292198883369565,0,0
recipient_withdrawal,7074,V32P-A047269,1,0.52199816703796387,0.51660794019699097,0,0
recipient_withdrawal,7075,V32P-A047270,1,0.56953799128532412,0.5643899142742157,0,0
recipient_withdrawal,7076,V32P-A047271,1,0.65662212371826167,0.65050450563430784,1,1
recipient_withdrawal,7077,V32P-A047272,0,0.09946470707654953,0.099433568120002744,0,0
recipient_withdrawal,7078,V32P-A047273,0,0.078600245714187625,0.078769445419311523,0,0
recipient_withdrawal,7079,V32P-A047274,0,0.034728356078267096,0.034879007190465924,0,0
recipient_withdrawal,7080,V32P-A047311,0,0.6308418273925781,0.6263432502746582,1,1
recipient_withdrawal,7081,V32P-A047312,0,0.59141941070556636,0.58846235871315,0,0
recipient_withdrawal,7082,V32P-A047313,0,0.50864194035530086,0.50691657066345219,0,0
recipient_withdrawal,7083,V32P-A047314,0,0.43467158079147339,0.43383708000183108,0,0
recipient_withdrawal,7084,V32P-A047315,0,0.37037321925163269,0.37003366351127626,0,0
recipient_withdrawal,7085,V32P-A047316,0,0.035312923789024356,0.035599819011986257,0,0
recipient_withdrawal,7086,V32P-A047395,1,0.84161908626556392,0.83627692461013792,1,1
recipient_withdrawal,7087,V32P-A047396,1,0.69557088613510132,0.68978571891784668,1,1
recipient_withdrawal,7088,V32P-A047397,1,0.67371351718902583,0.66878140568733213,1,1
recipient_withdrawal,7089,V32P-A047398,0,0.24353308528661727,0.24252271801233291,0,0
recipient_withdrawal,7090,V32P-A047399,0,0.15855617299675942,0.15842452868819237,0,0
recipient_withdrawal,7091,V32P-A047400,0,0.069742823019623756,0.069778926298022265,0,0
recipient_withdrawal,7092,V32P-A047455,0,0.84450322389602661,0.83875702619552617,1,1
recipient_withdrawal,7093,V32P-A047456,0,0.72717441320419307,0.71779025793075557,1,1
recipient_withdrawal,7094,V32P-A047457,0,0.8207326292991638,0.80925043821334841,1,1
recipient_withdrawal,7095,V32P-A047458,0,0.59063799381256099,0.57895528078079228,0,0
recipient_withdrawal,7096,V32P-A047459,0,0.50324834585189815,0.49316846132278441,0,0
recipient_withdrawal,7097,V32P-A047460,0,0.24352947771549224,0.23953850269317628,0,0
recipient_withdrawal,7098,V32P-A047491,0,0.79293369054794316,0.7872787237167358,1,1
recipient_withdrawal,7099,V32P-A047492,0,0.66506655216217037,0.65637596845626833,1,1
recipient_withdrawal,7100,V32P-A047493,0,0.75665937662124638,0.74467977285385134,1,1
recipient_withdrawal,7101,V32P-A047494,0,0.61321212053298946,0.60320171117782595,0,0
recipient_withdrawal,7102,V32P-A047495,0,0.56664590239524837,0.55796851515769963,0,0
recipient_withdrawal,7103,V32P-A047496,0,0.34891979098320008,0.34265040755271914,0,0
recipient_withdrawal,7104,V32P-A047527,0,0.49191071987152102,0.48872740268707277,0,0
recipient_withdrawal,7105,V32P-A047528,0,0.43188664615154265,0.42941415011882783,0,0
recipient_withdrawal,7106,V32P-A047529,0,0.38956162631511687,0.38749079406261444,0,0
recipient_withdrawal,7107,V32P-A047530,0,0.32195111215114591,0.3204705983400345,0,0
recipient_withdrawal,7108,V32P-A047531,1,0.25698614865541458,0.25553364902734754,0,0
recipient_withdrawal,7109,V32P-A047532,0,0.026049215206876399,0.026294312486425043,0,0
recipient_withdrawal,7110,V32P-A047533,0,0.65971695184707646,0.65524817705154415,1,1
recipient_withdrawal,7111,V32P-A047534,0,0.56483058333396907,0.56083438992500301,0,0
recipient_withdrawal,7112,V32P-A047535,0,0.54213305115699773,0.53766379952430721,0,0
recipient_withdrawal,7113,V32P-A047536,1,0.47414633631706238,0.4697560131549835,0,0
recipient_withdrawal,7114,V32P-A047537,0,0.067479113489389425,0.067536159604787829,0,0
recipient_withdrawal,7115,V32P-A047538,0,0.032716271933168173,0.03293670518323779,0,0
recipient_withdrawal,7116,V32P-A047539,0,0.71253113746643071,0.70659469366073613,1,1
recipient_withdrawal,7117,V32P-A047540,0,0.59909584522247317,0.5911088824272156,0,0
recipient_withdrawal,7118,V32P-A047541,0,0.53492324948310854,0.5269815266132355,0,0
recipient_withdrawal,7119,V32P-A047542,0,0.4134253919124603,0.40529883503913877,0,0
recipient_withdrawal,7120,V32P-A047543,0,0.32556522488594053,0.3190001666545868,0,0
recipient_withdrawal,7121,V32P-A047544,0,0.14229729920625686,0.14034966677427291,0,0
recipient_withdrawal,7122,V32P-A047569,0,0.72137386798858638,0.71680371761322026,1,1
recipient_withdrawal,7123,V32P-A047570,0,0.5913782477378845,0.58492224216461186,0,0
recipient_withdrawal,7124,V32P-A047571,0,0.53450227975845332,0.52854200601577761,0,0
recipient_withdrawal,7125,V32P-A047572,0,0.47124644517898562,0.46346865892410277,0,0
recipient_withdrawal,7126,V32P-A047573,0,0.44984458088874818,0.44267615675926208,0,0
recipient_withdrawal,7127,V32P-A047574,0,0.20030192136764527,0.19711003303527833,0,0
recipient_withdrawal,7128,V32P-A047713,0,0.33363150954246523,0.32809110879898074,0,0
recipient_withdrawal,7129,V32P-A047714,0,0.43415491580963134,0.43063546419143678,0,0
recipient_withdrawal,7130,V32P-A047715,0,0.44019588232040407,0.4373999059200287,0,0
recipient_withdrawal,7131,V32P-A047716,0,0.35913820862770079,0.35617167353630064,0,0
recipient_withdrawal,7132,V32P-A047717,0,0.27277349531650541,0.27055272161960603,0,0
recipient_withdrawal,7133,V32P-A047718,0,0.12368147820234299,0.12361170202493668,0,0
recipient_withdrawal,7134,V32P-A047731,1,0.51965531110763552,0.51343425512313845,0,0
recipient_withdrawal,7135,V32P-A047732,1,0.37572208642959593,0.36859831213951111,0,0
recipient_withdrawal,7136,V32P-A047733,1,0.36712682843208311,0.3606155037879944,0,0
recipient_withdrawal,7137,V32P-A047734,0,0.067869482561945915,0.066726351901888845,0,0
recipient_withdrawal,7138,V32P-A047735,0,0.04282041173428297,0.042977274768054484,0,0
recipient_withdrawal,7139,V32P-A047736,0,0.016924569103866815,0.017054144013673066,0,0
recipient_withdrawal,7140,V32P-A047743,0,0.58564438819885256,0.5776686549186707,0,0
recipient_withdrawal,7141,V32P-A047744,0,0.53663811683654783,0.52825349569320679,0,0
recipient_withdrawal,7142,V32P-A047745,0,0.51058218479156492,0.50154794454574581,0,0
recipient_withdrawal,7143,V32P-A047746,0,0.44649452567100523,0.43727609515190125,0,0
recipient_withdrawal,7144,V32P-A047747,1,0.35776725113391877,0.34475423991680143,0,0
recipient_withdrawal,7145,V32P-A047748,0,0.029302471503615379,0.029291337355971336,0,0
recipient_withdrawal,7146,V32P-A047809,0,0.75893670320510864,0.75294752120971675,1,1
recipient_withdrawal,7147,V32P-A047810,0,0.60702857971191404,0.60013822317123411,0,0
recipient_withdrawal,7148,V32P-A047811,0,0.4850209653377533,0.47955659627914426,0,0
recipient_withdrawal,7149,V32P-A047812,0,0.41364982724189758,0.40893756747245791,0,0
recipient_withdrawal,7150,V32P-A047813,0,0.39154604673385618,0.38721196651458739,0,0
recipient_withdrawal,7151,V32P-A047814,0,0.17047778517007828,0.16927834749221801,0,0
recipient_withdrawal,7152,V32P-A047815,0,0.66376346349716187,0.66139175891876223,1,1
recipient_withdrawal,7153,V32P-A047816,0,0.59312135577201841,0.58669520020484922,0,0
recipient_withdrawal,7154,V32P-A047817,0,0.59437522888183592,0.59342940449714665,0,0
recipient_withdrawal,7155,V32P-A047818,0,0.57172409296035764,0.57182930111885066,0,0
recipient_withdrawal,7156,V32P-A047819,0,0.54934213757514949,0.5495715379714966,0,0
recipient_withdrawal,7157,V32P-A047820,0,0.29896295964717867,0.30101706981658938,0,0
recipient_withdrawal,7158,V32P-A047827,0,0.71917967796325688,0.71536284685134888,1,1
recipient_withdrawal,7159,V32P-A047828,0,0.61256892681121822,0.6077799439430237,0,0
recipient_withdrawal,7160,V32P-A047829,0,0.53836109638214114,0.53369768857955935,0,0
recipient_withdrawal,7161,V32P-A047830,0,0.45751473307609558,0.45382857322692871,0,0
recipient_withdrawal,7162,V32P-A047831,0,0.38427720069885252,0.38107056617736818,0,0
recipient_withdrawal,7163,V32P-A047832,0,0.19449353069067002,0.19331037998199463,0,0
recipient_withdrawal,7164,V32P-A047833,0,0.37008367180824281,0.37166115045547488,0,0
recipient_withdrawal,7165,V32P-A047834,0,0.43639179468154909,0.43944252729415895,0,0
recipient_withdrawal,7166,V32P-A047835,0,0.4299512505531311,0.43310810327529908,0,0
recipient_withdrawal,7167,V32P-A047836,0,0.36703423261642454,0.37119573950767515,0,0
recipient_withdrawal,7168,V32P-A047837,0,0.29735121726989744,0.30322176814079282,0,0
recipient_withdrawal,7169,V32P-A047838,0,0.12774230837821959,0.13108294010162352,0,0
recipient_withdrawal,7170,V32P-A047869,0,0.82011040449142458,0.81623256206512451,1,1
recipient_withdrawal,7171,V32P-A047870,0,0.7483836770057678,0.74384114742279051,1,1
recipient_withdrawal,7172,V32P-A047871,0,0.73094034194946289,0.72728354930877681,1,1
recipient_withdrawal,7173,V32P-A047872,0,0.72936860322952268,0.726060938835144,1,1
recipient_withdrawal,7174,V32P-A047873,0,0.71083238124847414,0.70694810152053833,1,1
recipient_withdrawal,7175,V32P-A047874,0,0.48797181844711301,0.48697541952133178,0,0
recipient_withdrawal,7176,V32P-A047875,0,0.44794185161590577,0.44158260822296141,0,0
recipient_withdrawal,7177,V32P-A047876,0,0.47403990030288695,0.46875459551811216,0,0
recipient_withdrawal,7178,V32P-A047877,0,0.43798251748085021,0.43403512239456177,0,0
recipient_withdrawal,7179,V32P-A047878,0,0.36726441383361819,0.36490657329559328,0,0
recipient_withdrawal,7180,V32P-A047879,0,0.28697419762611387,0.28591607213020326,0,0
recipient_withdrawal,7181,V32P-A047880,0,0.12058632224798202,0.12071859985589981,0,0
recipient_withdrawal,7182,V32P-A047905,0,0.49138441085815432,0.4893665611743927,0,0
recipient_withdrawal,7183,V32P-A047906,0,0.52052710056304929,0.52020929455757137,0,0
recipient_withdrawal,7184,V32P-A047907,0,0.50859109759330745,0.50979763865470884,0,0
recipient_withdrawal,7185,V32P-A047908,0,0.44766424894332885,0.44971523880958558,0,0
recipient_withdrawal,7186,V32P-A047909,0,0.37669345140457156,0.3795644760131836,0,0
recipient_withdrawal,7187,V32P-A047910,0,0.18208580315113068,0.18499435484409332,0,0
recipient_withdrawal,7188,V32P-A047935,1,0.68049495220184331,0.66919920444488523,1,1
recipient_withdrawal,7189,V32P-A047936,1,0.55652913451194763,0.54424826502799983,0,0
recipient_withdrawal,7190,V32P-A047937,1,0.42542434334754942,0.41082737445831297,0,0
recipient_withdrawal,7191,V32P-A047938,0,0.06327430456876755,0.062632236629724503,0,0
recipient_withdrawal,7192,V32P-A047939,0,0.044407571852207187,0.044211461395025256,0,0
recipient_withdrawal,7193,V32P-A047940,0,0.019272555597126484,0.01929337065666914,0,0
recipient_withdrawal,7194,V32P-A047947,0,0.5085627496242523,0.50590787529945369,0,0
recipient_withdrawal,7195,V32P-A047948,0,0.42523783445358276,0.42346718311309817,0,0
recipient_withdrawal,7196,V32P-A047949,0,0.35214594006538391,0.35093148946762087,0,0
recipient_withdrawal,7197,V32P-A047950,0,0.27791282832622527,0.27662149965763094,0,0
recipient_withdrawal,7198,V32P-A047951,0,0.21983853578567505,0.21891450583934785,0,0
recipient_withdrawal,7199,V32P-A047952,0,0.11462230309844017,0.11442369148135186,0,0
recipient_withdrawal,7200,V32P-A048001,1,0.70263592004775999,0.6917787909507751,1,1
recipient_withdrawal,7201,V32P-A048002,1,0.6101734399795532,0.5978917717933655,0,0
recipient_withdrawal,7202,V32P-A048003,0,0.11121402084827423,0.10966318547725677,0,0
recipient_withdrawal,7203,V32P-A048004,0,0.12123522609472275,0.11898365914821625,0,0
recipient_withdrawal,7204,V32P-A048005,0,0.062601156160235399,0.062080620601773259,0,0
recipient_withdrawal,7205,V32P-A048006,0,0.028353104926645757,0.028232058510184288,0,0
recipient_withdrawal,7206,V32P-A048025,0,0.46461372971534731,0.45839995741844175,0,0
recipient_withdrawal,7207,V32P-A048026,0,0.46535032391548159,0.45903655886650085,0,0
recipient_withdrawal,7208,V32P-A048027,0,0.38844469785690305,0.38184697628021241,0,0
recipient_withdrawal,7209,V32P-A048028,0,0.282814222574234,0.27722797989845277,0,0
recipient_withdrawal,7210,V32P-A048029,0,0.19363996684551238,0.19017020165920256,0,0
recipient_withdrawal,7211,V32P-A048030,0,0.080635587871074679,0.079980047047138209,0,0
recipient_withdrawal,7212,V32P-A048031,1,0.57190292477607729,0.56651293635368349,0,0
recipient_withdrawal,7213,V32P-A048032,1,0.50307212471961971,0.49866000413894651,0,0
recipient_withdrawal,7214,V32P-A048033,1,0.42204625904560089,0.41741223633289337,0,0
recipient_withdrawal,7215,V32P-A048034,0,0.084448183141648772,0.08440678175538778,0,0
recipient_withdrawal,7216,V32P-A048035,0,0.070399935543537143,0.070473384857177732,0,0
recipient_withdrawal,7217,V32P-A048036,0,0.034512255806475878,0.034581193793565036,0,0
recipient_withdrawal,7218,V32P-A048043,0,0.71030693054199223,0.70773564577102666,1,1
recipient_withdrawal,7219,V32P-A048044,0,0.61176850795745852,0.61068201065063477,0,0
recipient_withdrawal,7220,V32P-A048045,0,0.54232080578804021,0.54258382320404053,0,0
recipient_withdrawal,7221,V32P-A048046,0,0.47036280632019045,0.4713156521320343,0,0
recipient_withdrawal,7222,V32P-A048047,0,0.37848510742187502,0.38042033314704893,0,0
recipient_withdrawal,7223,V32P-A048048,0,0.17327565252780913,0.17540966272354125,0,0
recipient_withdrawal,7224,V32P-A048061,0,0.40662892758846281,0.39420655071735383,0,0
recipient_withdrawal,7225,V32P-A048062,0,0.42028598189353944,0.40650203227996828,0,0
recipient_withdrawal,7226,V32P-A048063,0,0.42723268270492554,0.41214460134506226,0,0
recipient_withdrawal,7227,V32P-A048064,0,0.4008027255535126,0.38481305241584779,0,0
recipient_withdrawal,7228,V32P-A048065,0,0.33684382140636443,0.32097226679325103,0,0
recipient_withdrawal,7229,V32P-A048066,0,0.19407535046339036,0.18634782880544662,0,0
recipient_withdrawal,7230,V32P-A048073,0,0.5579412162303925,0.54671806693077085,0,0
recipient_withdrawal,7231,V32P-A048074,0,0.56079584360122681,0.54958660602569576,0,0
recipient_withdrawal,7232,V32P-A048075,0,0.5488664329051971,0.53704262375831602,0,0
recipient_withdrawal,7233,V32P-A048076,0,0.51488359570503239,0.50133754611015324,0,0
recipient_withdrawal,7234,V32P-A048077,0,0.47071579098701477,0.457398921251297,0,0
recipient_withdrawal,7235,V32P-A048078,0,0.33587810695171355,0.32472093999385832,0,0
recipient_withdrawal,7236,V32P-A048079,0,0.43101544976234435,0.41926829814910888,0,0
recipient_withdrawal,7237,V32P-A048080,0,0.479240220785141,0.46795721650123595,0,0
recipient_withdrawal,7238,V32P-A048081,0,0.38806667327880862,0.37759360671043396,0,0
recipient_withdrawal,7239,V32P-A048082,0,0.28238855302333832,0.27591958343982698,0,0
recipient_withdrawal,7240,V32P-A048083,0,0.20814969539642333,0.20417466461658479,0,0
recipient_withdrawal,7241,V32P-A048084,0,0.087294032424688334,0.086668545752763754,0,0
recipient_withdrawal,7242,V32P-A048127,0,0.54060736894607542,0.53552601337432859,0,0
recipient_withdrawal,7243,V32P-A048128,0,0.4933532178401947,0.48776668906211851,0,0
recipient_withdrawal,7244,V32P-A048129,0,0.43403201103210448,0.42845783829689027,0,0
recipient_withdrawal,7245,V32P-A048130,0,0.40875846743583677,0.40423468351364134,0,0
recipient_withdrawal,7246,V32P-A048131,0,0.28996945917606354,0.28468005359172821,0,0
recipient_withdrawal,7247,V32P-A048132,0,0.13624454736709596,0.1346225470304489,0,0
recipient_withdrawal,7248,V32P-A048181,0,0.81032109260559082,0.80507956743240361,1,1
recipient_withdrawal,7249,V32P-A048182,0,0.6661638617515564,0.65881717205047607,1,1
recipient_withdrawal,7250,V32P-A048183,0,0.59149281978607182,0.58484301567077634,0,0
recipient_withdrawal,7251,V32P-A048184,0,0.71674213409423826,0.71036297082901001,1,1
recipient_withdrawal,7252,V32P-A048185,0,0.56700651645660405,0.55970112085342405,0,0
recipient_withdrawal,7253,V32P-A048186,0,0.048443314433097837,0.048507384955883026,0,0
recipient_withdrawal,7254,V32P-A048187,0,0.53163114786148069,0.52471622824668884,0,0
recipient_withdrawal,7255,V32P-A048188,0,0.50832074880599976,0.50139790177345278,0,0
recipient_withdrawal,7256,V32P-A048189,0,0.45720046758651733,0.45174747109413149,0,0
recipient_withdrawal,7257,V32P-A048190,0,0.47531939148902891,0.4712127149105072,0,0
recipient_withdrawal,7258,V32P-A048191,0,0.31643322408199309,0.31431115567684176,0,0
recipient_withdrawal,7259,V32P-A048192,0,0.15150620192289352,0.15160052627325057,0,0
recipient_withdrawal,7260,V32P-A048253,0,0.50029172897338869,0.49412891864776609,0,0
recipient_withdrawal,7261,V32P-A048254,0,0.42949842810630801,0.4230565667152405,0,0
recipient_withdrawal,7262,V32P-A048255,0,0.39311636686325074,0.38773354291915896,0,0
recipient_withdrawal,7263,V32P-A048256,0,0.327333003282547,0.32302080988883974,0,0
recipient_withdrawal,7264,V32P-A048257,0,0.26932199597358703,0.26608838737010954,0,0
recipient_withdrawal,7265,V32P-A048258,0,0.12789289355278016,0.12711531072854995,0,0
recipient_withdrawal,7266,V32P-A048301,1,0.70555448532104492,0.70324531793594358,1,1
recipient_withdrawal,7267,V32P-A048302,1,0.61365335583686831,0.61172563433647154,0,0
recipient_withdrawal,7268,V32P-A048303,1,0.55832768678665157,0.55752855539321899,0,0
recipient_withdrawal,7269,V32P-A048304,0,0.10281084328889847,0.10579941421747208,0,0
recipient_withdrawal,7270,V32P-A048305,0,0.089172942191362375,0.089774701744318008,0,0
recipient_withdrawal,7271,V32P-A048306,0,0.032713486067950728,0.033773784898221491,0,0
recipient_withdrawal,7272,V32P-A048361,0,0.56009217500686648,0.55741916894912724,0,0
recipient_withdrawal,7273,V32P-A048362,0,0.4559513986110687,0.45431600213050843,0,0
recipient_withdrawal,7274,V32P-A048363,0,0.41007090806961061,0.40902159214019773,0,0
recipient_withdrawal,7275,V32P-A048364,0,0.37949491143226621,0.37809169292449951,0,0
recipient_withdrawal,7276,V32P-A048365,0,0.32058119773864746,0.31986795067787172,0,0
recipient_withdrawal,7277,V32P-A048366,0,0.14906495809555054,0.14944972097873688,0,0
recipient_withdrawal,7278,V32P-A048409,0,0.6377372145652771,0.62979573011398315,1,1
recipient_withdrawal,7279,V32P-A048410,0,0.54955670833587644,0.54039236307144167,0,0
recipient_withdrawal,7280,V32P-A048411,0,0.45498612523078918,0.44562174677848815,0,0
recipient_withdrawal,7281,V32P-A048412,0,0.34168488681316378,0.33201312124729154,0,0
recipient_withdrawal,7282,V32P-A048413,0,0.2593076229095459,0.25148470401763917,0,0
recipient_withdrawal,7283,V32P-A048414,0,0.098661272972822192,0.096268340200185779,0,0
recipient_withdrawal,7284,V32P-A048427,0,0.7385827898979187,0.72697949409484863,1,1
recipient_withdrawal,7285,V32P-A048428,0,0.61567524671554563,0.60064104199409485,0,0
recipient_withdrawal,7286,V32P-A048429,0,0.54928669333457947,0.53502424359321599,0,0
recipient_withdrawal,7287,V32P-A048430,0,0.47290561795234681,0.45975756645202637,0,0
recipient_withdrawal,7288,V32P-A048431,0,0.39774786233901976,0.38651788234710693,0,0
recipient_withdrawal,7289,V32P-A048432,0,0.22924667000770568,0.22472328096628189,0,0
recipient_withdrawal,7290,V32P-A048517,0,0.54937307834625249,0.54492726325988772,0,0
recipient_withdrawal,7291,V32P-A048518,0,0.48750568628311158,0.48196085095405578,0,0
recipient_withdrawal,7292,V32P-A048519,0,0.50292355418205259,0.49861518740653993,0,0
recipient_withdrawal,7293,V32P-A048520,0,0.39868460297584535,0.39375265240669249,0,0
recipient_withdrawal,7294,V32P-A048521,1,0.38377826213836669,0.3801790177822113,0,0
recipient_withdrawal,7295,V32P-A048522,0,0.033673723228275776,0.034055641107261184,0,0
recipient_withdrawal,7296,V32P-A048559,0,0.68000242710113523,0.67783988714218135,1,1
recipient_withdrawal,7297,V32P-A048560,0,0.63971828222274785,0.63763128519058232,1,1
recipient_withdrawal,7298,V32P-A048561,0,0.58044441938400271,0.57849448919296265,0,0
recipient_withdrawal,7299,V32P-A048562,0,0.52159473299980164,0.52042331099510197,0,0
recipient_withdrawal,7300,V32P-A048563,1,0.44321420192718508,0.44252654910087585,0,0
recipient_withdrawal,7301,V32P-A048564,0,0.031271794252097605,0.031972082145512101,0,0
recipient_withdrawal,7302,V32P-A048577,0,0.72612330913543699,0.71470388174057009,1,1
recipient_withdrawal,7303,V32P-A048578,0,0.65668692588806155,0.64466432332992551,1,1
recipient_withdrawal,7304,V32P-A048579,0,0.60537977218627925,0.58648116588592525,0,0
recipient_withdrawal,7305,V32P-A048580,0,0.57210687994956966,0.56378649473190312,0,0
recipient_withdrawal,7306,V32P-A048581,0,0.50336257219314573,0.49719449877738953,0,0
recipient_withdrawal,7307,V32P-A048582,0,0.26352633833885192,0.2620400547981262,0,0
recipient_withdrawal,7308,V32P-A048685,0,0.7435694813728333,0.74130374193191528,1,1
recipient_withdrawal,7309,V32P-A048686,0,0.55090159773826597,0.54894579052925108,0,0
recipient_withdrawal,7310,V32P-A048687,0,0.43894643187522886,0.43819748759269717,0,0
recipient_withdrawal,7311,V32P-A048688,0,0.48892611861228941,0.48934696316719056,0,0
recipient_withdrawal,7312,V32P-A048689,0,0.33675937056541444,0.33852597475051882,0,0
recipient_withdrawal,7313,V32P-A048690,0,0.17554198801517487,0.17734218239784241,0,0
recipient_withdrawal,7314,V32P-A048907,0,0.48813272118568418,0.48863319754600526,0,0
recipient_withdrawal,7315,V32P-A048908,0,0.48948595523834226,0.49002599716186523,0,0
recipient_withdrawal,7316,V32P-A048909,0,0.46219449043273925,0.4636805236339569,0,0
recipient_withdrawal,7317,V32P-A048910,0,0.39452567100524905,0.39636674523353577,0,0
recipient_withdrawal,7318,V32P-A048911,0,0.33408527970314028,0.3362730324268341,0,0
recipient_withdrawal,7319,V32P-A048912,0,0.16636249870061875,0.16954088360071182,0,0
recipient_withdrawal,7320,V32P-A048925,0,0.60538855791091917,0.60111325979232788,0,0
recipient_withdrawal,7321,V32P-A048926,0,0.59146733283996578,0.5883481502532959,0,0
recipient_withdrawal,7322,V32P-A048927,0,0.54169873595237727,0.53944563269615176,0,0
recipient_withdrawal,7323,V32P-A048928,1,0.49135027527809144,0.48962944149971011,0,0
recipient_withdrawal,7324,V32P-A048929,0,0.073447123914957044,0.075169151276350016,0,0
recipient_withdrawal,7325,V32P-A048930,0,0.032937229424715039,0.033640989661216737,0,0
recipient_withdrawal,7326,V32P-A048943,0,0.39388430714607237,0.39153420925140381,0,0
recipient_withdrawal,7327,V32P-A048944,0,0.38313525319099428,0.3810943067073822,0,0
recipient_withdrawal,7328,V32P-A048945,0,0.35170598626136779,0.3498505473136902,0,0
recipient_withdrawal,7329,V32P-A048946,0,0.28174811005592348,0.28026167154312132,0,0
recipient_withdrawal,7330,V32P-A048947,0,0.22323637008666991,0.22231321334838866,0,0
recipient_withdrawal,7331,V32P-A048948,0,0.10524498149752617,0.10475966557860375,0,0
recipient_withdrawal,7332,V32P-A048991,0,0.53328822255134578,0.52391638159751897,0,0
recipient_withdrawal,7333,V32P-A048992,0,0.47421420812606813,0.46494081616401672,0,0
recipient_withdrawal,7334,V32P-A048993,0,0.43065398931503296,0.42137764692306517,0,0
recipient_withdrawal,7335,V32P-A048994,0,0.35672746896743773,0.34807133674621582,0,0
recipient_withdrawal,7336,V32P-A048995,0,0.28994026780128479,0.28262442946434019,0,0
recipient_withdrawal,7337,V32P-A048996,0,0.14218382984399797,0.13945068120956422,0,0
recipient_withdrawal,7338,V32P-A049039,0,0.44695629179477692,0.43979444801807405,0,0
recipient_withdrawal,7339,V32P-A049040,0,0.53006102442741398,0.5232344329357147,0,0
recipient_withdrawal,7340,V32P-A049041,0,0.53807877302169804,0.52993606328964238,0,0
recipient_withdrawal,7341,V32P-A049042,0,0.38616251647472383,0.37738287746906279,0,0
recipient_withdrawal,7342,V32P-A049043,0,0.27986931949853899,0.27331506758928298,0,0
recipient_withdrawal,7343,V32P-A049044,0,0.11809232532978058,0.11657620519399643,0,0
recipient_withdrawal,7344,V32P-A049045,0,0.398658949136734,0.39274335503578184,0,0
recipient_withdrawal,7345,V32P-A049046,0,0.39461863636970518,0.38922939896583558,0,0
recipient_withdrawal,7346,V32P-A049047,0,0.36607124805450442,0.36094433665275572,0,0
recipient_withdrawal,7347,V32P-A049048,0,0.32002449929714205,0.31566064059734344,0,0
recipient_withdrawal,7348,V32P-A049049,0,0.25777505040168763,0.25417631864547729,0,0
recipient_withdrawal,7349,V32P-A049050,0,0.12684117257595062,0.12583569884300233,0,0
recipient_withdrawal,7350,V32P-A049081,0,0.77675504684448238,0.77166451215744014,1,1
recipient_withdrawal,7351,V32P-A049082,0,0.60512653589248655,0.59275830984115596,0,0
recipient_withdrawal,7352,V32P-A049083,0,0.56676156520843501,0.56172609329223633,0,0
recipient_withdrawal,7353,V32P-A049084,0,0.5030286371707916,0.49862436056137083,0,0
recipient_withdrawal,7354,V32P-A049085,0,0.42971456646919248,0.42586214542388917,0,0
recipient_withdrawal,7355,V32P-A049086,0,0.21032883524894713,0.20827318131923675,0,0
recipient_withdrawal,7356,V32P-A049099,0,0.61911211013793943,0.60851993560791018,0,0
recipient_withdrawal,7357,V32P-A049100,0,0.53022162914276127,0.51926367878913882,0,0
recipient_withdrawal,7358,V32P-A049101,0,0.42000707387924197,0.40909644961357117,0,0
recipient_withdrawal,7359,V32P-A049102,0,0.35320895910263062,0.34570728540420531,0,0
recipient_withdrawal,7360,V32P-A049103,0,0.27851786315441129,0.27337780892848967,0,0
recipient_withdrawal,7361,V32P-A049104,0,0.15371796935796739,0.15189078003168105,0,0
recipient_withdrawal,7362,V32P-A049171,0,0.51224009990692143,0.50692174434661863,0,0
recipient_withdrawal,7363,V32P-A049172,0,0.48993267416954039,0.48645957112312316,0,0
recipient_withdrawal,7364,V32P-A049173,0,0.47717217206954954,0.47457294464111327,0,0
recipient_withdrawal,7365,V32P-A049174,0,0.388795804977417,0.38682260513305666,0,0
recipient_withdrawal,7366,V32P-A049175,0,0.29907692670822145,0.29812856316566466,0,0
recipient_withdrawal,7367,V32P-A049176,0,0.12573928087949754,0.12615493983030318,0,0
recipient_withdrawal,7368,V32P-A049177,0,0.73835574388504033,0.73403757810592651,1,1
recipient_withdrawal,7369,V32P-A049178,0,0.66309218406677251,0.65869861841201782,1,1
recipient_withdrawal,7370,V32P-A049179,0,0.56948788166046138,0.56652147769927974,0,0
recipient_withdrawal,7371,V32P-A049180,0,0.49196345806121827,0.48926035165786741,0,0
recipient_withdrawal,7372,V32P-A049181,0,0.46231451034545901,0.45434209704399109,0,0
recipient_withdrawal,7373,V32P-A049182,0,0.18753376305103303,0.18647766709327698,0,0
recipient_withdrawal,7374,V32P-A049261,0,0.60044413208961489,0.59618867039680479,0,0
recipient_withdrawal,7375,V32P-A049262,0,0.50615707635879514,0.50227072238922121,0,0
recipient_withdrawal,7376,V32P-A049263,0,0.42607873678207397,0.42322584390640261,0,0
recipient_withdrawal,7377,V32P-A049264,0,0.28614879548549654,0.2854272097349167,0,0
recipient_withdrawal,7378,V32P-A049265,0,0.28814916908740995,0.28186376988887785,0,0
recipient_withdrawal,7379,V32P-A049266,0,0.099292153120040888,0.10005076080560685,0,0
recipient_withdrawal,7380,V32P-A049321,0,0.46896955966949461,0.46251996755599978,0,0
recipient_withdrawal,7381,V32P-A049322,0,0.47288696467876434,0.46666644513607025,0,0
recipient_withdrawal,7382,V32P-A049323,0,0.46393465399742129,0.44656552076339723,0,0
recipient_withdrawal,7383,V32P-A049324,0,0.4112606942653656,0.40443878173828124,0,0
recipient_withdrawal,7384,V32P-A049325,0,0.33279927372932433,0.32728433609008789,0,0
recipient_withdrawal,7385,V32P-A049326,0,0.14614841789007188,0.14462461769580842,0,0
recipient_withdrawal,7386,V32P-A049375,0,0.72582160234451298,0.71968116760253908,1,1
recipient_withdrawal,7387,V32P-A049376,0,0.6362907886505127,0.62942625284194942,1,1
recipient_withdrawal,7388,V32P-A049377,0,0.59613072872161865,0.58940197229385372,0,0
recipient_withdrawal,7389,V32P-A049378,0,0.51860348582267757,0.51071860790252688,0,0
recipient_withdrawal,7390,V32P-A049379,1,0.44074663519859314,0.43430293798446656,0,0
recipient_withdrawal,7391,V32P-A049380,0,0.035366804338991642,0.035374053753912449,0,0
recipient_withdrawal,7392,V32P-A049381,0,0.73690130710601809,0.73229788541793828,1,1
recipient_withdrawal,7393,V32P-A049382,0,0.54537903070449834,0.53611847162246706,0,0
recipient_withdrawal,7394,V32P-A049383,0,0.49585239291191102,0.48810274004936216,0,0
recipient_withdrawal,7395,V32P-A049384,0,0.42152771949768064,0.41651193499565126,0,0
recipient_withdrawal,7396,V32P-A049385,0,0.38058156967163087,0.37650688886642458,0,0
recipient_withdrawal,7397,V32P-A049386,0,0.13710347712039947,0.13639552444219588,0,0
recipient_withdrawal,7398,V32P-A049399,0,0.78276487588882449,0.77797636985778806,1,1
recipient_withdrawal,7399,V32P-A049400,0,0.63429304361343386,0.63075444698333738,1,1
recipient_withdrawal,7400,V32P-A049401,0,0.58922130465507505,0.58727545142173765,0,0
recipient_withdrawal,7401,V32P-A049402,0,0.51511368751525877,0.51350560188293459,0,0
recipient_withdrawal,7402,V32P-A049403,0,0.44044013023376466,0.4393912196159363,0,0
recipient_withdrawal,7403,V32P-A049404,0,0.2400415062904358,0.24058325290679933,0,0
recipient_withdrawal,7404,V32P-A049501,0,0.7426058888435364,0.73891066312789921,1,1
recipient_withdrawal,7405,V32P-A049502,0,0.53641301393508911,0.53556538820266719,0,0
recipient_withdrawal,7406,V32P-A049503,0,0.60742894411087034,0.59884495735168453,0,0
recipient_withdrawal,7407,V32P-A049504,0,0.55940911769866941,0.55738885402679439,0,0
recipient_withdrawal,7408,V32P-A049505,0,0.42638379335403442,0.42623745799064638,0,0
recipient_withdrawal,7409,V32P-A049506,0,0.20683670341968535,0.20744632184505463,0,0
recipient_withdrawal,7410,V32P-A049513,0,0.78644969463348391,0.77712858915328975,1,1
recipient_withdrawal,7411,V32P-A049514,0,0.72032641172409062,0.70758961439132695,1,1
recipient_withdrawal,7412,V32P-A049515,0,0.6664147257804871,0.65021386146545412,1,1
recipient_withdrawal,7413,V32P-A049516,0,0.61730078458786009,0.60198662281036375,0,0
recipient_withdrawal,7414,V32P-A049517,0,0.54941771626472469,0.53574051260948186,0,0
recipient_withdrawal,7415,V32P-A049518,0,0.30632519423961641,0.29958312511444091,0,0
recipient_withdrawal,7416,V32P-A049585,1,0.79278739690780642,0.78456474542617793,1,1
recipient_withdrawal,7417,V32P-A049586,1,0.72780369520187382,0.71602649688720699,1,1
recipient_withdrawal,7418,V32P-A049587,1,0.69761644601821904,0.68550106287002566,1,1
recipient_withdrawal,7419,V32P-A049588,0,0.30460446029901506,0.29242378026247023,0,0
recipient_withdrawal,7420,V32P-A049589,0,0.1816340520977974,0.17802957445383072,0,0
recipient_withdrawal,7421,V32P-A049590,0,0.072967362031340605,0.072655119374394422,0,0
recipient_withdrawal,7422,V32P-A049633,0,0.55465416312217708,0.55375855565071108,0,0
recipient_withdrawal,7423,V32P-A049634,0,0.41500403881073,0.41403432488441466,0,0
recipient_withdrawal,7424,V32P-A049635,0,0.36647034287452696,0.36636105775833128,0,0
recipient_withdrawal,7425,V32P-A049636,0,0.36208552122116089,0.36281753182411192,0,0
recipient_withdrawal,7426,V32P-A049637,0,0.29446342885494231,0.29608378708362582,0,0
recipient_withdrawal,7427,V32P-A049638,0,0.131071138381958,0.13330477774143218,0,0
recipient_withdrawal,7428,V32P-A049705,0,0.64277805089950557,0.63132044076919558,1,1
recipient_withdrawal,7429,V32P-A049706,0,0.62442687749862669,0.61216417551040647,1,0
recipient_withdrawal,7430,V32P-A049707,0,0.57024968862533565,0.55868207216262822,0,0
recipient_withdrawal,7431,V32P-A049708,0,0.51567448973655705,0.50625637173652649,0,0
recipient_withdrawal,7432,V32P-A049709,0,0.45741798877716067,0.43962412476539614,0,0
recipient_withdrawal,7433,V32P-A049710,0,0.17216074764728545,0.1680446296930313,0,0
recipient_withdrawal,7434,V32P-A049777,1,0.82051016092300411,0.81471993923187258,1,1
recipient_withdrawal,7435,V32P-A049778,1,0.6862573981285095,0.67926385402679446,1,1
recipient_withdrawal,7436,V32P-A049779,1,0.62820315361022949,0.62228360176086428,1,1
recipient_withdrawal,7437,V32P-A049780,0,0.11852120012044906,0.1185179442167282,0,0
recipient_withdrawal,7438,V32P-A049781,0,0.11209461688995362,0.11227024048566818,0,0
recipient_withdrawal,7439,V32P-A049782,0,0.046178819611668587,0.046327745914459227,0,0
recipient_withdrawal,7440,V32P-A049789,0,0.72641543149948118,0.72197084426879887,1,1
recipient_withdrawal,7441,V32P-A049790,0,0.56108734011650085,0.55605519413948057,0,0
recipient_withdrawal,7442,V32P-A049791,0,0.45945737957954408,0.45453997254371642,0,0
recipient_withdrawal,7443,V32P-A049792,0,0.50119073987007146,0.49570701718330384,0,0
recipient_withdrawal,7444,V32P-A049793,0,0.46487191915512083,0.45780386924743655,0,0
recipient_withdrawal,7445,V32P-A049794,0,0.2035880133509636,0.20286040306091307,0,0
recipient_withdrawal,7446,V32P-A049807,0,0.51477835178375242,0.5106716632843018,0,0
recipient_withdrawal,7447,V32P-A049808,0,0.44841349124908447,0.4446433663368225,0,0
recipient_withdrawal,7448,V32P-A049809,0,0.40210142135620119,0.39894037842750552,0,0
recipient_withdrawal,7449,V32P-A049810,0,0.34119418263435364,0.33877739906311033,0,0
recipient_withdrawal,7450,V32P-A049811,0,0.2674259513616562,0.26560120880603788,0,0
recipient_withdrawal,7451,V32P-A049812,0,0.026747554913163184,0.026894944906234741,0,0
recipient_withdrawal,7452,V32P-A049855,0,0.39345211982727052,0.38910984992980957,0,0
recipient_withdrawal,7453,V32P-A049856,0,0.39180492758750918,0.38993974924087527,0,0
recipient_withdrawal,7454,V32P-A049857,0,0.34305655360221865,0.34258617162704469,0,0
recipient_withdrawal,7455,V32P-A049858,0,0.28369815945625304,0.28455295562744143,0,0
recipient_withdrawal,7456,V32P-A049859,0,0.22042723000049591,0.22156778872013091,0,0
recipient_withdrawal,7457,V32P-A049860,0,0.099441039562225345,0.10045137256383896,0,0
recipient_withdrawal,7458,V32P-A049921,0,0.58488106727600098,0.57636161446571355,0,0
recipient_withdrawal,7459,V32P-A049922,0,0.60603659749031069,0.59895456433296201,0,0
recipient_withdrawal,7460,V32P-A049923,0,0.52710168361663823,0.52258687019348149,0,0
recipient_withdrawal,7461,V32P-A049924,0,0.46441873311996462,0.46133649945259092,0,0
recipient_withdrawal,7462,V32P-A049925,0,0.38476396203041074,0.38323639035224916,0,0
recipient_withdrawal,7463,V32P-A049926,0,0.17139472514390947,0.17165280431509017,0,0
recipient_withdrawal,7464,V32P-A049927,0,0.45593887567520142,0.45259889960289001,0,0
recipient_withdrawal,7465,V32P-A049928,0,0.4870757281780243,0.48471493721008302,0,0
recipient_withdrawal,7466,V32P-A049929,0,0.45655857324600219,0.45442327857017517,0,0
recipient_withdrawal,7467,V32P-A049930,0,0.39108715057373045,0.3893604576587677,0,0
recipient_withdrawal,7468,V32P-A049931,0,0.33171954751014709,0.33065043687820433,0,0
recipient_withdrawal,7469,V32P-A049932,0,0.1518057480454445,0.15227766185998917,0,0
recipient_withdrawal,7470,V32P-A049933,0,0.44691486954689025,0.43629921078681944,0,0
recipient_withdrawal,7471,V32P-A049934,0,0.4725750148296356,0.46334841251373293,0,0
recipient_withdrawal,7472,V32P-A049935,0,0.53378788232803343,0.52510352134704585,0,0
recipient_withdrawal,7473,V32P-A049936,0,0.46614832878112794,0.45732555985450746,0,0
recipient_withdrawal,7474,V32P-A049937,0,0.40368638634681703,0.3877619981765747,0,0
recipient_withdrawal,7475,V32P-A049938,0,0.17745692729949952,0.17420960366725921,0,0
recipient_withdrawal,7476,V32P-A049957,0,0.69489136934280393,0.69066179990768428,1,1
recipient_withdrawal,7477,V32P-A049958,0,0.58414462804794309,0.58153325319290161,0,0
recipient_withdrawal,7478,V32P-A049959,0,0.51224178075790405,0.51006795763969426,0,0
recipient_withdrawal,7479,V32P-A049960,0,0.47474937438964843,0.47321141958236695,0,0
recipient_withdrawal,7480,V32P-A049961,0,0.32903151512145995,0.32837471961975095,0,0
recipient_withdrawal,7481,V32P-A049962,0,0.15456384271383286,0.15463867038488388,0,0
recipient_withdrawal,7482,V32P-A049987,1,0.85708525180816653,0.85066400766372685,1,1
recipient_withdrawal,7483,V32P-A049988,1,0.76123739480972286,0.7496274590492249,1,1
recipient_withdrawal,7484,V32P-A049989,1,0.69163526296615596,0.68013699054718013,1,1
recipient_withdrawal,7485,V32P-A049990,0,0.14645327478647233,0.14319337755441666,0,0
recipient_withdrawal,7486,V32P-A049991,0,0.10059882998466492,0.099029393494129175,0,0
recipient_withdrawal,7487,V32P-A049992,0,0.040250421687960627,0.040039980411529542,0,0
recipient_withdrawal,7488,V32P-A050071,0,0.34517281055450438,0.34285570383071901,0,0
recipient_withdrawal,7489,V32P-A050072,0,0.41445083022117613,0.41260120868682859,0,0
recipient_withdrawal,7490,V32P-A050073,0,0.43152990341186526,0.42944667339324949,0,0
recipient_withdrawal,7491,V32P-A050074,0,0.37347303032875062,0.37185729146003721,0,0
recipient_withdrawal,7492,V32P-A050075,1,0.31442393660545348,0.31321859955787656,0,0
recipient_withdrawal,7493,V32P-A050076,0,0.025586673617362977,0.026252058520913123,0,0
recipient_withdrawal,7494,V32P-A050179,0,0.48092544078826904,0.47570270299911499,0,0
recipient_withdrawal,7495,V32P-A050180,0,0.45961528420448305,0.44933141469955445,0,0
recipient_withdrawal,7496,V32P-A050181,0,0.45660071372985839,0.4531418800354004,0,0
recipient_withdrawal,7497,V32P-A050182,0,0.41990646719932556,0.41711525321006776,0,0
recipient_withdrawal,7498,V32P-A050183,0,0.36843861937522887,0.36547098755836488,0,0
recipient_withdrawal,7499,V32P-A050184,0,0.18358975350856782,0.18320418000221253,0,0
recipient_withdrawal,7500,V32P-A050311,0,0.46801748275756838,0.46022292971611023,0,0
recipient_withdrawal,7501,V32P-A050312,0,0.45607489347457886,0.45125910043716433,0,0
recipient_withdrawal,7502,V32P-A050313,0,0.50103423595428465,0.48736690282821654,0,0
recipient_withdrawal,7503,V32P-A050314,1,0.36316217780113219,0.35956183671951292,0,0
recipient_withdrawal,7504,V32P-A050315,0,0.051992986723780631,0.052697137370705603,0,0
recipient_withdrawal,7505,V32P-A050316,0,0.020904761459678411,0.021273687388747929,0,0
recipient_withdrawal,7506,V32P-A050317,0,0.43779829144477844,0.43711170554161072,0,0
recipient_withdrawal,7507,V32P-A050318,0,0.4243489742279053,0.42471458911895754,0,0
recipient_withdrawal,7508,V32P-A050319,0,0.38470502495765685,0.3856065571308136,0,0
recipient_withdrawal,7509,V32P-A050320,0,0.30496236979961394,0.30669745504856111,0,0
recipient_withdrawal,7510,V32P-A050321,1,0.22800674438476562,0.23053002953529358,0,0
recipient_withdrawal,7511,V32P-A050322,0,0.014976332802325487,0.015393415186554193,0,0
recipient_withdrawal,7512,V32P-A050329,1,0.72197693586349487,0.71149138212203977,1,1
recipient_withdrawal,7513,V32P-A050330,1,0.70018838644027714,0.69021502733230589,1,1
recipient_withdrawal,7514,V32P-A050331,1,0.70871983766555791,0.69906877279281621,1,1
recipient_withdrawal,7515,V32P-A050332,0,0.20289151072502137,0.19938714802265167,0,0
recipient_withdrawal,7516,V32P-A050333,0,0.15857833921909331,0.15713439136743546,0,0
recipient_withdrawal,7517,V32P-A050334,0,0.077347688004374499,0.077253628149628634,0,0
recipient_withdrawal,7518,V32P-A050359,0,0.41575573086738588,0.41124280691146853,0,0
recipient_withdrawal,7519,V32P-A050360,0,0.38295744657516478,0.37884785532951354,0,0
recipient_withdrawal,7520,V32P-A050361,0,0.39581727385520937,0.38460649847984313,0,0
recipient_withdrawal,7521,V32P-A050362,0,0.35073884725570681,0.34574751257896424,0,0
recipient_withdrawal,7522,V32P-A050363,0,0.27990665435791018,0.27723141908645632,0,0
recipient_withdrawal,7523,V32P-A050364,0,0.029564567841589451,0.029713332653045654,0,0
recipient_withdrawal,7524,V32P-A050377,0,0.64122365713119511,0.63495827913284297,1,1
recipient_withdrawal,7525,V32P-A050378,0,0.57522680163383488,0.5695379793643951,0,0
recipient_withdrawal,7526,V32P-A050379,0,0.45773864388465879,0.45093274712562559,0,0
recipient_withdrawal,7527,V32P-A050380,0,0.31284252405166624,0.30764495134353637,0,0
recipient_withdrawal,7528,V32P-A050381,0,0.22466115057468414,0.22122890055179595,0,0
recipient_withdrawal,7529,V32P-A050382,0,0.086828131973743436,0.086295503377914431,0,0
recipient_withdrawal,7530,V32P-A050413,0,0.74385353326797488,0.73336627483367922,1,1
recipient_withdrawal,7531,V32P-A050414,0,0.60015233755111697,0.58682032227516179,0,0
recipient_withdrawal,7532,V32P-A050415,0,0.52126395106315615,0.5101845324039459,0,0
recipient_withdrawal,7533,V32P-A050416,0,0.43912336826324461,0.43023647069931031,0,0
recipient_withdrawal,7534,V32P-A050417,0,0.4936107575893402,0.47616251707077029,0,0
recipient_withdrawal,7535,V32P-A050418,0,0.15681190937757492,0.15474217832088472,0,0
recipient_withdrawal,7536,V32P-A050431,0,0.70456508398056028,0.70000495910644533,1,1
recipient_withdrawal,7537,V32P-A050432,0,0.64687428474426267,0.64094554185867314,1,1
recipient_withdrawal,7538,V32P-A050433,0,0.61733515262603755,0.61191439628601074,0,0
recipient_withdrawal,7539,V32P-A050434,0,0.55553798675537114,0.54959952831268311,0,0
recipient_withdrawal,7540,V32P-A050435,0,0.42885205149650574,0.41850326657295228,0,0
recipient_withdrawal,7541,V32P-A050436,0,0.22090100347995759,0.21794320046901702,0,0
recipient_withdrawal,7542,V32P-A050545,0,0.72472865581512447,0.72064108848571773,1,1
recipient_withdrawal,7543,V32P-A050546,0,0.69423232078552244,0.68900488615036015,1,1
recipient_withdrawal,7544,V32P-A050547,0,0.65631029605865476,0.65151907205581661,1,1
recipient_withdrawal,7545,V32P-A050548,1,0.59115169048309324,0.58602150678634646,0,0
recipient_withdrawal,7546,V32P-A050549,0,0.096489119529724124,0.096537910401821136,0,0
recipient_withdrawal,7547,V32P-A050550,0,0.043833108246326448,0.04394078105688095,0,0
recipient_withdrawal,7548,V32P-A050581,0,0.40387617945671084,0.40290729999542235,0,0
recipient_withdrawal,7549,V32P-A050582,0,0.39388731718063352,0.39339578151702881,0,0
recipient_withdrawal,7550,V32P-A050583,0,0.32731131315231321,0.32622212767601011,0,0
recipient_withdrawal,7551,V32P-A050584,0,0.26114314794540405,0.26064986586570738,0,0
recipient_withdrawal,7552,V32P-A050585,0,0.20206579566001892,0.20214287042617798,0,0
recipient_withdrawal,7553,V32P-A050586,0,0.085593606531620028,0.086191502213478086,0,0
recipient_withdrawal,7554,V32P-A050755,0,0.61624974012374878,0.60899345874786381,0,0
recipient_withdrawal,7555,V32P-A050756,0,0.51724103093147278,0.50495553612709043,0,0
recipient_withdrawal,7556,V32P-A050757,0,0.5543865919113159,0.54771023392677309,0,0
recipient_withdrawal,7557,V32P-A050758,0,0.50325436592102046,0.49926699399948121,0,0
recipient_withdrawal,7558,V32P-A050759,0,0.48432705998420716,0.48150483965873719,0,0
recipient_withdrawal,7559,V32P-A050760,0,0.21894534826278686,0.2184716284275055,0,0
recipient_withdrawal,7560,V32P-A050773,0,0.63837155103683474,0.63852713108062742,1,1
recipient_withdrawal,7561,V32P-A050774,0,0.53205221891403198,0.53314945697784422,0,0
recipient_withdrawal,7562,V32P-A050775,0,0.46674727201461791,0.46821455359458924,0,0
recipient_withdrawal,7563,V32P-A050776,0,0.38892547488212587,0.39110860228538513,0,0
recipient_withdrawal,7564,V32P-A050777,0,0.31767510175704955,0.32035248875617983,0,0
recipient_withdrawal,7565,V32P-A050778,0,0.14305291026830674,0.14529733806848527,0,0
recipient_withdrawal,7566,V32P-A050809,0,0.28125782310962677,0.27803082764148712,0,0
recipient_withdrawal,7567,V32P-A050810,0,0.27074663937091825,0.26780122816562651,0,0
recipient_withdrawal,7568,V32P-A050811,0,0.27926380038261411,0.27591313123703004,0,0
recipient_withdrawal,7569,V32P-A050812,0,0.22230262160301209,0.21984626650810241,0,0
recipient_withdrawal,7570,V32P-A050813,0,0.17519136369228364,0.17348577082157135,0,0
recipient_withdrawal,7571,V32P-A050814,0,0.082248459756374362,0.082661311328411105,0,0
recipient_withdrawal,7572,V32P-A050911,0,0.39599384665489196,0.38867150545120238,0,0
recipient_withdrawal,7573,V32P-A050912,0,0.45626346468925477,0.45065845847129821,0,0
recipient_withdrawal,7574,V32P-A050913,0,0.45253803133964537,0.44708468317985534,0,0
recipient_withdrawal,7575,V32P-A050914,0,0.38613942265510559,0.38015047311782835,0,0
recipient_withdrawal,7576,V32P-A050915,0,0.30236108005046847,0.29721913039684295,0,0
recipient_withdrawal,7577,V32P-A050916,0,0.13603299409151076,0.1350812792778015,0,0
recipient_withdrawal,7578,V32P-A050953,0,0.52430202364921574,0.52396057248115535,0,0
recipient_withdrawal,7579,V32P-A050954,0,0.51612769961357119,0.51643775105476375,0,0
recipient_withdrawal,7580,V32P-A050955,0,0.48516737222671508,0.48629570007324219,0,0
recipient_withdrawal,7581,V32P-A050956,0,0.42727991938591003,0.42979168891906738,0,0
recipient_withdrawal,7582,V32P-A050957,0,0.32945426702499392,0.32663325667381288,0,0
recipient_withdrawal,7583,V32P-A050958,0,0.16444722712039947,0.16717907190322875,0,0
recipient_withdrawal,7584,V32P-A051031,0,0.48842591047286987,0.48491187095642091,0,0
recipient_withdrawal,7585,V32P-A051032,0,0.44521002769470214,0.44034500122070314,0,0
recipient_withdrawal,7586,V32P-A051033,0,0.38062698245048521,0.3757946789264679,0,0
recipient_withdrawal,7587,V32P-A051034,0,0.29320896863937379,0.28916965723037719,0,0
recipient_withdrawal,7588,V32P-A051035,0,0.21952350437641144,0.21737113893032073,0,0
recipient_withdrawal,7589,V32P-A051036,0,0.086906628310680384,0.08686533868312836,0,0
recipient_withdrawal,7590,V32P-A051067,0,0.82262593507766724,0.81730096340179448,1,1
recipient_withdrawal,7591,V32P-A051068,0,0.69537545442581172,0.68651578426361082,1,1
recipient_withdrawal,7592,V32P-A051069,0,0.60063825845718388,0.58516091704368589,0,0
recipient_withdrawal,7593,V32P-A051070,0,0.49122800230979918,0.48211668729782103,0,0
recipient_withdrawal,7594,V32P-A051071,0,0.41616110801696776,0.40849949717521666,0,0
recipient_withdrawal,7595,V32P-A051072,0,0.18251292705535888,0.17943716645240784,0,0
recipient_withdrawal,7596,V32P-A051073,0,0.4888600170612335,0.49063645005226136,0,0
recipient_withdrawal,7597,V32P-A051074,0,0.49092472791671754,0.49280964136123656,0,0
recipient_withdrawal,7598,V32P-A051075,0,0.4437485933303833,0.44689043760299685,0,0
recipient_withdrawal,7599,V32P-A051076,0,0.34847581088542939,0.34609073698520659,0,0
recipient_withdrawal,7600,V32P-A051077,0,0.30482136309146879,0.30855760276317595,0,0
recipient_withdrawal,7601,V32P-A051078,0,0.13401018679141999,0.13651915639638901,0,0
recipient_withdrawal,7602,V32P-A051079,0,0.37102833986282346,0.3650201618671417,0,0
recipient_withdrawal,7603,V32P-A051080,0,0.4893357276916504,0.48320655822753905,0,0
recipient_withdrawal,7604,V32P-A051081,0,0.53235964179038997,0.52653067708015444,0,0
recipient_withdrawal,7605,V32P-A051082,0,0.50843518376350405,0.50307840704917905,0,0
recipient_withdrawal,7606,V32P-A051083,0,0.4054068148136139,0.39258742928504942,0,0
recipient_withdrawal,7607,V32P-A051084,0,0.037098973803222177,0.037248242832720282,0,0
recipient_withdrawal,7608,V32P-A051259,0,0.6811573266983032,0.67259901762008667,1,1
recipient_withdrawal,7609,V32P-A051260,0,0.59918271303176884,0.5918971180915833,0,0
recipient_withdrawal,7610,V32P-A051261,0,0.52570788860321049,0.5200848340988159,0,0
recipient_withdrawal,7611,V32P-A051262,0,0.42368264794349669,0.41931341886520385,0,0
recipient_withdrawal,7612,V32P-A051263,0,0.34572580456733704,0.34230597615242003,0,0
recipient_withdrawal,7613,V32P-A051264,0,0.17064886838197707,0.17049931585788727,0,0
recipient_withdrawal,7614,V32P-A051301,0,0.3946107029914856,0.39272516965866089,0,0
recipient_withdrawal,7615,V32P-A051302,0,0.3474242091178894,0.34626838564872742,0,0
recipient_withdrawal,7616,V32P-A051303,0,0.31456408202648162,0.31391446888446806,0,0
recipient_withdrawal,7617,V32P-A051304,0,0.25655156075954438,0.25621684789657595,0,0
recipient_withdrawal,7618,V32P-A051305,0,0.20237978100776671,0.20223821699619293,0,0
recipient_withdrawal,7619,V32P-A051306,0,0.097068539261817938,0.09733776599168778,0,0
recipient_withdrawal,7620,V32P-A051307,0,0.52965782880783085,0.52742242813110352,0,0
recipient_withdrawal,7621,V32P-A051308,0,0.55651005506515505,0.55531980991363528,0,0
recipient_withdrawal,7622,V32P-A051309,0,0.52726778388023376,0.52680369019508366,0,0
recipient_withdrawal,7623,V32P-A051310,0,0.47977591753005983,0.48045182824134824,0,0
recipient_withdrawal,7624,V32P-A051311,0,0.40307102203369138,0.40462128520011903,0,0
recipient_withdrawal,7625,V32P-A051312,0,0.18957216739654542,0.19143000245094299,0,0
recipient_withdrawal,7626,V32P-A051325,0,0.72309501171112056,0.71418359279632571,1,1
recipient_withdrawal,7627,V32P-A051326,0,0.66175063848495486,0.65081028938293461,1,1
recipient_withdrawal,7628,V32P-A051327,0,0.59590126276016231,0.58441970348358152,0,0
recipient_withdrawal,7629,V32P-A051328,0,0.51323117017745967,0.49816426038742068,0,0
recipient_withdrawal,7630,V32P-A051329,0,0.39687200188636779,0.38294102549552916,0,0
recipient_withdrawal,7631,V32P-A051330,0,0.18646245747804641,0.180459426343441,0,0
recipient_withdrawal,7632,V32P-A051457,0,0.69707942008972168,0.69223515987396245,1,1
recipient_withdrawal,7633,V32P-A051458,0,0.66051992177963259,0.65688570737838747,1,1
recipient_withdrawal,7634,V32P-A051459,0,0.60116051435470585,0.59787054061889644,0,0
recipient_withdrawal,7635,V32P-A051460,0,0.54719969034194949,0.54400006532669065,0,0
recipient_withdrawal,7636,V32P-A051461,1,0.45850935578346252,0.45651312470436095,0,0
recipient_withdrawal,7637,V32P-A051462,0,0.027738341875374318,0.028448020853102208,0,0
recipient_withdrawal,7638,V32P-A051493,0,0.74439556598663326,0.74063581228256226,1,1
recipient_withdrawal,7639,V32P-A051494,0,0.72093334197998049,0.71640213727951052,1,1
recipient_withdrawal,7640,V32P-A051495,0,0.72927256822586062,0.72359006404876713,1,1
recipient_withdrawal,7641,V32P-A051496,0,0.66152925491333003,0.65475618839263916,1,1
recipient_withdrawal,7642,V32P-A051497,0,0.57202697396278379,0.563844907283783,0,0
recipient_withdrawal,7643,V32P-A051498,0,0.30847827196121214,0.30523765385150908,0,0
recipient_withdrawal,7644,V32P-A051499,0,0.72288706302642824,0.70911605358123775,1,1
recipient_withdrawal,7645,V32P-A051500,0,0.61000134348869328,0.59809957742691044,0,0
recipient_withdrawal,7646,V32P-A051501,0,0.54572762250900264,0.53684071898460384,0,0
recipient_withdrawal,7647,V32P-A051502,0,0.48455072045326231,0.4778687059879303,0,0
recipient_withdrawal,7648,V32P-A051503,0,0.41311628818511964,0.40826948285102843,0,0
recipient_withdrawal,7649,V32P-A051504,0,0.24619074165821075,0.24275410473346709,0,0
recipient_withdrawal,7650,V32P-A051511,0,0.5721022427082062,0.56305621266365047,0,0
recipient_withdrawal,7651,V32P-A051512,0,0.6323134660720825,0.62614413499832156,1,1
recipient_withdrawal,7652,V32P-A051513,0,0.63688250780105593,0.63230694532394405,1,1
recipient_withdrawal,7653,V32P-A051514,0,0.61241796016693117,0.6083495020866394,0,0
recipient_withdrawal,7654,V32P-A051515,1,0.49363589286804199,0.48123362064361574,0,0
recipient_withdrawal,7655,V32P-A051516,0,0.04148783087730408,0.041794206574559213,0,0
recipient_withdrawal,7656,V32P-A051547,1,0.68263043165206905,0.6744539737701416,1,1
recipient_withdrawal,7657,V32P-A051548,1,0.67751437425613403,0.66769347190856931,1,1
recipient_withdrawal,7658,V32P-A051549,1,0.76836117506027224,0.75996448993682864,1,1
recipient_withdrawal,7659,V32P-A051550,0,0.10412367582321166,0.10205175802111625,0,0
recipient_withdrawal,7660,V32P-A051551,0,0.14762768000364304,0.14122769981622696,0,0
recipient_withdrawal,7661,V32P-A051552,0,0.043068671785295012,0.04273874759674072,0,0
recipient_withdrawal,7662,V32P-A051679,0,0.42859595417976382,0.42312716841697695,0,0
recipient_withdrawal,7663,V32P-A051680,0,0.57607976198196409,0.57336295843124385,0,0
recipient_withdrawal,7664,V32P-A051681,0,0.59198210239410398,0.58961714506149288,0,0
recipient_withdrawal,7665,V32P-A051682,0,0.49426403045654299,0.49237064123153684,0,0
recipient_withdrawal,7666,V32P-A051683,0,0.38519054651260376,0.38395550251007082,0,0
recipient_withdrawal,7667,V32P-A051684,0,0.16324505805969239,0.1636951208114624,0,0
recipient_withdrawal,7668,V32P-A051697,0,0.47420162558555601,0.47139338254928587,0,0
recipient_withdrawal,7669,V32P-A051698,0,0.47070289850234986,0.46786453723907473,0,0
recipient_withdrawal,7670,V32P-A051699,0,0.45033934712409973,0.44730770587921143,0,0
recipient_withdrawal,7671,V32P-A051700,0,0.38267086744308471,0.37982234954833982,0,0
recipient_withdrawal,7672,V32P-A051701,0,0.29140940308570862,0.28338170051574707,0,0
recipient_withdrawal,7673,V32P-A051702,0,0.14718748778104782,0.14682192951440812,0,0
recipient_withdrawal,7674,V32P-A051751,0,0.71549930572509768,0.70732522010803223,1,1
recipient_withdrawal,7675,V32P-A051752,0,0.63858618736267092,0.62988666296005247,1,1
recipient_withdrawal,7676,V32P-A051753,0,0.6017750144004822,0.59246592521667485,0,0
recipient_withdrawal,7677,V32P-A051754,1,0.53369301557540894,0.52483655214309688,0,0
recipient_withdrawal,7678,V32P-A051755,0,0.077807650715112683,0.077662888914346695,0,0
recipient_withdrawal,7679,V32P-A051756,0,0.035958312451839447,0.036002527363598345,0,0
recipient_withdrawal,7680,V32P-A051757,0,0.51477780342102053,0.51091545820236206,0,0
recipient_withdrawal,7681,V32P-A051758,0,0.52684994339942937,0.51672883033752437,0,0
recipient_withdrawal,7682,V32P-A051759,0,0.51548593640327456,0.51096929907798772,0,0
recipient_withdrawal,7683,V32P-A051760,0,0.39319728016853334,0.38916435241699221,0,0
recipient_withdrawal,7684,V32P-A051761,0,0.2961826831102371,0.29410026371479037,0,0
recipient_withdrawal,7685,V32P-A051762,0,0.13533467054367065,0.1348820835351944,0,0
recipient_withdrawal,7686,V32P-A051769,0,0.5931834876537323,0.58851905465126042,0,0
recipient_withdrawal,7687,V32P-A051770,0,0.57178903222084043,0.5687959551811218,0,0
recipient_withdrawal,7688,V32P-A051771,0,0.535315477848053,0.53443204164505009,0,0
recipient_withdrawal,7689,V32P-A051772,0,0.47126176357269289,0.47288981080055237,0,0
recipient_withdrawal,7690,V32P-A051773,0,0.35741618275642395,0.35322861671447753,0,0
recipient_withdrawal,7691,V32P-A051774,0,0.18753086328506469,0.19083506464958191,0,0
recipient_withdrawal,7692,V32P-A051781,0,0.77701965570449827,0.77351201772689815,1,1
recipient_withdrawal,7693,V32P-A051782,0,0.62234479188919067,0.61992790699005129,1,0
recipient_withdrawal,7694,V32P-A051783,0,0.52553250789642336,0.52432032823562624,0,0
recipient_withdrawal,7695,V32P-A051784,0,0.56792372465133667,0.56679484844207761,0,0
recipient_withdrawal,7696,V32P-A051785,1,0.56436765789985655,0.56182530522346497,0,0
recipient_withdrawal,7697,V32P-A051786,0,0.04425283037126064,0.044783425703644755,0,0
recipient_withdrawal,7698,V32P-A051787,0,0.34883894622325895,0.33972274363040922,0,0
recipient_withdrawal,7699,V32P-A051788,0,0.34001017212867735,0.33313242197036741,0,0
recipient_withdrawal,7700,V32P-A051789,0,0.28926493525505065,0.2836942136287689,0,0
recipient_withdrawal,7701,V32P-A051790,0,0.23464186191558839,0.23122428655624389,0,0
recipient_withdrawal,7702,V32P-A051791,0,0.17634223252534867,0.17414774447679521,0,0
recipient_withdrawal,7703,V32P-A051792,0,0.078723105788230899,0.078441649675369263,0,0
recipient_withdrawal,7704,V32P-A051811,0,0.70016106367111208,0.69428744316101076,1,1
recipient_withdrawal,7705,V32P-A051812,0,0.56668291091918943,0.558730685710907,0,0
recipient_withdrawal,7706,V32P-A051813,0,0.67220528125762935,0.66554340124130251,1,1
recipient_withdrawal,7707,V32P-A051814,0,0.60066592693328857,0.59046503305435183,0,0
recipient_withdrawal,7708,V32P-A051815,0,0.44335063099861144,0.43280838727951049,0,0
recipient_withdrawal,7709,V32P-A051816,0,0.19712495058774948,0.19341448396444322,0,0
recipient_withdrawal,7710,V32P-A051823,0,0.65461813211441044,0.64356396198272703,1,1
recipient_withdrawal,7711,V32P-A051824,0,0.62628637552261357,0.61396739482879636,1,0
recipient_withdrawal,7712,V32P-A051825,0,0.57846487760543819,0.56705976724624629,0,0
recipient_withdrawal,7713,V32P-A051826,1,0.45895048975944519,0.44994194507598878,0,0
recipient_withdrawal,7714,V32P-A051827,0,0.055784508213400842,0.055610619112849237,0,0
recipient_withdrawal,7715,V32P-A051828,0,0.024338774941861631,0.024397649243474005,0,0
recipient_withdrawal,7716,V32P-A051859,0,0.72594830989837644,0.72176915407180786,1,1
recipient_withdrawal,7717,V32P-A051860,0,0.50725267529487605,0.50113726258277891,0,0
recipient_withdrawal,7718,V32P-A051861,0,0.44634692668914794,0.44059920907020567,0,0
recipient_withdrawal,7719,V32P-A051862,0,0.45704185962677002,0.45192298889160154,0,0
recipient_withdrawal,7720,V32P-A051863,0,0.30451229214668274,0.29844916462898252,0,0
recipient_withdrawal,7721,V32P-A051864,0,0.14002653211355209,0.13810262233018875,0,0
recipient_withdrawal,7722,V32P-A052057,0,0.44439398050308226,0.43916629552841185,0,0
recipient_withdrawal,7723,V32P-A052058,0,0.45920489430427552,0.45522892475128174,0,0
recipient_withdrawal,7724,V32P-A052059,0,0.43488055467605591,0.43181303739547727,0,0
recipient_withdrawal,7725,V32P-A052060,0,0.35467828810214996,0.34636404216289518,0,0
recipient_withdrawal,7726,V32P-A052061,0,0.30448266267776491,0.30183808207511903,0,0
recipient_withdrawal,7727,V32P-A052062,0,0.023130711819976568,0.023338033910840751,0,0
recipient_withdrawal,7728,V32P-A052135,0,0.72468258142471309,0.71575868129730225,1,1
recipient_withdrawal,7729,V32P-A052136,0,0.60348448753356931,0.59252166748046875,0,0
recipient_withdrawal,7730,V32P-A052137,0,0.47263080477714536,0.45799868702888491,0,0
recipient_withdrawal,7731,V32P-A052138,0,0.42509323358535767,0.41341447830200195,0,0
recipient_withdrawal,7732,V32P-A052139,0,0.32104253768920898,0.31253900527954104,0,0
recipient_withdrawal,7733,V32P-A052140,0,0.14505003839731218,0.14169760346412658,0,0
recipient_withdrawal,7734,V32P-A052147,0,0.76733399629592891,0.76213370561599736,1,1
recipient_withdrawal,7735,V32P-A052148,0,0.56861053705215459,0.55950295329093935,0,0
recipient_withdrawal,7736,V32P-A052149,0,0.45285209417343142,0.44896154403686522,0,0
recipient_withdrawal,7737,V32P-A052150,0,0.47347487807273864,0.46955572962760928,0,0
recipient_withdrawal,7738,V32P-A052151,0,0.32913776636123659,0.32625118494033811,0,0
recipient_withdrawal,7739,V32P-A052152,0,0.14090968817472457,0.14057456254959105,0,0
recipient_withdrawal,7740,V32P-A052159,0,0.71642770767211916,0.70835875272750859,1,1
recipient_withdrawal,7741,V32P-A052160,0,0.65643554925918579,0.64922564029693608,1,1
recipient_withdrawal,7742,V32P-A052161,0,0.55011471509933474,0.5435509979724884,0,0
recipient_withdrawal,7743,V32P-A052162,0,0.47587029337882997,0.47079557776451109,0,0
recipient_withdrawal,7744,V32P-A052163,0,0.36955625116825103,0.36528784930706026,0,0
recipient_withdrawal,7745,V32P-A052164,0,0.17137133032083512,0.16970394402742386,0,0
recipient_withdrawal,7746,V32P-A052195,0,0.64122251272201536,0.63638819456100459,1,1
recipient_withdrawal,7747,V32P-A052196,0,0.58730981349945066,0.58245168328285213,0,0
recipient_withdrawal,7748,V32P-A052197,0,0.50508795976638798,0.49936483502388002,0,0
recipient_withdrawal,7749,V32P-A052198,0,0.43570370078086851,0.43152678608894346,0,0
recipient_withdrawal,7750,V32P-A052199,0,0.37029971480369567,0.36736725568771361,0,0
recipient_withdrawal,7751,V32P-A052200,0,0.039614285714924334,0.039727946557104585,0,0
recipient_withdrawal,7752,V32P-A052231,0,0.50275002717971806,0.50224570631980892,0,0
recipient_withdrawal,7753,V32P-A052232,0,0.50851240754127502,0.50972240567207339,0,0
recipient_withdrawal,7754,V32P-A052233,0,0.47207844853401182,0.47405445575714111,0,0
recipient_withdrawal,7755,V32P-A052234,0,0.3933949828147888,0.39607042670249937,0,0
recipient_withdrawal,7756,V32P-A052235,0,0.27803108096122742,0.27702581882476807,0,0
recipient_withdrawal,7757,V32P-A052236,0,0.13464883118867874,0.13737699240446091,0,0
recipient_withdrawal,7758,V32P-A052267,0,0.67065439224243162,0.66690843105316167,1,1
recipient_withdrawal,7759,V32P-A052268,0,0.46757549047470093,0.46131947040557864,0,0
recipient_withdrawal,7760,V32P-A052269,0,0.39468010663986208,0.38897987008094786,0,0
recipient_withdrawal,7761,V32P-A052270,0,0.32217576801776887,0.3173909395933151,0,0
recipient_withdrawal,7762,V32P-A052271,0,0.30545162558555605,0.29595658779144285,0,0
recipient_withdrawal,7763,V32P-A052272,0,0.11959062218666076,0.11847719848155976,0,0
recipient_withdrawal,7764,V32P-A052321,0,0.62830216884613033,0.61873795986175539,1,0
recipient_withdrawal,7765,V32P-A052322,0,0.52087074518203735,0.5103594958782196,0,0
recipient_withdrawal,7766,V32P-A052323,0,0.49126710295677184,0.48169934749603271,0,0
recipient_withdrawal,7767,V32P-A052324,0,0.40946145057678224,0.40176501870155334,0,0
recipient_withdrawal,7768,V32P-A052325,0,0.35611773133277891,0.35111026763916015,0,0
recipient_withdrawal,7769,V32P-A052326,0,0.12750242501497269,0.12640596628189088,0,0
recipient_withdrawal,7770,V32P-A052345,0,0.79241012334823613,0.78726553916931152,1,1
recipient_withdrawal,7771,V32P-A052346,0,0.66029947996139526,0.65416796207427974,1,1
recipient_withdrawal,7772,V32P-A052347,0,0.62678363323211672,0.6212445974349976,1,1
recipient_withdrawal,7773,V32P-A052348,1,0.52323935031890867,0.51782453060150146,0,0
recipient_withdrawal,7774,V32P-A052349,0,0.077798156440258032,0.077781225740909579,0,0
recipient_withdrawal,7775,V32P-A052350,0,0.034712557494640348,0.034834398701786992,0,0
recipient_withdrawal,7776,V32P-A052453,0,0.63109703063964839,0.61802390813827512,1,0
recipient_withdrawal,7777,V32P-A052454,0,0.58477084636688237,0.57293063402175903,0,0
recipient_withdrawal,7778,V32P-A052455,0,0.53811093568801882,0.5279175341129303,0,0
recipient_withdrawal,7779,V32P-A052456,0,0.48489046692848203,0.47476662397384645,0,0
recipient_withdrawal,7780,V32P-A052457,0,0.41026773750782014,0.40090651214122774,0,0
recipient_withdrawal,7781,V32P-A052458,0,0.19984214454889299,0.19613327831029892,0,0
recipient_withdrawal,7782,V32P-A052501,0,0.71827903985977171,0.71057893037796016,1,1
recipient_withdrawal,7783,V32P-A052502,0,0.60276021361351018,0.59434058070182805,0,0
recipient_withdrawal,7784,V32P-A052503,0,0.53848258256912229,0.53013095855712888,0,0
recipient_withdrawal,7785,V32P-A052504,0,0.45519075393676756,0.44766815900802615,0,0
recipient_withdrawal,7786,V32P-A052505,0,0.36632140874862673,0.36166415214538572,0,0
recipient_withdrawal,7787,V32P-A052506,0,0.20211426913738251,0.2003663808107376,0,0
recipient_withdrawal,7788,V32P-A052537,0,0.61354676485061643,0.60839582681655879,0,0
recipient_withdrawal,7789,V32P-A052538,0,0.58348002433776858,0.5788310170173645,0,0
recipient_withdrawal,7790,V32P-A052539,0,0.56608796119689941,0.56248784661293028,0,0
recipient_withdrawal,7791,V32P-A052540,0,0.50552591681480408,0.50282835960388184,0,0
recipient_withdrawal,7792,V32P-A052541,0,0.41066849827766416,0.40948688387870791,0,0
recipient_withdrawal,7793,V32P-A052542,0,0.17257015258073807,0.17319709807634354,0,0
recipient_withdrawal,7794,V32P-A052603,0,0.73395212888717654,0.73083723783493038,1,1
recipient_withdrawal,7795,V32P-A052604,0,0.57773796916007991,0.576414555311203,0,0
recipient_withdrawal,7796,V32P-A052605,0,0.4968384265899658,0.49041568040847777,0,0
recipient_withdrawal,7797,V32P-A052606,0,0.44039883017539977,0.44184371232986452,0,0
recipient_withdrawal,7798,V32P-A052607,0,0.34087376892566679,0.34330911338329317,0,0
recipient_withdrawal,7799,V32P-A052608,0,0.1564669817686081,0.15769212692975998,0,0
recipient_withdrawal,7800,V32P-A052633,1,0.73452363014221189,0.72806879281997683,1,1
recipient_withdrawal,7801,V32P-A052634,1,0.6526004552841187,0.64329956769943242,1,1
recipient_withdrawal,7802,V32P-A052635,0,0.14117307364940643,0.14103895872831346,0,0
recipient_withdrawal,7803,V32P-A052636,0,0.13981850296258927,0.13991559147834778,0,0
recipient_withdrawal,7804,V32P-A052637,0,0.091968183219432828,0.09217106103897095,0,0
recipient_withdrawal,7805,V32P-A052638,0,0.0398672791197896,0.040011006779968737,0,0
recipient_withdrawal,7806,V32P-A052675,1,0.54246720075607302,0.54067016839981075,0,0
recipient_withdrawal,7807,V32P-A052676,1,0.44935963153839109,0.44741517305374146,0,0
recipient_withdrawal,7808,V32P-A052677,1,0.41833939552307131,0.4166394591331482,0,0
recipient_withdrawal,7809,V32P-A052678,0,0.074427992850542066,0.075760782510042188,0,0
recipient_withdrawal,7810,V32P-A052679,0,0.057780522480607034,0.058785592392086986,0,0
recipient_withdrawal,7811,V32P-A052680,0,0.027599186822772025,0.028054282441735266,0,0
recipient_withdrawal,7812,V32P-A052681,0,0.78665815591812138,0.78112844228744505,1,1
recipient_withdrawal,7813,V32P-A052682,0,0.56439632773399351,0.55721098780632017,0,0
recipient_withdrawal,7814,V32P-A052683,0,0.55660083293914797,0.55265394449234007,0,0
recipient_withdrawal,7815,V32P-A052684,0,0.50930719375610356,0.50644842386245725,0,0
recipient_withdrawal,7816,V32P-A052685,0,0.42259334921836855,0.42092665433883669,0,0
recipient_withdrawal,7817,V32P-A052686,0,0.23382717669010161,0.23443953096866607,0,0
recipient_withdrawal,7818,V32P-A052687,0,0.68941798210144045,0.68277227878570557,1,1
recipient_withdrawal,7819,V32P-A052688,0,0.55832748413085942,0.55215594768524168,0,0
recipient_withdrawal,7820,V32P-A052689,0,0.45498780608177186,0.44964422583580016,0,0
recipient_withdrawal,7821,V32P-A052690,0,0.36056798696517944,0.35662476420402528,0,0
recipient_withdrawal,7822,V32P-A052691,0,0.27759132385253904,0.27470966577529909,0,0
recipient_withdrawal,7823,V32P-A052692,0,0.13220243155956268,0.13118762522935867,0,0
recipient_withdrawal,7824,V32P-A052747,0,0.76984027624130247,0.76372720003128047,1,1
recipient_withdrawal,7825,V32P-A052748,0,0.55428806543350218,0.54512525796890254,0,0
recipient_withdrawal,7826,V32P-A052749,0,0.54637818932533266,0.53936246037483215,0,0
recipient_withdrawal,7827,V32P-A052750,0,0.64072387218475346,0.63460818529129026,1,1
recipient_withdrawal,7828,V32P-A052751,0,0.3869616687297821,0.38144442439079285,0,0
recipient_withdrawal,7829,V32P-A052752,0,0.17605988830327987,0.17492580562829971,0,0
recipient_withdrawal,7830,V32P-A052849,0,0.55846303105354311,0.55536370873451235,0,0
recipient_withdrawal,7831,V32P-A052850,0,0.55538393855094914,0.55221564173698423,0,0
recipient_withdrawal,7832,V32P-A052851,0,0.53282073736190794,0.52896155118942256,0,0
recipient_withdrawal,7833,V32P-A052852,0,0.39164417386054995,0.38929434418678283,0,0
recipient_withdrawal,7834,V32P-A052853,0,0.29537252783775331,0.29412869215011594,0,0
recipient_withdrawal,7835,V32P-A052854,0,0.14013309478759767,0.14008168578147889,0,0
recipient_withdrawal,7836,V32P-A052873,0,0.62378747463226314,0.61667642593383787,1,0
recipient_withdrawal,7837,V32P-A052874,0,0.63312599658966062,0.62684342861175535,1,1
recipient_withdrawal,7838,V32P-A052875,0,0.65281274318695071,0.64773848056793215,1,1
recipient_withdrawal,7839,V32P-A052876,0,0.6166404008865356,0.61229794025421147,0,0
recipient_withdrawal,7840,V32P-A052877,0,0.56368152499198909,0.56060002446174617,0,0
recipient_withdrawal,7841,V32P-A052878,0,0.050562899187207223,0.051242390647530556,0,0
recipient_withdrawal,7842,V32P-A052999,0,0.51396482586860659,0.50727517008781431,0,0
recipient_withdrawal,7843,V32P-A053000,0,0.49087577462196352,0.48416426777839661,0,0
recipient_withdrawal,7844,V32P-A053001,0,0.4681499660015106,0.46168413758277893,0,0
recipient_withdrawal,7845,V32P-A053002,0,0.42581387162208556,0.42020975351333617,0,0
recipient_withdrawal,7846,V32P-A053003,0,0.35382577478885652,0.34853784739971161,0,0
recipient_withdrawal,7847,V32P-A053004,0,0.15761439204216005,0.15537427365779877,0,0
recipient_withdrawal,7848,V32P-A053023,0,0.56530709266662593,0.5619683980941772,0,0
recipient_withdrawal,7849,V32P-A053024,0,0.45572017431259154,0.45173758268356323,0,0
recipient_withdrawal,7850,V32P-A053025,0,0.38578889966011048,0.38188378214836122,0,0
recipient_withdrawal,7851,V32P-A053026,0,0.311652147769928,0.30820714235305785,0,0
recipient_withdrawal,7852,V32P-A053027,0,0.24135950207710266,0.23847600817680359,0,0
recipient_withdrawal,7853,V32P-A053028,0,0.11236661225557328,0.11087018847465516,0,0
recipient_withdrawal,7854,V32P-A053101,0,0.5620320320129395,0.55763006210327148,0,0
recipient_withdrawal,7855,V32P-A053102,0,0.47256534695625307,0.46754611134529112,0,0
recipient_withdrawal,7856,V32P-A053103,0,0.45082697868347166,0.44555007815361025,0,0
recipient_withdrawal,7857,V32P-A053104,0,0.37165305614471433,0.36644309759140015,0,0
recipient_withdrawal,7858,V32P-A053105,0,0.30462979972362519,0.30021221935749054,0,0
recipient_withdrawal,7859,V32P-A053106,0,0.13012936264276503,0.12891381829977036,0,0
recipient_withdrawal,7860,V32P-A053113,0,0.77900476455688472,0.77605829238891599,1,1
recipient_withdrawal,7861,V32P-A053114,0,0.59219994544982912,0.5917356014251709,0,0
recipient_withdrawal,7862,V32P-A053115,0,0.53694968819618227,0.53768237233161931,0,0
recipient_withdrawal,7863,V32P-A053116,0,0.56982710957527161,0.57005363106727602,0,0
recipient_withdrawal,7864,V32P-A053117,0,0.53683396577835085,0.53704673051834106,0,0
recipient_withdrawal,7865,V32P-A053118,0,0.29586499631404878,0.29961927831172941,0,0
recipient_withdrawal,7866,V32P-A053125,0,0.77103310823440552,0.76550899744033818,1,1
recipient_withdrawal,7867,V32P-A053126,0,0.60274597406387331,0.59371161460876465,0,0
recipient_withdrawal,7868,V32P-A053127,0,0.52756050229072571,0.51387504935264583,0,0
recipient_withdrawal,7869,V32P-A053128,0,0.486909818649292,0.48105753660202027,0,0
recipient_withdrawal,7870,V32P-A053129,0,0.38307852149009702,0.37794776558876036,0,0
recipient_withdrawal,7871,V32P-A053130,0,0.17104420065879822,0.16950191557407379,0,0
recipient_withdrawal,7872,V32P-A053191,0,0.730019211769104,0.72490065097808842,1,1
recipient_withdrawal,7873,V32P-A053192,0,0.48670738935470581,0.47797136902809145,0,0
recipient_withdrawal,7874,V32P-A053193,0,0.60773090124130247,0.60301296710968022,0,0
recipient_withdrawal,7875,V32P-A053194,0,0.64805142879486088,0.64247171878814702,1,1
recipient_withdrawal,7876,V32P-A053195,1,0.39118180871009828,0.38157671093940737,0,0
recipient_withdrawal,7877,V32P-A053196,0,0.032878106459975243,0.032803514599800111,0,0
recipient_withdrawal,7878,V32P-A053233,0,0.73680341243743896,0.72915915250778196,1,1
recipient_withdrawal,7879,V32P-A053234,0,0.56798481941223145,0.55848650932312016,0,0
recipient_withdrawal,7880,V32P-A053235,0,0.62762740850448606,0.61803553104400633,1,0
recipient_withdrawal,7881,V32P-A053236,0,0.62566715478897095,0.61411590576171871,1,0
recipient_withdrawal,7882,V32P-A053237,0,0.54273552894592281,0.53245440721511839,0,0
recipient_withdrawal,7883,V32P-A053238,0,0.24430472254753113,0.24105848222970963,0,0
recipient_withdrawal,7884,V32P-A053263,0,0.63132879734039304,0.62448599338531496,1,1
recipient_withdrawal,7885,V32P-A053264,0,0.67314430475234988,0.66608355045318601,1,1
recipient_withdrawal,7886,V32P-A053265,0,0.65284653902053835,0.6395976781845093,1,1
recipient_withdrawal,7887,V32P-A053266,0,0.57535160779952998,0.56883023977279668,0,0
recipient_withdrawal,7888,V32P-A053267,1,0.46938164830207824,0.46303783655166625,0,0
recipient_withdrawal,7889,V32P-A053268,0,0.045031100325286386,0.045050833187997338,0,0
recipient_withdrawal,7890,V32P-A053275,0,0.41642155051231383,0.40763041973114011,0,0
recipient_withdrawal,7891,V32P-A053276,0,0.57143467664718628,0.56539027690887456,0,0
recipient_withdrawal,7892,V32P-A053277,0,0.55760694146156309,0.55260276198387148,0,0
recipient_withdrawal,7893,V32P-A053278,0,0.44105753302574158,0.43560205101966859,0,0
recipient_withdrawal,7894,V32P-A053279,1,0.35324852168560028,0.34928551614284514,0,0
recipient_withdrawal,7895,V32P-A053280,0,0.036369419656693935,0.036688116379082203,0,0
recipient_withdrawal,7896,V32P-A053359,0,0.60249065756797793,0.59494649767875674,0,0
recipient_withdrawal,7897,V32P-A053360,0,0.49286608695983886,0.48537898063659668,0,0
recipient_withdrawal,7898,V32P-A053361,0,0.45167427659034731,0.44582394361495969,0,0
recipient_withdrawal,7899,V32P-A053362,0,0.36193088293075559,0.35682641863822939,0,0
recipient_withdrawal,7900,V32P-A053363,0,0.28969098925590514,0.28668381571769713,0,0
recipient_withdrawal,7901,V32P-A053364,0,0.12639535516500472,0.12610878050327301,0,0
recipient_withdrawal,7902,V32P-A053389,0,0.69439692497253414,0.68989437818527222,1,1
recipient_withdrawal,7903,V32P-A053390,0,0.57630519270896907,0.56810929179191594,0,0
recipient_withdrawal,7904,V32P-A053391,0,0.5522717952728271,0.54437878131866457,0,0
recipient_withdrawal,7905,V32P-A053392,0,0.44160320162773131,0.42994446158409116,0,0
recipient_withdrawal,7906,V32P-A053393,0,0.32321541309356688,0.31179779171943667,0,0
recipient_withdrawal,7907,V32P-A053394,0,0.12097322940826416,0.11668172478675842,0,0
recipient_withdrawal,7908,V32P-A053395,0,0.58332884311676025,0.577213978767395,0,0
recipient_withdrawal,7909,V32P-A053396,0,0.49474034309387205,0.48808859586715697,0,0
recipient_withdrawal,7910,V32P-A053397,0,0.45890595912933352,0.45202804803848268,0,0
recipient_withdrawal,7911,V32P-A053398,0,0.42006347477436068,0.4133515626192093,0,0
recipient_withdrawal,7912,V32P-A053399,0,0.35987617075443268,0.3521882504224777,0,0
recipient_withdrawal,7913,V32P-A053400,0,0.033684929925948383,0.033821933064609767,0,0
recipient_withdrawal,7914,V32P-A053407,1,0.83825712203979497,0.83453854322433474,1,1
recipient_withdrawal,7915,V32P-A053408,1,0.69794802665710454,0.69342212677001958,1,1
recipient_withdrawal,7916,V32P-A053409,0,0.36229317784309389,0.35790621042251586,0,0
recipient_withdrawal,7917,V32P-A053410,0,0.15172916352748872,0.15148018896579743,0,0
recipient_withdrawal,7918,V32P-A053411,0,0.12629570662975312,0.12637335956096649,0,0
recipient_withdrawal,7919,V32P-A053412,0,0.048637724295258519,0.048796040564775468,0,0
recipient_withdrawal,7920,V32P-A053437,1,0.69270631074905398,0.6798063278198242,1,1
recipient_withdrawal,7921,V32P-A053438,1,0.57758450508117676,0.56290255784988408,0,0
recipient_withdrawal,7922,V32P-A053439,0,0.15692055821418763,0.15478651374578475,0,0
recipient_withdrawal,7923,V32P-A053440,0,0.1190432883799076,0.11836131513118744,0,0
recipient_withdrawal,7924,V32P-A053441,0,0.10259463787078857,0.10216712579131126,0,0
recipient_withdrawal,7925,V32P-A053442,0,0.041522563993930818,0.041498861834406854,0,0
recipient_withdrawal,7926,V32P-A053461,0,0.42197224497795105,0.41868980526924132,0,0
recipient_withdrawal,7927,V32P-A053462,0,0.51956977248191838,0.51724965572357173,0,0
recipient_withdrawal,7928,V32P-A053463,0,0.52683277130126949,0.5256051182746887,0,0
recipient_withdrawal,7929,V32P-A053464,0,0.47420666217803953,0.47419270873069763,0,0
recipient_withdrawal,7930,V32P-A053465,1,0.40755566954612732,0.40764296650886533,0,0
recipient_withdrawal,7931,V32P-A053466,0,0.032892215065658092,0.033294474892318252,0,0
recipient_withdrawal,7932,V32P-A053467,0,0.52019734978675847,0.50716707706451414,0,0
recipient_withdrawal,7933,V32P-A053468,0,0.48961475491523743,0.47693085074424746,0,0
recipient_withdrawal,7934,V32P-A053469,0,0.75166592597961424,0.7379704594612122,1,1
recipient_withdrawal,7935,V32P-A053470,0,0.36272926926612853,0.35077968835830686,0,0
recipient_withdrawal,7936,V32P-A053471,1,0.37568293511867523,0.36454475224018096,0,0
recipient_withdrawal,7937,V32P-A053472,0,0.040321553871035573,0.040050868317484854,0,0
recipient_withdrawal,7938,V32P-A053491,0,0.52606006264686589,0.52738040089607241,0,0
recipient_withdrawal,7939,V32P-A053492,0,0.42242206931114196,0.42534800767898562,0,0
recipient_withdrawal,7940,V32P-A053493,0,0.45917903184890746,0.46178578138351439,0,0
recipient_withdrawal,7941,V32P-A053494,0,0.46231743693351746,0.46431942582130431,0,0
recipient_withdrawal,7942,V32P-A053495,0,0.38408975601196288,0.38765745162963866,0,0
recipient_withdrawal,7943,V32P-A053496,0,0.2278285264968872,0.23339979052543641,0,0
recipient_withdrawal,7944,V32P-A053497,0,0.64698352813720705,0.64273523092269902,1,1
recipient_withdrawal,7945,V32P-A053498,0,0.64272814989089966,0.63848739862442017,1,1
recipient_withdrawal,7946,V32P-A053499,0,0.63223911523818965,0.62799936532974243,1,1
recipient_withdrawal,7947,V32P-A053500,0,0.64958299398422237,0.6451095819473267,1,1
recipient_withdrawal,7948,V32P-A053501,0,0.5910839796066284,0.58577420711517336,0,0
recipient_withdrawal,7949,V32P-A053502,0,0.35944998264312744,0.34868529438972473,0,0
recipient_withdrawal,7950,V32P-A053527,0,0.75299303531646733,0.74649851322174077,1,1
recipient_withdrawal,7951,V32P-A053528,0,0.72555872201919558,0.71892508268356325,1,1
recipient_withdrawal,7952,V32P-A053529,0,0.75255733728408813,0.74564278125762939,1,1
recipient_withdrawal,7953,V32P-A053530,0,0.74335175752639771,0.73563213348388667,1,1
recipient_withdrawal,7954,V32P-A053531,0,0.69589489698410034,0.68537554740905759,1,1
recipient_withdrawal,7955,V32P-A053532,0,0.48058697581291199,0.47250264883041382,0,0
recipient_withdrawal,7956,V32P-A053575,0,0.56122590303421016,0.55336645841598509,0,0
recipient_withdrawal,7957,V32P-A053576,0,0.54405025839805599,0.53726673722267149,0,0
recipient_withdrawal,7958,V32P-A053577,0,0.60978922843933103,0.60423098802566533,0,0
recipient_withdrawal,7959,V32P-A053578,0,0.58320369720458987,0.57794765233993528,0,0
recipient_withdrawal,7960,V32P-A053579,0,0.48326188325881958,0.4779135763645172,0,0
recipient_withdrawal,7961,V32P-A053580,0,0.037740061432123183,0.038271349668502805,0,0
recipient_withdrawal,7962,V32P-A053617,0,0.73483421802520754,0.72886780500411985,1,1
recipient_withdrawal,7963,V32P-A053618,0,0.7438113331794739,0.73412692546844482,1,1
recipient_withdrawal,7964,V32P-A053619,0,0.77283875942230229,0.76568837165832515,1,1
recipient_withdrawal,7965,V32P-A053620,0,0.5935528159141541,0.58248891830444338,0,0
recipient_withdrawal,7966,V32P-A053621,0,0.52606164813041689,0.51515682339668278,0,0
recipient_withdrawal,7967,V32P-A053622,0,0.23067809939384459,0.2239746332168579,0,0
recipient_withdrawal,7968,V32P-A053635,0,0.6076274693012238,0.59787778258323665,0,0
recipient_withdrawal,7969,V32P-A053636,0,0.60189165472984318,0.59432067275047307,0,0
recipient_withdrawal,7970,V32P-A053637,0,0.58354984521865849,0.5767406046390533,0,0
recipient_withdrawal,7971,V32P-A053638,0,0.56598668098449711,0.55998993515968321,0,0
recipient_withdrawal,7972,V32P-A053639,0,0.50474965572357178,0.49916073679924011,0,0
recipient_withdrawal,7973,V32P-A053640,0,0.28496835231781004,0.28331732153892519,0,0
recipient_withdrawal,7974,V32P-A053647,1,0.61481537818908694,0.61120395660400395,0,0
recipient_withdrawal,7975,V32P-A053648,1,0.58164634704589846,0.57875446081161497,0,0
recipient_withdrawal,7976,V32P-A053649,1,0.53278869986534116,0.53043326735496521,0,0
recipient_withdrawal,7977,V32P-A053650,0,0.092773903906345365,0.093488739430904383,0,0
recipient_withdrawal,7978,V32P-A053651,0,0.066221918910741806,0.06694259718060494,0,0
recipient_withdrawal,7979,V32P-A053652,0,0.026589542627334595,0.026953285187482835,0,0
recipient_withdrawal,7980,V32P-A053659,1,0.61805063486099243,0.61486798524856567,0,0
recipient_withdrawal,7981,V32P-A053660,1,0.51118526458740232,0.50828562974929814,0,0
recipient_withdrawal,7982,V32P-A053661,1,0.43997460603713989,0.438616418838501,0,0
recipient_withdrawal,7983,V32P-A053662,0,0.068010795116424563,0.068854937702417379,0,0
recipient_withdrawal,7984,V32P-A053663,0,0.050109783560037612,0.050823058933019638,0,0
recipient_withdrawal,7985,V32P-A053664,0,0.020326353423297406,0.02066037617623806,0,0
recipient_withdrawal,7986,V32P-A053779,0,0.72297618389129636,0.7167880177497864,1,1
recipient_withdrawal,7987,V32P-A053780,0,0.65286115407943723,0.64600800275802617,1,1
recipient_withdrawal,7988,V32P-A053781,0,0.62540522813796995,0.61752605438232422,1,0
recipient_withdrawal,7989,V32P-A053782,0,0.53809086680412288,0.52988452315330503,0,0
recipient_withdrawal,7990,V32P-A053783,0,0.43522102236747739,0.4282100021839142,0,0
recipient_withdrawal,7991,V32P-A053784,0,0.036800372228026387,0.036873026378452779,0,0
recipient_withdrawal,7992,V32P-A053797,1,0.79057381153106687,0.78513120412826543,1,1
recipient_withdrawal,7993,V32P-A053798,1,0.72823692560195918,0.72273460626602171,1,1
recipient_withdrawal,7994,V32P-A053799,1,0.65683193206787105,0.64994410276412962,1,1
recipient_withdrawal,7995,V32P-A053800,0,0.13676167875528336,0.1363673135638237,0,0
recipient_withdrawal,7996,V32P-A053801,0,0.10333304107189178,0.10318413078784942,0,0
recipient_withdrawal,7997,V32P-A053802,0,0.045138168707489969,0.045197721198201181,0,0
recipient_withdrawal,7998,V32P-A053851,1,0.76795252561569216,0.75933985710144047,1,1
recipient_withdrawal,7999,V32P-A053852,1,0.67170994281768803,0.66052175760269161,1,1
recipient_withdrawal,8000,V32P-A053853,1,0.7641173124313354,0.74955091476440427,1,1
recipient_withdrawal,8001,V32P-A053854,0,0.14160301983356477,0.1411098837852478,0,0
recipient_withdrawal,8002,V32P-A053855,0,0.10150288790464401,0.10132992640137672,0,0
recipient_withdrawal,8003,V32P-A053856,0,0.045749077759683135,0.045759312249720095,0,0
recipient_withdrawal,8004,V32P-A053887,1,0.74727709293365474,0.73959294557571409,1,1
recipient_withdrawal,8005,V32P-A053888,1,0.63003463745117183,0.6217226028442383,1,1
recipient_withdrawal,8006,V32P-A053889,1,0.516458660364151,0.508556741476059,0,0
recipient_withdrawal,8007,V32P-A053890,0,0.071543344482779506,0.071236490085721013,0,0
recipient_withdrawal,8008,V32P-A053891,0,0.052889202535152433,0.052807238698005673,0,0
recipient_withdrawal,8009,V32P-A053892,0,0.024400530569255351,0.024431543797254561,0,0
recipient_withdrawal,8010,V32P-A053965,0,0.57450007200241093,0.57401593923568728,0,0
recipient_withdrawal,8011,V32P-A053966,0,0.50407730937004092,0.50404327511787417,0,0
recipient_withdrawal,8012,V32P-A053967,0,0.44051809906959533,0.44100808501243594,0,0
recipient_withdrawal,8013,V32P-A053968,0,0.35425835251808169,0.35479344129562379,0,0
recipient_withdrawal,8014,V32P-A053969,0,0.26810750961303709,0.26886706352233886,0,0
recipient_withdrawal,8015,V32P-A053970,0,0.11746385172009469,0.11811555698513984,0,0
recipient_withdrawal,8016,V32P-A053971,0,0.52609962821006773,0.5051959335803986,0,0
recipient_withdrawal,8017,V32P-A053972,0,0.63945147395133972,0.62274757027626038,1,1
recipient_withdrawal,8018,V32P-A053973,0,0.63726812601089478,0.61961457729339597,1,0
recipient_withdrawal,8019,V32P-A053974,0,0.52818564772605892,0.50851967930793762,0,0
recipient_withdrawal,8020,V32P-A053975,0,0.42802740931510924,0.41055662631988527,0,0
recipient_withdrawal,8021,V32P-A053976,0,0.22396352589130403,0.21757288426160812,0,0
recipient_withdrawal,8022,V32P-A054025,0,0.79016339778900146,0.78434553146362307,1,1
recipient_withdrawal,8023,V32P-A054026,0,0.64655235409736633,0.64038861393928526,1,1
recipient_withdrawal,8024,V32P-A054027,0,0.72380774021148686,0.70808330774307249,1,1
recipient_withdrawal,8025,V32P-A054028,0,0.59609632492065434,0.59063594341278081,0,0
recipient_withdrawal,8026,V32P-A054029,0,0.50910224318504338,0.50428971648216248,0,0
recipient_withdrawal,8027,V32P-A054030,0,0.051387453079223634,0.051470250263810156,0,0
recipient_withdrawal,8028,V32P-A054037,0,0.66871635913848881,0.66632326841354372,1,1
recipient_withdrawal,8029,V32P-A054038,0,0.46270315051078797,0.46415756940841674,0,0
recipient_withdrawal,8030,V32P-A054039,0,0.63509342074394226,0.62774056792259214,1,1
recipient_withdrawal,8031,V32P-A054040,0,0.37504213452339175,0.37674944996833803,0,0
recipient_withdrawal,8032,V32P-A054041,0,0.2837763547897339,0.28479865193367004,0,0
recipient_withdrawal,8033,V32P-A054042,0,0.022067696228623389,0.022375392168760298,0,0
recipient_withdrawal,8034,V32P-A054043,0,0.56260160207748411,0.54896942973136897,0,0
recipient_withdrawal,8035,V32P-A054044,0,0.5809528589248657,0.57113190293312077,0,0
recipient_withdrawal,8036,V32P-A054045,0,0.49126952290534975,0.48324794173240659,0,0
recipient_withdrawal,8037,V32P-A054046,0,0.3903944969177246,0.38401961326599121,0,0
recipient_withdrawal,8038,V32P-A054047,1,0.31226437687873843,0.30759650468826294,0,0
recipient_withdrawal,8039,V32P-A054048,0,0.037622156925499438,0.037662011571228504,0,0
recipient_withdrawal,8040,V32P-A054097,0,0.81843385696411131,0.80789464712142944,1,1
recipient_withdrawal,8041,V32P-A054098,0,0.67741055488586421,0.65601667165756228,1,1
recipient_withdrawal,8042,V32P-A054099,0,0.79492391347885127,0.78164001703262331,1,1
recipient_withdrawal,8043,V32P-A054100,0,0.77148488759994505,0.75353201627731325,1,1
recipient_withdrawal,8044,V32P-A054101,0,0.68928176164627075,0.66364989280700681,1,1
recipient_withdrawal,8045,V32P-A054102,0,0.43531196415424345,0.40954636037349701,0,0
recipient_withdrawal,8046,V32P-A054133,1,0.69925763607025149,0.69313336610794063,1,1
recipient_withdrawal,8047,V32P-A054134,1,0.59921877384185795,0.59361675977706907,0,0
recipient_withdrawal,8048,V32P-A054135,1,0.5086709797382355,0.50356013178825376,0,0
recipient_withdrawal,8049,V32P-A054136,0,0.10148701518774032,0.10116860717535019,0,0
recipient_withdrawal,8050,V32P-A054137,0,0.07157450877130031,0.07153319232165814,0,0
recipient_withdrawal,8051,V32P-A054138,0,0.032124197576195002,0.032176063302904366,0,0
recipient_withdrawal,8052,V32P-A054157,0,0.5751376748085022,0.57024232149124143,0,0
recipient_withdrawal,8053,V32P-A054158,0,0.63583765029907224,0.63168669939041133,1,1
recipient_withdrawal,8054,V32P-A054159,0,0.63306170701980591,0.62928738594055178,1,1
recipient_withdrawal,8055,V32P-A054160,1,0.60344045162200932,0.59984177350997925,0,0
recipient_withdrawal,8056,V32P-A054161,0,0.090684066712856296,0.091249933093786234,0,0
recipient_withdrawal,8057,V32P-A054162,0,0.044546034745872022,0.044830950722098348,0,0
recipient_withdrawal,8058,V32P-A054175,0,0.6913301944732666,0.68588457107543943,1,1
recipient_withdrawal,8059,V32P-A054176,0,0.5718292832374573,0.56630039215087891,0,0
recipient_withdrawal,8060,V32P-A054177,0,0.56837978959083557,0.563708883523941,0,0
recipient_withdrawal,8061,V32P-A054178,0,0.54331206679344179,0.53758721947669985,0,0
recipient_withdrawal,8062,V32P-A054179,0,0.45290894508361818,0.44532394409179688,0,0
recipient_withdrawal,8063,V32P-A054180,0,0.20518014281988145,0.20248922258615493,0,0
recipient_withdrawal,8064,V32P-A054193,1,0.74269832372665401,0.74040007591247559,1,1
recipient_withdrawal,8065,V32P-A054194,1,0.62437566518783572,0.62278169393539429,1,1
recipient_withdrawal,8066,V32P-A054195,1,0.51170119047164919,0.51156725883483889,0,0
recipient_withdrawal,8067,V32P-A054196,0,0.083107420057058332,0.084764901548624039,0,0
recipient_withdrawal,8068,V32P-A054197,0,0.077838812768459317,0.079465222358703611,0,0
recipient_withdrawal,8069,V32P-A054198,0,0.027351516485214233,0.027728362940251827,0,0
recipient_withdrawal,8070,V32P-A054307,0,0.40645074248313906,0.40108442902565,0,0
recipient_withdrawal,8071,V32P-A054308,0,0.44347718358039856,0.43767055869102478,0,0
recipient_withdrawal,8072,V32P-A054309,0,0.43972133398056029,0.43442338705062866,0,0
recipient_withdrawal,8073,V32P-A054310,0,0.39392100572586058,0.3885355770587921,0,0
recipient_withdrawal,8074,V32P-A054311,0,0.32821315228939058,0.32354866564273832,0,0
recipient_withdrawal,8075,V32P-A054312,0,0.029188271798193454,0.029290782101452351,0,0
recipient_withdrawal,8076,V32P-A054391,0,0.6229505062103271,0.61867334842681887,1,0
recipient_withdrawal,8077,V32P-A054392,0,0.56793736219406132,0.56467552185058589,0,0
recipient_withdrawal,8078,V32P-A054393,0,0.59520987868309017,0.58527486920356753,0,0
recipient_withdrawal,8079,V32P-A054394,0,0.39303083419799806,0.39014091491699221,0,0
recipient_withdrawal,8080,V32P-A054395,1,0.32423914670944215,0.32313911318778993,0,0
recipient_withdrawal,8081,V32P-A054396,0,0.027720895316451787,0.027960188779979946,0,0
recipient_withdrawal,8082,V32P-A054475,1,0.59665371179580684,0.59336993694305418,0,0
recipient_withdrawal,8083,V32P-A054476,1,0.61944212913513186,0.60751216411590581,0,0
recipient_withdrawal,8084,V32P-A054477,0,0.16136536300182341,0.16254554986953734,0,0
recipient_withdrawal,8085,V32P-A054478,0,0.10577152073383331,0.1067222811281681,0,0
recipient_withdrawal,8086,V32P-A054479,0,0.075661005452275276,0.076339652016758922,0,0
recipient_withdrawal,8087,V32P-A054480,0,0.034232010878622529,0.034554064460098746,0,0
recipient_withdrawal,8088,V32P-A054535,0,0.71859154701232908,0.71232184171676638,1,1
recipient_withdrawal,8089,V32P-A054536,0,0.64693394899368284,0.63949689865112302,1,1
recipient_withdrawal,8090,V32P-A054537,0,0.62725082635879514,0.62111719846725466,1,1
recipient_withdrawal,8091,V32P-A054538,0,0.68427487611770632,0.67842018604278564,1,1
recipient_withdrawal,8092,V32P-A054539,1,0.631561279296875,0.62490776777267454,1,1
recipient_withdrawal,8093,V32P-A054540,0,0.035188997164368629,0.035301129892468454,0,0
recipient_withdrawal,8094,V32P-A054547,0,0.71759454011917112,0.71332074403762813,1,1
recipient_withdrawal,8095,V32P-A054548,0,0.57919273972511287,0.57173032164573667,0,0
recipient_withdrawal,8096,V32P-A054549,0,0.65831260681152348,0.64559265375137331,1,1
recipient_withdrawal,8097,V32P-A054550,0,0.6348478436470032,0.63098117113113406,1,1
recipient_withdrawal,8098,V32P-A054551,0,0.48375715017318727,0.478999125957489,0,0
recipient_withdrawal,8099,V32P-A054552,0,0.21839830577373504,0.21753655076026918,0,0
recipient_withdrawal,8100,V32P-A054643,1,0.62527774572372441,0.62104104757308964,1,1
recipient_withdrawal,8101,V32P-A054644,1,0.38496852517127989,0.38183898925781251,0,0
recipient_withdrawal,8102,V32P-A054645,0,0.08204762265086174,0.08247609287500382,0,0
recipient_withdrawal,8103,V32P-A054646,0,0.072021111845970154,0.072623187303543085,0,0
recipient_withdrawal,8104,V32P-A054647,0,0.058301737532019615,0.058816510066390035,0,0
recipient_withdrawal,8105,V32P-A054648,0,0.028129872400313616,0.028354208264499903,0,0
recipient_withdrawal,8106,V32P-A054751,0,0.39667246639728548,0.38413822054862978,0,0
recipient_withdrawal,8107,V32P-A054752,0,0.41074160039424895,0.39841007888317109,0,0
recipient_withdrawal,8108,V32P-A054753,0,0.33160794377326963,0.32338532209396365,0,0
recipient_withdrawal,8109,V32P-A054754,0,0.28297860324382784,0.27638595700263979,0,0
recipient_withdrawal,8110,V32P-A054755,0,0.24027691930532455,0.23455269485712052,0,0
recipient_withdrawal,8111,V32P-A054756,0,0.12010372653603554,0.11703699305653573,0,0
recipient_withdrawal,8112,V32P-A054775,0,0.68922965526580815,0.68669736385345459,1,1
recipient_withdrawal,8113,V32P-A054776,0,0.66406648159027104,0.66149637699127195,1,1
recipient_withdrawal,8114,V32P-A054777,0,0.69099525213241575,0.68804901838302612,1,1
recipient_withdrawal,8115,V32P-A054778,0,0.63988689184188841,0.63635852336883547,1,1
recipient_withdrawal,8116,V32P-A054779,0,0.59809359312057497,0.59460604190826416,0,0
recipient_withdrawal,8117,V32P-A054780,0,0.40169479846954348,0.39839849472045896,0,0
recipient_withdrawal,8118,V32P-A054889,1,0.70289652347564702,0.69865874052047727,1,1
recipient_withdrawal,8119,V32P-A054890,1,0.63787400722503662,0.63549642562866215,1,1
recipient_withdrawal,8120,V32P-A054891,1,0.74675846099853516,0.74262791872024536,1,1
recipient_withdrawal,8121,V32P-A054892,0,0.1373546078801155,0.13807537406682968,0,0
recipient_withdrawal,8122,V32P-A054893,0,0.10016987696290017,0.10089023783802986,0,0
recipient_withdrawal,8123,V32P-A054894,0,0.046515303850173953,0.046910044923424724,0,0
recipient_withdrawal,8124,V32P-A054937,0,0.72716411352157595,0.72330229282379155,1,1
recipient_withdrawal,8125,V32P-A054938,0,0.61108044385910032,0.60857827663421626,0,0
recipient_withdrawal,8126,V32P-A054939,0,0.58823401927947994,0.58591187000274658,0,0
recipient_withdrawal,8127,V32P-A054940,1,0.63688638210296633,0.63307437896728513,1,1
recipient_withdrawal,8128,V32P-A054941,0,0.12707192003726958,0.12782724052667618,0,0
recipient_withdrawal,8129,V32P-A054942,0,0.047900007292628291,0.048205406591296199,0,0
recipient_withdrawal,8130,V32P-A054991,0,0.59279925823211665,0.592574679851532,0,0
recipient_withdrawal,8131,V32P-A054992,0,0.56058928370475769,0.56064133048057552,0,0
recipient_withdrawal,8132,V32P-A054993,0,0.53626562952995305,0.53712664842605595,0,0
recipient_withdrawal,8133,V32P-A054994,0,0.4648843467235565,0.46665850877761839,0,0
recipient_withdrawal,8134,V32P-A054995,0,0.39810134470462799,0.40122054517269135,0,0
recipient_withdrawal,8135,V32P-A054996,0,0.2101406767964363,0.21266224831342698,0,0
recipient_withdrawal,8136,V32P-A055045,0,0.4602856397628784,0.45348151922225954,0,0
recipient_withdrawal,8137,V32P-A055046,0,0.46553338170051572,0.45808814764022826,0,0
recipient_withdrawal,8138,V32P-A055047,0,0.44801068305969238,0.44005793929100034,0,0
recipient_withdrawal,8139,V32P-A055048,0,0.5273907482624054,0.5084956228733063,0,0
recipient_withdrawal,8140,V32P-A055049,0,0.35657949149608614,0.34923717081546785,0,0
recipient_withdrawal,8141,V32P-A055050,0,0.18210149109363555,0.17943229228258134,0,0
recipient_withdrawal,8142,V32P-A055129,0,0.75270142555236819,0.74946987628936768,1,1
recipient_withdrawal,8143,V32P-A055130,0,0.63027967214584346,0.62826410531997678,1,1
recipient_withdrawal,8144,V32P-A055131,0,0.6567480087280273,0.65500769615173338,1,1
recipient_withdrawal,8145,V32P-A055132,0,0.62748874425888057,0.62620928287506106,1,1
recipient_withdrawal,8146,V32P-A055133,0,0.48697943091392515,0.48690392374992369,0,0
recipient_withdrawal,8147,V32P-A055134,0,0.24465871751308441,0.24615663588047026,0,0
recipient_withdrawal,8148,V32P-A055171,1,0.6591014981269836,0.65485832691192625,1,1
recipient_withdrawal,8149,V32P-A055172,1,0.52556991577148438,0.52119817733764651,0,0
recipient_withdrawal,8150,V32P-A055173,1,0.47190573811531067,0.46773278117179873,0,0
recipient_withdrawal,8151,V32P-A055174,0,0.073829205334186548,0.074521446228027338,0,0
recipient_withdrawal,8152,V32P-A055175,0,0.05254920795559883,0.053025822341442111,0,0
recipient_withdrawal,8153,V32P-A055176,0,0.02282169759273529,0.02309503685683012,0,0
recipient_withdrawal,8154,V32P-A055177,0,0.77099541425704954,0.7652274012565613,1,1
recipient_withdrawal,8155,V32P-A055178,0,0.75288025140762327,0.74629473686218262,1,1
recipient_withdrawal,8156,V32P-A055179,0,0.78503199815750124,0.77816116809844971,1,1
recipient_withdrawal,8157,V32P-A055180,0,0.64797773957252502,0.63948760628700252,1,1
recipient_withdrawal,8158,V32P-A055181,0,0.57585688829421999,0.5691658020019531,0,0
recipient_withdrawal,8159,V32P-A055182,0,0.31813366115093233,0.31684139817953111,0,0
recipient_withdrawal,8160,V32P-A055183,0,0.42658329010009766,0.42030379772186277,0,0
recipient_withdrawal,8161,V32P-A055184,0,0.51943632960319519,0.51635047793388367,0,0
recipient_withdrawal,8162,V32P-A055185,0,0.52556518912315364,0.52282628417015076,0,0
recipient_withdrawal,8163,V32P-A055186,0,0.45615863204002383,0.45216987133026121,0,0
recipient_withdrawal,8164,V32P-A055187,0,0.32905506491661074,0.31545134186744689,0,0
recipient_withdrawal,8165,V32P-A055188,0,0.18908050060272216,0.18839752078056335,0,0
recipient_withdrawal,8166,V32P-A055195,0,0.62894166707992549,0.62142776250839238,1,1
recipient_withdrawal,8167,V32P-A055196,0,0.45502225160598753,0.44919295907020568,0,0
recipient_withdrawal,8168,V32P-A055197,0,0.35462585687637327,0.34910142421722412,0,0
recipient_withdrawal,8169,V32P-A055198,0,0.30390819609165193,0.29907501637935641,0,0
recipient_withdrawal,8170,V32P-A055199,0,0.26006968915462492,0.25574419200420379,0,0
recipient_withdrawal,8171,V32P-A055200,0,0.12816291302442551,0.1267222359776497,0,0
recipient_withdrawal,8172,V32P-A055297,0,0.57325665354728694,0.57268264889717102,0,0
recipient_withdrawal,8173,V32P-A055298,0,0.51763192415237425,0.51828681230545048,0,0
recipient_withdrawal,8174,V32P-A055299,0,0.54951688051223757,0.54998363256454463,0,0
recipient_withdrawal,8175,V32P-A055300,1,0.39385356903076174,0.39555693864822389,0,0
recipient_withdrawal,8176,V32P-A055301,0,0.055752053484320642,0.057053328678011897,0,0
recipient_withdrawal,8177,V32P-A055302,0,0.024689661525189876,0.025239328853785992,0,0
recipient_withdrawal,8178,V32P-A055327,0,0.70937303304672239,0.70464935302734377,1,1
recipient_withdrawal,8179,V32P-A055328,0,0.57333233952522278,0.56759209036827085,0,0
recipient_withdrawal,8180,V32P-A055329,0,0.48213579654693606,0.47622814178466799,0,0
recipient_withdrawal,8181,V32P-A055330,0,0.37207641303539274,0.36566095054149628,0,0
recipient_withdrawal,8182,V32P-A055331,0,0.3333269000053406,0.32889644503593446,0,0
recipient_withdrawal,8183,V32P-A055332,0,0.12710973247885704,0.12582756951451302,0,0
recipient_withdrawal,8184,V32P-A055423,0,0.5875626802444458,0.58538017272949217,0,0
recipient_withdrawal,8185,V32P-A055424,0,0.51701185703277586,0.5146632194519043,0,0
recipient_withdrawal,8186,V32P-A055425,0,0.45166839957237243,0.44992834329605103,0,0
recipient_withdrawal,8187,V32P-A055426,0,0.39420461654663086,0.39390769600868225,0,0
recipient_withdrawal,8188,V32P-A055427,0,0.3117682307958603,0.31218129098415376,0,0
recipient_withdrawal,8189,V32P-A055428,0,0.12973190695047379,0.13105154186487197,0,0
recipient_withdrawal,8190,V32P-A055543,0,0.3502441167831421,0.34604702591896058,0,0
recipient_withdrawal,8191,V32P-A055544,0,0.44085818529129028,0.43662039041519163,0,0
recipient_withdrawal,8192,V32P-A055545,0,0.42733585238456728,0.42248067855834959,0,0
recipient_withdrawal,8193,V32P-A055546,0,0.36106565594673157,0.35535590648651122,0,0
recipient_withdrawal,8194,V32P-A055547,0,0.29300982654094698,0.28749048411846162,0,0
recipient_withdrawal,8195,V32P-A055548,0,0.13264086842536926,0.1295483410358429,0,0
recipient_withdrawal,8196,V32P-A055633,0,0.60209403634071346,0.5896264493465424,0,0
recipient_withdrawal,8197,V32P-A055634,0,0.50793951749801636,0.49165462255477904,0,0
recipient_withdrawal,8198,V32P-A055635,0,0.44542500972747801,0.43335768580436707,0,0
recipient_withdrawal,8199,V32P-A055636,0,0.44963296651840212,0.43824182748794555,0,0
recipient_withdrawal,8200,V32P-A055637,0,0.38024790883064269,0.36955896615982053,0,0
recipient_withdrawal,8201,V32P-A055638,0,0.17765321433544159,0.17351423054933549,0,0
recipient_withdrawal,8202,V32P-A055669,0,0.71013318300247197,0.70146436691284175,1,1
recipient_withdrawal,8203,V32P-A055670,0,0.55992766022682194,0.54721783995628359,0,0
recipient_withdrawal,8204,V32P-A055671,0,0.45093887448310854,0.43918977975845336,0,0
recipient_withdrawal,8205,V32P-A055672,0,0.37364359498023986,0.36269994378089904,0,0
recipient_withdrawal,8206,V32P-A055673,0,0.30130351185798643,0.29150009155273438,0,0
recipient_withdrawal,8207,V32P-A055674,0,0.124248968064785,0.12080782651901245,0,0
recipient_withdrawal,8208,V32P-A055735,0,0.72126233577728271,0.71731997728347774,1,1
recipient_withdrawal,8209,V32P-A055736,0,0.67128745317459104,0.66664921045303349,1,1
recipient_withdrawal,8210,V32P-A055737,0,0.65755947828292849,0.65295147895812988,1,1
recipient_withdrawal,8211,V32P-A055738,0,0.66351450681686397,0.65850784778594973,1,1
recipient_withdrawal,8212,V32P-A055739,0,0.48022764921188354,0.47488871812820432,0,0
recipient_withdrawal,8213,V32P-A055740,0,0.038438718207180499,0.038572725839912891,0,0
recipient_withdrawal,8214,V32P-A055741,0,0.77384539842605593,0.76893682479858394,1,1
recipient_withdrawal,8215,V32P-A055742,0,0.56831449866294859,0.56139207482337949,0,0
recipient_withdrawal,8216,V32P-A055743,0,0.47307307720184327,0.45913290381431582,0,0
recipient_withdrawal,8217,V32P-A055744,0,0.56486879587173466,0.56061350107192998,0,0
recipient_withdrawal,8218,V32P-A055745,0,0.50090890526771548,0.4969590723514557,0,0
recipient_withdrawal,8219,V32P-A055746,0,0.20860670506954193,0.20617053806781768,0,0
recipient_withdrawal,8220,V32P-A055771,0,0.59127110242843628,0.58880195617675779,0,0
recipient_withdrawal,8221,V32P-A055772,0,0.51717284917831419,0.50804843902587893,0,0
recipient_withdrawal,8222,V32P-A055773,0,0.55638127326965336,0.55351998805999758,0,0
recipient_withdrawal,8223,V32P-A055774,0,0.41882265806198121,0.4162891745567322,0,0
recipient_withdrawal,8224,V32P-A055775,0,0.32752807140350343,0.3244520604610443,0,0
recipient_withdrawal,8225,V32P-A055776,0,0.13845259547233582,0.13813804686069489,0,0
recipient_withdrawal,8226,V32P-A055795,0,0.68684788942337038,0.67943687438964839,1,1
recipient_withdrawal,8227,V32P-A055796,0,0.61081452965736394,0.60190767645835874,0,0
recipient_withdrawal,8228,V32P-A055797,0,0.57501279115676884,0.56528198719024658,0,0
recipient_withdrawal,8229,V32P-A055798,0,0.56993049979209898,0.56039225459098818,0,0
recipient_withdrawal,8230,V32P-A055799,0,0.53120290040969853,0.52114636898040767,0,0
recipient_withdrawal,8231,V32P-A055800,0,0.044180471450090408,0.043961497768759725,0,0
recipient_withdrawal,8232,V32P-A055861,0,0.57794411778450017,0.56663408875465393,0,0
recipient_withdrawal,8233,V32P-A055862,0,0.55843734145164492,0.54943856596946716,0,0
recipient_withdrawal,8234,V32P-A055863,0,0.47654669880867007,0.46664140820503236,0,0
recipient_withdrawal,8235,V32P-A055864,0,0.40320925712585448,0.39518052339553833,0,0
recipient_withdrawal,8236,V32P-A055865,0,0.37080602049827577,0.36412198543548585,0,0
recipient_withdrawal,8237,V32P-A055866,0,0.022367348987609149,0.022337124217301607,0,0
recipient_withdrawal,8238,V32P-A055885,0,0.41035598516464233,0.40949825048446653,0,0
recipient_withdrawal,8239,V32P-A055886,0,0.39622759222984316,0.39217644929885864,0,0
recipient_withdrawal,8240,V32P-A055887,0,0.40443882942199705,0.40625251531600953,0,0
recipient_withdrawal,8241,V32P-A055888,0,0.33086787462234496,0.33328977823257444,0,0
recipient_withdrawal,8242,V32P-A055889,0,0.27028385698795321,0.27344049513339996,0,0
recipient_withdrawal,8243,V32P-A055890,0,0.13680762201547622,0.13903769254684448,0,0
recipient_withdrawal,8244,V32P-A055897,0,0.64242913722991946,0.63383355140686037,1,1
recipient_withdrawal,8245,V32P-A055898,0,0.66046141386032109,0.65218057632446291,1,1
recipient_withdrawal,8246,V32P-A055899,0,0.6635728001594543,0.65459538698196407,1,1
recipient_withdrawal,8247,V32P-A055900,0,0.63173763751983647,0.62194269895553589,1,1
recipient_withdrawal,8248,V32P-A055901,0,0.5945448040962219,0.57093224525451658,0,0
recipient_withdrawal,8249,V32P-A055902,0,0.41492435634136199,0.40330334007740021,0,0
recipient_withdrawal,8250,V32P-A055921,0,0.5700766265392303,0.56681358218193056,0,0
recipient_withdrawal,8251,V32P-A055922,0,0.47713418006896974,0.4754529595375061,0,0
recipient_withdrawal,8252,V32P-A055923,0,0.3888624906539917,0.38140674233436583,0,0
recipient_withdrawal,8253,V32P-A055924,0,0.35188778042793273,0.35185760259628296,0,0
recipient_withdrawal,8254,V32P-A055925,0,0.27389900684356688,0.27527821660041807,0,0
recipient_withdrawal,8255,V32P-A055926,0,0.11779157668352128,0.12017811387777329,0,0
recipient_withdrawal,8256,V32P-A055939,0,0.68255033493041994,0.68001105785369875,1,1
recipient_withdrawal,8257,V32P-A055940,0,0.46976774334907534,0.4679015576839447,0,0
recipient_withdrawal,8258,V32P-A055941,0,0.3415265679359436,0.34049471020698546,0,0
recipient_withdrawal,8259,V32P-A055942,0,0.29586837291717527,0.29589865803718568,0,0
recipient_withdrawal,8260,V32P-A055943,0,0.26927295029163362,0.26949461400508878,0,0
recipient_withdrawal,8261,V32P-A055944,0,0.13031181544065476,0.13164340704679489,0,0
recipient_withdrawal,8262,V32P-A055957,0,0.49994853138923645,0.49231239557266238,0,0
recipient_withdrawal,8263,V32P-A055958,0,0.4796618938446045,0.47139635086059573,0,0
recipient_withdrawal,8264,V32P-A055959,0,0.44985020160675049,0.44124072790145874,0,0
recipient_withdrawal,8265,V32P-A055960,0,0.3925910949707031,0.38486517667770387,0,0
recipient_withdrawal,8266,V32P-A055961,0,0.33812577724456788,0.33158720731735231,0,0
recipient_withdrawal,8267,V32P-A055962,0,0.16905643641948701,0.16580554544925691,0,0
recipient_withdrawal,8268,V32P-A055993,0,0.62762368917465206,0.62430287599563594,1,1
recipient_withdrawal,8269,V32P-A055994,0,0.62781337499618528,0.61931115388870239,1,0
recipient_withdrawal,8270,V32P-A055995,0,0.51351394653320315,0.50870251655578613,0,0
recipient_withdrawal,8271,V32P-A055996,0,0.43033491373062133,0.42699644565582273,0,0
recipient_withdrawal,8272,V32P-A055997,0,0.3275707423686981,0.325542277097702,0,0
recipient_withdrawal,8273,V32P-A055998,0,0.12540817707777024,0.12535343319177628,0,0
recipient_withdrawal,8274,V32P-A056023,0,0.5442865788936615,0.52968912124633794,0,0
recipient_withdrawal,8275,V32P-A056024,0,0.63916338086128233,0.6258611738681793,1,1
recipient_withdrawal,8276,V32P-A056025,0,0.73233875036239626,0.72551677227020261,1,1
recipient_withdrawal,8277,V32P-A056026,1,0.68990941047668453,0.6826796412467957,1,1
recipient_withdrawal,8278,V32P-A056027,0,0.070603772625327105,0.070176513120532039,0,0
recipient_withdrawal,8279,V32P-A056028,0,0.027312094159424306,0.027348592318594454,0,0
recipient_withdrawal,8280,V32P-A056047,0,0.5447522044181824,0.53989435434341426,0,0
recipient_withdrawal,8281,V32P-A056048,0,0.48598440289497374,0.48018926978111265,0,0
recipient_withdrawal,8282,V32P-A056049,0,0.43648763895034792,0.43086894750595095,0,0
recipient_withdrawal,8283,V32P-A056050,0,0.35516079068183898,0.34772832393646241,0,0
recipient_withdrawal,8284,V32P-A056051,0,0.28079799115657805,0.27459956705570221,0,0
recipient_withdrawal,8285,V32P-A056052,0,0.12198144793510438,0.12013039886951446,0,0
recipient_withdrawal,8286,V32P-A056065,0,0.73398647308349607,0.72694203853607176,1,1
recipient_withdrawal,8287,V32P-A056066,0,0.58502674102783203,0.57662428617477413,0,0
recipient_withdrawal,8288,V32P-A056067,0,0.5170635521411896,0.51177283525466921,0,0
recipient_withdrawal,8289,V32P-A056068,0,0.44817896485328673,0.44482126235961916,0,0
recipient_withdrawal,8290,V32P-A056069,0,0.35840445160865786,0.35748783349990843,0,0
recipient_withdrawal,8291,V32P-A056070,0,0.16909816116094589,0.16982791870832442,0,0
recipient_withdrawal,8292,V32P-A056101,0,0.618189525604248,0.61359782218933101,0,0
recipient_withdrawal,8293,V32P-A056102,0,0.67063210010528562,0.66755356788635256,1,1
recipient_withdrawal,8294,V32P-A056103,0,0.66696637868881226,0.66414039134979252,1,1
recipient_withdrawal,8295,V32P-A056104,0,0.65048112869262698,0.64845758676528931,1,1
recipient_withdrawal,8296,V32P-A056105,0,0.59754420518875118,0.59530734419822695,0,0
recipient_withdrawal,8297,V32P-A056106,0,0.35769626498222351,0.35748429596424103,0,0
recipient_withdrawal,8298,V32P-A056125,0,0.55290460586547852,0.54898662567138667,0,0
recipient_withdrawal,8299,V32P-A056126,0,0.51153977513313298,0.50702458024024966,0,0
recipient_withdrawal,8300,V32P-A056127,0,0.49112034440040586,0.48730071783065798,0,0
recipient_withdrawal,8301,V32P-A056128,0,0.43157610893249509,0.42897861599922182,0,0
recipient_withdrawal,8302,V32P-A056129,0,0.35637782216072084,0.35446719527244569,0,0
recipient_withdrawal,8303,V32P-A056130,0,0.16420215368270874,0.16427615582942962,0,0
recipient_withdrawal,8304,V32P-A056167,0,0.40250935256481168,0.39423758685588839,0,0
recipient_withdrawal,8305,V32P-A056168,0,0.44247361421585085,0.43729732036590574,0,0
recipient_withdrawal,8306,V32P-A056169,0,0.39596861004829409,0.39048261046409605,0,0
recipient_withdrawal,8307,V32P-A056170,0,0.31880491971969604,0.31327952742576598,0,0
recipient_withdrawal,8308,V32P-A056171,0,0.23513843417167662,0.23163298964500428,0,0
recipient_withdrawal,8309,V32P-A056172,0,0.094224303960800171,0.093506127595901489,0,0
recipient_withdrawal,8310,V32P-A056209,0,0.70526118278503414,0.69693431854248045,1,1
recipient_withdrawal,8311,V32P-A056210,0,0.62961946725845341,0.62090017795562746,1,1
recipient_withdrawal,8312,V32P-A056211,0,0.56603652238845825,0.55807765722274782,0,0
recipient_withdrawal,8313,V32P-A056212,0,0.50094229578971861,0.49406399726867678,0,0
recipient_withdrawal,8314,V32P-A056213,0,0.42562199831008912,0.41997931003570554,0,0
recipient_withdrawal,8315,V32P-A056214,0,0.19451642036437988,0.19264921545982361,0,0
recipient_withdrawal,8316,V32P-A056227,0,0.32336226701736448,0.32334904074668885,0,0
recipient_withdrawal,8317,V32P-A056228,0,0.29391593337059019,0.29353128075599672,0,0
recipient_withdrawal,8318,V32P-A056229,0,0.28792191445827486,0.28853227198123932,0,0
recipient_withdrawal,8319,V32P-A056230,0,0.23593269288539886,0.23677269518375396,0,0
recipient_withdrawal,8320,V32P-A056231,0,0.18260249793529509,0.18324990272521974,0,0
recipient_withdrawal,8321,V32P-A056232,0,0.089530298113822931,0.09057675302028656,0,0
recipient_withdrawal,8322,V32P-A056287,1,0.48017750978469848,0.48115459680557249,0,0
recipient_withdrawal,8323,V32P-A056288,1,0.42521885633468626,0.4261067807674408,0,0
recipient_withdrawal,8324,V32P-A056289,1,0.37135804295539854,0.37323230504989624,0,0
recipient_withdrawal,8325,V32P-A056290,0,0.065066632255911833,0.066154615953564644,0,0
recipient_withdrawal,8326,V32P-A056291,0,0.068187851831316953,0.068585317209362978,0,0
recipient_withdrawal,8327,V32P-A056292,0,0.021819097455590963,0.022070318553596736,0,0
recipient_withdrawal,8328,V32P-A056299,0,0.60489372014999387,0.6015137910842896,0,0
recipient_withdrawal,8329,V32P-A056300,0,0.61770821809768672,0.61477315425872803,0,0
recipient_withdrawal,8330,V32P-A056301,0,0.50307501554489131,0.49883345961570741,0,0
recipient_withdrawal,8331,V32P-A056302,0,0.43271231651306152,0.42934436202049253,0,0
recipient_withdrawal,8332,V32P-A056303,0,0.35410932302474973,0.35149725675582888,0,0
recipient_withdrawal,8333,V32P-A056304,0,0.15112318396568297,0.15032440721988677,0,0
recipient_withdrawal,8334,V32P-A056305,0,0.82321661710739136,0.81778542995452885,1,1
recipient_withdrawal,8335,V32P-A056306,0,0.72263566255569456,0.7140448331832886,1,1
recipient_withdrawal,8336,V32P-A056307,0,0.75156563520431519,0.73852810859680174,1,1
recipient_withdrawal,8337,V32P-A056308,0,0.61925427913665776,0.60814439058303837,0,0
recipient_withdrawal,8338,V32P-A056309,0,0.55115918517112727,0.54006550312042234,0,0
recipient_withdrawal,8339,V32P-A056310,0,0.27371947169303895,0.26892658174037931,0,0
recipient_withdrawal,8340,V32P-A056341,0,0.65021011829376218,0.64440160989761353,1,1
recipient_withdrawal,8341,V32P-A056342,0,0.53058573603630066,0.52241435647010803,0,0
recipient_withdrawal,8342,V32P-A056343,0,0.65117678642272947,0.64105201959609981,1,1
recipient_withdrawal,8343,V32P-A056344,0,0.4127209484577179,0.40309023261070254,0,0
recipient_withdrawal,8344,V32P-A056345,1,0.29989384710788725,0.29304673969745637,0,0
recipient_withdrawal,8345,V32P-A056346,0,0.020320064201951028,0.020355402678251266,0,0
recipient_withdrawal,8346,V32P-A056353,0,0.51424911022186282,0.51160494089126585,0,0
recipient_withdrawal,8347,V32P-A056354,0,0.50206201076507573,0.49985679388046267,0,0
recipient_withdrawal,8348,V32P-A056355,0,0.46996071934700012,0.468825227022171,0,0
recipient_withdrawal,8349,V32P-A056356,0,0.43314329385757444,0.43373173475265503,0,0
recipient_withdrawal,8350,V32P-A056357,0,0.36188955307006837,0.36398451328277587,0,0
recipient_withdrawal,8351,V32P-A056358,0,0.16917125284671783,0.17170867025852204,0,0
recipient_withdrawal,8352,V32P-A056377,1,0.75317150354385376,0.74518282413482662,1,1
recipient_withdrawal,8353,V32P-A056378,1,0.65578824281692505,0.64412757158279421,1,1
recipient_withdrawal,8354,V32P-A056379,1,0.63742784261703489,0.62617909908294678,1,1
recipient_withdrawal,8355,V32P-A056380,0,0.1200028233230114,0.11634747013449669,0,0
recipient_withdrawal,8356,V32P-A056381,0,0.085354965925216672,0.083984103798866269,0,0
recipient_withdrawal,8357,V32P-A056382,0,0.036646734923124313,0.036366268992424011,0,0
recipient_withdrawal,8358,V32P-A056419,0,0.5236259818077087,0.51243644952774048,0,0
recipient_withdrawal,8359,V32P-A056420,0,0.50509657263755803,0.49495750069618227,0,0
recipient_withdrawal,8360,V32P-A056421,0,0.44190796017646788,0.43344276547431948,0,0
recipient_withdrawal,8361,V32P-A056422,0,0.34720396697521211,0.33731109797954562,0,0
recipient_withdrawal,8362,V32P-A056423,0,0.31968991458415985,0.30359776914119718,0,0
recipient_withdrawal,8363,V32P-A056424,0,0.13662343993782997,0.13338644281029702,0,0
recipient_withdrawal,8364,V32P-A056587,0,0.68994102478027342,0.68106185197830205,1,1
recipient_withdrawal,8365,V32P-A056588,0,0.61875740289688108,0.61187951564788823,0,0
recipient_withdrawal,8366,V32P-A056589,0,0.60834482908248899,0.60371677875518803,0,0
recipient_withdrawal,8367,V32P-A056590,0,0.61764119863510136,0.60298689603805544,0,0
recipient_withdrawal,8368,V32P-A056591,0,0.46067196130752563,0.45487212538719179,0,0
recipient_withdrawal,8369,V32P-A056592,0,0.21299857199192046,0.21035313606262207,0,0
recipient_withdrawal,8370,V32P-A056701,0,0.52641351222991939,0.51853995323181157,0,0
recipient_withdrawal,8371,V32P-A056702,0,0.54500302076339724,0.53630424737930293,0,0
recipient_withdrawal,8372,V32P-A056703,0,0.50448275208473203,0.48714682459831238,0,0
recipient_withdrawal,8373,V32P-A056704,0,0.3871825635433197,0.37928852438926697,0,0
recipient_withdrawal,8374,V32P-A056705,0,0.30913721621036527,0.30356831848621368,0,0
recipient_withdrawal,8375,V32P-A056706,0,0.14220349043607711,0.13982154577970504,0,0
recipient_withdrawal,8376,V32P-A056761,0,0.5128989696502686,0.51120567321777344,0,0
recipient_withdrawal,8377,V32P-A056762,0,0.53910397887229922,0.53786004185676572,0,0
recipient_withdrawal,8378,V32P-A056763,0,0.51758923530578616,0.51695218086242678,0,0
recipient_withdrawal,8379,V32P-A056764,0,0.4693052411079407,0.46918962001800535,0,0
recipient_withdrawal,8380,V32P-A056765,0,0.39622173905372621,0.396786504983902,0,0
recipient_withdrawal,8381,V32P-A056766,0,0.030168103799223901,0.030712036415934563,0,0
recipient_withdrawal,8382,V32P-A056779,0,0.63334196805953979,0.62574126720428469,1,1
recipient_withdrawal,8383,V32P-A056780,0,0.62253261804580684,0.61466217041015625,1,0
recipient_withdrawal,8384,V32P-A056781,0,0.69775739908218382,0.68942103385925291,1,1
recipient_withdrawal,8385,V32P-A056782,0,0.47068399786949155,0.458367383480072,0,0
recipient_withdrawal,8386,V32P-A056783,0,0.40128063559532168,0.38939387202262876,0,0
recipient_withdrawal,8387,V32P-A056784,0,0.21267806291580199,0.20231649279594421,0,0
recipient_withdrawal,8388,V32P-A056821,0,0.36279554367065431,0.35918996334075926,0,0
recipient_withdrawal,8389,V32P-A056822,0,0.41829758286476137,0.41598157882690429,0,0
recipient_withdrawal,8390,V32P-A056823,0,0.40774746537208556,0.40547784566879275,0,0
recipient_withdrawal,8391,V32P-A056824,0,0.35045540928840635,0.34833222627639771,0,0
recipient_withdrawal,8392,V32P-A056825,0,0.28344116210937498,0.28102390170097352,0,0
recipient_withdrawal,8393,V32P-A056826,0,0.13246871083974837,0.13184537142515182,0,0
recipient_withdrawal,8394,V32P-A056857,0,0.4155902534723282,0.40844752490520475,0,0
recipient_withdrawal,8395,V32P-A056858,0,0.45667104125022889,0.45053395628929138,0,0
recipient_withdrawal,8396,V32P-A056859,0,0.42775552868843081,0.42243772745132446,0,0
recipient_withdrawal,8397,V32P-A056860,0,0.37814547121524811,0.37413835823535918,0,0
recipient_withdrawal,8398,V32P-A056861,0,0.31490584909915925,0.31176629960536956,0,0
recipient_withdrawal,8399,V32P-A056862,0,0.15672525912523269,0.15621609687805177,0,0
recipient_withdrawal,8400,V32P-A056887,0,0.56625082492828371,0.56361579895019531,0,0
recipient_withdrawal,8401,V32P-A056888,0,0.57798380851745601,0.57617664933204649,0,0
recipient_withdrawal,8402,V32P-A056889,0,0.56018955707550044,0.55947744846343994,0,0
recipient_withdrawal,8403,V32P-A056890,0,0.57703551054000857,0.57642657756805415,0,0
recipient_withdrawal,8404,V32P-A056891,0,0.44356979727745055,0.44487367868423461,0,0
recipient_withdrawal,8405,V32P-A056892,0,0.037871078588068485,0.038384797051548958,0,0
recipient_withdrawal,8406,V32P-A056947,0,0.73371186256408694,0.72735617160797117,1,1
recipient_withdrawal,8407,V32P-A056948,0,0.63258728981018064,0.62461043596267696,1,1
recipient_withdrawal,8408,V32P-A056949,0,0.58847981095314028,0.5818147480487823,0,0
recipient_withdrawal,8409,V32P-A056950,0,0.6334303617477417,0.62890146970748906,1,1
recipient_withdrawal,8410,V32P-A056951,0,0.5485840976238251,0.54378727674484251,0,0
recipient_withdrawal,8411,V32P-A056952,0,0.04436148889362812,0.044690863788127901,0,0
recipient_withdrawal,8412,V32P-A056953,0,0.73418712615966797,0.72895901203155522,1,1
recipient_withdrawal,8413,V32P-A056954,0,0.56473674178123479,0.56264833211898801,0,0
recipient_withdrawal,8414,V32P-A056955,0,0.6550076365470886,0.65062687397003172,1,1
recipient_withdrawal,8415,V32P-A056956,1,0.40318071842193604,0.40304186940193176,0,0
recipient_withdrawal,8416,V32P-A056957,0,0.070530690997838971,0.071224864572286606,0,0
recipient_withdrawal,8417,V32P-A056958,0,0.033085085637867453,0.033408384583890435,0,0
recipient_withdrawal,8418,V32P-A057043,0,0.74995435476303096,0.74121633768081663,1,1
recipient_withdrawal,8419,V32P-A057044,0,0.67260996103286741,0.66013270616531372,1,1
recipient_withdrawal,8420,V32P-A057045,0,0.58421264886856084,0.57195049524307251,0,0
recipient_withdrawal,8421,V32P-A057046,0,0.53320498466491695,0.52310241460800166,0,0
recipient_withdrawal,8422,V32P-A057047,0,0.60700041055679321,0.58689886927604673,0,0
recipient_withdrawal,8423,V32P-A057048,0,0.25246031880378722,0.24721897244453431,0,0
recipient_withdrawal,8424,V32P-A057265,0,0.42436343431472778,0.41453970670700074,0,0
recipient_withdrawal,8425,V32P-A057266,0,0.46507743597030637,0.45796412229537964,0,0
recipient_withdrawal,8426,V32P-A057267,0,0.40920590758323672,0.40146947503089903,0,0
recipient_withdrawal,8427,V32P-A057268,0,0.33672047257423399,0.32230671644210818,0,0
recipient_withdrawal,8428,V32P-A057269,0,0.28499493002891541,0.27964708209037781,0,0
recipient_withdrawal,8429,V32P-A057270,0,0.11128201335668564,0.11003827899694443,0,0
recipient_withdrawal,8430,V32P-A057295,0,0.71510311365127566,0.71163277626037602,1,1
recipient_withdrawal,8431,V32P-A057296,0,0.57580025792121892,0.57351939678192143,0,0
recipient_withdrawal,8432,V32P-A057297,0,0.49930379390716551,0.48893486261367797,0,0
recipient_withdrawal,8433,V32P-A057298,0,0.52495043873786928,0.52310723662376402,0,0
recipient_withdrawal,8434,V32P-A057299,0,0.46511095166206362,0.46328963041305543,0,0
recipient_withdrawal,8435,V32P-A057300,0,0.23883562684059143,0.23925893008708954,0,0
recipient_withdrawal,8436,V32P-A057343,0,0.60743603110313416,0.60103476643562315,0,0
recipient_withdrawal,8437,V32P-A057344,0,0.47941732108592988,0.47166459262371063,0,0
recipient_withdrawal,8438,V32P-A057345,0,0.37862469255924225,0.37109374701976777,0,0
recipient_withdrawal,8439,V32P-A057346,0,0.30111954510211947,0.29520736038684847,0,0
recipient_withdrawal,8440,V32P-A057347,0,0.23408722877502441,0.22944963574409485,0,0
recipient_withdrawal,8441,V32P-A057348,0,0.1263732798397541,0.12464712038636208,0,0
recipient_withdrawal,8442,V32P-A057355,0,0.36269975602626803,0.35490717589855192,0,0
recipient_withdrawal,8443,V32P-A057356,0,0.38055835068225863,0.37377569973468783,0,0
recipient_withdrawal,8444,V32P-A057357,0,0.31858921945095064,0.3127014309167862,0,0
recipient_withdrawal,8445,V32P-A057358,0,0.26195962727069855,0.25709249675273893,0,0
recipient_withdrawal,8446,V32P-A057359,0,0.20437622666358948,0.20068320631980896,0,0
recipient_withdrawal,8447,V32P-A057360,0,0.09315884746611118,0.091814652457833296,0,0
recipient_withdrawal,8448,V32P-A057385,1,0.6400378942489624,0.63024502396583559,1,1
recipient_withdrawal,8449,V32P-A057386,1,0.70967957973480222,0.69876979589462285,1,1
recipient_withdrawal,8450,V32P-A057387,0,0.37365941405296327,0.36467807888984682,0,0
recipient_withdrawal,8451,V32P-A057388,0,0.15068174302577972,0.14985235035419464,0,0
recipient_withdrawal,8452,V32P-A057389,0,0.11505106166005134,0.11463281735777855,0,0
recipient_withdrawal,8453,V32P-A057390,0,0.053797164931893349,0.053733719512820244,0,0
recipient_withdrawal,8454,V32P-A057439,0,0.60633425712585454,0.59265767931938174,0,0
recipient_withdrawal,8455,V32P-A057440,0,0.63179821968078609,0.61955080628395076,1,0
recipient_withdrawal,8456,V32P-A057441,0,0.57950330972671504,0.57163326740264897,0,0
recipient_withdrawal,8457,V32P-A057442,0,0.5228779077529907,0.51918650865554805,0,0
recipient_withdrawal,8458,V32P-A057443,0,0.44815776348114011,0.44761086106300352,0,0
recipient_withdrawal,8459,V32P-A057444,0,0.20162166953086852,0.20283723175525664,0,0
recipient_withdrawal,8460,V32P-A057481,0,0.36592565178871156,0.36457518339157102,0,0
recipient_withdrawal,8461,V32P-A057482,0,0.4660954475402832,0.4654840290546417,0,0
recipient_withdrawal,8462,V32P-A057483,0,0.42772649526596068,0.42828004956245425,0,0
recipient_withdrawal,8463,V32P-A057484,0,0.3029578596353531,0.30332684218883516,0,0
recipient_withdrawal,8464,V32P-A057485,0,0.23793530166149141,0.23820300102233888,0,0
recipient_withdrawal,8465,V32P-A057486,0,0.1023889347910881,0.10308711975812912,0,0
recipient_withdrawal,8466,V32P-A057499,0,0.67585797309875484,0.67082545757293699,1,1
recipient_withdrawal,8467,V32P-A057500,0,0.60547651052474971,0.60099049806594851,0,0
recipient_withdrawal,8468,V32P-A057501,0,0.54099053144454956,0.53720537424087522,0,0
recipient_withdrawal,8469,V32P-A057502,0,0.44949470758438109,0.44783892631530764,0,0
recipient_withdrawal,8470,V32P-A057503,0,0.35019149482250211,0.35025717318058014,0,0
recipient_withdrawal,8471,V32P-A057504,0,0.16106107532978059,0.16205959022045135,0,0
recipient_withdrawal,8472,V32P-A057511,0,0.76609950065612797,0.76224774122238159,1,1
recipient_withdrawal,8473,V32P-A057512,0,0.46174461245536802,0.46044571399688722,0,0
recipient_withdrawal,8474,V32P-A057513,0,0.62608326673507686,0.61914976835250857,1,0
recipient_withdrawal,8475,V32P-A057514,0,0.58313118219375615,0.58166147470474239,0,0
recipient_withdrawal,8476,V32P-A057515,0,0.4911243259906769,0.49026264548301696,0,0
recipient_withdrawal,8477,V32P-A057516,0,0.25180712938308714,0.25267161726951598,0,0
recipient_withdrawal,8478,V32P-A057529,0,0.51107392609119418,0.49519456923007965,0,0
recipient_withdrawal,8479,V32P-A057530,0,0.51749652922153477,0.50292439758777618,0,0
recipient_withdrawal,8480,V32P-A057531,0,0.48784913420677184,0.47458636164665224,0,0
recipient_withdrawal,8481,V32P-A057532,0,0.4300717979669571,0.41746745407581332,0,0
recipient_withdrawal,8482,V32P-A057533,0,0.35873996615409853,0.34769476056098936,0,0
recipient_withdrawal,8483,V32P-A057534,0,0.17536595836281776,0.17141420021653175,0,0
recipient_withdrawal,8484,V32P-A057541,0,0.65682629346847532,0.64961426258087163,1,1
recipient_withdrawal,8485,V32P-A057542,0,0.58482688069343569,0.57927469611167903,0,0
recipient_withdrawal,8486,V32P-A057543,0,0.4939884305000305,0.48895051479339602,0,0
recipient_withdrawal,8487,V32P-A057544,0,0.44210133552551267,0.4379379630088806,0,0
recipient_withdrawal,8488,V32P-A057545,0,0.38934726417064669,0.38622327744960783,0,0
recipient_withdrawal,8489,V32P-A057546,0,0.030747609212994576,0.031111123785376549,0,0
recipient_withdrawal,8490,V32P-A057601,0,0.44462143778800967,0.43908084034919737,0,0
recipient_withdrawal,8491,V32P-A057602,0,0.39341685771942136,0.38403311371803284,0,0
recipient_withdrawal,8492,V32P-A057603,0,0.35898586511611941,0.35292413830757141,0,0
recipient_withdrawal,8493,V32P-A057604,0,0.26854860186576845,0.26361911296844481,0,0
recipient_withdrawal,8494,V32P-A057605,0,0.20148376226425171,0.19838563799858094,0,0
recipient_withdrawal,8495,V32P-A057606,0,0.089193972200155264,0.088550963252782819,0,0
recipient_withdrawal,8496,V32P-A057619,0,0.42964918613433839,0.41939830780029297,0,0
recipient_withdrawal,8497,V32P-A057620,0,0.47137509584426879,0.46310141086578371,0,0
recipient_withdrawal,8498,V32P-A057621,0,0.52091092467308042,0.51361675858497624,0,0
recipient_withdrawal,8499,V32P-A057622,0,0.52416619658470154,0.51690950989723206,0,0
recipient_withdrawal,8500,V32P-A057623,0,0.46724788248538973,0.45329916775226592,0,0
recipient_withdrawal,8501,V32P-A057624,0,0.33339918553829195,0.328259739279747,0,0
recipient_withdrawal,8502,V32P-A057685,0,0.84692909717559817,0.83899989128112795,1,1
recipient_withdrawal,8503,V32P-A057686,0,0.70904747247695921,0.69424799680709837,1,1
recipient_withdrawal,8504,V32P-A057687,0,0.71269708871841431,0.69948285818099976,1,1
recipient_withdrawal,8505,V32P-A057688,0,0.72540385723114009,0.71355649232864382,1,1
recipient_withdrawal,8506,V32P-A057689,1,0.67570756673812871,0.66111078262329104,1,1
recipient_withdrawal,8507,V32P-A057690,0,0.083582139015197759,0.08304767198860645,0,0
recipient_withdrawal,8508,V32P-A057697,0,0.60470312833786011,0.60172042846679685,0,0
recipient_withdrawal,8509,V32P-A057698,0,0.48980231881141661,0.48643512129783628,0,0
recipient_withdrawal,8510,V32P-A057699,0,0.40560356974601747,0.40332818031311035,0,0
recipient_withdrawal,8511,V32P-A057700,0,0.42292632460594176,0.42022770643234253,0,0
recipient_withdrawal,8512,V32P-A057701,0,0.29050655961036681,0.28907704949378965,0,0
recipient_withdrawal,8513,V32P-A057702,0,0.11469365954399109,0.11482745558023452,0,0
recipient_withdrawal,8514,V32P-A057715,0,0.59783216714859011,0.59637283086776738,0,0
recipient_withdrawal,8515,V32P-A057716,0,0.54820784330368044,0.54681445360183711,0,0
recipient_withdrawal,8516,V32P-A057717,0,0.51174854636192324,0.51082931160926814,0,0
recipient_withdrawal,8517,V32P-A057718,0,0.4689328670501709,0.46857951879501342,0,0
recipient_withdrawal,8518,V32P-A057719,0,0.45026694536209105,0.45038115978240967,0,0
recipient_withdrawal,8519,V32P-A057720,0,0.029989354312419891,0.030594184994697571,0,0
recipient_withdrawal,8520,V32P-A057793,0,0.68808200359344485,0.68347176313400271,1,1
recipient_withdrawal,8521,V32P-A057794,0,0.59075092077255253,0.58599832057952883,0,0
recipient_withdrawal,8522,V32P-A057795,0,0.57511149644851689,0.57337551116943364,0,0
recipient_withdrawal,8523,V32P-A057796,0,0.54333267807960506,0.54304158091545107,0,0
recipient_withdrawal,8524,V32P-A057797,0,0.52285699248313899,0.52279316782951357,0,0
recipient_withdrawal,8525,V32P-A057798,0,0.25606625080108641,0.25874155759811401,0,0
recipient_withdrawal,8526,V32P-A057811,0,0.46647893786430361,0.45811557769775391,0,0
recipient_withdrawal,8527,V32P-A057812,0,0.54391828179359436,0.53634287714958195,0,0
recipient_withdrawal,8528,V32P-A057813,0,0.53111816048622129,0.52364805340766907,0,0
recipient_withdrawal,8529,V32P-A057814,0,0.47008118629455564,0.46320385932922364,0,0
recipient_withdrawal,8530,V32P-A057815,1,0.38144977986812589,0.37555011808872224,0,0
recipient_withdrawal,8531,V32P-A057816,0,0.03174641579389572,0.031936952471733095,0,0
recipient_withdrawal,8532,V32P-A057853,0,0.51572727560997011,0.51126940846443181,0,0
recipient_withdrawal,8533,V32P-A057854,0,0.47641668319702146,0.47213870286941528,0,0
recipient_withdrawal,8534,V32P-A057855,0,0.50299006700515747,0.48979640007019043,0,0
recipient_withdrawal,8535,V32P-A057856,0,0.37205723524093626,0.36914564967155455,0,0
recipient_withdrawal,8536,V32P-A057857,0,0.3014691650867462,0.2995451271533966,0,0
recipient_withdrawal,8537,V32P-A057858,0,0.029479577951133252,0.029695092141628264,0,0
recipient_withdrawal,8538,V32P-A057883,0,0.55765994191169743,0.55762571692466734,0,0
recipient_withdrawal,8539,V32P-A057884,0,0.38180701136589051,0.37969028949737549,0,0
recipient_withdrawal,8540,V32P-A057885,0,0.38638117313385012,0.38800876140594481,0,0
recipient_withdrawal,8541,V32P-A057886,0,0.32850778698921201,0.33031697273254396,0,0
recipient_withdrawal,8542,V32P-A057887,0,0.29271801710128786,0.29445548653602599,0,0
recipient_withdrawal,8543,V32P-A057888,0,0.12248391807079315,0.12404915541410447,0,0
recipient_withdrawal,8544,V32P-A057937,0,0.68769444227218623,0.68412904739379887,1,1
recipient_withdrawal,8545,V32P-A057938,0,0.56264030933380127,0.55782439708709719,0,0
recipient_withdrawal,8546,V32P-A057939,0,0.46587727665901185,0.45448103547096252,0,0
recipient_withdrawal,8547,V32P-A057940,0,0.40038387775421141,0.39734072089195249,0,0
recipient_withdrawal,8548,V32P-A057941,0,0.30725238323211668,0.30585898756980895,0,0
recipient_withdrawal,8549,V32P-A057942,0,0.12021875083446502,0.12030889093875885,0,0
recipient_withdrawal,8550,V32P-A057967,0,0.3639743387699127,0.36131261587142943,0,0
recipient_withdrawal,8551,V32P-A057968,0,0.44179505109786987,0.4411656677722931,0,0
recipient_withdrawal,8552,V32P-A057969,0,0.4174270212650299,0.41756035685539244,0,0
recipient_withdrawal,8553,V32P-A057970,0,0.36923559904098513,0.37055800557136537,0,0
recipient_withdrawal,8554,V32P-A057971,0,0.31127169132232668,0.31296194791793824,0,0
recipient_withdrawal,8555,V32P-A057972,0,0.14629697948694229,0.14821363836526871,0,0
recipient_withdrawal,8556,V32P-A057973,0,0.42261344790458677,0.41847003102302549,0,0
recipient_withdrawal,8557,V32P-A057974,0,0.52276749014854429,0.51982365250587459,0,0
recipient_withdrawal,8558,V32P-A057975,0,0.54263652563095088,0.54069007039070127,0,0
recipient_withdrawal,8559,V32P-A057976,0,0.48780181407928469,0.48671596646308901,0,0
recipient_withdrawal,8560,V32P-A057977,0,0.37357673943042757,0.36803210675716402,0,0
recipient_withdrawal,8561,V32P-A057978,0,0.22405605316162108,0.22563785612583159,0,0
recipient_withdrawal,8562,V32P-A057985,0,0.63065297603607173,0.61805474758148193,1,0
recipient_withdrawal,8563,V32P-A057986,0,0.62564175128936772,0.61527999639511111,1,0
recipient_withdrawal,8564,V32P-A057987,0,0.55221623182296753,0.54180946350097658,0,0
recipient_withdrawal,8565,V32P-A057988,0,0.48270126581192019,0.47544687390327456,0,0
recipient_withdrawal,8566,V32P-A057989,0,0.37137785255908967,0.36560605466365814,0,0
recipient_withdrawal,8567,V32P-A057990,0,0.1495371714234352,0.147964246571064,0,0
recipient_withdrawal,8568,V32P-A057991,0,0.69772635698318486,0.69466321468353276,1,1
recipient_withdrawal,8569,V32P-A057992,0,0.60152769088745117,0.59471837282180784,0,0
recipient_withdrawal,8570,V32P-A057993,0,0.68722740411758421,0.68446110486984257,1,1
recipient_withdrawal,8571,V32P-A057994,0,0.54061207175254822,0.53763701319694523,0,0
recipient_withdrawal,8572,V32P-A057995,0,0.46209846735000609,0.46005725264549258,0,0
recipient_withdrawal,8573,V32P-A057996,0,0.2045815646648407,0.20443114936351775,0,0
recipient_withdrawal,8574,V32P-A058009,0,0.56570206284523006,0.56405625939369197,0,0
recipient_withdrawal,8575,V32P-A058010,0,0.47677281498908997,0.47434898018836974,0,0
recipient_withdrawal,8576,V32P-A058011,0,0.51383492946624754,0.51294940710067749,0,0
recipient_withdrawal,8577,V32P-A058012,0,0.45934916138648985,0.45834297537803648,0,0
recipient_withdrawal,8578,V32P-A058013,0,0.39040513634681701,0.39002099633216858,0,0
recipient_withdrawal,8579,V32P-A058014,0,0.033439110405743121,0.033889722265303138,0,0
recipient_withdrawal,8580,V32P-A058033,0,0.67617378234863279,0.66727422475814824,1,1
recipient_withdrawal,8581,V32P-A058034,0,0.63405630588531492,0.62337019443511965,1,1
recipient_withdrawal,8582,V32P-A058035,0,0.56415553092956539,0.55301470756530757,0,0
recipient_withdrawal,8583,V32P-A058036,0,0.4925084888935089,0.48377990126609804,0,0
recipient_withdrawal,8584,V32P-A058037,0,0.38282350301742551,0.37658693790435793,0,0
recipient_withdrawal,8585,V32P-A058038,0,0.025233538448810579,0.025272039324045183,0,0
recipient_withdrawal,8586,V32P-A058051,0,0.67461119890213017,0.66922602653503416,1,1
recipient_withdrawal,8587,V32P-A058052,0,0.49585809707641604,0.48894835710525514,0,0
recipient_withdrawal,8588,V32P-A058053,0,0.43810399770736697,0.43165764808654783,0,0
recipient_withdrawal,8589,V32P-A058054,0,0.43885447978973391,0.43241328001022339,0,0
recipient_withdrawal,8590,V32P-A058055,0,0.32839638888835909,0.32310636937618253,0,0
recipient_withdrawal,8591,V32P-A058056,0,0.14863034784793855,0.14630443453788758,0,0
recipient_withdrawal,8592,V32P-A058069,0,0.46333441138267517,0.45756652355194094,0,0
recipient_withdrawal,8593,V32P-A058070,0,0.46005829572677615,0.45435059666633604,0,0
recipient_withdrawal,8594,V32P-A058071,0,0.39553279876708985,0.39045506119728091,0,0
recipient_withdrawal,8595,V32P-A058072,0,0.37313534021377565,0.37002631425857546,0,0
recipient_withdrawal,8596,V32P-A058073,0,0.2312542200088501,0.22957597076892852,0,0
recipient_withdrawal,8597,V32P-A058074,0,0.099425396323204046,0.099383620917797094,0,0
recipient_withdrawal,8598,V32P-A058123,0,0.63358446359634402,0.63086680173873899,1,1
recipient_withdrawal,8599,V32P-A058124,0,0.60829131603240971,0.60576711893081669,0,0
recipient_withdrawal,8600,V32P-A058125,0,0.57589210271835323,0.57392343282699587,0,0
recipient_withdrawal,8601,V32P-A058126,0,0.57412075996398926,0.57250350713729858,0,0
recipient_withdrawal,8602,V32P-A058127,0,0.51940111517906185,0.51831807494163518,0,0
recipient_withdrawal,8603,V32P-A058128,0,0.046649742126464847,0.047958892583847043,0,0
recipient_withdrawal,8604,V32P-A058147,0,0.6371712207794189,0.63232293128967287,1,1
recipient_withdrawal,8605,V32P-A058148,0,0.51031140089035032,0.50336031913757329,0,0
recipient_withdrawal,8606,V32P-A058149,0,0.36457366943359376,0.35304146409034731,0,0
recipient_withdrawal,8607,V32P-A058150,0,0.30860092639923098,0.30076208710670471,0,0
recipient_withdrawal,8608,V32P-A058151,0,0.20544365048408508,0.20056202113628388,0,0
recipient_withdrawal,8609,V32P-A058152,0,0.085450490564107889,0.084365814179182055,0,0
recipient_withdrawal,8610,V32P-A058267,0,0.56179995536804195,0.55485141277313232,0,0
recipient_withdrawal,8611,V32P-A058268,0,0.55420841574668889,0.54884902834892269,0,0
recipient_withdrawal,8612,V32P-A058269,0,0.49249878525733948,0.48578621745109557,0,0
recipient_withdrawal,8613,V32P-A058270,0,0.38607026338577272,0.38115822076797484,0,0
recipient_withdrawal,8614,V32P-A058271,0,0.29843934476375578,0.29504984915256499,0,0
recipient_withdrawal,8615,V32P-A058272,0,0.12484234124422074,0.12463859468698502,0,0
recipient_withdrawal,8616,V32P-A058273,1,0.80528869628906252,0.80103782415390012,1,1
recipient_withdrawal,8617,V32P-A058274,1,0.74376956224441526,0.740557336807251,1,1
recipient_withdrawal,8618,V32P-A058275,1,0.71642729043960574,0.71358573436737061,1,1
recipient_withdrawal,8619,V32P-A058276,0,0.19122501462697983,0.19213376790285111,0,0
recipient_withdrawal,8620,V32P-A058277,0,0.12272506207227707,0.12386395782232285,0,0
recipient_withdrawal,8621,V32P-A058278,0,0.049312297999858853,0.050082762539386746,0,0
recipient_withdrawal,8622,V32P-A058285,0,0.75076425075531006,0.7433341979980469,1,1
recipient_withdrawal,8623,V32P-A058286,0,0.73862934112548828,0.73032613992691042,1,1
recipient_withdrawal,8624,V32P-A058287,0,0.74528172016143801,0.73657696247100835,1,1
recipient_withdrawal,8625,V32P-A058288,0,0.75695769786834721,0.74900428056716917,1,1
recipient_withdrawal,8626,V32P-A058289,0,0.71714164018630977,0.70807027816772461,1,1
recipient_withdrawal,8627,V32P-A058290,0,0.52951806187629702,0.51524533629417424,0,0
recipient_withdrawal,8628,V32P-A058375,0,0.41404545903205869,0.40986195802688596,0,0
recipient_withdrawal,8629,V32P-A058376,0,0.37620771527290342,0.36677293181419374,0,0
recipient_withdrawal,8630,V32P-A058377,0,0.37184445261955262,0.36885797381401064,0,0
recipient_withdrawal,8631,V32P-A058378,0,0.35757135748863222,0.35445410013198853,0,0
recipient_withdrawal,8632,V32P-A058379,0,0.23647793531417846,0.23543025553226471,0,0
recipient_withdrawal,8633,V32P-A058380,0,0.09703760445117951,0.097257328033447263,0,0
recipient_withdrawal,8634,V32P-A058423,0,0.63863289356231689,0.63259533643722532,1,1
recipient_withdrawal,8635,V32P-A058424,0,0.34846985340118408,0.34665932655334475,0,0
recipient_withdrawal,8636,V32P-A058425,0,0.52571156024932864,0.51970893144607544,0,0
recipient_withdrawal,8637,V32P-A058426,0,0.40745340585708617,0.40269966125488282,0,0
recipient_withdrawal,8638,V32P-A058427,0,0.27934441566467283,0.27651074528694153,0,0
recipient_withdrawal,8639,V32P-A058428,0,0.11836199909448623,0.1178506538271904,0,0
recipient_withdrawal,8640,V32P-A058507,0,0.59854468107223513,0.59231773614883421,0,0
recipient_withdrawal,8641,V32P-A058508,0,0.60331667661666866,0.59698572158813479,0,0
recipient_withdrawal,8642,V32P-A058509,0,0.59785058498382571,0.5914803564548492,0,0
recipient_withdrawal,8643,V32P-A058510,0,0.55566890239715572,0.54954372644424443,0,0
recipient_withdrawal,8644,V32P-A058511,0,0.49889425635337831,0.49342646002769469,0,0
recipient_withdrawal,8645,V32P-A058512,0,0.044783362001180646,0.044842318445444104,0,0
recipient_withdrawal,8646,V32P-A058525,0,0.47643802762031556,0.47058712244033812,0,0
recipient_withdrawal,8647,V32P-A058526,0,0.47345831394195559,0.46867126226425171,0,0
recipient_withdrawal,8648,V32P-A058527,0,0.46571587920188906,0.46197054386138914,0,0
recipient_withdrawal,8649,V32P-A058528,0,0.40507287383079527,0.40287680029869077,0,0
recipient_withdrawal,8650,V32P-A058529,1,0.33467436432838438,0.33342887759208678,0,0
recipient_withdrawal,8651,V32P-A058530,0,0.031332938931882381,0.031595108844339845,0,0
recipient_withdrawal,8652,V32P-A058549,0,0.49796070456504821,0.49210913777351378,0,0
recipient_withdrawal,8653,V32P-A058550,0,0.45251495242118833,0.44646061062812803,0,0
recipient_withdrawal,8654,V32P-A058551,0,0.41225858330726622,0.40535035133361819,0,0
recipient_withdrawal,8655,V32P-A058552,0,0.33995562791824341,0.33300791978836058,0,0
recipient_withdrawal,8656,V32P-A058553,0,0.2781145364046097,0.27217227518558501,0,0
recipient_withdrawal,8657,V32P-A058554,0,0.13964894413948059,0.13691275715827941,0,0
recipient_withdrawal,8658,V32P-A058561,0,0.68271810412406919,0.66985905766487119,1,1
recipient_withdrawal,8659,V32P-A058562,0,0.56296568512916567,0.546455854177475,0,0
recipient_withdrawal,8660,V32P-A058563,0,0.50845128893852232,0.48748451471328735,0,0
recipient_withdrawal,8661,V32P-A058564,0,0.35524867773056029,0.34041860699653625,0,0
recipient_withdrawal,8662,V32P-A058565,0,0.24546793699264527,0.23598240613937377,0,0
recipient_withdrawal,8663,V32P-A058566,0,0.09459876492619515,0.092267107218503952,0,0
recipient_withdrawal,8664,V32P-A058585,0,0.6167934656143188,0.60469782948493955,0,0
recipient_withdrawal,8665,V32P-A058586,0,0.53215189576148991,0.5218248128890991,0,0
recipient_withdrawal,8666,V32P-A058587,0,0.53059126734733586,0.52205382585525517,0,0
recipient_withdrawal,8667,V32P-A058588,0,0.47292433381080629,0.46642857789993286,0,0
recipient_withdrawal,8668,V32P-A058589,0,0.40364208221435549,0.39819698929786684,0,0
recipient_withdrawal,8669,V32P-A058590,0,0.19702458679676055,0.19524898827075959,0,0
recipient_withdrawal,8670,V32P-A058603,0,0.39713616967201232,0.3902007222175598,0,0
recipient_withdrawal,8671,V32P-A058604,0,0.41056828498840331,0.4043764531612396,0,0
recipient_withdrawal,8672,V32P-A058605,0,0.37361990213394164,0.36810344457626343,0,0
recipient_withdrawal,8673,V32P-A058606,0,0.32328735589981078,0.3190451502799988,0,0
recipient_withdrawal,8674,V32P-A058607,0,0.26931493580341337,0.26654196679592135,0,0
recipient_withdrawal,8675,V32P-A058608,0,0.12226428538560867,0.12142250388860702,0,0
recipient_withdrawal,8676,V32P-A058621,0,0.58268923759460445,0.57581754922866824,0,0
recipient_withdrawal,8677,V32P-A058622,0,0.57108460068702693,0.56439952254295345,0,0
recipient_withdrawal,8678,V32P-A058623,0,0.5919950008392334,0.58544054627418518,0,0
recipient_withdrawal,8679,V32P-A058624,0,0.5706037223339081,0.56428353190422054,0,0
recipient_withdrawal,8680,V32P-A058625,0,0.52064782381057739,0.51508852243423464,0,0
recipient_withdrawal,8681,V32P-A058626,0,0.049973342195153238,0.050137674435973167,0,0
recipient_withdrawal,8682,V32P-A058657,0,0.6489695072174072,0.64141039848327641,1,1
recipient_withdrawal,8683,V32P-A058658,0,0.51597835421562199,0.50753960013389587,0,0
recipient_withdrawal,8684,V32P-A058659,0,0.47108827233314515,0.46464762687683103,0,0
recipient_withdrawal,8685,V32P-A058660,0,0.40190803408622744,0.39552562832832339,0,0
recipient_withdrawal,8686,V32P-A058661,0,0.30828814506530761,0.3031602740287781,0,0
recipient_withdrawal,8687,V32P-A058662,0,0.12766993939876556,0.12597238719463349,0,0
recipient_withdrawal,8688,V32P-A058729,0,0.77166343927383418,0.76620339155197148,1,1
recipient_withdrawal,8689,V32P-A058730,0,0.70594251155853271,0.69809448719024658,1,1
recipient_withdrawal,8690,V32P-A058731,0,0.63140769004821773,0.62137762308120725,1,1
recipient_withdrawal,8691,V32P-A058732,0,0.54783003926277163,0.53837682604789738,0,0
recipient_withdrawal,8692,V32P-A058733,0,0.51921758651733396,0.5110374808311462,0,0
recipient_withdrawal,8693,V32P-A058734,0,0.03446274120360613,0.034446260705590245,0,0
recipient_withdrawal,8694,V32P-A058735,0,0.44731715917587278,0.44617172479629519,0,0
recipient_withdrawal,8695,V32P-A058736,0,0.40017216205596923,0.40006176829338075,0,0
recipient_withdrawal,8696,V32P-A058737,0,0.44550160169601438,0.444026255607605,0,0
recipient_withdrawal,8697,V32P-A058738,0,0.38636218607425687,0.38521451056003569,0,0
recipient_withdrawal,8698,V32P-A058739,0,0.31404564976692201,0.31490778326988222,0,0
recipient_withdrawal,8699,V32P-A058740,0,0.14425604343414306,0.14598170518875123,0,0
recipient_withdrawal,8700,V32P-A058789,0,0.53932366967201228,0.52579512596130373,0,0
recipient_withdrawal,8701,V32P-A058790,0,0.51836756467819212,0.50685513019561768,0,0
recipient_withdrawal,8702,V32P-A058791,0,0.47595336437225344,0.46566529273986818,0,0
recipient_withdrawal,8703,V32P-A058792,0,0.51556983590126038,0.50482613444328306,0,0
recipient_withdrawal,8704,V32P-A058793,0,0.44894863963127135,0.43918809890747068,0,0
recipient_withdrawal,8705,V32P-A058794,0,0.23103769570589067,0.22674836367368698,0,0
recipient_withdrawal,8706,V32P-A058807,0,0.57246781587600704,0.57063497304916377,0,0
recipient_withdrawal,8707,V32P-A058808,0,0.50488741397857662,0.50566146373748777,0,0
recipient_withdrawal,8708,V32P-A058809,0,0.46731824874877931,0.46917514204978944,0,0
recipient_withdrawal,8709,V32P-A058810,1,0.39309213161468504,0.39589881300926211,0,0
recipient_withdrawal,8710,V32P-A058811,0,0.056374462693929671,0.058124581724405287,0,0
recipient_withdrawal,8711,V32P-A058812,0,0.022576642595231532,0.023373491875827313,0,0
recipient_withdrawal,8712,V32P-A058849,0,0.41026315689086912,0.40093538165092468,0,0
recipient_withdrawal,8713,V32P-A058850,0,0.41361671686172485,0.40573928952217103,0,0
recipient_withdrawal,8714,V32P-A058851,0,0.37357336878776548,0.36814237236976621,0,0
recipient_withdrawal,8715,V32P-A058852,0,0.50930821895599365,0.49432829618453977,0,0
recipient_withdrawal,8716,V32P-A058853,0,0.26138991713523863,0.25869032740592957,0,0
recipient_withdrawal,8717,V32P-A058854,0,0.029662737250328065,0.029860837571322917,0,0
recipient_withdrawal,8718,V32P-A058921,0,0.77890216112136845,0.76730061769485469,1,1
recipient_withdrawal,8719,V32P-A058922,0,0.77268890142440794,0.76056191921234129,1,1
recipient_withdrawal,8720,V32P-A058923,0,0.7664371132850647,0.75428814888000484,1,1
recipient_withdrawal,8721,V32P-A058924,0,0.73792865276336672,0.72473946809768675,1,1
recipient_withdrawal,8722,V32P-A058925,0,0.68680615425109859,0.67455777525901794,1,1
recipient_withdrawal,8723,V32P-A058926,0,0.49728718101978303,0.49013088643550873,0,0
recipient_withdrawal,8724,V32P-A058999,0,0.81169712543487549,0.80275067090988161,1,1
recipient_withdrawal,8725,V32P-A059000,0,0.59770106077194218,0.58595463037490847,0,0
recipient_withdrawal,8726,V32P-A059001,0,0.50164099931716921,0.491463303565979,0,0
recipient_withdrawal,8727,V32P-A059002,0,0.53016192913055415,0.51695692539215088,0,0
recipient_withdrawal,8728,V32P-A059003,0,0.40485326647758485,0.39464796781539918,0,0
recipient_withdrawal,8729,V32P-A059004,0,0.19299380630254745,0.19040149599313735,0,0
recipient_withdrawal,8730,V32P-A059005,0,0.60723142623901372,0.6038677573204041,0,0
recipient_withdrawal,8731,V32P-A059006,0,0.53208013176918034,0.52305023074150081,0,0
recipient_withdrawal,8732,V32P-A059007,0,0.53741472363471987,0.53414987325668339,0,0
recipient_withdrawal,8733,V32P-A059008,0,0.45631678700447081,0.45397936701774599,0,0
recipient_withdrawal,8734,V32P-A059009,0,0.38006832003593444,0.37869409322738645,0,0
recipient_withdrawal,8735,V32P-A059010,0,0.19467908442020415,0.19439352750778199,0,0
recipient_withdrawal,8736,V32P-A059011,0,0.39123446345329282,0.38747190833091738,0,0
recipient_withdrawal,8737,V32P-A059012,0,0.42407318353652956,0.42008692622184751,0,0
recipient_withdrawal,8738,V32P-A059013,0,0.38677021265029909,0.38277604579925539,0,0
recipient_withdrawal,8739,V32P-A059014,0,0.3121153235435486,0.30889711380004881,0,0
recipient_withdrawal,8740,V32P-A059015,0,0.23804954588413238,0.23611854016780853,0,0
recipient_withdrawal,8741,V32P-A059016,0,0.1032591238617897,0.10305812805891038,0,0
recipient_withdrawal,8742,V32P-A059023,0,0.8149988055229187,0.80581022500991817,1,1
recipient_withdrawal,8743,V32P-A059024,0,0.72632396221160889,0.71377362012863155,1,1
recipient_withdrawal,8744,V32P-A059025,0,0.62808672189712522,0.61626735925674436,1,0
recipient_withdrawal,8745,V32P-A059026,0,0.57923552989959715,0.56697231531143188,0,0
recipient_withdrawal,8746,V32P-A059027,0,0.54601730108261104,0.53397526741027834,0,0
recipient_withdrawal,8747,V32P-A059028,0,0.30606822669506073,0.29849355816841128,0,0
recipient_withdrawal,8748,V32P-A059041,0,0.48772076368331907,0.48299726843833923,0,0
recipient_withdrawal,8749,V32P-A059042,0,0.5196959793567657,0.51549418568611149,0,0
recipient_withdrawal,8750,V32P-A059043,0,0.57745085358619686,0.57355015873908999,0,0
recipient_withdrawal,8751,V32P-A059044,0,0.53251518011093135,0.52719616889953613,0,0
recipient_withdrawal,8752,V32P-A059045,0,0.44915584921836854,0.44381912350654601,0,0
recipient_withdrawal,8753,V32P-A059046,0,0.21744369268417357,0.21447994709014892,0,0
recipient_withdrawal,8754,V32P-A059131,0,0.60224450826644893,0.60094017982482906,0,0
recipient_withdrawal,8755,V32P-A059132,0,0.5020935714244843,0.50173441767692561,0,0
recipient_withdrawal,8756,V32P-A059133,0,0.45320379734039307,0.45322733521461489,0,0
recipient_withdrawal,8757,V32P-A059134,0,0.39125365018844604,0.39164351224899291,0,0
recipient_withdrawal,8758,V32P-A059135,0,0.31811202168464658,0.31884278059005738,0,0
recipient_withdrawal,8759,V32P-A059136,0,0.16935328692197799,0.17033392637968064,0,0
recipient_withdrawal,8760,V32P-A059185,0,0.69424017667770388,0.69145351648330688,1,1
recipient_withdrawal,8761,V32P-A059186,0,0.5967498183250427,0.59551026821136477,0,0
recipient_withdrawal,8762,V32P-A059187,0,0.53089130520820615,0.52984257340431218,0,0
recipient_withdrawal,8763,V32P-A059188,0,0.5184326589107513,0.51693482995033269,0,0
recipient_withdrawal,8764,V32P-A059189,0,0.39971499443054198,0.39856362938880918,0,0
recipient_withdrawal,8765,V32P-A059190,0,0.20167639255523681,0.20197389721870423,0,0
recipient_withdrawal,8766,V32P-A059197,0,0.66907716989517207,0.66185464859008791,1,1
recipient_withdrawal,8767,V32P-A059198,0,0.62349500656127932,0.61540507078170781,1,0
recipient_withdrawal,8768,V32P-A059199,0,0.58892689943313603,0.58249666094779973,0,0
recipient_withdrawal,8769,V32P-A059200,0,0.49230793714523313,0.48630537390708922,0,0
recipient_withdrawal,8770,V32P-A059201,0,0.40788256525993349,0.40306930541992186,0,0
recipient_withdrawal,8771,V32P-A059202,0,0.17168120294809341,0.16997340172529221,0,0
recipient_withdrawal,8772,V32P-A059221,0,0.60470757484436033,0.59703848361968992,0,0
recipient_withdrawal,8773,V32P-A059222,0,0.62299612760543821,0.61710129976272587,1,0
recipient_withdrawal,8774,V32P-A059223,0,0.59585285186767578,0.59080160856246944,0,0
recipient_withdrawal,8775,V32P-A059224,0,0.54294022917747498,0.53801494240760805,0,0
recipient_withdrawal,8776,V32P-A059225,0,0.45985530018806459,0.45552642345428468,0,0
recipient_withdrawal,8777,V32P-A059226,0,0.22867700159549714,0.22757155001163482,0,0
recipient_withdrawal,8778,V32P-A059257,1,0.68068598508834843,0.67546668052673342,1,1
recipient_withdrawal,8779,V32P-A059258,1,0.57997038960456848,0.57421696782112119,0,0
recipient_withdrawal,8780,V32P-A059259,1,0.54925842285156246,0.54461840987205501,0,0
recipient_withdrawal,8781,V32P-A059260,0,0.10802090018987656,0.10817737728357316,0,0
recipient_withdrawal,8782,V32P-A059261,0,0.083429983258247381,0.083704943209886556,0,0
recipient_withdrawal,8783,V32P-A059262,0,0.038189499266445638,0.038381496630609038,0,0
recipient_withdrawal,8784,V32P-A059269,0,0.69613915681838989,0.686601710319519,1,1
recipient_withdrawal,8785,V32P-A059270,0,0.58759613037109371,0.57660011053085325,0,0
recipient_withdrawal,8786,V32P-A059271,0,0.49501575827598571,0.48324031233787534,0,0
recipient_withdrawal,8787,V32P-A059272,0,0.41325279474258425,0.40281515717506411,0,0
recipient_withdrawal,8788,V32P-A059273,0,0.32650313377380369,0.3184516578912735,0,0
recipient_withdrawal,8789,V32P-A059274,0,0.16380441486835479,0.16063828021287918,0,0
recipient_withdrawal,8790,V32P-A059317,0,0.65948545932769775,0.65245305299758916,1,1
recipient_withdrawal,8791,V32P-A059318,0,0.56207282543182369,0.55384594798088072,0,0
recipient_withdrawal,8792,V32P-A059319,0,0.52091659307479854,0.51301296353340153,0,0
recipient_withdrawal,8793,V32P-A059320,0,0.5525648713111877,0.54484385251998901,0,0
recipient_withdrawal,8794,V32P-A059321,0,0.46523166894912721,0.45743529796600341,0,0
recipient_withdrawal,8795,V32P-A059322,0,0.23005169332027436,0.22551422715187072,0,0
recipient_withdrawal,8796,V32P-A059323,0,0.77059435844421387,0.76415820121765132,1,1
recipient_withdrawal,8797,V32P-A059324,0,0.60801698565483098,0.5818301916122437,0,0
recipient_withdrawal,8798,V32P-A059325,0,0.4938952147960663,0.48217177987098692,0,0
recipient_withdrawal,8799,V32P-A059326,0,0.36161768138408662,0.35262364447116851,0,0
recipient_withdrawal,8800,V32P-A059327,0,0.28051639199256895,0.27441385388374329,0,0
recipient_withdrawal,8801,V32P-A059328,0,0.11343031525611877,0.11208134442567826,0,0
recipient_withdrawal,8802,V32P-A059449,0,0.70926539897918706,0.704961109161377,1,1
recipient_withdrawal,8803,V32P-A059450,0,0.58032394647598262,0.57632558345794682,0,0
recipient_withdrawal,8804,V32P-A059451,0,0.50941817760467534,0.50524652600288389,0,0
recipient_withdrawal,8805,V32P-A059452,0,0.39623979926109315,0.3927124083042145,0,0
recipient_withdrawal,8806,V32P-A059453,0,0.31200975179672241,0.30963397920131686,0,0
recipient_withdrawal,8807,V32P-A059454,0,0.135633884370327,0.13529509007930757,0,0
recipient_withdrawal,8808,V32P-A059641,0,0.47195992469787595,0.46454758644104005,0,0
recipient_withdrawal,8809,V32P-A059642,0,0.45820745229721072,0.45373145341873167,0,0
recipient_withdrawal,8810,V32P-A059643,0,0.46752464771270752,0.46445997953414919,0,0
recipient_withdrawal,8811,V32P-A059644,0,0.38933427929878234,0.38728470206260679,0,0
recipient_withdrawal,8812,V32P-A059645,1,0.32666105926036837,0.32558927834033968,0,0
recipient_withdrawal,8813,V32P-A059646,0,0.0284612693823874,0.028946290630847214,0,0
recipient_withdrawal,8814,V32P-A059653,0,0.61762253046035764,0.6119172096252441,0,0
recipient_withdrawal,8815,V32P-A059654,0,0.57009060382843013,0.56676676273345949,0,0
recipient_withdrawal,8816,V32P-A059655,0,0.5030845642089844,0.50145204663276677,0,0
recipient_withdrawal,8817,V32P-A059656,0,0.43835647702217101,0.43831448554992675,0,0
recipient_withdrawal,8818,V32P-A059657,0,0.35766081809997557,0.35850579142570493,0,0
recipient_withdrawal,8819,V32P-A059658,0,0.16194305568933487,0.1634970024228096,0,0
recipient_withdrawal,8820,V32P-A059677,0,0.809443187713623,0.80172221660614018,1,1
recipient_withdrawal,8821,V32P-A059678,0,0.74044419527053829,0.73158906698226933,1,1
recipient_withdrawal,8822,V32P-A059679,0,0.70668742656707761,0.69851493835449219,1,1
recipient_withdrawal,8823,V32P-A059680,0,0.67736192941665652,0.66934517621994016,1,1
recipient_withdrawal,8824,V32P-A059681,0,0.60871269702911379,0.59954028129577641,0,0
recipient_withdrawal,8825,V32P-A059682,0,0.33041920065879821,0.32390030026435851,0,0
recipient_withdrawal,8826,V32P-A059689,0,0.74689655303955083,0.73418356180191036,1,1
recipient_withdrawal,8827,V32P-A059690,0,0.67719919681549068,0.66397020816802976,1,1
recipient_withdrawal,8828,V32P-A059691,0,0.61441563367843632,0.60117478370666499,0,0
recipient_withdrawal,8829,V32P-A059692,0,0.52519717812538147,0.51367462277412412,0,0
recipient_withdrawal,8830,V32P-A059693,1,0.4412392318248749,0.43350071310997007,0,0
recipient_withdrawal,8831,V32P-A059694,0,0.040091338567435741,0.040134193748235701,0,0
recipient_withdrawal,8832,V32P-A059725,0,0.52853862047195432,0.5267537117004395,0,0
recipient_withdrawal,8833,V32P-A059726,0,0.49094759821891787,0.48930380940437318,0,0
recipient_withdrawal,8834,V32P-A059727,0,0.45530540347099302,0.45412322878837585,0,0
recipient_withdrawal,8835,V32P-A059728,0,0.37969139814376829,0.3799747586250305,0,0
recipient_withdrawal,8836,V32P-A059729,0,0.29593525826931,0.29722716510295866,0,0
recipient_withdrawal,8837,V32P-A059730,0,0.12336934953927994,0.12511077970266343,0,0
recipient_withdrawal,8838,V32P-A059761,0,0.71999310255050664,0.71328756809234617,1,1
recipient_withdrawal,8839,V32P-A059762,0,0.66564946174621586,0.65824798345565794,1,1
recipient_withdrawal,8840,V32P-A059763,0,0.62739512920379636,0.61990249156951904,1,0
recipient_withdrawal,8841,V32P-A059764,0,0.56862645745277407,0.56091472506523132,0,0
recipient_withdrawal,8842,V32P-A059765,1,0.48803510069847106,0.48083430528640747,0,0
recipient_withdrawal,8843,V32P-A059766,0,0.038202833384275436,0.038236302882432939,0,0
recipient_withdrawal,8844,V32P-A059779,0,0.54809961318969724,0.54337067604064937,0,0
recipient_withdrawal,8845,V32P-A059780,0,0.51992532014846804,0.51518735289573669,0,0
recipient_withdrawal,8846,V32P-A059781,0,0.50040242075920105,0.49530358314514161,0,0
recipient_withdrawal,8847,V32P-A059782,0,0.42519528269767759,0.41939241290092466,0,0
recipient_withdrawal,8848,V32P-A059783,0,0.33280213773250578,0.32754691541194914,0,0
recipient_withdrawal,8849,V32P-A059784,0,0.1533259242773056,0.15015068650245667,0,0
recipient_withdrawal,8850,V32P-A059785,0,0.31390892267227172,0.3115086555480957,0,0
recipient_withdrawal,8851,V32P-A059786,0,0.35718326568603515,0.35459597706794738,0,0
recipient_withdrawal,8852,V32P-A059787,0,0.33555842041969297,0.33359113931655882,0,0
recipient_withdrawal,8853,V32P-A059788,0,0.25033526122570038,0.24858929216861725,0,0
recipient_withdrawal,8854,V32P-A059789,0,0.20577416121959685,0.20456836819648744,0,0
recipient_withdrawal,8855,V32P-A059790,0,0.099187481403350833,0.099320034682750705,0,0
recipient_withdrawal,8856,V32P-A059845,0,0.59159600734710693,0.5885915875434875,0,0
recipient_withdrawal,8857,V32P-A059846,0,0.55168763399124143,0.5492175817489624,0,0
recipient_withdrawal,8858,V32P-A059847,0,0.51287105679512024,0.51194347143173213,0,0
recipient_withdrawal,8859,V32P-A059848,0,0.42864627242088316,0.42902319431304931,0,0
recipient_withdrawal,8860,V32P-A059849,0,0.34429475665092468,0.34596718549728395,0,0
recipient_withdrawal,8861,V32P-A059850,0,0.15132296383380889,0.15256883352994918,0,0
recipient_withdrawal,8862,V32P-A059881,1,0.57096828818321232,0.56844640374183653,0,0
recipient_withdrawal,8863,V32P-A059882,1,0.57646874785423274,0.57435178160667422,0,0
recipient_withdrawal,8864,V32P-A059883,1,0.59096571207046511,0.58922673463821407,0,0
recipient_withdrawal,8865,V32P-A059884,0,0.15777431726455687,0.1571422502398491,0,0
recipient_withdrawal,8866,V32P-A059885,0,0.087897741794586176,0.088555215299129492,0,0
recipient_withdrawal,8867,V32P-A059886,0,0.041966809332370757,0.042337879538536072,0,0
recipient_withdrawal,8868,V32P-A059905,0,0.60595338344573979,0.59860028028488155,0,0
recipient_withdrawal,8869,V32P-A059906,0,0.58907159566879275,0.58287872076034541,0,0
recipient_withdrawal,8870,V32P-A059907,0,0.53874995708465578,0.53172085285186765,0,0
recipient_withdrawal,8871,V32P-A059908,0,0.49288250207901002,0.48609976172447206,0,0
recipient_withdrawal,8872,V32P-A059909,0,0.40413925647735593,0.39864895939826966,0,0
recipient_withdrawal,8873,V32P-A059910,0,0.17280267179012299,0.16989019215106965,0,0
recipient_withdrawal,8874,V32P-A059911,0,0.77453634738922117,0.76960678100585933,1,1
recipient_withdrawal,8875,V32P-A059912,0,0.66806577444076543,0.6633430480957031,1,1
recipient_withdrawal,8876,V32P-A059913,0,0.58080277442932127,0.57638570666313171,0,0
recipient_withdrawal,8877,V32P-A059914,0,0.50049780011177059,0.49747768640518186,0,0
recipient_withdrawal,8878,V32P-A059915,0,0.47187800407409669,0.46849864721298218,0,0
recipient_withdrawal,8879,V32P-A059916,0,0.037137094885110855,0.037270081415772441,0,0
recipient_withdrawal,8880,V32P-A059917,0,0.59806529283523557,0.59104365110397339,0,0
recipient_withdrawal,8881,V32P-A059918,0,0.48261029720306398,0.47466999292373657,0,0
recipient_withdrawal,8882,V32P-A059919,0,0.40280073285102846,0.39538705348968506,0,0
recipient_withdrawal,8883,V32P-A059920,0,0.31657943427562713,0.30979956090450289,0,0
recipient_withdrawal,8884,V32P-A059921,1,0.24147490859031678,0.23630963265895844,0,0
recipient_withdrawal,8885,V32P-A059922,0,0.022623520437628032,0.022569694276899099,0,0
recipient_withdrawal,8886,V32P-A059941,0,0.74111980199813843,0.72144786119461057,1,1
recipient_withdrawal,8887,V32P-A059942,0,0.64264982938766479,0.62392265796661373,1,1
recipient_withdrawal,8888,V32P-A059943,0,0.61457313895225529,0.59852182865142822,0,0
recipient_withdrawal,8889,V32P-A059944,0,0.54607886075973511,0.53245929479598997,0,0
recipient_withdrawal,8890,V32P-A059945,0,0.45453393459320068,0.44327571988105774,0,0
recipient_withdrawal,8891,V32P-A059946,0,0.038271777145564553,0.038199248351156713,0,0
recipient_withdrawal,8892,V32P-A059971,0,0.50659698247909546,0.49738954901695254,0,0
recipient_withdrawal,8893,V32P-A059972,0,0.44618150591850281,0.43766466975212098,0,0
recipient_withdrawal,8894,V32P-A059973,0,0.35531064271926882,0.34807384014129639,0,0
recipient_withdrawal,8895,V32P-A059974,0,0.28949034214019775,0.28436278700828554,0,0
recipient_withdrawal,8896,V32P-A059975,0,0.26862946152687073,0.26384385824203493,0,0
recipient_withdrawal,8897,V32P-A059976,0,0.12380855679512023,0.12202396988868713,0,0
donor_withdrawal,0,V32P-A000025,0,0.64196459054946897,0.62589203715324404,1,1
donor_withdrawal,1,V32P-A000026,0,0.54580625891685486,0.52896625399589536,0,0
donor_withdrawal,2,V32P-A000027,0,0.45527541637420654,0.44024336338043213,0,0
donor_withdrawal,3,V32P-A000028,0,0.47681547999382018,0.46186059713363647,0,0
donor_withdrawal,4,V32P-A000029,0,0.31462445259094241,0.30489152669906616,0,0
donor_withdrawal,5,V32P-A000030,0,0.038141265418380497,0.037993268016725777,0,0
donor_withdrawal,6,V32P-A000055,0,0.7662831783294678,0.76659326553344731,1,1
donor_withdrawal,7,V32P-A000056,0,0.65519660711288452,0.65588389635086064,1,1
donor_withdrawal,8,V32P-A000057,0,0.55095632076263423,0.55240999460220341,0,0
donor_withdrawal,9,V32P-A000058,0,0.62380927801132202,0.6249749422073364,1,1
donor_withdrawal,10,V32P-A000059,0,0.42977386713027954,0.43405401706695557,0,0
donor_withdrawal,11,V32P-A000060,0,0.17423627376556397,0.17915130257606507,0,0
donor_withdrawal,12,V32P-A000133,1,0.66907008886337282,0.66264284849166866,1,1
donor_withdrawal,13,V32P-A000134,1,0.60441773533821108,0.59967752099037175,0,0
donor_withdrawal,14,V32P-A000135,1,0.53488787412643435,0.53316756486892702,0,0
donor_withdrawal,15,V32P-A000136,0,0.07007151991128921,0.075142200291156772,0,0
donor_withdrawal,16,V32P-A000137,0,0.050932205840945245,0.055537806823849678,0,0
donor_withdrawal,17,V32P-A000138,0,0.020815097820013763,0.02291594920679927,0,0
donor_withdrawal,18,V32P-A000151,0,0.4802298307418823,0.48099747896194456,0,0
donor_withdrawal,19,V32P-A000152,0,0.31345358490943909,0.31632724404335022,0,0
donor_withdrawal,20,V32P-A000153,0,0.27060325443744659,0.27753453552722929,0,0
donor_withdrawal,21,V32P-A000154,0,0.25513446033000947,0.25855827629566192,0,0
donor_withdrawal,22,V32P-A000155,0,0.1863671898841858,0.18915989995002747,0,0
donor_withdrawal,23,V32P-A000156,0,0.086802083998918533,0.090125318616628647,0,0
donor_withdrawal,24,V32P-A000175,1,0.81364271640777586,0.81018629074096682,1,1
donor_withdrawal,25,V32P-A000176,1,0.66830750703811648,0.66631369590759282,1,1
donor_withdrawal,26,V32P-A000177,1,0.74108881950378414,0.73695400953292844,1,1
donor_withdrawal,27,V32P-A000178,0,0.13470991998910903,0.13615341186523439,0,0
donor_withdrawal,28,V32P-A000179,0,0.1005596674978733,0.1019375391304493,0,0
donor_withdrawal,29,V32P-A000180,0,0.043079922348260878,0.043907858431339264,0,0
donor_withdrawal,30,V32P-A000205,0,0.6780752897262573,0.68259207010269163,1,1
donor_withdrawal,31,V32P-A000206,0,0.59811351299285886,0.60411788225173946,0,0
donor_withdrawal,32,V32P-A000207,0,0.57274052500724792,0.58144145607948305,0,0
donor_withdrawal,33,V32P-A000208,0,0.48540135622024538,0.50051212310791016,0,0
donor_withdrawal,34,V32P-A000209,0,0.40022924542427063,0.41950945258140565,0,0
donor_withdrawal,35,V32P-A000210,0,0.18451943695545198,0.20563971102237702,0,0
donor_withdrawal,36,V32P-A000253,0,0.63338264226913454,0.63058629035949709,1,1
donor_withdrawal,37,V32P-A000254,0,0.59867467880249026,0.59758647680282595,0,0
donor_withdrawal,38,V32P-A000255,0,0.63411530256271365,0.63282890319824214,1,1
donor_withdrawal,39,V32P-A000256,1,0.60749281644821163,0.6063856244087219,0,0
donor_withdrawal,40,V32P-A000257,0,0.10723498389124871,0.11603848114609719,0,0
donor_withdrawal,41,V32P-A000258,0,0.05866676643490791,0.063956856727600098,0,0
donor_withdrawal,42,V32P-A000283,0,0.67715648412704466,0.68148673772811885,1,1
donor_withdrawal,43,V32P-A000284,0,0.5112620532512665,0.5183004677295685,0,0
donor_withdrawal,44,V32P-A000285,0,0.47270198464393615,0.48425528407096863,0,0
donor_withdrawal,45,V32P-A000286,0,0.3635817587375641,0.37985376119613645,0,0
donor_withdrawal,46,V32P-A000287,0,0.33036087453365326,0.34437564909458163,0,0
donor_withdrawal,47,V32P-A000288,0,0.12582589834928512,0.13442470878362656,0,0
donor_withdrawal,48,V32P-A000301,0,0.76935782432556155,0.7656746506690979,1,1
donor_withdrawal,49,V32P-A000302,0,0.66773656606674192,0.66219472885131836,1,1
donor_withdrawal,50,V32P-A000303,0,0.59090530276298525,0.58120624423027034,0,0
donor_withdrawal,51,V32P-A000304,0,0.54285869002342224,0.53368027806282048,0,0
donor_withdrawal,52,V32P-A000305,0,0.45511153340339661,0.45408383011817932,0,0
donor_withdrawal,53,V32P-A000306,0,0.21196887791156768,0.20912761092185975,0,0
donor_withdrawal,54,V32P-A000307,1,0.55317733883857723,0.54691563248634334,0,0
donor_withdrawal,55,V32P-A000308,1,0.56885576844215391,0.56524763703346248,0,0
donor_withdrawal,56,V32P-A000309,1,0.55909919738769531,0.55690565109252932,0,0
donor_withdrawal,57,V32P-A000310,0,0.087644403427839274,0.090568339079618448,0,0
donor_withdrawal,58,V32P-A000311,0,0.067176416516304016,0.069812794029712674,0,0
donor_withdrawal,59,V32P-A000312,0,0.030575655214488507,0.032173054106533525,0,0
donor_withdrawal,60,V32P-A000313,1,0.61686277389526367,0.61421339511871342,0,0
donor_withdrawal,61,V32P-A000314,1,0.62566457986831669,0.62561424970626833,1,1
donor_withdrawal,62,V32P-A000315,1,0.54573091268539431,0.54812194108963008,0,0
donor_withdrawal,63,V32P-A000316,0,0.078995821624994272,0.083572646230459208,0,0
donor_withdrawal,64,V32P-A000317,0,0.059819506853818892,0.064040458202362066,0,0
donor_withdrawal,65,V32P-A000318,0,0.024684707075357436,0.026706612296402456,0,0
donor_withdrawal,66,V32P-A000385,0,0.5940270721912384,0.59203851819038389,0,0
donor_withdrawal,67,V32P-A000386,0,0.51156868338584904,0.5086218059062958,0,0
donor_withdrawal,68,V32P-A000387,0,0.55435971021652219,0.55313566923141477,0,0
donor_withdrawal,69,V32P-A000388,0,0.48722062110900877,0.48820201158523557,0,0
donor_withdrawal,70,V32P-A000389,0,0.39751036167144777,0.40152133107185362,0,0
donor_withdrawal,71,V32P-A000390,0,0.17962228059768676,0.18465835154056548,0,0
donor_withdrawal,72,V32P-A000505,0,0.40282809138298037,0.39983305335044861,0,0
donor_withdrawal,73,V32P-A000506,0,0.42570905089378358,0.425030916929245,0,0
donor_withdrawal,74,V32P-A000507,0,0.40180680155754089,0.40183870196342469,0,0
donor_withdrawal,75,V32P-A000508,0,0.3385697603225708,0.34193481206893922,0,0
donor_withdrawal,76,V32P-A000509,0,0.27491993606090548,0.2799689918756485,0,0
donor_withdrawal,77,V32P-A000510,0,0.12452323138713836,0.13159887194633485,0,0
donor_withdrawal,78,V32P-A000595,0,0.69363397359848022,0.69047729969024663,1,1
donor_withdrawal,79,V32P-A000596,0,0.61326445341110225,0.60861256122589114,0,0
donor_withdrawal,80,V32P-A000597,0,0.55624698996543886,0.55045183300971989,0,0
donor_withdrawal,81,V32P-A000598,0,0.47436484694480896,0.46986315250396726,0,0
donor_withdrawal,82,V32P-A000599,0,0.46565389633178711,0.46267480850219728,0,0
donor_withdrawal,83,V32P-A000600,0,0.22660112380981445,0.23121114373207091,0,0
donor_withdrawal,84,V32P-A000631,0,0.35442115962505338,0.34693702757358552,0,0
donor_withdrawal,85,V32P-A000632,0,0.4237193763256073,0.41983539462089536,0,0
donor_withdrawal,86,V32P-A000633,0,0.37804747223854063,0.37748207449913024,0,0
donor_withdrawal,87,V32P-A000634,0,0.31083613336086274,0.31250626146793364,0,0
donor_withdrawal,88,V32P-A000635,0,0.24839633405208589,0.25260338485240935,0,0
donor_withdrawal,89,V32P-A000636,0,0.018583244364708661,0.020645787473767996,0,0
donor_withdrawal,90,V32P-A000685,0,0.46635974049568174,0.46501230001449584,0,0
donor_withdrawal,91,V32P-A000686,0,0.47904475927352907,0.48330770134925843,0,0
donor_withdrawal,92,V32P-A000687,0,0.42209690809249878,0.42852421402931212,0,0
donor_withdrawal,93,V32P-A000688,0,0.45922012925148009,0.46807895302772523,0,0
donor_withdrawal,94,V32P-A000689,0,0.35228869020938874,0.36302427351474764,0,0
donor_withdrawal,95,V32P-A000690,0,0.032635345123708248,0.03498090039938688,0,0
donor_withdrawal,96,V32P-A000703,0,0.8269545793533325,0.82805445194244387,1,1
donor_withdrawal,97,V32P-A000704,0,0.84731440544128422,0.8481309294700623,1,1
donor_withdrawal,98,V32P-A000705,0,0.87427866458892822,0.87484905719757078,1,1
donor_withdrawal,99,V32P-A000706,0,0.74787431955337524,0.75011270046234135,1,1
donor_withdrawal,100,V32P-A000707,1,0.61796449422836308,0.62158777713775637,0,1
donor_withdrawal,101,V32P-A000708,0,0.063759598135948184,0.066004310548305509,0,0
donor_withdrawal,102,V32P-A000793,0,0.73406701087951665,0.73160268068313594,1,1
donor_withdrawal,103,V32P-A000794,0,0.6397982597351074,0.63900163173675539,1,1
donor_withdrawal,104,V32P-A000795,0,0.60804705619812016,0.60946834087371826,0,0
donor_withdrawal,105,V32P-A000796,0,0.48298515677452086,0.49049258828163145,0,0
donor_withdrawal,106,V32P-A000797,0,0.43525897860527041,0.44488849043846129,0,0
donor_withdrawal,107,V32P-A000798,0,0.16734732389450074,0.18026937246322633,0,0
donor_withdrawal,108,V32P-A000823,0,0.53424145579338078,0.52627423405647278,0,0
donor_withdrawal,109,V32P-A000824,0,0.47137195467948911,0.46430709958076477,0,0
donor_withdrawal,110,V32P-A000825,0,0.40009005665779113,0.39432740807533262,0,0
donor_withdrawal,111,V32P-A000826,0,0.35945431590080262,0.35562917590141296,0,0
donor_withdrawal,112,V32P-A000827,0,0.28158844411373141,0.28429722487926484,0,0
donor_withdrawal,113,V32P-A000828,0,0.12691233456134796,0.12978675365447997,0,0
donor_withdrawal,114,V32P-A000835,0,0.69524428844451902,0.69323198795318608,1,1
donor_withdrawal,115,V32P-A000836,0,0.73205002546310427,0.73383688926696777,1,1
donor_withdrawal,116,V32P-A000837,0,0.76602933406829832,0.76665099859237673,1,1
donor_withdrawal,117,V32P-A000838,0,0.75668982267379759,0.75818991661071777,1,1
donor_withdrawal,118,V32P-A000839,1,0.70993820428848264,0.71466690301895142,1,1
donor_withdrawal,119,V32P-A000840,0,0.069703712314367297,0.072996309399604803,0,0
donor_withdrawal,120,V32P-A000841,0,0.47689735293388369,0.4805603802204132,0,0
donor_withdrawal,121,V32P-A000842,0,0.46355682015419009,0.46752077937126157,0,0
donor_withdrawal,122,V32P-A000843,0,0.43989791274070739,0.44434683918952944,0,0
donor_withdrawal,123,V32P-A000844,0,0.38814433813095095,0.39421370029449465,0,0
donor_withdrawal,124,V32P-A000845,1,0.32721944451332091,0.33544791936874391,0,0
donor_withdrawal,125,V32P-A000846,0,0.025377197563648222,0.02797323316335678,0,0
donor_withdrawal,126,V32P-A000865,0,0.50820101499557491,0.50482764244079592,0,0
donor_withdrawal,127,V32P-A000866,0,0.5341369152069092,0.53169338703155522,0,0
donor_withdrawal,128,V32P-A000867,0,0.46391258239746092,0.46677118539810181,0,0
donor_withdrawal,129,V32P-A000868,0,0.44078563451766967,0.44094454050064086,0,0
donor_withdrawal,130,V32P-A000869,0,0.36980617344379424,0.37203683555126188,0,0
donor_withdrawal,131,V32P-A000870,0,0.16598979830741883,0.17131426334381103,0,0
donor_withdrawal,132,V32P-A000901,0,0.51399408578872685,0.51110121011734011,0,0
donor_withdrawal,133,V32P-A000902,0,0.53078427314758303,0.53251740932464597,0,0
donor_withdrawal,134,V32P-A000903,0,0.49858161807060242,0.50232725739479067,0,0
donor_withdrawal,135,V32P-A000904,0,0.46599304676055908,0.48135606646537782,0,0
donor_withdrawal,136,V32P-A000905,0,0.37998404204845426,0.3872509330511093,0,0
donor_withdrawal,137,V32P-A000906,0,0.17508004903793334,0.18382072150707246,0,0
donor_withdrawal,138,V32P-A000985,0,0.44770550131797793,0.44832963943481446,0,0
donor_withdrawal,139,V32P-A000986,0,0.46634162068367002,0.47058667540550231,0,0
donor_withdrawal,140,V32P-A000987,0,0.41881088614463807,0.4258772671222687,0,0
donor_withdrawal,141,V32P-A000988,0,0.34536088705062867,0.35589218139648438,0,0
donor_withdrawal,142,V32P-A000989,0,0.26183221042156218,0.27412369549274446,0,0
donor_withdrawal,143,V32P-A000990,0,0.11000665724277496,0.11948044747114181,0,0
donor_withdrawal,144,V32P-A001021,0,0.3813913345336914,0.3807960867881775,0,0
donor_withdrawal,145,V32P-A001022,0,0.42707443237304688,0.43345564007759096,0,0
donor_withdrawal,146,V32P-A001023,0,0.39945326447486879,0.41209048628807066,0,0
donor_withdrawal,147,V32P-A001024,0,0.37751774191856385,0.39396030306816099,0,0
donor_withdrawal,148,V32P-A001025,1,0.3121606707572937,0.33822802901268006,0,0
donor_withdrawal,149,V32P-A001026,0,0.02769757490605116,0.029909078776836396,0,0
donor_withdrawal,150,V32P-A001045,0,0.22652143836021424,0.22146064937114715,0,0
donor_withdrawal,151,V32P-A001046,0,0.31232826709747313,0.30461227893829346,0,0
donor_withdrawal,152,V32P-A001047,0,0.28968666195869447,0.2838634788990021,0,0
donor_withdrawal,153,V32P-A001048,0,0.23708249330520631,0.23295387625694275,0,0
donor_withdrawal,154,V32P-A001049,0,0.18678943514823915,0.18456302881240844,0,0
donor_withdrawal,155,V32P-A001050,0,0.085132873058319097,0.087593716382980344,0,0
donor_withdrawal,156,V32P-A001069,0,0.76341285705566408,0.76479059457778931,1,1
donor_withdrawal,157,V32P-A001070,0,0.56992943286895748,0.57759406566619875,0,0
donor_withdrawal,158,V32P-A001071,0,0.49816913008689878,0.50791196227073665,0,0
donor_withdrawal,159,V32P-A001072,0,0.49421527385711672,0.50145206451416013,0,0
donor_withdrawal,160,V32P-A001073,0,0.42258700728416443,0.43497618436813357,0,0
donor_withdrawal,161,V32P-A001074,0,0.16944733262062073,0.18160454332828521,0,0
donor_withdrawal,162,V32P-A001075,0,0.70791112184524541,0.7185759902000427,1,1
donor_withdrawal,163,V32P-A001076,0,0.54128009676933286,0.55409010648727419,0,0
donor_withdrawal,164,V32P-A001077,0,0.43137245774269106,0.44169799685478212,0,0
donor_withdrawal,165,V32P-A001078,0,0.40337086319923399,0.41790270805358887,0,0
donor_withdrawal,166,V32P-A001079,0,0.3711400032043457,0.38656259775161744,0,0
donor_withdrawal,167,V32P-A001080,0,0.18158216178417205,0.19620341360568999,0,0
donor_withdrawal,168,V32P-A001153,0,0.63186240196228027,0.63216165304183958,1,1
donor_withdrawal,169,V32P-A001154,0,0.62501987218856814,0.62543432712554936,1,1
donor_withdrawal,170,V32P-A001155,0,0.57005333304405215,0.57331647872924807,0,0
donor_withdrawal,171,V32P-A001156,0,0.47409929037094117,0.48000605702400206,0,0
donor_withdrawal,172,V32P-A001157,0,0.3876383274793625,0.39581950902938845,0,0
donor_withdrawal,173,V32P-A001158,0,0.16910392194986343,0.1749204158782959,0,0
donor_withdrawal,174,V32P-A001171,0,0.67028689384460449,0.67468874454498295,1,1
donor_withdrawal,175,V32P-A001172,0,0.55344554781913757,0.55970556735992427,0,0
donor_withdrawal,176,V32P-A001173,0,0.54351544380187988,0.54392592310905452,0,0
donor_withdrawal,177,V32P-A001174,0,0.42816772460937502,0.42840671539306641,0,0
donor_withdrawal,178,V32P-A001175,0,0.41771349310874939,0.41915349960327147,0,0
donor_withdrawal,179,V32P-A001176,0,0.21221380531787873,0.21807472407817841,0,0
donor_withdrawal,180,V32P-A001183,0,0.28911103308200836,0.2923771947622299,0,0
donor_withdrawal,181,V32P-A001184,0,0.49223868250846864,0.50084401965141301,0,0
donor_withdrawal,182,V32P-A001185,0,0.42239980697631835,0.43736028075218203,0,0
donor_withdrawal,183,V32P-A001186,0,0.30115773379802702,0.32227906286716462,0,0
donor_withdrawal,184,V32P-A001187,0,0.22915431261062622,0.24928299188613892,0,0
donor_withdrawal,185,V32P-A001188,0,0.096344706416130063,0.1060002937912941,0,0
donor_withdrawal,186,V32P-A001189,1,0.83762208223342893,0.83432685136795048,1,1
donor_withdrawal,187,V32P-A001190,1,0.84257129430770872,0.83849728107452393,1,1
donor_withdrawal,188,V32P-A001191,1,0.65182812213897701,0.64239428043365476,1,1
donor_withdrawal,189,V32P-A001192,0,0.090628972649574285,0.091311921179294583,0,0
donor_withdrawal,190,V32P-A001193,0,0.065020577609539026,0.065798417478799817,0,0
donor_withdrawal,191,V32P-A001194,0,0.027785720676183699,0.028458788618445398,0,0
donor_withdrawal,192,V32P-A001207,0,0.56630830764770512,0.55469126701354976,0,0
donor_withdrawal,193,V32P-A001208,0,0.47598040103912354,0.46826209425926207,0,0
donor_withdrawal,194,V32P-A001209,0,0.47814387679100034,0.47547229528427126,0,0
donor_withdrawal,195,V32P-A001210,0,0.42334024310112001,0.42293314933776854,0,0
donor_withdrawal,196,V32P-A001211,0,0.33776573538780214,0.34602048993110657,0,0
donor_withdrawal,197,V32P-A001212,0,0.17060689628124237,0.17638187408447265,0,0
donor_withdrawal,198,V32P-A001213,0,0.59481037855148311,0.58710654377937321,0,0
donor_withdrawal,199,V32P-A001214,0,0.60844724774360659,0.60476788282394411,0,0
donor_withdrawal,200,V32P-A001215,0,0.57978212237358095,0.57941162586212158,0,0
donor_withdrawal,201,V32P-A001216,0,0.67358238697051998,0.67473171949386601,1,1
donor_withdrawal,202,V32P-A001217,1,0.48090843558311464,0.48192760348320007,0,0
donor_withdrawal,203,V32P-A001218,0,0.037240629643201829,0.039028292894363402,0,0
donor_withdrawal,204,V32P-A001273,0,0.36339149475097654,0.3578057587146759,0,0
donor_withdrawal,205,V32P-A001274,0,0.46533071398735049,0.46060460209846499,0,0
donor_withdrawal,206,V32P-A001275,0,0.44413897991180418,0.44238184690475463,0,0
donor_withdrawal,207,V32P-A001276,0,0.3764055848121643,0.37726766467094419,0,0
donor_withdrawal,208,V32P-A001277,0,0.30235656797885896,0.30725189745426179,0,0
donor_withdrawal,209,V32P-A001278,0,0.12631162106990815,0.13324447572231293,0,0
donor_withdrawal,210,V32P-A001285,0,0.36870201230049132,0.37321510910987854,0,0
donor_withdrawal,211,V32P-A001286,0,0.35854617357254026,0.36721483469009397,0,0
donor_withdrawal,212,V32P-A001287,0,0.31717353463172915,0.33169366121292115,0,0
donor_withdrawal,213,V32P-A001288,0,0.25275432765483857,0.27095561325550077,0,0
donor_withdrawal,214,V32P-A001289,0,0.19435904324054717,0.21152797341346741,0,0
donor_withdrawal,215,V32P-A001290,0,0.082048158347606662,0.090340554714202881,0,0
donor_withdrawal,216,V32P-A001393,0,0.7528433561325073,0.7530002117156982,1,1
donor_withdrawal,217,V32P-A001394,0,0.77086366415023799,0.77074842453002934,1,1
donor_withdrawal,218,V32P-A001395,0,0.62805564403533931,0.63227961063385008,1,1
donor_withdrawal,219,V32P-A001396,0,0.56320298910140987,0.56984553337097166,0,0
donor_withdrawal,220,V32P-A001397,0,0.44576854109764097,0.45333918333053591,0,0
donor_withdrawal,221,V32P-A001398,0,0.21026773154735565,0.21716410219669341,0,0
donor_withdrawal,222,V32P-A001441,0,0.47222425341606139,0.46747554540634156,0,0
donor_withdrawal,223,V32P-A001442,0,0.47050016522407534,0.46952983140945437,0,0
donor_withdrawal,224,V32P-A001443,0,0.42800483703613279,0.43147603869438172,0,0
donor_withdrawal,225,V32P-A001444,0,0.33708738088607787,0.34285496473312377,0,0
donor_withdrawal,226,V32P-A001445,0,0.25236440598964693,0.25923172533512118,0,0
donor_withdrawal,227,V32P-A001446,0,0.10755635201930999,0.11523930132389068,0,0
donor_withdrawal,228,V32P-A001483,1,0.51550105214118958,0.50841811299324036,0,0
donor_withdrawal,229,V32P-A001484,1,0.58341966867446904,0.57915629148483272,0,0
donor_withdrawal,230,V32P-A001485,1,0.62652711868286137,0.6254225015640259,1,1
donor_withdrawal,231,V32P-A001486,0,0.15940920859575272,0.16328910440206529,0,0
donor_withdrawal,232,V32P-A001487,0,0.11953032165765762,0.1231904074549675,0,0
donor_withdrawal,233,V32P-A001488,0,0.054716236889362335,0.05709562972187996,0,0
donor_withdrawal,234,V32P-A001495,0,0.61084514856338501,0.6126676559448242,0,0
donor_withdrawal,235,V32P-A001496,0,0.44443625211715698,0.44847803115844725,0,0
donor_withdrawal,236,V32P-A001497,0,0.35235737562179564,0.35408971309661863,0,0
donor_withdrawal,237,V32P-A001498,0,0.29490059614181519,0.29651635885238647,0,0
donor_withdrawal,238,V32P-A001499,0,0.27569379806518557,0.27971231937408447,0,0
donor_withdrawal,239,V32P-A001500,0,0.11748635470867157,0.12137024849653244,0,0
donor_withdrawal,240,V32P-A001531,0,0.71186968088150027,0.7144335865974426,1,1
donor_withdrawal,241,V32P-A001532,0,0.66488353013992307,0.6667994379997253,1,1
donor_withdrawal,242,V32P-A001533,0,0.63516050577163696,0.6385552644729614,1,1
donor_withdrawal,243,V32P-A001534,0,0.59318915605545042,0.59993001222610476,0,0
donor_withdrawal,244,V32P-A001535,0,0.53305268883705137,0.54349182248115535,0,0
donor_withdrawal,245,V32P-A001536,0,0.2539191782474518,0.26755166351795195,0,0
donor_withdrawal,246,V32P-A001543,0,0.60241648554801941,0.60324835181236269,0,0
donor_withdrawal,247,V32P-A001544,0,0.40385270714759824,0.40295965075492857,0,0
donor_withdrawal,248,V32P-A001545,0,0.35954103767871859,0.36017767488956454,0,0
donor_withdrawal,249,V32P-A001546,0,0.34578704237937929,0.34976788163185119,0,0
donor_withdrawal,250,V32P-A001547,0,0.26734339594841006,0.2730288326740265,0,0
donor_withdrawal,251,V32P-A001548,0,0.024213672801852226,0.025719128921627997,0,0
donor_withdrawal,252,V32P-A001591,0,0.57766028642654421,0.57699322700500488,0,0
donor_withdrawal,253,V32P-A001592,0,0.50872859954833982,0.50715651512145998,0,0
donor_withdrawal,254,V32P-A001593,0,0.47413229942321777,0.47275466918945314,0,0
donor_withdrawal,255,V32P-A001594,0,0.46145450472831728,0.45884398818016053,0,0
donor_withdrawal,256,V32P-A001595,0,0.40953215360641482,0.40743763446807862,0,0
donor_withdrawal,257,V32P-A001596,0,0.18383446335792542,0.18867851793766022,0,0
donor_withdrawal,258,V32P-A001609,0,0.60920507907867427,0.61364641189575198,0,0
donor_withdrawal,259,V32P-A001610,0,0.56459053158760075,0.57431724667549133,0,0
donor_withdrawal,260,V32P-A001611,0,0.50707571506500249,0.5227858781814575,0,0
donor_withdrawal,261,V32P-A001612,0,0.46573998332023619,0.48473837375640871,0,0
donor_withdrawal,262,V32P-A001613,0,0.45353848338127134,0.47501671314239502,0,0
donor_withdrawal,263,V32P-A001614,0,0.22730989754199982,0.24951013624668122,0,0
donor_withdrawal,264,V32P-A001615,0,0.74191153049468994,0.73640857934951787,1,1
donor_withdrawal,265,V32P-A001616,0,0.55447670221328738,0.54477060437202451,0,0
donor_withdrawal,266,V32P-A001617,0,0.67599167823791506,0.6683438897132874,1,1
donor_withdrawal,267,V32P-A001618,0,0.50882276892662048,0.49917863607406615,0,0
donor_withdrawal,268,V32P-A001619,0,0.42972991466522215,0.42166004180908201,0,0
donor_withdrawal,269,V32P-A001620,0,0.235362908244133,0.23271195590496063,0,0
donor_withdrawal,270,V32P-A001645,0,0.57389662265777586,0.57263607978820796,0,0
donor_withdrawal,271,V32P-A001646,0,0.54104135036468504,0.54014670848846436,0,0
donor_withdrawal,272,V32P-A001647,0,0.49688331484794618,0.4960626423358917,0,0
donor_withdrawal,273,V32P-A001648,0,0.51548393964767458,0.51543906927108762,0,0
donor_withdrawal,274,V32P-A001649,0,0.42731707096099852,0.42945032119750975,0,0
donor_withdrawal,275,V32P-A001650,0,0.14761431515216827,0.15276847481727601,0,0
donor_withdrawal,276,V32P-A001663,0,0.74190235137939453,0.74541234970092773,1,1
donor_withdrawal,277,V32P-A001664,0,0.63984488248825078,0.64316531419754031,1,1
donor_withdrawal,278,V32P-A001665,0,0.5335847079753876,0.53499798178672786,0,0
donor_withdrawal,279,V32P-A001666,0,0.45905565619468691,0.45879303812980654,0,0
donor_withdrawal,280,V32P-A001667,0,0.40952440500259402,0.40875239968299865,0,0
donor_withdrawal,281,V32P-A001668,0,0.055163808166980743,0.056679334491491318,0,0
donor_withdrawal,282,V32P-A001693,0,0.65860999822616573,0.65808502435684202,1,1
donor_withdrawal,283,V32P-A001694,0,0.61691789031028743,0.62707259654998782,0,1
donor_withdrawal,284,V32P-A001695,0,0.59913890361785893,0.60739378929138188,0,0
donor_withdrawal,285,V32P-A001696,0,0.49567960500717162,0.50912985801696775,0,0
donor_withdrawal,286,V32P-A001697,0,0.41226053237915039,0.4304239094257355,0,0
donor_withdrawal,287,V32P-A001698,0,0.18270244300365449,0.19755249321460724,0,0
donor_withdrawal,288,V32P-A001723,0,0.46310582756996155,0.46799307465553286,0,0
donor_withdrawal,289,V32P-A001724,0,0.38097426295280457,0.39384915828704836,0,0
donor_withdrawal,290,V32P-A001725,0,0.38948495984077453,0.39801847338676455,0,0
donor_withdrawal,291,V32P-A001726,0,0.30938799381256105,0.31990036368370056,0,0
donor_withdrawal,292,V32P-A001727,1,0.23683771193027497,0.24889338910579681,0,0
donor_withdrawal,293,V32P-A001728,0,0.018336363136768341,0.020006160624325274,0,0
donor_withdrawal,294,V32P-A001747,0,0.60205925107002256,0.60753704905509953,0,0
donor_withdrawal,295,V32P-A001748,0,0.48779756426811216,0.49483019709587095,0,0
donor_withdrawal,296,V32P-A001749,0,0.46126729249954224,0.47117595672607421,0,0
donor_withdrawal,297,V32P-A001750,0,0.39754096865653993,0.41127900481224061,0,0
donor_withdrawal,298,V32P-A001751,0,0.32484565377235414,0.34520869851112368,0,0
donor_withdrawal,299,V32P-A001752,0,0.15328875035047532,0.16635264307260514,0,0
donor_withdrawal,300,V32P-A001759,0,0.2762769550085068,0.27425127327442167,0,0
donor_withdrawal,301,V32P-A001760,0,0.29018560945987704,0.2896387964487076,0,0
donor_withdrawal,302,V32P-A001761,0,0.27551851570606234,0.27770340740680693,0,0
donor_withdrawal,303,V32P-A001762,0,0.22634280920028688,0.2327072262763977,0,0
donor_withdrawal,304,V32P-A001763,0,0.17850461155176162,0.18824741989374161,0,0
donor_withdrawal,305,V32P-A001764,0,0.078984338790178299,0.085809724777936941,0,0
donor_withdrawal,306,V32P-A001885,0,0.50876307487487793,0.50157539844512944,0,0
donor_withdrawal,307,V32P-A001886,0,0.64764503240585325,0.64505705833435056,1,1
donor_withdrawal,308,V32P-A001887,0,0.60235153436660771,0.60031518936157224,0,0
donor_withdrawal,309,V32P-A001888,0,0.42501457333564757,0.42176588773727419,0,0
donor_withdrawal,310,V32P-A001889,1,0.28659965693950651,0.28440946936607359,0,0
donor_withdrawal,311,V32P-A001890,0,0.024457702971994878,0.025159830041229726,0,0
donor_withdrawal,312,V32P-A001909,0,0.78875169754028318,0.79222186803817751,1,1
donor_withdrawal,313,V32P-A001910,0,0.70179585218429563,0.70526469945907588,1,1
donor_withdrawal,314,V32P-A001911,0,0.62505322694778442,0.62979713678359983,1,1
donor_withdrawal,315,V32P-A001912,0,0.65379328727722164,0.66073136329650883,1,1
donor_withdrawal,316,V32P-A001913,0,0.59968920946121218,0.61115987300872798,0,0
donor_withdrawal,317,V32P-A001914,0,0.30355674326419829,0.3122538447380066,0,0
donor_withdrawal,318,V32P-A001915,0,0.52819711565971372,0.51947748064994814,0,0
donor_withdrawal,319,V32P-A001916,0,0.50858445167541499,0.50137872099876402,0,0
donor_withdrawal,320,V32P-A001917,0,0.49133318066596987,0.48510802388191221,0,0
donor_withdrawal,321,V32P-A001918,0,0.42745886445045472,0.42274719476699829,0,0
donor_withdrawal,322,V32P-A001919,0,0.34820740818977358,0.34519518017768858,0,0
donor_withdrawal,323,V32P-A001920,0,0.15457552224397658,0.15614038854837417,0,0
donor_withdrawal,324,V32P-A001945,0,0.80202749967575071,0.80206265449523928,1,1
donor_withdrawal,325,V32P-A001946,0,0.65383772850036626,0.64928293228149414,1,1
donor_withdrawal,326,V32P-A001947,0,0.77293363809585569,0.7740237355232239,1,1
donor_withdrawal,327,V32P-A001948,0,0.59883773326873779,0.59473060369491582,0,0
donor_withdrawal,328,V32P-A001949,0,0.55663342475891109,0.5530116021633148,0,0
donor_withdrawal,329,V32P-A001950,0,0.32514527440071106,0.32605035305023194,0,0
donor_withdrawal,330,V32P-A002041,0,0.35087300539016725,0.34382280111312868,0,0
donor_withdrawal,331,V32P-A002042,0,0.28666165173053743,0.29060817062854766,0,0
donor_withdrawal,332,V32P-A002043,0,0.27837767004966735,0.27989628314971926,0,0
donor_withdrawal,333,V32P-A002044,0,0.22169157266616821,0.22683483958244324,0,0
donor_withdrawal,334,V32P-A002045,0,0.16426690518856049,0.16934208869934081,0,0
donor_withdrawal,335,V32P-A002046,0,0.070127583295106891,0.074333042651414868,0,0
donor_withdrawal,336,V32P-A002089,0,0.7538784265518188,0.75017855167388914,1,1
donor_withdrawal,337,V32P-A002090,0,0.6010792016983032,0.59008752703666689,0,0
donor_withdrawal,338,V32P-A002091,0,0.5268149852752686,0.51477337479591367,0,0
donor_withdrawal,339,V32P-A002092,0,0.48241212368011477,0.46993651986122131,0,0
donor_withdrawal,340,V32P-A002093,0,0.49181069135665895,0.4875163733959198,0,0
donor_withdrawal,341,V32P-A002094,0,0.23877271115779877,0.23476614058017731,0,0
donor_withdrawal,342,V32P-A002095,0,0.47555451989173891,0.47772917747497556,0,0
donor_withdrawal,343,V32P-A002096,0,0.4346650719642639,0.43672459721565249,0,0
donor_withdrawal,344,V32P-A002097,0,0.40176988840103151,0.40557867288589478,0,0
donor_withdrawal,345,V32P-A002098,0,0.33608816266059877,0.34296900629997251,0,0
donor_withdrawal,346,V32P-A002099,0,0.27114332020282744,0.27982468903064728,0,0
donor_withdrawal,347,V32P-A002100,0,0.12980465590953827,0.13644950687885285,0,0
donor_withdrawal,348,V32P-A002113,1,0.75138243436813357,0.75495249032974243,1,1
donor_withdrawal,349,V32P-A002114,1,0.66047033071517947,0.66423456668853764,1,1
donor_withdrawal,350,V32P-A002115,0,0.19736829549074172,0.20752861052751542,0,0
donor_withdrawal,351,V32P-A002116,0,0.18838281333446502,0.19906449019908906,0,0
donor_withdrawal,352,V32P-A002117,0,0.10778202265501022,0.11260967552661896,0,0
donor_withdrawal,353,V32P-A002118,0,0.045776675641536715,0.04817178584635258,0,0
donor_withdrawal,354,V32P-A002131,0,0.4307952642440796,0.41998946666717529,0,0
donor_withdrawal,355,V32P-A002132,0,0.45697892308235166,0.4456870913505554,0,0
donor_withdrawal,356,V32P-A002133,0,0.39782399535179136,0.3857064127922058,0,0
donor_withdrawal,357,V32P-A002134,0,0.38216650485992432,0.37098817229270936,0,0
donor_withdrawal,358,V32P-A002135,1,0.32543457448482516,0.31647158563137057,0,0
donor_withdrawal,359,V32P-A002136,0,0.03554114606231451,0.036253206990659238,0,0
donor_withdrawal,360,V32P-A002185,0,0.5633306562900543,0.55432448983192439,0,0
donor_withdrawal,361,V32P-A002186,0,0.40664853453636168,0.39850098490715025,0,0
donor_withdrawal,362,V32P-A002187,0,0.31010145545005796,0.30032657980918886,0,0
donor_withdrawal,363,V32P-A002188,0,0.29750100970268251,0.28772768974304197,0,0
donor_withdrawal,364,V32P-A002189,0,0.20808153152465819,0.20480582714080811,0,0
donor_withdrawal,365,V32P-A002190,0,0.10114446133375168,0.10058734714984893,0,0
donor_withdrawal,366,V32P-A002221,0,0.52676931023597717,0.52936658263206482,0,0
donor_withdrawal,367,V32P-A002222,0,0.48538171052932738,0.48867989778518678,0,0
donor_withdrawal,368,V32P-A002223,0,0.45122172236442565,0.4547174870967865,0,0
donor_withdrawal,369,V32P-A002224,0,0.39402357339859007,0.39802036881446839,0,0
donor_withdrawal,370,V32P-A002225,0,0.33487522006034853,0.33879425525665285,0,0
donor_withdrawal,371,V32P-A002226,0,0.17504103183746339,0.17899335622787477,0,0
donor_withdrawal,372,V32P-A002239,0,0.60499740242958067,0.60210966467857363,0,0
donor_withdrawal,373,V32P-A002240,0,0.59491686820983891,0.59255862236022949,0,0
donor_withdrawal,374,V32P-A002241,0,0.56305072307586668,0.56333360671997068,0,0
donor_withdrawal,375,V32P-A002242,0,0.44070341587066653,0.44530066251754763,0,0
donor_withdrawal,376,V32P-A002243,0,0.34853374361991885,0.35555364489555358,0,0
donor_withdrawal,377,V32P-A002244,0,0.13869649916887283,0.14459218531847001,0,0
donor_withdrawal,378,V32P-A002281,0,0.62105449438095095,0.62036888599395756,1,1
donor_withdrawal,379,V32P-A002282,0,0.57051689624786373,0.57045999765396116,0,0
donor_withdrawal,380,V32P-A002283,0,0.51917032599449153,0.52147901654243467,0,0
donor_withdrawal,381,V32P-A002284,1,0.50232352614402775,0.50740098357200625,0,0
donor_withdrawal,382,V32P-A002285,0,0.061914823949337006,0.067602233588695521,0,0
donor_withdrawal,383,V32P-A002286,0,0.026340806111693382,0.028878182917833329,0,0
donor_withdrawal,384,V32P-A002305,1,0.68663898706436155,0.68453515768051143,1,1
donor_withdrawal,385,V32P-A002306,1,0.55833987593650813,0.55522121787071232,0,0
donor_withdrawal,386,V32P-A002307,1,0.49422833919525144,0.48952540159225466,0,0
donor_withdrawal,387,V32P-A002308,0,0.10016762614250183,0.10398941487073898,0,0
donor_withdrawal,388,V32P-A002309,0,0.062687861174345022,0.065879032015800476,0,0
donor_withdrawal,389,V32P-A002310,0,0.025446337275207044,0.02718773055821657,0,0
donor_withdrawal,390,V32P-A002317,0,0.78378194570541382,0.78370410203933716,1,1
donor_withdrawal,391,V32P-A002318,0,0.67961285114288328,0.67787250280380251,1,1
donor_withdrawal,392,V32P-A002319,0,0.63209671974182124,0.62969884872436521,1,1
donor_withdrawal,393,V32P-A002320,0,0.76285878419876096,0.7625684976577759,1,1
donor_withdrawal,394,V32P-A002321,0,0.60327526926994324,0.60541656613349915,0,0
donor_withdrawal,395,V32P-A002322,0,0.056452025100588797,0.058333912119269374,0,0
donor_withdrawal,396,V32P-A002335,0,0.61560633182525637,0.61346415281295774,0,0
donor_withdrawal,397,V32P-A002336,0,0.56105680465698238,0.55956239700317378,0,0
donor_withdrawal,398,V32P-A002337,0,0.5094445586204529,0.5094460189342499,0,0
donor_withdrawal,399,V32P-A002338,0,0.44907274246215823,0.45092710852622986,0,0
donor_withdrawal,400,V32P-A002339,0,0.33887410163879395,0.3421236753463745,0,0
donor_withdrawal,401,V32P-A002340,0,0.14056159406900406,0.14529126584529878,0,0
donor_withdrawal,402,V32P-A002359,1,0.71452144384384153,0.71585195064544682,1,1
donor_withdrawal,403,V32P-A002360,1,0.65448534488677979,0.65641894340515139,1,1
donor_withdrawal,404,V32P-A002361,1,0.70538777112960815,0.70837140083312988,1,1
donor_withdrawal,405,V32P-A002362,0,0.10047744512557984,0.10654394477605819,0,0
donor_withdrawal,406,V32P-A002363,0,0.074197410047054296,0.078750305622816083,0,0
donor_withdrawal,407,V32P-A002364,0,0.032653446123003957,0.034837196394801137,0,0
donor_withdrawal,408,V32P-A002503,0,0.65966423749923708,0.65557485818862915,1,1
donor_withdrawal,409,V32P-A002504,0,0.67726495265960696,0.67482360601425173,1,1
donor_withdrawal,410,V32P-A002505,0,0.68841135501861572,0.68681740760803223,1,1
donor_withdrawal,411,V32P-A002506,0,0.6757300972938538,0.67490521669387815,1,1
donor_withdrawal,412,V32P-A002507,0,0.63288736343383789,0.63312723636627199,1,1
donor_withdrawal,413,V32P-A002508,0,0.39524534344673157,0.39912002086639403,0,0
donor_withdrawal,414,V32P-A002545,1,0.84846142530441282,0.84648852348327641,1,1
donor_withdrawal,415,V32P-A002546,1,0.7857110261917114,0.78455045223236086,1,1
donor_withdrawal,416,V32P-A002547,1,0.63901140689849856,0.63996151685714719,1,1
donor_withdrawal,417,V32P-A002548,0,0.16857483685016633,0.17407855987548829,0,0
donor_withdrawal,418,V32P-A002549,0,0.15363970398902893,0.15894135236740112,0,0
donor_withdrawal,419,V32P-A002550,0,0.058286233618855474,0.05987163968384266,0,0
donor_withdrawal,420,V32P-A002593,0,0.6424564480781555,0.64480124711990361,1,1
donor_withdrawal,421,V32P-A002594,0,0.59227272868156433,0.59784149527549746,0,0
donor_withdrawal,422,V32P-A002595,0,0.58205244541168211,0.58815077543258665,0,0
donor_withdrawal,423,V32P-A002596,0,0.53116528391838069,0.53916730284690861,0,0
donor_withdrawal,424,V32P-A002597,0,0.45581530928611758,0.47117959856987002,0,0
donor_withdrawal,425,V32P-A002598,0,0.24808037877082825,0.26978211402893065,0,0
donor_withdrawal,426,V32P-A002635,0,0.73075600862503054,0.73169325590133671,1,1
donor_withdrawal,427,V32P-A002636,0,0.63450483083724973,0.63683700561523438,1,1
donor_withdrawal,428,V32P-A002637,0,0.58377200961112974,0.58589116930961604,0,0
donor_withdrawal,429,V32P-A002638,0,0.54189221858978276,0.54330608844757078,0,0
donor_withdrawal,430,V32P-A002639,0,0.46062944531440736,0.46193974018096923,0,0
donor_withdrawal,431,V32P-A002640,0,0.23032639920711517,0.2332324653863907,0,0
donor_withdrawal,432,V32P-A002665,0,0.73220679759979246,0.73315325975418089,1,1
donor_withdrawal,433,V32P-A002666,0,0.63605822324752803,0.64045282602310183,1,1
donor_withdrawal,434,V32P-A002667,0,0.59479480385780337,0.6023019552230835,0,0
donor_withdrawal,435,V32P-A002668,0,0.53826466798782346,0.54944095611572263,0,0
donor_withdrawal,436,V32P-A002669,0,0.51250358223915105,0.52728387713432312,0,0
donor_withdrawal,437,V32P-A002670,0,0.26641306281089783,0.2796450823545456,0,0
donor_withdrawal,438,V32P-A002695,0,0.5434399485588074,0.54152104854583738,0,0
donor_withdrawal,439,V32P-A002696,0,0.55769235491752622,0.55780410170555117,0,0
donor_withdrawal,440,V32P-A002697,0,0.53451336026191709,0.53550105690956118,0,0
donor_withdrawal,441,V32P-A002698,0,0.46984500288963316,0.47462875843048097,0,0
donor_withdrawal,442,V32P-A002699,0,0.38309596180915834,0.39191636443138123,0,0
donor_withdrawal,443,V32P-A002700,0,0.16244138479232789,0.17008796930313111,0,0
donor_withdrawal,444,V32P-A002767,0,0.61679944992065427,0.62087107896804805,0,1
donor_withdrawal,445,V32P-A002768,0,0.58887610435485838,0.59627100229263308,0,0
donor_withdrawal,446,V32P-A002769,0,0.52474489212036135,0.53682235479354856,0,0
donor_withdrawal,447,V32P-A002770,0,0.45018216967582703,0.46887177824974058,0,0
donor_withdrawal,448,V32P-A002771,0,0.37199935615062713,0.3982852131128311,0,0
donor_withdrawal,449,V32P-A002772,0,0.16479447782039641,0.1862660139799118,0,0
donor_withdrawal,450,V32P-A002863,0,0.46319455504417417,0.45732517242431642,0,0
donor_withdrawal,451,V32P-A002864,0,0.53127505183219914,0.52969768643379211,0,0
donor_withdrawal,452,V32P-A002865,0,0.54132310152053831,0.54256179332733157,0,0
donor_withdrawal,453,V32P-A002866,1,0.48141298294067381,0.48565275669097902,0,0
donor_withdrawal,454,V32P-A002867,0,0.08291566781699658,0.086925834789872175,0,0
donor_withdrawal,455,V32P-A002868,0,0.041826916113495829,0.044061532989144322,0,0
donor_withdrawal,456,V32P-A002881,0,0.67885053157806396,0.67074228525161739,1,1
donor_withdrawal,457,V32P-A002882,0,0.52507655620574956,0.51479143500328062,0,0
donor_withdrawal,458,V32P-A002883,0,0.47063360810279847,0.46465873122215273,0,0
donor_withdrawal,459,V32P-A002884,0,0.4854184091091156,0.48134105801582339,0,0
donor_withdrawal,460,V32P-A002885,0,0.33585158884525301,0.33501809537410737,0,0
donor_withdrawal,461,V32P-A002886,0,0.14032359123229982,0.14201146066188813,0,0
donor_withdrawal,462,V32P-A003055,0,0.56322143673896785,0.56723797917366026,0,0
donor_withdrawal,463,V32P-A003056,0,0.51036269068717954,0.5160396814346313,0,0
donor_withdrawal,464,V32P-A003057,0,0.46359697580337522,0.47337782382965088,0,0
donor_withdrawal,465,V32P-A003058,0,0.39595526456832886,0.40737581253051758,0,0
donor_withdrawal,466,V32P-A003059,0,0.32117843627929688,0.33376784920692443,0,0
donor_withdrawal,467,V32P-A003060,0,0.023569001629948617,0.0255782974883914,0,0
donor_withdrawal,468,V32P-A003085,1,0.81307888031005859,0.8116919994354248,1,1
donor_withdrawal,469,V32P-A003086,1,0.72050174474716189,0.71619658470153813,1,1
donor_withdrawal,470,V32P-A003087,0,0.2022305741906166,0.204999440908432,0,0
donor_withdrawal,471,V32P-A003088,0,0.22813720405101776,0.2329803615808487,0,0
donor_withdrawal,472,V32P-A003089,0,0.13413992002606392,0.137068073451519,0,0
donor_withdrawal,473,V32P-A003090,0,0.055559368804097176,0.057205978035926822,0,0
donor_withdrawal,474,V32P-A003103,0,0.42524473667144774,0.40874110460281371,0,0
donor_withdrawal,475,V32P-A003104,0,0.42726510763168335,0.41134134531021116,0,0
donor_withdrawal,476,V32P-A003105,0,0.41094428896903989,0.39713779687881468,0,0
donor_withdrawal,477,V32P-A003106,0,0.33656976222991941,0.32526026964187621,0,0
donor_withdrawal,478,V32P-A003107,0,0.2560335099697113,0.24913549423217773,0,0
donor_withdrawal,479,V32P-A003108,0,0.12305648177862168,0.12220814079046249,0,0
donor_withdrawal,480,V32P-A003115,0,0.44892992973327639,0.4467205762863159,0,0
donor_withdrawal,481,V32P-A003116,0,0.44891533851623533,0.44801406860351561,0,0
donor_withdrawal,482,V32P-A003117,0,0.49480906724929807,0.49577257633209226,0,0
donor_withdrawal,483,V32P-A003118,0,0.42272543907165527,0.42562510967254641,0,0
donor_withdrawal,484,V32P-A003119,0,0.34578253626823424,0.35274587869644164,0,0
donor_withdrawal,485,V32P-A003120,0,0.029020389169454576,0.030991001054644585,0,0
donor_withdrawal,486,V32P-A003235,0,0.45924503803253175,0.4583658814430237,0,0
donor_withdrawal,487,V32P-A003236,0,0.47377946972846985,0.47519271969795229,0,0
donor_withdrawal,488,V32P-A003237,0,0.44179118275642393,0.44492805600166319,0,0
donor_withdrawal,489,V32P-A003238,0,0.36087094545364379,0.36792919635772703,0,0
donor_withdrawal,490,V32P-A003239,0,0.28259305953979491,0.29378567337989808,0,0
donor_withdrawal,491,V32P-A003240,0,0.12273155152797699,0.13082626461982727,0,0
donor_withdrawal,492,V32P-A003241,0,0.3581567257642746,0.35172742903232573,0,0
donor_withdrawal,493,V32P-A003242,0,0.37283669114112855,0.36592339277267455,0,0
donor_withdrawal,494,V32P-A003243,0,0.33127107918262483,0.32516411840915682,0,0
donor_withdrawal,495,V32P-A003244,0,0.31292659938335421,0.3059893399477005,0,0
donor_withdrawal,496,V32P-A003245,0,0.21630582511425017,0.2148360639810562,0,0
donor_withdrawal,497,V32P-A003246,0,0.11401749700307846,0.11318921893835068,0,0
donor_withdrawal,498,V32P-A003331,0,0.60593992471694946,0.60798553228378294,0,0
donor_withdrawal,499,V32P-A003332,0,0.44583804011344907,0.45247494578361513,0,0
donor_withdrawal,500,V32P-A003333,0,0.3664462625980377,0.37562096714973447,0,0
donor_withdrawal,501,V32P-A003334,0,0.37134562134742738,0.38113697767257693,0,0
donor_withdrawal,502,V32P-A003335,0,0.2527746081352234,0.26676894426345826,0,0
donor_withdrawal,503,V32P-A003336,0,0.13404810801148415,0.14601596668362618,0,0
donor_withdrawal,504,V32P-A003343,0,0.86697126626968379,0.86712626218795774,1,1
donor_withdrawal,505,V32P-A003344,0,0.7739355802536011,0.7739769339561462,1,1
donor_withdrawal,506,V32P-A003345,0,0.86719570159912107,0.8687406539916992,1,1
donor_withdrawal,507,V32P-A003346,0,0.72205171585083006,0.72298052310943606,1,1
donor_withdrawal,508,V32P-A003347,0,0.6234073162078857,0.62873219251632695,1,1
donor_withdrawal,509,V32P-A003348,0,0.085226745158433911,0.088658573105931282,0,0
donor_withdrawal,510,V32P-A003409,0,0.5971010804176331,0.60046849250793455,0,0
donor_withdrawal,511,V32P-A003410,0,0.66326106786727901,0.66961406469345097,1,1
donor_withdrawal,512,V32P-A003411,0,0.65644183158874514,0.66567941904067995,1,1
donor_withdrawal,513,V32P-A003412,0,0.59535115361213686,0.61030313372612,0,0
donor_withdrawal,514,V32P-A003413,0,0.51868827342987056,0.54102109670639043,0,0
donor_withdrawal,515,V32P-A003414,0,0.037122845835983756,0.040480075962841512,0,0
donor_withdrawal,516,V32P-A003493,0,0.51343076825141909,0.51275293231010433,0,0
donor_withdrawal,517,V32P-A003494,0,0.46385242342948912,0.46192747950553892,0,0
donor_withdrawal,518,V32P-A003495,0,0.43628448843955991,0.43551922440528867,0,0
donor_withdrawal,519,V32P-A003496,0,0.35692437291145324,0.36000784039497374,0,0
donor_withdrawal,520,V32P-A003497,0,0.27447039186954497,0.28059578835964205,0,0
donor_withdrawal,521,V32P-A003498,0,0.11611251384019852,0.12203782498836517,0,0
donor_withdrawal,522,V32P-A003595,0,0.48473453521728516,0.48028244972229006,0,0
donor_withdrawal,523,V32P-A003596,0,0.35897662043571471,0.36436513662338255,0,0
donor_withdrawal,524,V32P-A003597,0,0.36240315437316895,0.36227773427963256,0,0
donor_withdrawal,525,V32P-A003598,0,0.28437066674232481,0.28625980019569397,0,0
donor_withdrawal,526,V32P-A003599,0,0.22044235169887544,0.22435702383518219,0,0
donor_withdrawal,527,V32P-A003600,0,0.098827394843101504,0.10318803191184997,0,0
donor_withdrawal,528,V32P-A003715,1,0.69232428073883057,0.69580425024032588,1,1
donor_withdrawal,529,V32P-A003716,1,0.57508788108825681,0.58629392385482793,0,0
donor_withdrawal,530,V32P-A003717,1,0.57713379859924319,0.57874916791915898,0,0
donor_withdrawal,531,V32P-A003718,0,0.10119681432843208,0.10486901476979256,0,0
donor_withdrawal,532,V32P-A003719,0,0.076168958097696304,0.079522338509559629,0,0
donor_withdrawal,533,V32P-A003720,0,0.033730574324727057,0.035632770508527756,0,0
donor_withdrawal,534,V32P-A003829,0,0.6872696161270142,0.69100186824798582,1,1
donor_withdrawal,535,V32P-A003830,0,0.6367157459259033,0.6399540901184082,1,1
donor_withdrawal,536,V32P-A003831,0,0.60239005088806152,0.60674514770507815,0,0
donor_withdrawal,537,V32P-A003832,0,0.54905040860176091,0.5556845426559448,0,0
donor_withdrawal,538,V32P-A003833,1,0.45706472992897035,0.46366443634033205,0,0
donor_withdrawal,539,V32P-A003834,0,0.039752076379954815,0.041581662185490129,0,0
donor_withdrawal,540,V32P-A003907,0,0.72306938171386714,0.72617313861846922,1,1
donor_withdrawal,541,V32P-A003908,0,0.61440904140472408,0.61658568382263179,0,0
donor_withdrawal,542,V32P-A003909,0,0.52461413741111751,0.52979549765586853,0,0
donor_withdrawal,543,V32P-A003910,1,0.58675719499588008,0.59177392721176147,0,0
donor_withdrawal,544,V32P-A003911,0,0.065624771267175669,0.070438146591186523,0,0
donor_withdrawal,545,V32P-A003912,0,0.027791630849242209,0.029906699806451796,0,0
donor_withdrawal,546,V32P-A003955,0,0.68708188533782955,0.68889250755310061,1,1
donor_withdrawal,547,V32P-A003956,0,0.62313346862792973,0.62573986053466801,1,1
donor_withdrawal,548,V32P-A003957,0,0.61585166454315188,0.62117503881454472,0,1
donor_withdrawal,549,V32P-A003958,0,0.54078883528709409,0.5495784997940063,0,0
donor_withdrawal,550,V32P-A003959,0,0.45895794034004211,0.46973098516464235,0,0
donor_withdrawal,551,V32P-A003960,0,0.21867585480213164,0.23231625258922578,0,0
donor_withdrawal,552,V32P-A003961,0,0.36983639597892759,0.36613878011703493,0,0
donor_withdrawal,553,V32P-A003962,0,0.4859063386917114,0.48808282613754272,0,0
donor_withdrawal,554,V32P-A003963,0,0.47727970480918885,0.48247770071029661,0,0
donor_withdrawal,555,V32P-A003964,0,0.41064561009407041,0.42176288366317749,0,0
donor_withdrawal,556,V32P-A003965,0,0.3587396264076233,0.36742098927497863,0,0
donor_withdrawal,557,V32P-A003966,0,0.20271313041448594,0.21195177882909774,0,0
donor_withdrawal,558,V32P-A003997,1,0.6744291424751282,0.68030151128768923,1,1
donor_withdrawal,559,V32P-A003998,1,0.59121161699295044,0.59729945659637451,0,0
donor_withdrawal,560,V32P-A003999,1,0.54305953383445738,0.54927303194999699,0,0
donor_withdrawal,561,V32P-A004000,0,0.11478438302874565,0.11951691880822182,0,0
donor_withdrawal,562,V32P-A004001,0,0.092037996649742132,0.096251279860734937,0,0
donor_withdrawal,563,V32P-A004002,0,0.038370490074157715,0.040267865359783175,0,0
donor_withdrawal,564,V32P-A004033,0,0.63572504520416262,0.61875401735305791,1,0
donor_withdrawal,565,V32P-A004034,0,0.59897784590721126,0.58141917586326597,0,0
donor_withdrawal,566,V32P-A004035,0,0.60582227706909175,0.59567518234252925,0,0
donor_withdrawal,567,V32P-A004036,0,0.56576725840568542,0.54840591549873352,0,0
donor_withdrawal,568,V32P-A004037,0,0.49857596755027772,0.482224577665329,0,0
donor_withdrawal,569,V32P-A004038,0,0.28976783156394958,0.28040531873703001,0,0
donor_withdrawal,570,V32P-A004081,0,0.8014773845672607,0.79994627237319949,1,1
donor_withdrawal,571,V32P-A004082,0,0.66273801922798159,0.6613436281681061,1,1
donor_withdrawal,572,V32P-A004083,0,0.7270408987998962,0.72978948354721074,1,1
donor_withdrawal,573,V32P-A004084,1,0.59673239588737492,0.59687575697898865,0,0
donor_withdrawal,574,V32P-A004085,0,0.13859252557158469,0.14103384017944337,0,0
donor_withdrawal,575,V32P-A004086,0,0.077763809822499752,0.079042443633079523,0,0
donor_withdrawal,576,V32P-A004105,0,0.73197200298309328,0.72908819913864131,1,1
donor_withdrawal,577,V32P-A004106,0,0.60597721338272093,0.59668399095535274,0,0
donor_withdrawal,578,V32P-A004107,0,0.53039901256561284,0.52002323865890498,0,0
donor_withdrawal,579,V32P-A004108,0,0.6530958235263824,0.6532518088817596,1,1
donor_withdrawal,580,V32P-A004109,0,0.42901940345764161,0.42368889451026914,0,0
donor_withdrawal,581,V32P-A004110,0,0.21749228835105897,0.21709719896316529,0,0
donor_withdrawal,582,V32P-A004183,0,0.5505460381507874,0.55035227537155151,0,0
donor_withdrawal,583,V32P-A004184,0,0.46298558115959165,0.46316466927528382,0,0
donor_withdrawal,584,V32P-A004185,0,0.51280044913291933,0.51309035420417781,0,0
donor_withdrawal,585,V32P-A004186,0,0.4607664108276367,0.46259398460388185,0,0
donor_withdrawal,586,V32P-A004187,0,0.39197340607643127,0.39694381356239317,0,0
donor_withdrawal,587,V32P-A004188,0,0.1857164204120636,0.19766932129859924,0,0
donor_withdrawal,588,V32P-A004231,0,0.68046594858169551,0.68137192726135254,1,1
donor_withdrawal,589,V32P-A004232,0,0.54589600563049312,0.54701029062271123,0,0
donor_withdrawal,590,V32P-A004233,0,0.39108337163925172,0.39921740889549256,0,0
donor_withdrawal,591,V32P-A004234,0,0.40588670372962954,0.40576122999191283,0,0
donor_withdrawal,592,V32P-A004235,0,0.33317173123359678,0.33402802944183352,0,0
donor_withdrawal,593,V32P-A004236,0,0.19129025936126709,0.19540097415447236,0,0
donor_withdrawal,594,V32P-A004255,0,0.71356791257858276,0.71943383216857915,1,1
donor_withdrawal,595,V32P-A004256,0,0.60541421175003052,0.61172531843185429,0,0
donor_withdrawal,596,V32P-A004257,0,0.55794013142585752,0.56334198117256162,0,0
donor_withdrawal,597,V32P-A004258,0,0.54836446642875669,0.56489990949630742,0,0
donor_withdrawal,598,V32P-A004259,0,0.40392663478851321,0.41076001524925232,0,0
donor_withdrawal,599,V32P-A004260,0,0.20511039197444916,0.21128718554973602,0,0
donor_withdrawal,600,V32P-A004273,0,0.3650639235973358,0.36110810637474061,0,0
donor_withdrawal,601,V32P-A004274,0,0.41983596086502073,0.41658706665039064,0,0
donor_withdrawal,602,V32P-A004275,0,0.38603156805038452,0.38341761231422422,0,0
donor_withdrawal,603,V32P-A004276,0,0.31081169843673706,0.31061396598815916,0,0
donor_withdrawal,604,V32P-A004277,0,0.24703549742698669,0.24857360124588013,0,0
donor_withdrawal,605,V32P-A004278,0,0.12307512164115905,0.12628358304500581,0,0
donor_withdrawal,606,V32P-A004399,0,0.5901263952255249,0.58774936199188232,0,0
donor_withdrawal,607,V32P-A004400,0,0.62088435888290405,0.62000066041946411,1,1
donor_withdrawal,608,V32P-A004401,0,0.62515304088592527,0.62513481378555302,1,1
donor_withdrawal,609,V32P-A004402,0,0.59508904218673708,0.59630250930786133,0,0
donor_withdrawal,610,V32P-A004403,0,0.5337677001953125,0.53655285835266109,0,0
donor_withdrawal,611,V32P-A004404,0,0.28062652349472045,0.29242635965347291,0,0
donor_withdrawal,612,V32P-A004411,1,0.65296069383621214,0.65198192596435545,1,1
donor_withdrawal,613,V32P-A004412,1,0.46048163175582885,0.45659254789352416,0,0
donor_withdrawal,614,V32P-A004413,1,0.40577516555786131,0.3998312294483185,0,0
donor_withdrawal,615,V32P-A004414,0,0.073457914590835574,0.075013788789510732,0,0
donor_withdrawal,616,V32P-A004415,0,0.05202411487698555,0.053075376898050308,0,0
donor_withdrawal,617,V32P-A004416,0,0.024593005329370497,0.025211914256215096,0,0
donor_withdrawal,618,V32P-A004423,0,0.6046026349067688,0.60545766353607178,0,0
donor_withdrawal,619,V32P-A004424,0,0.39081877470016479,0.39785027503967285,0,0
donor_withdrawal,620,V32P-A004425,0,0.49518492817878723,0.4990010201931,0,0
donor_withdrawal,621,V32P-A004426,0,0.40935410857200621,0.41606478095054628,0,0
donor_withdrawal,622,V32P-A004427,0,0.34781164228916167,0.35662964284420012,0,0
donor_withdrawal,623,V32P-A004428,0,0.16938612163066863,0.18134742379188537,0,0
donor_withdrawal,624,V32P-A004453,0,0.64451253414154053,0.64356050491333006,1,1
donor_withdrawal,625,V32P-A004454,0,0.59876272082328796,0.60534998774528503,0,0
donor_withdrawal,626,V32P-A004455,0,0.61469471454620361,0.61609593629837034,0,0
donor_withdrawal,627,V32P-A004456,0,0.62691255807876589,0.62924121618270878,1,1
donor_withdrawal,628,V32P-A004457,0,0.57059025764465332,0.57418767213821409,0,0
donor_withdrawal,629,V32P-A004458,0,0.31057175993919373,0.32313087582588196,0,0
donor_withdrawal,630,V32P-A004603,0,0.41610045433044435,0.41553269624710082,0,0
donor_withdrawal,631,V32P-A004604,0,0.41708008646965028,0.41711838841438292,0,0
donor_withdrawal,632,V32P-A004605,0,0.37381912469863893,0.37392332553863528,0,0
donor_withdrawal,633,V32P-A004606,0,0.28300248086452484,0.2825359910726547,0,0
donor_withdrawal,634,V32P-A004607,0,0.23271479904651643,0.23255086243152617,0,0
donor_withdrawal,635,V32P-A004608,0,0.10902432054281234,0.11167835146188736,0,0
donor_withdrawal,636,V32P-A004651,0,0.82171810865402217,0.82270959615707395,1,1
donor_withdrawal,637,V32P-A004652,0,0.82297370433807371,0.82396425008773799,1,1
donor_withdrawal,638,V32P-A004653,0,0.69605293273925783,0.6980268239974976,1,1
donor_withdrawal,639,V32P-A004654,0,0.58442367911338811,0.5898010909557343,0,0
donor_withdrawal,640,V32P-A004655,0,0.51685226559638975,0.52372588515281682,0,0
donor_withdrawal,641,V32P-A004656,0,0.041608534939587119,0.043795984424650672,0,0
donor_withdrawal,642,V32P-A004663,0,0.67315328121185303,0.67225382328033445,1,1
donor_withdrawal,643,V32P-A004664,0,0.68434249162673955,0.68435355424880984,1,1
donor_withdrawal,644,V32P-A004665,0,0.68874402046203609,0.68914880752563479,1,1
donor_withdrawal,645,V32P-A004666,0,0.5946403443813324,0.59421620368957517,0,0
donor_withdrawal,646,V32P-A004667,0,0.49162330627441408,0.4909254491329193,0,0
donor_withdrawal,647,V32P-A004668,0,0.24718156456947327,0.2489525020122528,0,0
donor_withdrawal,648,V32P-A004675,1,0.58310450315475459,0.5859925270080566,0,0
donor_withdrawal,649,V32P-A004676,1,0.54257112145423891,0.54657734036445615,0,0
donor_withdrawal,650,V32P-A004677,0,0.11760756522417068,0.12383565157651902,0,0
donor_withdrawal,651,V32P-A004678,0,0.088131216168403623,0.094008740782737729,0,0
donor_withdrawal,652,V32P-A004679,0,0.065986808389425278,0.071014680713415143,0,0
donor_withdrawal,653,V32P-A004680,0,0.027328023687005043,0.029994361102581024,0,0
donor_withdrawal,654,V32P-A004717,0,0.61544169783592229,0.61574657559394841,0,0
donor_withdrawal,655,V32P-A004718,0,0.48013238310813905,0.48126271367073059,0,0
donor_withdrawal,656,V32P-A004719,0,0.49795092940330504,0.50076360106468198,0,0
donor_withdrawal,657,V32P-A004720,1,0.46679383516311646,0.47045981884002686,0,0
donor_withdrawal,658,V32P-A004721,0,0.071166165918111798,0.074926767498254776,0,0
donor_withdrawal,659,V32P-A004722,0,0.031079561356455086,0.032946135569363835,0,0
donor_withdrawal,660,V32P-A004729,0,0.78286994695663448,0.779921543598175,1,1
donor_withdrawal,661,V32P-A004730,0,0.75311188697814946,0.74861955642700195,1,1
donor_withdrawal,662,V32P-A004731,0,0.61710451841354375,0.61488603353500371,0,0
donor_withdrawal,663,V32P-A004732,0,0.55349895954132078,0.55191400051116946,0,0
donor_withdrawal,664,V32P-A004733,0,0.46634966135025024,0.46518430113792419,0,0
donor_withdrawal,665,V32P-A004734,0,0.044507659645751117,0.046088974224403501,0,0
donor_withdrawal,666,V32P-A004789,0,0.72628573179244993,0.730926513671875,1,1
donor_withdrawal,667,V32P-A004790,0,0.51340562105178833,0.51887228488922121,0,0
donor_withdrawal,668,V32P-A004791,0,0.51554477214813232,0.52997463941574097,0,0
donor_withdrawal,669,V32P-A004792,0,0.3907733976840973,0.39998332858085633,0,0
donor_withdrawal,670,V32P-A004793,0,0.31816563010215759,0.32839596867561338,0,0
donor_withdrawal,671,V32P-A004794,0,0.14655943512916564,0.152763170003891,0,0
donor_withdrawal,672,V32P-A004855,1,0.55974639654159541,0.56616559028625491,0,0
donor_withdrawal,673,V32P-A004856,1,0.57847096323966984,0.58656293749809263,0,0
donor_withdrawal,674,V32P-A004857,1,0.59204503297805788,0.60104817152023315,0,0
donor_withdrawal,675,V32P-A004858,0,0.083305617421865458,0.092127373069524759,0,0
donor_withdrawal,676,V32P-A004859,0,0.064074093103408808,0.070667692273855207,0,0
donor_withdrawal,677,V32P-A004860,0,0.029693604819476603,0.031876521557569502,0,0
donor_withdrawal,678,V32P-A004873,0,0.46061945855617525,0.43682366907596587,0,0
donor_withdrawal,679,V32P-A004874,0,0.45465027987957002,0.43180395662784576,0,0
donor_withdrawal,680,V32P-A004875,0,0.45744082033634187,0.43335200250148775,0,0
donor_withdrawal,681,V32P-A004876,0,0.46707176268100736,0.44385586678981781,0,0
donor_withdrawal,682,V32P-A004877,0,0.43809139132499697,0.41513793468475341,0,0
donor_withdrawal,683,V32P-A004878,0,0.059964909125119446,0.060011593345552686,0,0
donor_withdrawal,684,V32P-A004903,0,0.75994869470596316,0.75570646524429319,1,1
donor_withdrawal,685,V32P-A004904,0,0.69173926115036011,0.68737796545028684,1,1
donor_withdrawal,686,V32P-A004905,0,0.66932599544525151,0.66536324024200444,1,1
donor_withdrawal,687,V32P-A004906,0,0.7031948924064636,0.70087869167327876,1,1
donor_withdrawal,688,V32P-A004907,0,0.68713836669921879,0.68732221126556392,1,1
donor_withdrawal,689,V32P-A004908,0,0.43839938938617706,0.44699424207210542,0,0
donor_withdrawal,690,V32P-A004909,0,0.60067182779312134,0.5954754233360291,0,0
donor_withdrawal,691,V32P-A004910,0,0.52545450329780574,0.51894372105598452,0,0
donor_withdrawal,692,V32P-A004911,0,0.51731486916542058,0.51481707096099849,0,0
donor_withdrawal,693,V32P-A004912,1,0.49810734391212463,0.49799969792366028,0,0
donor_withdrawal,694,V32P-A004913,0,0.060824000090360639,0.063145727664232251,0,0
donor_withdrawal,695,V32P-A004914,0,0.027738297916948797,0.028948496840894223,0,0
donor_withdrawal,696,V32P-A004981,0,0.5871687173843384,0.59244128465652468,0,0
donor_withdrawal,697,V32P-A004982,0,0.50173504948616032,0.50699417591094975,0,0
donor_withdrawal,698,V32P-A004983,0,0.43807432651519773,0.44703678488731385,0,0
donor_withdrawal,699,V32P-A004984,0,0.34099139571189879,0.35284127593040465,0,0
donor_withdrawal,700,V32P-A004985,0,0.27492660284042358,0.28611170053482055,0,0
donor_withdrawal,701,V32P-A004986,0,0.12084110826253891,0.12901187539100648,0,0
donor_withdrawal,702,V32P-A005077,0,0.5509411096572876,0.54763158559799197,0,0
donor_withdrawal,703,V32P-A005078,0,0.5246637761592865,0.52270995974540713,0,0
donor_withdrawal,704,V32P-A005079,0,0.57188169360160823,0.57094541192054749,0,0
donor_withdrawal,705,V32P-A005080,1,0.50012101531028752,0.50033741593360903,0,0
donor_withdrawal,706,V32P-A005081,0,0.068417824059724811,0.072868943959474561,0,0
donor_withdrawal,707,V32P-A005082,0,0.029329540766775609,0.031981393136084078,0,0
donor_withdrawal,708,V32P-A005113,1,0.74607625007629397,0.74905447959899907,1,1
donor_withdrawal,709,V32P-A005114,1,0.5947431683540344,0.60316318273544312,0,0
donor_withdrawal,710,V32P-A005115,0,0.1764993466436863,0.19829464927315713,0,0
donor_withdrawal,711,V32P-A005116,0,0.074404308944940573,0.08194312676787377,0,0
donor_withdrawal,712,V32P-A005117,0,0.05846993625164032,0.064037605375051501,0,0
donor_withdrawal,713,V32P-A005118,0,0.027076157927513122,0.029585288837552071,0,0
donor_withdrawal,714,V32P-A005119,0,0.7415897130966187,0.74076025485992436,1,1
donor_withdrawal,715,V32P-A005120,0,0.60379705429077146,0.60631804466247563,0,0
donor_withdrawal,716,V32P-A005121,0,0.56688612103462221,0.57254689335823061,0,0
donor_withdrawal,717,V32P-A005122,0,0.4493322014808655,0.45884749293327332,0,0
donor_withdrawal,718,V32P-A005123,0,0.3783311605453491,0.39028259515762331,0,0
donor_withdrawal,719,V32P-A005124,0,0.14646408706903458,0.15803126394748687,0,0
donor_withdrawal,720,V32P-A005131,0,0.53154230713844297,0.53030673861503597,0,0
donor_withdrawal,721,V32P-A005132,0,0.59224102497100828,0.59345341920852657,0,0
donor_withdrawal,722,V32P-A005133,0,0.57388007044792178,0.57577697634696956,0,0
donor_withdrawal,723,V32P-A005134,0,0.50446299910545345,0.51120366454124455,0,0
donor_withdrawal,724,V32P-A005135,0,0.4225057899951935,0.43755759000778199,0,0
donor_withdrawal,725,V32P-A005136,0,0.20674215108156205,0.22285285145044326,0,0
donor_withdrawal,726,V32P-A005149,0,0.3914131224155426,0.38250557184219358,0,0
donor_withdrawal,727,V32P-A005150,0,0.44229778051376345,0.43565668463706969,0,0
donor_withdrawal,728,V32P-A005151,0,0.41357116103172303,0.40781966447830198,0,0
donor_withdrawal,729,V32P-A005152,0,0.34932923316955566,0.34582733511924746,0,0
donor_withdrawal,730,V32P-A005153,0,0.28366931080818175,0.28301019668579103,0,0
donor_withdrawal,731,V32P-A005154,0,0.12864830195903779,0.13161220103502275,0,0
donor_withdrawal,732,V32P-A005197,0,0.74463566541671755,0.74389107227325435,1,1
donor_withdrawal,733,V32P-A005198,0,0.57163010835647587,0.57260446548461919,0,0
donor_withdrawal,734,V32P-A005199,0,0.45937215089797973,0.46350457072257994,0,0
donor_withdrawal,735,V32P-A005200,0,0.40885940790176389,0.40638306736946106,0,0
donor_withdrawal,736,V32P-A005201,0,0.37821497619152067,0.37455646693706512,0,0
donor_withdrawal,737,V32P-A005202,0,0.15627314448356627,0.1569446325302124,0,0
donor_withdrawal,738,V32P-A005209,0,0.72779945135116575,0.72398228645324703,1,1
donor_withdrawal,739,V32P-A005210,0,0.62663317322731016,0.6225058972835541,1,1
donor_withdrawal,740,V32P-A005211,0,0.63917710185050969,0.63853157162666319,1,1
donor_withdrawal,741,V32P-A005212,0,0.6272580206394196,0.62807276844978333,1,1
donor_withdrawal,742,V32P-A005213,0,0.59634433984756474,0.60708849430084233,0,0
donor_withdrawal,743,V32P-A005214,0,0.31734414696693419,0.32802278995513917,0,0
donor_withdrawal,744,V32P-A005257,1,0.859316098690033,0.8575191974639893,1,1
donor_withdrawal,745,V32P-A005258,1,0.87172366380691524,0.87003710269927981,1,1
donor_withdrawal,746,V32P-A005259,1,0.74343491792678829,0.74541718959808345,1,1
donor_withdrawal,747,V32P-A005260,0,0.13281578198075294,0.13739781007170676,0,0
donor_withdrawal,748,V32P-A005261,0,0.084918529540300366,0.087881401181221008,0,0
donor_withdrawal,749,V32P-A005262,0,0.038562999479472636,0.039946664310991767,0,0
donor_withdrawal,750,V32P-A005299,0,0.58476166725158696,0.5796511173248291,0,0
donor_withdrawal,751,V32P-A005300,0,0.57659859657287593,0.57095030546188352,0,0
donor_withdrawal,752,V32P-A005301,0,0.53649135231971745,0.5313997805118561,0,0
donor_withdrawal,753,V32P-A005302,0,0.44947193264961244,0.44281524419784546,0,0
donor_withdrawal,754,V32P-A005303,0,0.33749153017997741,0.33473666906356814,0,0
donor_withdrawal,755,V32P-A005304,0,0.13772587776184081,0.13936893045902252,0,0
donor_withdrawal,756,V32P-A005329,0,0.76973258256912236,0.76894727945327757,1,1
donor_withdrawal,757,V32P-A005330,0,0.71605505943298342,0.71469211578369141,1,1
donor_withdrawal,758,V32P-A005331,0,0.67500084638595581,0.67255948781967168,1,1
donor_withdrawal,759,V32P-A005332,0,0.62396599054336543,0.62172544598579405,1,1
donor_withdrawal,760,V32P-A005333,1,0.56257669925689702,0.55962814688682561,0,0
donor_withdrawal,761,V32P-A005334,0,0.055799092724919321,0.056829042360186578,0,0
donor_withdrawal,762,V32P-A005347,0,0.56923447847366337,0.56577596664428709,0,0
donor_withdrawal,763,V32P-A005348,0,0.4278779923915863,0.42252382636070251,0,0
donor_withdrawal,764,V32P-A005349,0,0.34790533781051636,0.33916019797325136,0,0
donor_withdrawal,765,V32P-A005350,0,0.27751539051532748,0.26824180781841278,0,0
donor_withdrawal,766,V32P-A005351,0,0.21634633541107179,0.20848995745182036,0,0
donor_withdrawal,767,V32P-A005352,0,0.097473190724849695,0.095617851614952093,0,0
donor_withdrawal,768,V32P-A005353,0,0.59477137327194218,0.59366860389709475,0,0
donor_withdrawal,769,V32P-A005354,0,0.51035912632942204,0.50906813740730283,0,0
donor_withdrawal,770,V32P-A005355,0,0.48492272496223449,0.48745502829551696,0,0
donor_withdrawal,771,V32P-A005356,0,0.37422579526901245,0.38162373900413515,0,0
donor_withdrawal,772,V32P-A005357,0,0.28361530900001525,0.2950980246067047,0,0
donor_withdrawal,773,V32P-A005358,0,0.12203955203294754,0.13379775136709213,0,0
donor_withdrawal,774,V32P-A005425,0,0.71743720769882202,0.71825007200241087,1,1
donor_withdrawal,775,V32P-A005426,0,0.56934701204299931,0.57327795028686523,0,0
donor_withdrawal,776,V32P-A005427,0,0.58043006658554075,0.58535532951354985,0,0
donor_withdrawal,777,V32P-A005428,0,0.62004022598266606,0.62561391592025761,1,1
donor_withdrawal,778,V32P-A005429,0,0.47233827114105226,0.48230691552162169,0,0
donor_withdrawal,779,V32P-A005430,0,0.23467154502868653,0.24298861026763915,0,0
donor_withdrawal,780,V32P-A005479,0,0.49722053408622741,0.49150171875953674,0,0
donor_withdrawal,781,V32P-A005480,0,0.54958381652832033,0.54613888263702393,0,0
donor_withdrawal,782,V32P-A005481,0,0.55587735772132874,0.55284394621849064,0,0
donor_withdrawal,783,V32P-A005482,0,0.49766496419906614,0.4963009715080261,0,0
donor_withdrawal,784,V32P-A005483,0,0.42968046069145205,0.43269647359848024,0,0
donor_withdrawal,785,V32P-A005484,0,0.22018635272979736,0.22792035341262817,0,0
donor_withdrawal,786,V32P-A005515,0,0.61271554231643677,0.61569955348968508,0,0
donor_withdrawal,787,V32P-A005516,0,0.50983744859695435,0.51309467554092403,0,0
donor_withdrawal,788,V32P-A005517,0,0.43799452781677245,0.45181111693382264,0,0
donor_withdrawal,789,V32P-A005518,0,0.41993243694305421,0.42669441699981692,0,0
donor_withdrawal,790,V32P-A005519,0,0.37661240100860593,0.38518754243850706,0,0
donor_withdrawal,791,V32P-A005520,0,0.1929330348968506,0.20810815095901489,0,0
donor_withdrawal,792,V32P-A005527,0,0.54076296091079712,0.53731206655502317,0,0
donor_withdrawal,793,V32P-A005528,0,0.52268826365470888,0.52366443276405339,0,0
donor_withdrawal,794,V32P-A005529,0,0.43333336114883425,0.43992887139320375,0,0
donor_withdrawal,795,V32P-A005530,0,0.36293584704399107,0.3738205313682556,0,0
donor_withdrawal,796,V32P-A005531,0,0.26403898894786837,0.27870257794857023,0,0
donor_withdrawal,797,V32P-A005532,0,0.10012178122997284,0.11074660569429398,0,0
donor_withdrawal,798,V32P-A005569,0,0.76782085895538332,0.75543755292892456,1,1
donor_withdrawal,799,V32P-A005570,0,0.66831055879592893,0.6550460577011108,1,1
donor_withdrawal,800,V32P-A005571,0,0.6092607200145721,0.59703003764152529,0,0
donor_withdrawal,801,V32P-A005572,0,0.65552930235862727,0.64644156098365779,1,1
donor_withdrawal,802,V32P-A005573,0,0.63014666438102718,0.62166709303855894,1,1
donor_withdrawal,803,V32P-A005574,0,0.40884148776531221,0.40454299151897433,0,0
donor_withdrawal,804,V32P-A005581,0,0.72902288436889651,0.72552820444107058,1,1
donor_withdrawal,805,V32P-A005582,0,0.53045666813850401,0.52101382017135622,0,0
donor_withdrawal,806,V32P-A005583,0,0.44097749590873719,0.43229872584342954,0,0
donor_withdrawal,807,V32P-A005584,0,0.4009652376174927,0.39436281919479371,0,0
donor_withdrawal,808,V32P-A005585,0,0.3569230020046234,0.35153930783271792,0,0
donor_withdrawal,809,V32P-A005586,0,0.21022400707006456,0.20991752594709395,0,0
donor_withdrawal,810,V32P-A005623,1,0.74383491277694702,0.74247293472290044,1,1
donor_withdrawal,811,V32P-A005624,1,0.63706446290016172,0.63602246642112736,1,1
donor_withdrawal,812,V32P-A005625,1,0.57499525547027586,0.5736454844474792,0,0
donor_withdrawal,813,V32P-A005626,0,0.1151166208088398,0.11908173337578773,0,0
donor_withdrawal,814,V32P-A005627,0,0.11568612828850747,0.12051603570580482,0,0
donor_withdrawal,815,V32P-A005628,0,0.036461823992431162,0.037983139790594575,0,0
donor_withdrawal,816,V32P-A005665,0,0.5213523387908936,0.519964587688446,0,0
donor_withdrawal,817,V32P-A005666,0,0.54456975460052492,0.54397439956665039,0,0
donor_withdrawal,818,V32P-A005667,0,0.57173221111297612,0.57539898157119751,0,0
donor_withdrawal,819,V32P-A005668,0,0.54473434686660771,0.54620330333709721,0,0
donor_withdrawal,820,V32P-A005669,0,0.37982206344604491,0.38405033349990847,0,0
donor_withdrawal,821,V32P-A005670,0,0.15475896000862122,0.15990417599678039,0,0
donor_withdrawal,822,V32P-A005671,0,0.43618462681770326,0.43298349976539613,0,0
donor_withdrawal,823,V32P-A005672,0,0.4793765187263489,0.48134841918945315,0,0
donor_withdrawal,824,V32P-A005673,0,0.45075006484985353,0.45679652690887451,0,0
donor_withdrawal,825,V32P-A005674,0,0.38449383974075318,0.3944675624370575,0,0
donor_withdrawal,826,V32P-A005675,0,0.30595101714134215,0.3186483860015869,0,0
donor_withdrawal,827,V32P-A005676,0,0.1323486864566803,0.14383997023105621,0,0
donor_withdrawal,828,V32P-A005677,0,0.71883689165115361,0.7194243192672729,1,1
donor_withdrawal,829,V32P-A005678,0,0.62215887308120732,0.62380439043045044,1,1
donor_withdrawal,830,V32P-A005679,0,0.54238487482070918,0.55402044653892513,0,0
donor_withdrawal,831,V32P-A005680,0,0.51987127065658567,0.52327180504798887,0,0
donor_withdrawal,832,V32P-A005681,0,0.44678251743316649,0.45133042335510254,0,0
donor_withdrawal,833,V32P-A005682,0,0.21915017366409301,0.22444594204425811,0,0
donor_withdrawal,834,V32P-A005701,0,0.59691638350486753,0.59221772551536556,0,0
donor_withdrawal,835,V32P-A005702,0,0.59927141666412354,0.59572459459304805,0,0
donor_withdrawal,836,V32P-A005703,0,0.55962934494018557,0.55732066035270689,0,0
donor_withdrawal,837,V32P-A005704,0,0.50734375119209285,0.50805660486221316,0,0
donor_withdrawal,838,V32P-A005705,0,0.43837751746177672,0.44278461933135987,0,0
donor_withdrawal,839,V32P-A005706,0,0.033513800986111161,0.035174830071628096,0,0
donor_withdrawal,840,V32P-A005821,0,0.55640327930450439,0.55209110975265507,0,0
donor_withdrawal,841,V32P-A005822,0,0.55728144049644468,0.55664060115814207,0,0
donor_withdrawal,842,V32P-A005823,0,0.5325186550617218,0.5362097382545471,0,0
donor_withdrawal,843,V32P-A005824,0,0.466228187084198,0.47660157084465027,0,0
donor_withdrawal,844,V32P-A005825,0,0.38250997960567473,0.39466544389724734,0,0
donor_withdrawal,845,V32P-A005826,0,0.18018694818019867,0.18795463442802429,0,0
donor_withdrawal,846,V32P-A005833,0,0.57830440402030947,0.57287616133689878,0,0
donor_withdrawal,847,V32P-A005834,0,0.50286956429481511,0.49948318600654601,0,0
donor_withdrawal,848,V32P-A005835,0,0.47267504930496218,0.47228236198425294,0,0
donor_withdrawal,849,V32P-A005836,0,0.46201003789901735,0.46362370848655698,0,0
donor_withdrawal,850,V32P-A005837,0,0.4114322543144226,0.41454962491989134,0,0
donor_withdrawal,851,V32P-A005838,0,0.19583037048578261,0.20433768182992934,0,0
donor_withdrawal,852,V32P-A005893,0,0.59135563373565669,0.58222942948341372,0,0
donor_withdrawal,853,V32P-A005894,0,0.57087396383285527,0.56246320605278011,0,0
donor_withdrawal,854,V32P-A005895,0,0.53584324121475224,0.53071990013122561,0,0
donor_withdrawal,855,V32P-A005896,0,0.45237261056900024,0.45028977990150454,0,0
donor_withdrawal,856,V32P-A005897,0,0.36575185656547549,0.36535716652870176,0,0
donor_withdrawal,857,V32P-A005898,0,0.15891025364398956,0.1622451812028885,0,0
donor_withdrawal,858,V32P-A005899,0,0.60210787057876591,0.60120037794113157,0,0
donor_withdrawal,859,V32P-A005900,0,0.54658711552619932,0.54727888107299805,0,0
donor_withdrawal,860,V32P-A005901,0,0.49669471383094788,0.49819227457046511,0,0
donor_withdrawal,861,V32P-A005902,0,0.42399872541427613,0.42768376469612124,0,0
donor_withdrawal,862,V32P-A005903,0,0.37754606008529662,0.3865805923938751,0,0
donor_withdrawal,863,V32P-A005904,0,0.15333727300167083,0.15799279212951661,0,0
donor_withdrawal,864,V32P-A005977,0,0.54658021926879885,0.54470304250717161,0,0
donor_withdrawal,865,V32P-A005978,0,0.42945070862770079,0.42740904092788695,0,0
donor_withdrawal,866,V32P-A005979,0,0.29689607322216033,0.29949828088283537,0,0
donor_withdrawal,867,V32P-A005980,0,0.28462328314781188,0.28378323316574094,0,0
donor_withdrawal,868,V32P-A005981,0,0.21679180860519409,0.21618608236312867,0,0
donor_withdrawal,869,V32P-A005982,0,0.09164393469691276,0.094440666586160654,0,0
donor_withdrawal,870,V32P-A006025,1,0.7010339140892029,0.7004344701766968,1,1
donor_withdrawal,871,V32P-A006026,1,0.69608260393142696,0.69559357166290281,1,1
donor_withdrawal,872,V32P-A006027,1,0.64604762792587278,0.64664406776428218,1,1
donor_withdrawal,873,V32P-A006028,0,0.10490440055727959,0.10711356997489929,0,0
donor_withdrawal,874,V32P-A006029,0,0.10738988295197487,0.11013812497258187,0,0
donor_withdrawal,875,V32P-A006030,0,0.037643942423164843,0.038556096330285075,0,0
donor_withdrawal,876,V32P-A006031,0,0.74451678991317749,0.73342220783233647,1,1
donor_withdrawal,877,V32P-A006032,0,0.70799498558044438,0.69722274541854856,1,1
donor_withdrawal,878,V32P-A006033,0,0.64633136987686157,0.63465946912765503,1,1
donor_withdrawal,879,V32P-A006034,1,0.57277737855911259,0.55912522077560423,0,0
donor_withdrawal,880,V32P-A006035,0,0.088513540476560598,0.087971245497465128,0,0
donor_withdrawal,881,V32P-A006036,0,0.036975361406803131,0.037773874774575236,0,0
donor_withdrawal,882,V32P-A006055,0,0.26686880588531492,0.25796993970870974,0,0
donor_withdrawal,883,V32P-A006056,0,0.29593712687492368,0.28526391983032229,0,0
donor_withdrawal,884,V32P-A006057,0,0.26748732328414915,0.26008434295654298,0,0
donor_withdrawal,885,V32P-A006058,0,0.21320031285285951,0.20893160104751587,0,0
donor_withdrawal,886,V32P-A006059,0,0.16288496255874635,0.16022602021694182,0,0
donor_withdrawal,887,V32P-A006060,0,0.012331127282232046,0.013449336308985949,0,0
donor_withdrawal,888,V32P-A006061,0,0.62189925909042354,0.61809561252593992,1,0
donor_withdrawal,889,V32P-A006062,0,0.61116499900817867,0.60909469127655025,0,0
donor_withdrawal,890,V32P-A006063,0,0.56610937714576726,0.56573576331138609,0,0
donor_withdrawal,891,V32P-A006064,0,0.48441924452781676,0.48691143393516539,0,0
donor_withdrawal,892,V32P-A006065,0,0.39020812213420869,0.39517409503459933,0,0
donor_withdrawal,893,V32P-A006066,0,0.18334800899028778,0.18910517692565917,0,0
donor_withdrawal,894,V32P-A006115,0,0.56741639375686648,0.56452984809875484,0,0
donor_withdrawal,895,V32P-A006116,0,0.60580482482910158,0.60538457632064824,0,0
donor_withdrawal,896,V32P-A006117,0,0.55817427039146428,0.55899774432182314,0,0
donor_withdrawal,897,V32P-A006118,0,0.48788185119628907,0.49008489847183229,0,0
donor_withdrawal,898,V32P-A006119,1,0.39713900685310366,0.40132807493209838,0,0
donor_withdrawal,899,V32P-A006120,0,0.027231203764677046,0.029663777723908425,0,0
donor_withdrawal,900,V32P-A006145,0,0.81859878301620481,0.81883733272552495,1,1
donor_withdrawal,901,V32P-A006146,0,0.65919933319091795,0.666730260848999,1,1
donor_withdrawal,902,V32P-A006147,0,0.58062291145324707,0.59431304931640627,0,0
donor_withdrawal,903,V32P-A006148,0,0.48870034217834474,0.49613859057426452,0,0
donor_withdrawal,904,V32P-A006149,0,0.38078294992446898,0.38776363134384156,0,0
donor_withdrawal,905,V32P-A006150,0,0.17057940363883972,0.17519462108612061,0,0
donor_withdrawal,906,V32P-A006163,0,0.73860069513320925,0.73891367912292483,1,1
donor_withdrawal,907,V32P-A006164,0,0.56861079931259151,0.56947467327117918,0,0
donor_withdrawal,908,V32P-A006165,0,0.44013201594352724,0.44027989506721499,0,0
donor_withdrawal,909,V32P-A006166,0,0.40326851606369019,0.40496056079864501,0,0
donor_withdrawal,910,V32P-A006167,0,0.31538191437721252,0.31955956816673281,0,0
donor_withdrawal,911,V32P-A006168,0,0.13376418650150299,0.13859118521213531,0,0
donor_withdrawal,912,V32P-A006295,1,0.71022803783416744,0.70678976774215696,1,1
donor_withdrawal,913,V32P-A006296,1,0.60657932758331301,0.60317066907882688,0,0
donor_withdrawal,914,V32P-A006297,1,0.54538902044296267,0.54318779706954956,0,0
donor_withdrawal,915,V32P-A006298,0,0.083524482697248464,0.087097886949777603,0,0
donor_withdrawal,916,V32P-A006299,0,0.06085726544260979,0.064297106117010117,0,0
donor_withdrawal,917,V32P-A006300,0,0.023910926282405855,0.025955936312675475,0,0
donor_withdrawal,918,V32P-A006331,0,0.72063301801681523,0.72515119314193721,1,1
donor_withdrawal,919,V32P-A006332,0,0.47237032651901245,0.4764572739601135,0,0
donor_withdrawal,920,V32P-A006333,0,0.40978882312774656,0.41290238499641418,0,0
donor_withdrawal,921,V32P-A006334,0,0.41384836435317995,0.41931325793266294,0,0
donor_withdrawal,922,V32P-A006335,0,0.36230446100234986,0.3701977074146271,0,0
donor_withdrawal,923,V32P-A006336,0,0.16675478518009185,0.17336260974407197,0,0
donor_withdrawal,924,V32P-A006379,0,0.7046043872833252,0.70544990301132204,1,1
donor_withdrawal,925,V32P-A006380,0,0.56589056253433223,0.56672033071517947,0,0
donor_withdrawal,926,V32P-A006381,0,0.46248604655265807,0.46808511614799497,0,0
donor_withdrawal,927,V32P-A006382,0,0.44159337878227234,0.43934131264686582,0,0
donor_withdrawal,928,V32P-A006383,0,0.35934066176414492,0.35709329247474669,0,0
donor_withdrawal,929,V32P-A006384,0,0.16576969772577285,0.16869762986898423,0,0
donor_withdrawal,930,V32P-A006481,0,0.43903905749320982,0.43254761695861815,0,0
donor_withdrawal,931,V32P-A006482,0,0.58429374694824221,0.58491387367248537,0,0
donor_withdrawal,932,V32P-A006483,0,0.59580507278442385,0.59917402267456055,0,0
donor_withdrawal,933,V32P-A006484,0,0.5369850158691406,0.54407281875610347,0,0
donor_withdrawal,934,V32P-A006485,1,0.46837314367294314,0.47986701130867004,0,0
donor_withdrawal,935,V32P-A006486,0,0.037860062159597876,0.040403929911553858,0,0
donor_withdrawal,936,V32P-A006487,0,0.56068645715713505,0.55496233701705933,0,0
donor_withdrawal,937,V32P-A006488,0,0.48615764379501342,0.47807797789573669,0,0
donor_withdrawal,938,V32P-A006489,0,0.43851130008697509,0.42990803718566895,0,0
donor_withdrawal,939,V32P-A006490,0,0.39913177490234375,0.39256295561790466,0,0
donor_withdrawal,940,V32P-A006491,0,0.33816422224044801,0.33393675684928892,0,0
donor_withdrawal,941,V32P-A006492,0,0.14667062610387802,0.147858227789402,0,0
donor_withdrawal,942,V32P-A006493,0,0.6411710739135742,0.63868609666824339,1,1
donor_withdrawal,943,V32P-A006494,0,0.56994695067405698,0.56659525036811831,0,0
donor_withdrawal,944,V32P-A006495,0,0.51687461137771606,0.50949398875236507,0,0
donor_withdrawal,945,V32P-A006496,0,0.49349027276039126,0.48626264333724978,0,0
donor_withdrawal,946,V32P-A006497,0,0.42289444804191589,0.41584298610687254,0,0
donor_withdrawal,947,V32P-A006498,0,0.24025436937808992,0.23888320326805115,0,0
donor_withdrawal,948,V32P-A006517,0,0.74033814668655396,0.73955973386764529,1,1
donor_withdrawal,949,V32P-A006518,0,0.57939863204956055,0.57684028148651123,0,0
donor_withdrawal,950,V32P-A006519,0,0.6916394829750061,0.68963264226913457,1,1
donor_withdrawal,951,V32P-A006520,0,0.63535835742950442,0.63267729282379148,1,1
donor_withdrawal,952,V32P-A006521,0,0.590038001537323,0.5879005908966064,0,0
donor_withdrawal,953,V32P-A006522,0,0.41109269261360171,0.4149546682834625,0,0
donor_withdrawal,954,V32P-A006541,0,0.79116377830505369,0.79340776205062868,1,1
donor_withdrawal,955,V32P-A006542,0,0.66297404766082768,0.66931254863739009,1,1
donor_withdrawal,956,V32P-A006543,0,0.69268530607223511,0.70204709768295293,1,1
donor_withdrawal,957,V32P-A006544,0,0.68483197689056396,0.69338401556015017,1,1
donor_withdrawal,958,V32P-A006545,0,0.58951287865638735,0.6025679230690002,0,0
donor_withdrawal,959,V32P-A006546,0,0.33077295124530792,0.34418645203113557,0,0
donor_withdrawal,960,V32P-A006547,0,0.67115020751953125,0.67236818075180049,1,1
donor_withdrawal,961,V32P-A006548,0,0.61066783666610713,0.61152645349502566,0,0
donor_withdrawal,962,V32P-A006549,0,0.54108303785324097,0.54144537448883057,0,0
donor_withdrawal,963,V32P-A006550,1,0.4646285057067871,0.46576561331748961,0,0
donor_withdrawal,964,V32P-A006551,0,0.068122844398021701,0.07138951048254967,0,0
donor_withdrawal,965,V32P-A006552,0,0.029003912210464479,0.030858475342392923,0,0
donor_withdrawal,966,V32P-A006559,0,0.54038910269737239,0.53815649151802059,0,0
donor_withdrawal,967,V32P-A006560,0,0.4917400121688843,0.48842626810073853,0,0
donor_withdrawal,968,V32P-A006561,0,0.4520726978778839,0.44907925128936765,0,0
donor_withdrawal,969,V32P-A006562,0,0.38578887581825255,0.38241515755653382,0,0
donor_withdrawal,970,V32P-A006563,0,0.31856755912303925,0.31743821799755095,0,0
donor_withdrawal,971,V32P-A006564,0,0.13903861343860627,0.14221954047679902,0,0
donor_withdrawal,972,V32P-A006571,0,0.5046283960342407,0.49570909142494202,0,0
donor_withdrawal,973,V32P-A006572,0,0.51185232400894165,0.50642887353897093,0,0
donor_withdrawal,974,V32P-A006573,0,0.54707483053207395,0.5452234148979187,0,0
donor_withdrawal,975,V32P-A006574,0,0.49252417087554934,0.49334263801574707,0,0
donor_withdrawal,976,V32P-A006575,0,0.42248651981353758,0.42755683660507204,0,0
donor_withdrawal,977,V32P-A006576,0,0.21797572970390319,0.2250230997800827,0,0
donor_withdrawal,978,V32P-A006577,0,0.54161385893821712,0.53821123242378233,0,0
donor_withdrawal,979,V32P-A006578,0,0.43273511528968811,0.43017885088920593,0,0
donor_withdrawal,980,V32P-A006579,0,0.40523635149002074,0.40412133932113647,0,0
donor_withdrawal,981,V32P-A006580,0,0.33630475997924802,0.33569177985191345,0,0
donor_withdrawal,982,V32P-A006581,0,0.28089960515499113,0.28341120183467866,0,0
donor_withdrawal,983,V32P-A006582,0,0.13458153158426284,0.13882137089967728,0,0
donor_withdrawal,984,V32P-A006595,0,0.75321441888809204,0.75249755382537842,1,1
donor_withdrawal,985,V32P-A006596,0,0.6980069041252136,0.69710412025451662,1,1
donor_withdrawal,986,V32P-A006597,0,0.60922708511352541,0.61737775802612305,0,0
donor_withdrawal,987,V32P-A006598,0,0.59731237888336186,0.59720559120178218,0,0
donor_withdrawal,988,V32P-A006599,0,0.50849448442459111,0.50931514501571651,0,0
donor_withdrawal,989,V32P-A006600,0,0.23393848538398743,0.23912572860717773,0,0
donor_withdrawal,990,V32P-A006631,0,0.46523488759994508,0.45980155467987061,0,0
donor_withdrawal,991,V32P-A006632,0,0.56320896744728088,0.56080755591392517,0,0
donor_withdrawal,992,V32P-A006633,0,0.60184779167175295,0.60253365039825435,0,0
donor_withdrawal,993,V32P-A006634,0,0.63983856439590459,0.6424635648727417,1,1
donor_withdrawal,994,V32P-A006635,0,0.61269578933715818,0.61761615276336668,0,0
donor_withdrawal,995,V32P-A006636,0,0.058671737462282179,0.063008540123701093,0,0
donor_withdrawal,996,V32P-A006661,0,0.82227609157562254,0.8207727193832397,1,1
donor_withdrawal,997,V32P-A006662,0,0.73021600246429441,0.72799836397171025,1,1
donor_withdrawal,998,V32P-A006663,0,0.65465701818466182,0.65143331289291384,1,1
donor_withdrawal,999,V32P-A006664,0,0.58340919017791748,0.57958704233169556,0,0
donor_withdrawal,1000,V32P-A006665,0,0.47694329023361204,0.47332687377929689,0,0
donor_withdrawal,1001,V32P-A006666,0,0.21494790315628051,0.21538246572017669,0,0
donor_withdrawal,1002,V32P-A006673,0,0.73186569213867192,0.73844304084777834,1,1
donor_withdrawal,1003,V32P-A006674,0,0.72676634788513184,0.73243480920791626,1,1
donor_withdrawal,1004,V32P-A006675,0,0.75280520915985105,0.75694658756256106,1,1
donor_withdrawal,1005,V32P-A006676,0,0.56985954046249387,0.57973093986511226,0,0
donor_withdrawal,1006,V32P-A006677,0,0.47099636793136596,0.48179191946983335,0,0
donor_withdrawal,1007,V32P-A006678,0,0.23958915770053862,0.25077674984931947,0,0
donor_withdrawal,1008,V32P-A006817,0,0.77460545301437378,0.7738023638725281,1,1
donor_withdrawal,1009,V32P-A006818,0,0.6755753755569458,0.67444260120391841,1,1
donor_withdrawal,1010,V32P-A006819,0,0.55474250316619877,0.55094639062881468,0,0
donor_withdrawal,1011,V32P-A006820,0,0.46467689871788026,0.4595860719680786,0,0
donor_withdrawal,1012,V32P-A006821,0,0.3737125277519226,0.36720965504646302,0,0
donor_withdrawal,1013,V32P-A006822,0,0.17089974284172058,0.17246466875076294,0,0
donor_withdrawal,1014,V32P-A006847,0,0.75366233587265019,0.75207395553588863,1,1
donor_withdrawal,1015,V32P-A006848,0,0.68792588710784908,0.68648886680603027,1,1
donor_withdrawal,1016,V32P-A006849,0,0.64731709957122807,0.64699336290359499,1,1
donor_withdrawal,1017,V32P-A006850,0,0.67496097087860107,0.67892317771911626,1,1
donor_withdrawal,1018,V32P-A006851,0,0.57030700445175175,0.57421061992645261,0,0
donor_withdrawal,1019,V32P-A006852,0,0.034279701486229899,0.036581424251198771,0,0
donor_withdrawal,1020,V32P-A006853,0,0.47630699872970583,0.46064962744712828,0,0
donor_withdrawal,1021,V32P-A006854,0,0.41767694354057311,0.40130829215049746,0,0
donor_withdrawal,1022,V32P-A006855,0,0.33882209658622742,0.32277678847312929,0,0
donor_withdrawal,1023,V32P-A006856,0,0.26744319796562194,0.25412225723266602,0,0
donor_withdrawal,1024,V32P-A006857,0,0.19872166514396666,0.18944902122020721,0,0
donor_withdrawal,1025,V32P-A006858,0,0.090558367222547537,0.088134602457284925,0,0
donor_withdrawal,1026,V32P-A006883,0,0.83987429141998293,0.83865172863006587,1,1
donor_withdrawal,1027,V32P-A006884,0,0.69145442247390743,0.68811811208724971,1,1
donor_withdrawal,1028,V32P-A006885,0,0.81837970018386841,0.8184668183326721,1,1
donor_withdrawal,1029,V32P-A006886,0,0.71033215522766113,0.70760314464569096,1,1
donor_withdrawal,1030,V32P-A006887,0,0.64323574304580688,0.64105889797210691,1,1
donor_withdrawal,1031,V32P-A006888,0,0.06591040529310703,0.068441215530037874,0,0
donor_withdrawal,1032,V32P-A006895,0,0.34212974607944491,0.33781875073909762,0,0
donor_withdrawal,1033,V32P-A006896,0,0.38338260352611542,0.3812206655740738,0,0
donor_withdrawal,1034,V32P-A006897,0,0.37249137163162233,0.37089934349060061,0,0
donor_withdrawal,1035,V32P-A006898,0,0.33202793896198274,0.33062415421009062,0,0
donor_withdrawal,1036,V32P-A006899,0,0.26293171346187594,0.26326093971729281,0,0
donor_withdrawal,1037,V32P-A006900,0,0.12199888080358505,0.12596337050199508,0,0
donor_withdrawal,1038,V32P-A006901,0,0.82027783393859866,0.81804341077804565,1,1
donor_withdrawal,1039,V32P-A006902,0,0.71826798915863033,0.7163359522819519,1,1
donor_withdrawal,1040,V32P-A006903,0,0.69823378324508667,0.69540621042251582,1,1
donor_withdrawal,1041,V32P-A006904,0,0.69477701187133789,0.69176799058914185,1,1
donor_withdrawal,1042,V32P-A006905,0,0.60266724228858948,0.60070533156394956,0,0
donor_withdrawal,1043,V32P-A006906,0,0.3830876350402832,0.38516309857368469,0,0
donor_withdrawal,1044,V32P-A006913,0,0.66370733976364138,0.66055903434753416,1,1
donor_withdrawal,1045,V32P-A006914,0,0.55913242101669314,0.55587543249130245,0,0
donor_withdrawal,1046,V32P-A006915,0,0.47367757558822632,0.47034360170364381,0,0
donor_withdrawal,1047,V32P-A006916,0,0.39832465648651122,0.39618807435035708,0,0
donor_withdrawal,1048,V32P-A006917,0,0.32023212313652039,0.31781457066535951,0,0
donor_withdrawal,1049,V32P-A006918,0,0.12388931363821029,0.12604132741689683,0,0
donor_withdrawal,1050,V32P-A006931,0,0.53107504844665532,0.53177274465560909,0,0
donor_withdrawal,1051,V32P-A006932,0,0.5328316926956177,0.53424114584922788,0,0
donor_withdrawal,1052,V32P-A006933,0,0.51595953106880188,0.51931744813919067,0,0
donor_withdrawal,1053,V32P-A006934,0,0.45786259770393373,0.46406340599060059,0,0
donor_withdrawal,1054,V32P-A006935,0,0.38905838727951048,0.39765448570251466,0,0
donor_withdrawal,1055,V32P-A006936,0,0.17381713539361954,0.18306973129510878,0,0
donor_withdrawal,1056,V32P-A006967,0,0.66686255931854244,0.66673769950866701,1,1
donor_withdrawal,1057,V32P-A006968,0,0.59505336284637456,0.59539009332656856,0,0
donor_withdrawal,1058,V32P-A006969,0,0.58014268875122066,0.58336628675460811,0,0
donor_withdrawal,1059,V32P-A006970,0,0.56763412952423098,0.57349081039428706,0,0
donor_withdrawal,1060,V32P-A006971,0,0.53237716555595394,0.54036367535591123,0,0
donor_withdrawal,1061,V32P-A006972,0,0.24101459681987764,0.2533968359231949,0,0
donor_withdrawal,1062,V32P-A006979,0,0.8318274259567261,0.82939220666885372,1,1
donor_withdrawal,1063,V32P-A006980,0,0.77350097894668579,0.77123689651489258,1,1
donor_withdrawal,1064,V32P-A006981,0,0.73302818536758418,0.73115367889404292,1,1
donor_withdrawal,1065,V32P-A006982,0,0.68394384384155271,0.68355288505554201,1,1
donor_withdrawal,1066,V32P-A006983,0,0.59328655004501341,0.5959762811660767,0,0
donor_withdrawal,1067,V32P-A006984,0,0.038650138676166533,0.04209037013351917,0,0
donor_withdrawal,1068,V32P-A007045,0,0.69065555334091189,0.69269392490386961,1,1
donor_withdrawal,1069,V32P-A007046,0,0.53411972522735596,0.53573123216629026,0,0
donor_withdrawal,1070,V32P-A007047,0,0.6633009791374207,0.66592283248901363,1,1
donor_withdrawal,1071,V32P-A007048,0,0.46323506832122802,0.4661882996559143,0,0
donor_withdrawal,1072,V32P-A007049,0,0.38061866462230681,0.38188451230525972,0,0
donor_withdrawal,1073,V32P-A007050,0,0.19524443596601487,0.19665654599666596,0,0
donor_withdrawal,1074,V32P-A007057,0,0.82748525142669682,0.82784705162048344,1,1
donor_withdrawal,1075,V32P-A007058,0,0.65735465288162231,0.65933376550674438,1,1
donor_withdrawal,1076,V32P-A007059,0,0.56632621288299556,0.56862161159515379,0,0
donor_withdrawal,1077,V32P-A007060,0,0.50519378781318669,0.50798214673995967,0,0
donor_withdrawal,1078,V32P-A007061,0,0.49224738478660585,0.4963595926761627,0,0
donor_withdrawal,1079,V32P-A007062,0,0.22738342583179474,0.23012926876544954,0,0
donor_withdrawal,1080,V32P-A007087,0,0.48370208144187926,0.47818026542663572,0,0
donor_withdrawal,1081,V32P-A007088,0,0.50575307011604309,0.5018763959407806,0,0
donor_withdrawal,1082,V32P-A007089,0,0.51119866967201233,0.50961350798606875,0,0
donor_withdrawal,1083,V32P-A007090,0,0.45401217937469485,0.45416649580001833,0,0
donor_withdrawal,1084,V32P-A007091,0,0.38966808915138246,0.3928775668144226,0,0
donor_withdrawal,1085,V32P-A007092,0,0.18527570366859436,0.1942243069410324,0,0
donor_withdrawal,1086,V32P-A007141,0,0.62452992200851443,0.63538806438446049,1,1
donor_withdrawal,1087,V32P-A007142,0,0.49769186377525332,0.51158302426338198,0,0
donor_withdrawal,1088,V32P-A007143,0,0.44335042238235473,0.45718842148780825,0,0
donor_withdrawal,1089,V32P-A007144,0,0.4280156373977661,0.44404790401458738,0,0
donor_withdrawal,1090,V32P-A007145,0,0.30435231328010559,0.31538562476634979,0,0
donor_withdrawal,1091,V32P-A007146,0,0.14541241228580476,0.15123694986104966,0,0
donor_withdrawal,1092,V32P-A007243,0,0.4487961709499359,0.4476346790790558,0,0
donor_withdrawal,1093,V32P-A007244,0,0.38614616394042967,0.39083740711212156,0,0
donor_withdrawal,1094,V32P-A007245,0,0.30341909229755404,0.32084780037403104,0,0
donor_withdrawal,1095,V32P-A007246,0,0.26330048143863677,0.27750954926013949,0,0
donor_withdrawal,1096,V32P-A007247,0,0.20788130462169646,0.2242708534002304,0,0
donor_withdrawal,1097,V32P-A007248,0,0.088142628222703939,0.10001232698559762,0,0
donor_withdrawal,1098,V32P-A007267,0,0.58990030288696294,0.58089220523834229,0,0
donor_withdrawal,1099,V32P-A007268,0,0.52632390856742861,0.51532536149024966,0,0
donor_withdrawal,1100,V32P-A007269,0,0.57216836810112004,0.56159225106239319,0,0
donor_withdrawal,1101,V32P-A007270,0,0.50326598882675166,0.49601010084152219,0,0
donor_withdrawal,1102,V32P-A007271,0,0.42415469288825991,0.41506449580192567,0,0
donor_withdrawal,1103,V32P-A007272,0,0.2247793346643448,0.2203938990831375,0,0
donor_withdrawal,1104,V32P-A007405,0,0.70769869089126591,0.71300941705703735,1,1
donor_withdrawal,1105,V32P-A007406,0,0.56597712635993958,0.57830083966255186,0,0
donor_withdrawal,1106,V32P-A007407,0,0.47188289165496827,0.48903664350509646,0,0
donor_withdrawal,1107,V32P-A007408,0,0.40379300713539124,0.42394603490829469,0,0
donor_withdrawal,1108,V32P-A007409,0,0.37758973240852356,0.39949074387550354,0,0
donor_withdrawal,1109,V32P-A007410,0,0.1785140335559845,0.20155169963836669,0,0
donor_withdrawal,1110,V32P-A007579,1,0.77484456300735471,0.7778846859931946,1,1
donor_withdrawal,1111,V32P-A007580,1,0.65082460641860962,0.65554077625274654,1,1
donor_withdrawal,1112,V32P-A007581,1,0.54270015358924861,0.54482129216194153,0,0
donor_withdrawal,1113,V32P-A007582,0,0.10619578063488007,0.10827162340283394,0,0
donor_withdrawal,1114,V32P-A007583,0,0.080248919501900676,0.082057790085673335,0,0
donor_withdrawal,1115,V32P-A007584,0,0.036109204217791555,0.037052377872169015,0,0
donor_withdrawal,1116,V32P-A007603,0,0.77855893373489382,0.77784134149551387,1,1
donor_withdrawal,1117,V32P-A007604,0,0.70231765508651733,0.70148283243179321,1,1
donor_withdrawal,1118,V32P-A007605,0,0.7345114588737488,0.73345807790756223,1,1
donor_withdrawal,1119,V32P-A007606,0,0.75298870801925655,0.75514618158340452,1,1
donor_withdrawal,1120,V32P-A007607,0,0.63368616104125974,0.63419927358627315,1,1
donor_withdrawal,1121,V32P-A007608,0,0.051649954915046689,0.053373987227678298,0,0
donor_withdrawal,1122,V32P-A007693,0,0.62079025506973262,0.62228270769119265,1,1
donor_withdrawal,1123,V32P-A007694,0,0.60063869953155513,0.60332059860229492,0,0
donor_withdrawal,1124,V32P-A007695,0,0.57442418336868284,0.57808554172515869,0,0
donor_withdrawal,1125,V32P-A007696,0,0.49577409029006958,0.50021948814392092,0,0
donor_withdrawal,1126,V32P-A007697,0,0.41879534721374512,0.42602236270904542,0,0
donor_withdrawal,1127,V32P-A007698,0,0.19940547794103622,0.21094305962324142,0,0
donor_withdrawal,1128,V32P-A007729,0,0.6343579888343811,0.63025270700454716,1,1
donor_withdrawal,1129,V32P-A007730,0,0.63108365535736088,0.63100718259811406,1,1
donor_withdrawal,1130,V32P-A007731,0,0.5840364396572113,0.58792344331741331,0,0
donor_withdrawal,1131,V32P-A007732,0,0.51021966338157654,0.5190187394618988,0,0
donor_withdrawal,1132,V32P-A007733,0,0.42513567209243774,0.43884519338607786,0,0
donor_withdrawal,1133,V32P-A007734,0,0.18091620951890947,0.19320808202028275,0,0
donor_withdrawal,1134,V32P-A007957,0,0.54859907031059263,0.54308169484138491,0,0
donor_withdrawal,1135,V32P-A007958,0,0.51933858990669246,0.5114898264408112,0,0
donor_withdrawal,1136,V32P-A007959,0,0.41033245325088502,0.41114940643310549,0,0
donor_withdrawal,1137,V32P-A007960,0,0.36192764043807985,0.35959616303443909,0,0
donor_withdrawal,1138,V32P-A007961,0,0.28428955674171447,0.28446579575538633,0,0
donor_withdrawal,1139,V32P-A007962,0,0.11214718669652939,0.11570932120084762,0,0
donor_withdrawal,1140,V32P-A008041,0,0.66560404300689702,0.66871892213821416,1,1
donor_withdrawal,1141,V32P-A008042,0,0.6195979952812195,0.62628242969512937,0,1
donor_withdrawal,1142,V32P-A008043,0,0.58811937570571904,0.59719185829162602,0,0
donor_withdrawal,1143,V32P-A008044,0,0.48032850027084351,0.49598337411880494,0,0
donor_withdrawal,1144,V32P-A008045,1,0.39731407761573789,0.41673568487167356,0,0
donor_withdrawal,1145,V32P-A008046,0,0.03019778858870268,0.031979972310364244,0,0
donor_withdrawal,1146,V32P-A008119,0,0.65592534542083736,0.6573198556900024,1,1
donor_withdrawal,1147,V32P-A008120,0,0.59257231950759892,0.59574790000915523,0,0
donor_withdrawal,1148,V32P-A008121,0,0.5679690480232239,0.57209388017654417,0,0
donor_withdrawal,1149,V32P-A008122,0,0.45135103464126586,0.45777577757835386,0,0
donor_withdrawal,1150,V32P-A008123,0,0.37693966627120973,0.38677361011505129,0,0
donor_withdrawal,1151,V32P-A008124,0,0.17104435563087464,0.17940002530813218,0,0
donor_withdrawal,1152,V32P-A008167,0,0.62362792491912844,0.62362951040267944,1,1
donor_withdrawal,1153,V32P-A008168,0,0.53721804618835445,0.53432242870330815,0,0
donor_withdrawal,1154,V32P-A008169,0,0.42014185190200803,0.41515553593635557,0,0
donor_withdrawal,1155,V32P-A008170,0,0.35776639580726621,0.35004177689552307,0,0
donor_withdrawal,1156,V32P-A008171,0,0.33584754467010497,0.32769445776939393,0,0
donor_withdrawal,1157,V32P-A008172,0,0.19089908301830291,0.18723158240318299,0,0
donor_withdrawal,1158,V32P-A008191,1,0.45793520808219912,0.45297510027885435,0,0
donor_withdrawal,1159,V32P-A008192,1,0.32348127365112306,0.31888436675071719,0,0
donor_withdrawal,1160,V32P-A008193,1,0.27788846790790556,0.27227949202060697,0,0
donor_withdrawal,1161,V32P-A008194,0,0.048047807440161704,0.048880219087004663,0,0
donor_withdrawal,1162,V32P-A008195,0,0.039189915917813775,0.04027938600629568,0,0
donor_withdrawal,1163,V32P-A008196,0,0.016106881806626915,0.016944146016612649,0,0
donor_withdrawal,1164,V32P-A008203,0,0.75429580211639402,0.76173549890518188,1,1
donor_withdrawal,1165,V32P-A008204,0,0.65762972831726074,0.67407407760620119,1,1
donor_withdrawal,1166,V32P-A008205,0,0.81201713085174565,0.82166656255722048,1,1
donor_withdrawal,1167,V32P-A008206,1,0.57583474516868594,0.59651119709014888,0,0
donor_withdrawal,1168,V32P-A008207,0,0.10474302694201469,0.1097411684691906,0,0
donor_withdrawal,1169,V32P-A008208,0,0.046207628585398196,0.048547479324042797,0,0
donor_withdrawal,1170,V32P-A008209,0,0.59178094863891606,0.60222913026809688,0,0
donor_withdrawal,1171,V32P-A008210,0,0.54700645208358767,0.55782831907272334,0,0
donor_withdrawal,1172,V32P-A008211,0,0.48336198329925539,0.49534382820129397,0,0
donor_withdrawal,1173,V32P-A008212,0,0.39730963706970213,0.41167649626731873,0,0
donor_withdrawal,1174,V32P-A008213,0,0.32539543509483337,0.34209215044975283,0,0
donor_withdrawal,1175,V32P-A008214,0,0.14752112179994584,0.15815530419349672,0,0
donor_withdrawal,1176,V32P-A008215,0,0.63064800500869755,0.62937977313995364,1,1
donor_withdrawal,1177,V32P-A008216,0,0.52177180647850041,0.52336122393608098,0,0
donor_withdrawal,1178,V32P-A008217,0,0.47730441689491271,0.48120425939559935,0,0
donor_withdrawal,1179,V32P-A008218,0,0.43479394912719727,0.44280074834823607,0,0
donor_withdrawal,1180,V32P-A008219,0,0.45485048294067382,0.46972551941871643,0,0
donor_withdrawal,1181,V32P-A008220,0,0.17545897960662843,0.1837330162525177,0,0
donor_withdrawal,1182,V32P-A008317,0,0.58948131799697878,0.57501093149185178,0,0
donor_withdrawal,1183,V32P-A008318,0,0.60824366807937624,0.59701087474823,0,0
donor_withdrawal,1184,V32P-A008319,0,0.59123632907867429,0.58059216737747188,0,0
donor_withdrawal,1185,V32P-A008320,0,0.54118291735649104,0.53060399293899541,0,0
donor_withdrawal,1186,V32P-A008321,0,0.46005383133888245,0.4518118739128113,0,0
donor_withdrawal,1187,V32P-A008322,0,0.22479213178157806,0.22541123628616333,0,0
donor_withdrawal,1188,V32P-A008485,0,0.68946689367294312,0.68833965063095093,1,1
donor_withdrawal,1189,V32P-A008486,0,0.688916540145874,0.68783724308013916,1,1
donor_withdrawal,1190,V32P-A008487,0,0.70516734123229985,0.70396968126296999,1,1
donor_withdrawal,1191,V32P-A008488,0,0.68111630678176882,0.67994189262390137,1,1
donor_withdrawal,1192,V32P-A008489,0,0.55581842064857478,0.56815113425254826,0,0
donor_withdrawal,1193,V32P-A008490,0,0.053644031658768652,0.056900642439723016,0,0
donor_withdrawal,1194,V32P-A008533,0,0.69391210079193111,0.68789187669754026,1,1
donor_withdrawal,1195,V32P-A008534,0,0.63089114427566528,0.62283818721771245,1,1
donor_withdrawal,1196,V32P-A008535,0,0.63054491281509395,0.62226337194442749,1,1
donor_withdrawal,1197,V32P-A008536,0,0.6186029732227325,0.61465024352073672,0,0
donor_withdrawal,1198,V32P-A008537,0,0.46370319426059725,0.45018992722034457,0,0
donor_withdrawal,1199,V32P-A008538,0,0.2544118598103523,0.2485159769654274,0,0
donor_withdrawal,1200,V32P-A008629,0,0.68514202833175664,0.68169713020324707,1,1
donor_withdrawal,1201,V32P-A008630,0,0.59375785589218144,0.58948282003402708,0,0
donor_withdrawal,1202,V32P-A008631,0,0.55492614507675175,0.55140717029571529,0,0
donor_withdrawal,1203,V32P-A008632,0,0.54218617677688596,0.53977371454238887,0,0
donor_withdrawal,1204,V32P-A008633,0,0.48414366841316225,0.48275614380836485,0,0
donor_withdrawal,1205,V32P-A008634,0,0.032108712382614611,0.034626757539808747,0,0
donor_withdrawal,1206,V32P-A008671,0,0.55302885770797727,0.55351964235305784,0,0
donor_withdrawal,1207,V32P-A008672,0,0.55101876258850102,0.55274177789688106,0,0
donor_withdrawal,1208,V32P-A008673,0,0.5329492568969727,0.53607325553894047,0,0
donor_withdrawal,1209,V32P-A008674,0,0.53189579248428343,0.53633992671966557,0,0
donor_withdrawal,1210,V32P-A008675,0,0.48575206398963927,0.49295100569725037,0,0
donor_withdrawal,1211,V32P-A008676,0,0.27919907867908478,0.29364893734455111,0,0
donor_withdrawal,1212,V32P-A008683,0,0.64421452283859248,0.63984366655349734,1,1
donor_withdrawal,1213,V32P-A008684,0,0.61518412828445435,0.61281540393829348,0,0
donor_withdrawal,1214,V32P-A008685,0,0.55147968530654912,0.5536007285118103,0,0
donor_withdrawal,1215,V32P-A008686,0,0.4398435652256012,0.44763451218605044,0,0
donor_withdrawal,1216,V32P-A008687,1,0.34736826717853547,0.35797202885150908,0,0
donor_withdrawal,1217,V32P-A008688,0,0.026016646064817905,0.027676768973469733,0,0
donor_withdrawal,1218,V32P-A008701,0,0.58425216078758235,0.57531121373176575,0,0
donor_withdrawal,1219,V32P-A008702,0,0.57838000059127803,0.57042970657348635,0,0
donor_withdrawal,1220,V32P-A008703,0,0.56687948107719421,0.55984317660331728,0,0
donor_withdrawal,1221,V32P-A008704,0,0.51959996223449711,0.51282182931900022,0,0
donor_withdrawal,1222,V32P-A008705,0,0.4350061774253845,0.42913719415664675,0,0
donor_withdrawal,1223,V32P-A008706,0,0.2117534801363945,0.21187359541654588,0,0
donor_withdrawal,1224,V32P-A008749,0,0.41463326215744017,0.41170135140419006,0,0
donor_withdrawal,1225,V32P-A008750,0,0.40789213180541994,0.4103016436100006,0,0
donor_withdrawal,1226,V32P-A008751,0,0.39905774593353271,0.40499657392501831,0,0
donor_withdrawal,1227,V32P-A008752,0,0.31514371931552887,0.32427951395511628,0,0
donor_withdrawal,1228,V32P-A008753,0,0.24194731712341308,0.25326785445213318,0,0
donor_withdrawal,1229,V32P-A008754,0,0.10618670433759689,0.11824182718992234,0,0
donor_withdrawal,1230,V32P-A008761,0,0.58284885287284849,0.57549465298652647,0,0
donor_withdrawal,1231,V32P-A008762,0,0.45934976935386657,0.44997080564498904,0,0
donor_withdrawal,1232,V32P-A008763,0,0.38352169394493102,0.37299671173095705,0,0
donor_withdrawal,1233,V32P-A008764,0,0.30143785178661348,0.29172176420688628,0,0
donor_withdrawal,1234,V32P-A008765,0,0.27000315785408019,0.26172693371772765,0,0
donor_withdrawal,1235,V32P-A008766,0,0.1479788064956665,0.1449485331773758,0,0
donor_withdrawal,1236,V32P-A008797,0,0.43872440457344053,0.43130514621734617,0,0
donor_withdrawal,1237,V32P-A008798,0,0.40459907054901123,0.39799464941024781,0,0
donor_withdrawal,1238,V32P-A008799,0,0.3610779345035553,0.35714600682258607,0,0
donor_withdrawal,1239,V32P-A008800,0,0.29067437648773192,0.28980994820594785,0,0
donor_withdrawal,1240,V32P-A008801,0,0.22718494534492492,0.22800298333168029,0,0
donor_withdrawal,1241,V32P-A008802,0,0.108073740452528,0.11093219295144081,0,0
donor_withdrawal,1242,V32P-A008833,0,0.81213377714157109,0.81083230972290044,1,1
donor_withdrawal,1243,V32P-A008834,0,0.71134208440780644,0.70889283418655391,1,1
donor_withdrawal,1244,V32P-A008835,0,0.67130068540573118,0.66816353797912598,1,1
donor_withdrawal,1245,V32P-A008836,0,0.70956417322158816,0.70690814256668089,1,1
donor_withdrawal,1246,V32P-A008837,0,0.64567233324050899,0.64508498907089229,1,1
donor_withdrawal,1247,V32P-A008838,0,0.35000033378601075,0.35283899307250977,0,0
donor_withdrawal,1248,V32P-A008851,0,0.61833120584487911,0.61335266828536983,0,0
donor_withdrawal,1249,V32P-A008852,0,0.63772493600845337,0.63480087518692019,1,1
donor_withdrawal,1250,V32P-A008853,0,0.59301526546478267,0.59169863462448125,0,0
donor_withdrawal,1251,V32P-A008854,0,0.48826287388801576,0.49111858606338499,0,0
donor_withdrawal,1252,V32P-A008855,0,0.38111662268638613,0.38639787435531614,0,0
donor_withdrawal,1253,V32P-A008856,0,0.15543721169233321,0.16105623245239259,0,0
donor_withdrawal,1254,V32P-A008887,0,0.80672843456268306,0.8033747673034668,1,1
donor_withdrawal,1255,V32P-A008888,0,0.71834462881088257,0.71204748153686526,1,1
donor_withdrawal,1256,V32P-A008889,0,0.66811655759811406,0.66055847406387325,1,1
donor_withdrawal,1257,V32P-A008890,0,0.58920776844024658,0.58183009028434751,0,0
donor_withdrawal,1258,V32P-A008891,0,0.49668681621551514,0.49159731864929201,0,0
donor_withdrawal,1259,V32P-A008892,0,0.23001352846622466,0.22971395254135132,0,0
donor_withdrawal,1260,V32P-A008893,0,0.68866847753524785,0.68545079231262207,1,1
donor_withdrawal,1261,V32P-A008894,0,0.49030162096023561,0.48766059875488282,0,0
donor_withdrawal,1262,V32P-A008895,0,0.43860861063003542,0.43505573272705078,0,0
donor_withdrawal,1263,V32P-A008896,0,0.35303052067756652,0.35247374773025514,0,0
donor_withdrawal,1264,V32P-A008897,0,0.34937236309051511,0.34833801388740537,0,0
donor_withdrawal,1265,V32P-A008898,0,0.11206801980733871,0.11446985304355621,0,0
donor_withdrawal,1266,V32P-A008911,0,0.72813525199890139,0.73028593063354497,1,1
donor_withdrawal,1267,V32P-A008912,0,0.49549571275711057,0.50555425882339478,0,0
donor_withdrawal,1268,V32P-A008913,0,0.47303687334060668,0.47499048709869385,0,0
donor_withdrawal,1269,V32P-A008914,0,0.38422287702560426,0.38720946311950682,0,0
donor_withdrawal,1270,V32P-A008915,0,0.29596035182476044,0.29996982514858245,0,0
donor_withdrawal,1271,V32P-A008916,0,0.128023724257946,0.13170378059148788,0,0
donor_withdrawal,1272,V32P-A008917,0,0.44271343350410464,0.43570174574851989,0,0
donor_withdrawal,1273,V32P-A008918,0,0.40946242213249207,0.40127401947975161,0,0
donor_withdrawal,1274,V32P-A008919,0,0.36526609659194947,0.35460144877433775,0,0
donor_withdrawal,1275,V32P-A008920,0,0.29585613310337067,0.28483047187328336,0,0
donor_withdrawal,1276,V32P-A008921,0,0.22313085794448853,0.21363244056701661,0,0
donor_withdrawal,1277,V32P-A008922,0,0.10097046419978142,0.098165675252676013,0,0
donor_withdrawal,1278,V32P-A008923,1,0.7114300489425659,0.71598889827728274,1,1
donor_withdrawal,1279,V32P-A008924,1,0.5794733464717865,0.58712648749351504,0,0
donor_withdrawal,1280,V32P-A008925,1,0.52602151632308958,0.53334642648696895,0,0
donor_withdrawal,1281,V32P-A008926,0,0.085825458168983459,0.089084563404321665,0,0
donor_withdrawal,1282,V32P-A008927,0,0.065940593183040616,0.068588637188076979,0,0
donor_withdrawal,1283,V32P-A008928,0,0.030139063671231269,0.031369037181138995,0,0
donor_withdrawal,1284,V32P-A008929,0,0.42728580236434938,0.41817173361778259,0,0
donor_withdrawal,1285,V32P-A008930,0,0.35976938307285311,0.34899732172489167,0,0
donor_withdrawal,1286,V32P-A008931,0,0.30023077130317688,0.28920350074768064,0,0
donor_withdrawal,1287,V32P-A008932,0,0.24126950949430465,0.23273864537477493,0,0
donor_withdrawal,1288,V32P-A008933,0,0.211052505671978,0.20433200746774674,0,0
donor_withdrawal,1289,V32P-A008934,0,0.1099247582256794,0.10735291466116906,0,0
donor_withdrawal,1290,V32P-A008959,1,0.51227697730064392,0.50441139340400698,0,0
donor_withdrawal,1291,V32P-A008960,1,0.40067604184150696,0.39398590922355653,0,0
donor_withdrawal,1292,V32P-A008961,1,0.3518608182668686,0.34425629675388336,0,0
donor_withdrawal,1293,V32P-A008962,0,0.083006937429308897,0.082622836157679555,0,0
donor_withdrawal,1294,V32P-A008963,0,0.062270247563719752,0.06228896118700504,0,0
donor_withdrawal,1295,V32P-A008964,0,0.028742673899978401,0.029039991553872824,0,0
donor_withdrawal,1296,V32P-A008983,0,0.60214117765426634,0.60051815509796147,0,0
donor_withdrawal,1297,V32P-A008984,0,0.48162620663642886,0.48005157113075259,0,0
donor_withdrawal,1298,V32P-A008985,0,0.43791977167129514,0.43746834993362427,0,0
donor_withdrawal,1299,V32P-A008986,0,0.33853334188461304,0.34061958193778991,0,0
donor_withdrawal,1300,V32P-A008987,0,0.26317867636680603,0.26790006756782531,0,0
donor_withdrawal,1301,V32P-A008988,0,0.098888745903968817,0.10376643389463425,0,0
donor_withdrawal,1302,V32P-A009007,0,0.59247696399688721,0.5920825242996216,0,0
donor_withdrawal,1303,V32P-A009008,0,0.50255650281906128,0.50235100984573366,0,0
donor_withdrawal,1304,V32P-A009009,0,0.47297002077102662,0.47400585412979124,0,0
donor_withdrawal,1305,V32P-A009010,0,0.39354196786880491,0.39638074636459353,0,0
donor_withdrawal,1306,V32P-A009011,0,0.32376947104930875,0.32938245832920077,0,0
donor_withdrawal,1307,V32P-A009012,0,0.14410509616136552,0.15021507292985917,0,0
donor_withdrawal,1308,V32P-A009031,0,0.60237675309181216,0.6114544212818146,0,0
donor_withdrawal,1309,V32P-A009032,0,0.42637004852294924,0.44059922695159914,0,0
donor_withdrawal,1310,V32P-A009033,0,0.41238097548484803,0.42805209755897522,0,0
donor_withdrawal,1311,V32P-A009034,0,0.36068633794784544,0.37883266210556032,0,0
donor_withdrawal,1312,V32P-A009035,0,0.34101028144359591,0.36067210137844086,0,0
donor_withdrawal,1313,V32P-A009036,0,0.16042875945568086,0.17853948771953582,0,0
donor_withdrawal,1314,V32P-A009049,0,0.70593695640563969,0.70543816089630129,1,1
donor_withdrawal,1315,V32P-A009050,0,0.54807882905006411,0.54423797726631162,0,0
donor_withdrawal,1316,V32P-A009051,0,0.51182529330253601,0.50841429233551028,0,0
donor_withdrawal,1317,V32P-A009052,0,0.51271005868911745,0.51154556274414065,0,0
donor_withdrawal,1318,V32P-A009053,0,0.45798419117927552,0.45937908291816709,0,0
donor_withdrawal,1319,V32P-A009054,0,0.24692392051219941,0.25471490621566772,0,0
donor_withdrawal,1320,V32P-A009073,0,0.47187297344207763,0.47887097597122191,0,0
donor_withdrawal,1321,V32P-A009074,0,0.49941058754920958,0.50760994553565975,0,0
donor_withdrawal,1322,V32P-A009075,0,0.48351173400878905,0.49307501316070557,0,0
donor_withdrawal,1323,V32P-A009076,0,0.45549093484878539,0.46888056397438049,0,0
donor_withdrawal,1324,V32P-A009077,0,0.38479071557521821,0.40256952941417695,0,0
donor_withdrawal,1325,V32P-A009078,0,0.18432704806327821,0.19899742901325226,0,0
donor_withdrawal,1326,V32P-A009115,0,0.74750915765762327,0.7403730511665344,1,1
donor_withdrawal,1327,V32P-A009116,0,0.55911052227020264,0.54203020334243779,0,0
donor_withdrawal,1328,V32P-A009117,0,0.47176952958106994,0.45164062380790709,0,0
donor_withdrawal,1329,V32P-A009118,0,0.46909231543540952,0.45035924911499026,0,0
donor_withdrawal,1330,V32P-A009119,0,0.41156100034713744,0.39150481820106509,0,0
donor_withdrawal,1331,V32P-A009120,0,0.15076367557048798,0.14676466286182405,0,0
donor_withdrawal,1332,V32P-A009181,1,0.52202394008636477,0.52367473840713497,0,0
donor_withdrawal,1333,V32P-A009182,1,0.44207883477210996,0.44363922476768491,0,0
donor_withdrawal,1334,V32P-A009183,0,0.10428801774978638,0.11089492291212082,0,0
donor_withdrawal,1335,V32P-A009184,0,0.082872211188077929,0.089039362221956256,0,0
donor_withdrawal,1336,V32P-A009185,0,0.060697840899229048,0.065514873713254929,0,0
donor_withdrawal,1337,V32P-A009186,0,0.026071166247129442,0.02791947964578867,0,0
donor_withdrawal,1338,V32P-A009271,0,0.6362049341201782,0.63844989538192753,1,1
donor_withdrawal,1339,V32P-A009272,0,0.57274059057235716,0.57711852788925166,0,0
donor_withdrawal,1340,V32P-A009273,0,0.51731684803962708,0.52425302863121037,0,0
donor_withdrawal,1341,V32P-A009274,0,0.57884096503257754,0.58756300806999207,0,0
donor_withdrawal,1342,V32P-A009275,0,0.56542065143585207,0.58310332298278811,0,0
donor_withdrawal,1343,V32P-A009276,0,0.34910042285919191,0.36515761613845826,0,0
donor_withdrawal,1344,V32P-A009319,0,0.65922781229019167,0.66150205135345463,1,1
donor_withdrawal,1345,V32P-A009320,0,0.43817582130432131,0.44822753071784971,0,0
donor_withdrawal,1346,V32P-A009321,0,0.42040901780128481,0.42679375410079956,0,0
donor_withdrawal,1347,V32P-A009322,0,0.32154780030250552,0.33230652809143069,0,0
donor_withdrawal,1348,V32P-A009323,0,0.26441971361637118,0.27618183791637418,0,0
donor_withdrawal,1349,V32P-A009324,0,0.10083974599838257,0.10718981474637986,0,0
donor_withdrawal,1350,V32P-A009355,0,0.65527718067169194,0.65553008317947392,1,1
donor_withdrawal,1351,V32P-A009356,0,0.60610423088073728,0.60953981876373287,0,0
donor_withdrawal,1352,V32P-A009357,0,0.5718353748321533,0.57746481895446777,0,0
donor_withdrawal,1353,V32P-A009358,0,0.5390178322792053,0.54590504169464116,0,0
donor_withdrawal,1354,V32P-A009359,0,0.49968073368072508,0.50997084975242613,0,0
donor_withdrawal,1355,V32P-A009360,0,0.23907206654548646,0.25185860693454742,0,0
donor_withdrawal,1356,V32P-A009391,0,0.46099740266799927,0.45186938643455504,0,0
donor_withdrawal,1357,V32P-A009392,0,0.48798543214797974,0.48072057962417603,0,0
donor_withdrawal,1358,V32P-A009393,0,0.4500104308128357,0.44380630254745485,0,0
donor_withdrawal,1359,V32P-A009394,0,0.58443179726600647,0.58660959601402285,0,0
donor_withdrawal,1360,V32P-A009395,0,0.3167402595281601,0.31546199619770049,0,0
donor_withdrawal,1361,V32P-A009396,0,0.13762521296739577,0.13910893648862838,0,0
donor_withdrawal,1362,V32P-A009403,0,0.49956942200660703,0.50339146852493288,0,0
donor_withdrawal,1363,V32P-A009404,0,0.54510209560394285,0.55312135219573977,0,0
donor_withdrawal,1364,V32P-A009405,0,0.49703311920166016,0.50750751495361324,0,0
donor_withdrawal,1365,V32P-A009406,0,0.41463137865066529,0.42798853516578672,0,0
donor_withdrawal,1366,V32P-A009407,0,0.32537267208099363,0.3452528715133667,0,0
donor_withdrawal,1367,V32P-A009408,0,0.1424397960305214,0.16253002434968949,0,0
donor_withdrawal,1368,V32P-A009409,0,0.51497741341590886,0.51506692767143247,0,0
donor_withdrawal,1369,V32P-A009410,0,0.48046364188194274,0.48062664866447447,0,0
donor_withdrawal,1370,V32P-A009411,0,0.37157441377639772,0.37590583562850954,0,0
donor_withdrawal,1371,V32P-A009412,0,0.28670802712440491,0.2943571388721466,0,0
donor_withdrawal,1372,V32P-A009413,1,0.21905440986156463,0.2286111146211624,0,0
donor_withdrawal,1373,V32P-A009414,0,0.014876286312937737,0.016571022942662238,0,0
donor_withdrawal,1374,V32P-A009499,0,0.55558975934982302,0.5419771671295166,0,0
donor_withdrawal,1375,V32P-A009500,0,0.54900695085525508,0.53491107225418089,0,0
donor_withdrawal,1376,V32P-A009501,0,0.41569844484329221,0.40353635549545286,0,0
donor_withdrawal,1377,V32P-A009502,0,0.40755608081817629,0.38921892046928408,0,0
donor_withdrawal,1378,V32P-A009503,0,0.32283378243446348,0.30364926457405089,0,0
donor_withdrawal,1379,V32P-A009504,0,0.14344020336866378,0.13609019070863723,0,0
donor_withdrawal,1380,V32P-A009505,0,0.62923831939697261,0.62332653999328613,1,1
donor_withdrawal,1381,V32P-A009506,0,0.56212584972381596,0.55892878770828247,0,0
donor_withdrawal,1382,V32P-A009507,0,0.4985035300254822,0.49753643274307252,0,0
donor_withdrawal,1383,V32P-A009508,0,0.41760398745536803,0.41840360164642332,0,0
donor_withdrawal,1384,V32P-A009509,0,0.32540454566478727,0.32839811146259307,0,0
donor_withdrawal,1385,V32P-A009510,0,0.16802203208208083,0.17334926277399063,0,0
donor_withdrawal,1386,V32P-A009601,0,0.41988446116447448,0.41031379103660581,0,0
donor_withdrawal,1387,V32P-A009602,0,0.53384603857994084,0.53352758288383484,0,0
donor_withdrawal,1388,V32P-A009603,0,0.49565532207489016,0.49389699697494505,0,0
donor_withdrawal,1389,V32P-A009604,0,0.43309184312820437,0.4323360860347748,0,0
donor_withdrawal,1390,V32P-A009605,0,0.36706934571266175,0.36750668883323667,0,0
donor_withdrawal,1391,V32P-A009606,0,0.17893973439931871,0.18182672113180159,0,0
donor_withdrawal,1392,V32P-A009649,0,0.72152057886123655,0.72546206712722783,1,1
donor_withdrawal,1393,V32P-A009650,0,0.50329401493072512,0.51336433887481692,0,0
donor_withdrawal,1394,V32P-A009651,0,0.59640083312988279,0.60896815061569209,0,0
donor_withdrawal,1395,V32P-A009652,0,0.37422547936439515,0.38508471846580505,0,0
donor_withdrawal,1396,V32P-A009653,0,0.3199348270893097,0.32917192578315735,0,0
donor_withdrawal,1397,V32P-A009654,0,0.15654337406158447,0.16158264279365539,0,0
donor_withdrawal,1398,V32P-A009667,0,0.76343554258346558,0.76186701059341433,1,1
donor_withdrawal,1399,V32P-A009668,0,0.65685573816299436,0.65765959024429321,1,1
donor_withdrawal,1400,V32P-A009669,0,0.55789802074432371,0.55805571079254146,0,0
donor_withdrawal,1401,V32P-A009670,0,0.57103353142738345,0.57079522013664241,0,0
donor_withdrawal,1402,V32P-A009671,0,0.54307245016098027,0.54400588274002071,0,0
donor_withdrawal,1403,V32P-A009672,0,0.21511913239955902,0.2197321355342865,0,0
donor_withdrawal,1404,V32P-A009691,0,0.46967499256134032,0.46542730927467346,0,0
donor_withdrawal,1405,V32P-A009692,0,0.4903762459754944,0.48706823587417603,0,0
donor_withdrawal,1406,V32P-A009693,0,0.45693033337593081,0.45454819798469542,0,0
donor_withdrawal,1407,V32P-A009694,1,0.3873696982860565,0.38789298534393313,0,0
donor_withdrawal,1408,V32P-A009695,0,0.051834574341773985,0.055450595170259478,0,0
donor_withdrawal,1409,V32P-A009696,0,0.021880250982940198,0.023842371068894863,0,0
donor_withdrawal,1410,V32P-A009703,0,0.76998211145400997,0.77011172771453862,1,1
donor_withdrawal,1411,V32P-A009704,0,0.6748601078987122,0.67478280067443852,1,1
donor_withdrawal,1412,V32P-A009705,0,0.63979719877243046,0.63985517024993899,1,1
donor_withdrawal,1413,V32P-A009706,0,0.64642755985260014,0.64863079786300659,1,1
donor_withdrawal,1414,V32P-A009707,0,0.60119688510894775,0.61137236356735225,0,0
donor_withdrawal,1415,V32P-A009708,0,0.28646623492240908,0.29302508831024171,0,0
donor_withdrawal,1416,V32P-A009727,0,0.68439098596572878,0.66917294263839722,1,1
donor_withdrawal,1417,V32P-A009728,0,0.52424052953720091,0.50380913615226741,0,0
donor_withdrawal,1418,V32P-A009729,0,0.44309378862380983,0.42268671393394469,0,0
donor_withdrawal,1419,V32P-A009730,0,0.36839516162872316,0.34978659749031066,0,0
donor_withdrawal,1420,V32P-A009731,0,0.29702358543872831,0.2836084932088852,0,0
donor_withdrawal,1421,V32P-A009732,0,0.035165872611105445,0.03573287557810545,0,0
donor_withdrawal,1422,V32P-A009763,0,0.71576471328735347,0.70908579826354978,1,1
donor_withdrawal,1423,V32P-A009764,0,0.48699634671211245,0.477077978849411,0,0
donor_withdrawal,1424,V32P-A009765,0,0.46054224371910096,0.44932588338851931,0,0
donor_withdrawal,1425,V32P-A009766,0,0.39109235405921938,0.37883629202842711,0,0
donor_withdrawal,1426,V32P-A009767,0,0.31024874150753023,0.29761029183864596,0,0
donor_withdrawal,1427,V32P-A009768,0,0.1397854968905449,0.13607829809188843,0,0
donor_withdrawal,1428,V32P-A009781,0,0.74637537002563481,0.74605494737625122,1,1
donor_withdrawal,1429,V32P-A009782,0,0.62193959951400757,0.62246053218841557,1,1
donor_withdrawal,1430,V32P-A009783,0,0.50693285465240479,0.50577032566070557,0,0
donor_withdrawal,1431,V32P-A009784,1,0.43299795389175416,0.43146888613700868,0,0
donor_withdrawal,1432,V32P-A009785,0,0.079347196221351626,0.083160175383090978,0,0
donor_withdrawal,1433,V32P-A009786,0,0.037181210331618787,0.03947271425276995,0,0
donor_withdrawal,1434,V32P-A009787,0,0.63295634984970095,0.63228313922882085,1,1
donor_withdrawal,1435,V32P-A009788,0,0.56998260021209712,0.57089657783508296,0,0
donor_withdrawal,1436,V32P-A009789,0,0.49447591900825499,0.49923112392425539,0,0
donor_withdrawal,1437,V32P-A009790,0,0.41325538158416747,0.42153593301773074,0,0
donor_withdrawal,1438,V32P-A009791,0,0.37648590505123136,0.38941750228404998,0,0
donor_withdrawal,1439,V32P-A009792,0,0.14636289030313493,0.15313902348279954,0,0
donor_withdrawal,1440,V32P-A009799,1,0.77176877260208132,0.76997501850128169,1,1
donor_withdrawal,1441,V32P-A009800,1,0.66687707901000981,0.66019327640533443,1,1
donor_withdrawal,1442,V32P-A009801,1,0.71738617420196538,0.71729199886322026,1,1
donor_withdrawal,1443,V32P-A009802,0,0.10707894265651703,0.10757957845926285,0,0
donor_withdrawal,1444,V32P-A009803,0,0.080241297185420987,0.081170347332954404,0,0
donor_withdrawal,1445,V32P-A009804,0,0.036479120701551439,0.037237763032317163,0,0
donor_withdrawal,1446,V32P-A009835,0,0.79603606462478638,0.79826376438140867,1,1
donor_withdrawal,1447,V32P-A009836,0,0.70664007663726802,0.7112898707389832,1,1
donor_withdrawal,1448,V32P-A009837,0,0.56504493951797485,0.58226751089096074,0,0
donor_withdrawal,1449,V32P-A009838,0,0.49464004039764403,0.50769140124320988,0,0
donor_withdrawal,1450,V32P-A009839,0,0.41642993688583374,0.43064961433410642,0,0
donor_withdrawal,1451,V32P-A009840,0,0.19534411877393723,0.20343714356422424,0,0
donor_withdrawal,1452,V32P-A009865,0,0.58699805736541744,0.58926753997802739,0,0
donor_withdrawal,1453,V32P-A009866,0,0.61099392175674438,0.6139681339263916,0,0
donor_withdrawal,1454,V32P-A009867,0,0.692552638053894,0.6963788747787476,1,1
donor_withdrawal,1455,V32P-A009868,0,0.66817957162857056,0.67141115665435791,1,1
donor_withdrawal,1456,V32P-A009869,0,0.47467340826988219,0.48040880560874938,0,0
donor_withdrawal,1457,V32P-A009870,0,0.03792029097676277,0.039226303063333037,0,0
donor_withdrawal,1458,V32P-A009901,0,0.67958966493606565,0.68061773777008061,1,1
donor_withdrawal,1459,V32P-A009902,0,0.79412127733230586,0.7973847031593323,1,1
donor_withdrawal,1460,V32P-A009903,0,0.66230580806732176,0.66500771045684814,1,1
donor_withdrawal,1461,V32P-A009904,0,0.6308575510978699,0.63526792526245113,1,1
donor_withdrawal,1462,V32P-A009905,1,0.55145333409309383,0.55655113458633421,0,0
donor_withdrawal,1463,V32P-A009906,0,0.040477516502141951,0.042087846621870997,0,0
donor_withdrawal,1464,V32P-A009907,0,0.40843992829322817,0.40453378558158876,0,0
donor_withdrawal,1465,V32P-A009908,0,0.3420766919851303,0.34035727679729461,0,0
donor_withdrawal,1466,V32P-A009909,0,0.35285908579826353,0.3494866371154785,0,0
donor_withdrawal,1467,V32P-A009910,0,0.29035235345363619,0.28698842227458954,0,0
donor_withdrawal,1468,V32P-A009911,0,0.23348820805549622,0.23058571815490722,0,0
donor_withdrawal,1469,V32P-A009912,0,0.12195332795381546,0.12469330579042434,0,0
donor_withdrawal,1470,V32P-A009919,0,0.66056622266769405,0.66481972932815547,1,1
donor_withdrawal,1471,V32P-A009920,0,0.46610776185989378,0.46459408998489382,0,0
donor_withdrawal,1472,V32P-A009921,0,0.38312014937400818,0.38458605408668517,0,0
donor_withdrawal,1473,V32P-A009922,0,0.42437068223953245,0.42173973321914671,0,0
donor_withdrawal,1474,V32P-A009923,0,0.36903964579105375,0.36673043668270111,0,0
donor_withdrawal,1475,V32P-A009924,0,0.19895756095647812,0.20074434727430343,0,0
donor_withdrawal,1476,V32P-A009967,0,0.66267539262771602,0.66410897970199589,1,1
donor_withdrawal,1477,V32P-A009968,0,0.57842386960983272,0.57848798036575322,0,0
donor_withdrawal,1478,V32P-A009969,0,0.62314771413803105,0.6228366494178772,1,1
donor_withdrawal,1479,V32P-A009970,0,0.58582930564880376,0.58531183004379272,0,0
donor_withdrawal,1480,V32P-A009971,0,0.49842307567596433,0.5023595809936523,0,0
donor_withdrawal,1481,V32P-A009972,0,0.26294792294502256,0.27269817888736725,0,0
donor_withdrawal,1482,V32P-A009973,0,0.41863009333610535,0.41589758992195131,0,0
donor_withdrawal,1483,V32P-A009974,0,0.41707910299301149,0.41655654907226564,0,0
donor_withdrawal,1484,V32P-A009975,0,0.3793309271335602,0.37968388199806213,0,0
donor_withdrawal,1485,V32P-A009976,0,0.30522430539131162,0.30884647369384766,0,0
donor_withdrawal,1486,V32P-A009977,0,0.23509563505649567,0.24175444543361663,0,0
donor_withdrawal,1487,V32P-A009978,0,0.10594424605369568,0.11566327214241028,0,0
donor_withdrawal,1488,V32P-A009997,0,0.76879616975784304,0.77597746849060056,1,1
donor_withdrawal,1489,V32P-A009998,0,0.66176823377609251,0.67275477647781368,1,1
donor_withdrawal,1490,V32P-A009999,0,0.60442790389060974,0.62688570022583012,0,1
donor_withdrawal,1491,V32P-A010000,0,0.64923064708709721,0.66291807889938359,1,1
donor_withdrawal,1492,V32P-A010001,0,0.54844115972518925,0.567861407995224,0,0
donor_withdrawal,1493,V32P-A010002,0,0.2782557398080826,0.29702777564525606,0,0
donor_withdrawal,1494,V32P-A010105,0,0.69080687165260313,0.68956311345100407,1,1
donor_withdrawal,1495,V32P-A010106,0,0.6336059987545013,0.63210383057594299,1,1
donor_withdrawal,1496,V32P-A010107,0,0.58624267578125,0.58498597145080566,0,0
donor_withdrawal,1497,V32P-A010108,1,0.5040835857391357,0.50361126661300659,0,0
donor_withdrawal,1498,V32P-A010109,0,0.0853337837383151,0.088574677519500253,0,0
donor_withdrawal,1499,V32P-A010110,0,0.039453561510890724,0.040818093251436947,0,0
donor_withdrawal,1500,V32P-A010153,0,0.79394817352294922,0.79471967220306394,1,1
donor_withdrawal,1501,V32P-A010154,0,0.64562013745307922,0.6482711136341095,1,1
donor_withdrawal,1502,V32P-A010155,0,0.57978984117507937,0.58285614252090456,0,0
donor_withdrawal,1503,V32P-A010156,0,0.61322754025459292,0.61582724452018733,0,0
donor_withdrawal,1504,V32P-A010157,0,0.57298679947853093,0.57680352330207829,0,0
donor_withdrawal,1505,V32P-A010158,0,0.35730255842208863,0.36580273509025574,0,0
donor_withdrawal,1506,V32P-A010171,0,0.44128693342208863,0.44660904407501223,0,0
donor_withdrawal,1507,V32P-A010172,0,0.47122713923454285,0.47759367823600768,0,0
donor_withdrawal,1508,V32P-A010173,0,0.44432030320167543,0.45233221650123595,0,0
donor_withdrawal,1509,V32P-A010174,0,0.31192695796489717,0.32168617546558381,0,0
donor_withdrawal,1510,V32P-A010175,0,0.23688728213310242,0.24551549553871155,0,0
donor_withdrawal,1511,V32P-A010176,0,0.10303806960582733,0.10905501246452332,0,0
donor_withdrawal,1512,V32P-A010231,0,0.77024383544921871,0.77067945003509519,1,1
donor_withdrawal,1513,V32P-A010232,0,0.69835548400878911,0.69992086887359617,1,1
donor_withdrawal,1514,V32P-A010233,0,0.6500225186347961,0.65156999826431272,1,1
donor_withdrawal,1515,V32P-A010234,0,0.59689553380012517,0.59958846569061275,0,0
donor_withdrawal,1516,V32P-A010235,1,0.58633200526237483,0.59151406288146968,0,0
donor_withdrawal,1517,V32P-A010236,0,0.062285879999399184,0.064403137564659124,0,0
donor_withdrawal,1518,V32P-A010291,0,0.66904065608978269,0.67420002222061159,1,1
donor_withdrawal,1519,V32P-A010292,0,0.5967348694801331,0.60341559648513798,0,0
donor_withdrawal,1520,V32P-A010293,0,0.56534838676452637,0.57239515781402583,0,0
donor_withdrawal,1521,V32P-A010294,0,0.49005475044250491,0.49919230341911314,0,0
donor_withdrawal,1522,V32P-A010295,1,0.46162374615669249,0.4733343541622162,0,0
donor_withdrawal,1523,V32P-A010296,0,0.035475832223892209,0.037544175982475281,0,0
donor_withdrawal,1524,V32P-A010297,0,0.61531742811203005,0.61085970401763912,0,0
donor_withdrawal,1525,V32P-A010298,0,0.57458909749984743,0.56962022781372068,0,0
donor_withdrawal,1526,V32P-A010299,0,0.5251748263835907,0.5193653404712677,0,0
donor_withdrawal,1527,V32P-A010300,0,0.41493618488311768,0.40813958644866943,0,0
donor_withdrawal,1528,V32P-A010301,0,0.3647966504096985,0.35887972116470335,0,0
donor_withdrawal,1529,V32P-A010302,0,0.16037729680538176,0.16113751828670503,0,0
donor_withdrawal,1530,V32P-A010309,0,0.41432338356971743,0.40729116201400756,0,0
donor_withdrawal,1531,V32P-A010310,0,0.4706605076789856,0.46700177192687986,0,0
donor_withdrawal,1532,V32P-A010311,0,0.46522254347801206,0.46288593411445617,0,0
donor_withdrawal,1533,V32P-A010312,0,0.40415315032005311,0.39890899658203127,0,0
donor_withdrawal,1534,V32P-A010313,0,0.33700326979160311,0.33156892359256745,0,0
donor_withdrawal,1535,V32P-A010314,0,0.15351690948009492,0.15276032984256743,0,0
donor_withdrawal,1536,V32P-A010363,0,0.36283529996871949,0.360121887922287,0,0
donor_withdrawal,1537,V32P-A010364,0,0.3346858650445938,0.33452354371547699,0,0
donor_withdrawal,1538,V32P-A010365,0,0.32905481457710267,0.33330374360084536,0,0
donor_withdrawal,1539,V32P-A010366,0,0.27587513327598573,0.2828991711139679,0,0
donor_withdrawal,1540,V32P-A010367,1,0.21949226260185242,0.22857613563537599,0,0
donor_withdrawal,1541,V32P-A010368,0,0.017914313077926635,0.020495370775461198,0,0
donor_withdrawal,1542,V32P-A010381,0,0.82852786779403687,0.82726453542709355,1,1
donor_withdrawal,1543,V32P-A010382,0,0.72539187669754024,0.72581319808959965,1,1
donor_withdrawal,1544,V32P-A010383,0,0.82861191034317017,0.82710533142089848,1,1
donor_withdrawal,1545,V32P-A010384,0,0.70199773311614988,0.70442734956741337,1,1
donor_withdrawal,1546,V32P-A010385,1,0.61615968942642207,0.62047801017761228,0,1
donor_withdrawal,1547,V32P-A010386,0,0.062150803953409196,0.06406052149832249,0,0
donor_withdrawal,1548,V32P-A010429,0,0.6145994305610657,0.61238608360290525,0,0
donor_withdrawal,1549,V32P-A010430,0,0.5792253732681274,0.57860262393951412,0,0
donor_withdrawal,1550,V32P-A010431,0,0.572782963514328,0.573406046628952,0,0
donor_withdrawal,1551,V32P-A010432,0,0.438380229473114,0.44135513305664065,0,0
donor_withdrawal,1552,V32P-A010433,0,0.3144604593515396,0.31616598069667817,0,0
donor_withdrawal,1553,V32P-A010434,0,0.13257722556591034,0.13477592170238495,0,0
donor_withdrawal,1554,V32P-A010447,0,0.58303653001785283,0.58329515457153325,0,0
donor_withdrawal,1555,V32P-A010448,0,0.42138607501983644,0.41927647590637207,0,0
donor_withdrawal,1556,V32P-A010449,0,0.36085010468959811,0.35683657824993131,0,0
donor_withdrawal,1557,V32P-A010450,0,0.30841357111930845,0.30611472725868227,0,0
donor_withdrawal,1558,V32P-A010451,0,0.2967676132917404,0.29632753431797026,0,0
donor_withdrawal,1559,V32P-A010452,0,0.12723941057920457,0.1313451960682869,0,0
donor_withdrawal,1560,V32P-A010507,1,0.74498217105865483,0.74254994392395024,1,1
donor_withdrawal,1561,V32P-A010508,1,0.74709345102310176,0.74458061456680302,1,1
donor_withdrawal,1562,V32P-A010509,1,0.76623936891555788,0.76353571414947508,1,1
donor_withdrawal,1563,V32P-A010510,0,0.12585616558790208,0.13198124319314958,0,0
donor_withdrawal,1564,V32P-A010511,0,0.084687439724802971,0.088320253416895866,0,0
donor_withdrawal,1565,V32P-A010512,0,0.038629886880517009,0.040580159053206444,0,0
donor_withdrawal,1566,V32P-A010549,0,0.47393073439598082,0.46797906756401064,0,0
donor_withdrawal,1567,V32P-A010550,0,0.48685487508773806,0.48331750631332399,0,0
donor_withdrawal,1568,V32P-A010551,0,0.45788971781730653,0.45601655840873717,0,0
donor_withdrawal,1569,V32P-A010552,0,0.48200358748435973,0.48390073180198667,0,0
donor_withdrawal,1570,V32P-A010553,1,0.42007483243942262,0.42472912669181823,0,0
donor_withdrawal,1571,V32P-A010554,0,0.038312202692031859,0.040469362214207646,0,0
donor_withdrawal,1572,V32P-A010609,0,0.3913922071456909,0.39501713514328002,0,0
donor_withdrawal,1573,V32P-A010610,0,0.40916315317153928,0.41653091907501222,0,0
donor_withdrawal,1574,V32P-A010611,0,0.36396321654319763,0.37380256652832033,0,0
donor_withdrawal,1575,V32P-A010612,0,0.31480858027935027,0.3271526485681534,0,0
donor_withdrawal,1576,V32P-A010613,0,0.24737241566181184,0.2600686252117157,0,0
donor_withdrawal,1577,V32P-A010614,0,0.10955940037965775,0.11917298138141633,0,0
donor_withdrawal,1578,V32P-A010615,0,0.82849138975143433,0.82717974185943599,1,1
donor_withdrawal,1579,V32P-A010616,0,0.6857625484466553,0.69172540903091428,1,1
donor_withdrawal,1580,V32P-A010617,0,0.55695613026618962,0.55895443558692937,0,0
donor_withdrawal,1581,V32P-A010618,0,0.49523467421531675,0.4958442747592926,0,0
donor_withdrawal,1582,V32P-A010619,0,0.46272130608558654,0.46340759396553038,0,0
donor_withdrawal,1583,V32P-A010620,0,0.17917172908782958,0.18252272009849549,0,0
donor_withdrawal,1584,V32P-A010699,1,0.67838416099548338,0.6756815552711487,1,1
donor_withdrawal,1585,V32P-A010700,1,0.58738986253738401,0.58347895145416262,0,0
donor_withdrawal,1586,V32P-A010701,1,0.62863988876342769,0.62454854249954228,1,1
donor_withdrawal,1587,V32P-A010702,0,0.1760677844285965,0.17971528172492982,0,0
donor_withdrawal,1588,V32P-A010703,0,0.097695644944906235,0.099968824535608292,0,0
donor_withdrawal,1589,V32P-A010704,0,0.043799818865954875,0.045033713243901728,0,0
donor_withdrawal,1590,V32P-A010741,0,0.84964635372161867,0.84631129503250124,1,1
donor_withdrawal,1591,V32P-A010742,0,0.74640182256698606,0.74059907197952268,1,1
donor_withdrawal,1592,V32P-A010743,0,0.64109808206558228,0.63928164243698116,1,1
donor_withdrawal,1593,V32P-A010744,0,0.62975078821182251,0.62167757749557495,1,1
donor_withdrawal,1594,V32P-A010745,0,0.58199561834335323,0.57307597398757937,0,0
donor_withdrawal,1595,V32P-A010746,0,0.25136203765869142,0.24723444283008575,0,0
donor_withdrawal,1596,V32P-A010831,0,0.74844205379486084,0.74827097654342656,1,1
donor_withdrawal,1597,V32P-A010832,0,0.5774504959583282,0.57818602919578554,0,0
donor_withdrawal,1598,V32P-A010833,0,0.46541457176208495,0.46458651423454284,0,0
donor_withdrawal,1599,V32P-A010834,0,0.55234147310256954,0.55482897758483884,0,0
donor_withdrawal,1600,V32P-A010835,0,0.34928531646728517,0.35207229256629946,0,0
donor_withdrawal,1601,V32P-A010836,0,0.15131834894418716,0.15368360430002212,0,0
donor_withdrawal,1602,V32P-A010873,0,0.65087105035781856,0.65025738477706907,1,1
donor_withdrawal,1603,V32P-A010874,0,0.64173702001571653,0.64047863483428957,1,1
donor_withdrawal,1604,V32P-A010875,0,0.65560308694839475,0.65553123950958248,1,1
donor_withdrawal,1605,V32P-A010876,0,0.63937731981277468,0.63974001407623293,1,1
donor_withdrawal,1606,V32P-A010877,0,0.60306452512741093,0.60446537733077998,0,0
donor_withdrawal,1607,V32P-A010878,0,0.39406166076660154,0.40297942161560057,0,0
donor_withdrawal,1608,V32P-A010903,0,0.40144384503364561,0.41169064640998843,0,0
donor_withdrawal,1609,V32P-A010904,0,0.49436249732971194,0.50796502828598022,0,0
donor_withdrawal,1610,V32P-A010905,0,0.47233479619026186,0.48753917813301084,0,0
donor_withdrawal,1611,V32P-A010906,0,0.41278952956199644,0.43300381898880003,0,0
donor_withdrawal,1612,V32P-A010907,0,0.34589077830314635,0.37363973855972288,0,0
donor_withdrawal,1613,V32P-A010908,0,0.027708936110138895,0.030209673382341862,0,0
donor_withdrawal,1614,V32P-A011089,0,0.59779387712478638,0.59423010349273686,0,0
donor_withdrawal,1615,V32P-A011090,0,0.45764993429183959,0.45210522413253784,0,0
donor_withdrawal,1616,V32P-A011091,0,0.42973369956016538,0.42322362661361695,0,0
donor_withdrawal,1617,V32P-A011092,0,0.41212878823280336,0.40618531703948973,0,0
donor_withdrawal,1618,V32P-A011093,0,0.3546803891658783,0.34922409653663633,0,0
donor_withdrawal,1619,V32P-A011094,0,0.17642715871334075,0.17551740109920502,0,0
donor_withdrawal,1620,V32P-A011215,0,0.63408915996551518,0.62850220203399654,1,1
donor_withdrawal,1621,V32P-A011216,0,0.53273928761482237,0.52949982285499575,0,0
donor_withdrawal,1622,V32P-A011217,0,0.46413581967353823,0.46233268380165099,0,0
donor_withdrawal,1623,V32P-A011218,0,0.38561196923255919,0.38565887808799743,0,0
donor_withdrawal,1624,V32P-A011219,0,0.30582497715950013,0.30912735462188723,0,0
donor_withdrawal,1625,V32P-A011220,0,0.13067496865987777,0.13575161695480348,0,0
donor_withdrawal,1626,V32P-A011227,0,0.43357880115509034,0.43543477058410646,0,0
donor_withdrawal,1627,V32P-A011228,0,0.30976664423942568,0.31522591114044191,0,0
donor_withdrawal,1628,V32P-A011229,0,0.26865464746952056,0.27521717846393584,0,0
donor_withdrawal,1629,V32P-A011230,0,0.25246100723743437,0.25871969759464264,0,0
donor_withdrawal,1630,V32P-A011231,0,0.21108798682689667,0.22239232957363128,0,0
donor_withdrawal,1631,V32P-A011232,0,0.089841171354055407,0.099004452675580973,0,0
donor_withdrawal,1632,V32P-A011299,0,0.72920579910278316,0.72699120044708254,1,1
donor_withdrawal,1633,V32P-A011300,0,0.5017559409141541,0.49786384105682374,0,0
donor_withdrawal,1634,V32P-A011301,0,0.37350686192512511,0.37195553183555602,0,0
donor_withdrawal,1635,V32P-A011302,0,0.36843669414520264,0.36395759582519532,0,0
donor_withdrawal,1636,V32P-A011303,0,0.30380909144878387,0.30043978393077853,0,0
donor_withdrawal,1637,V32P-A011304,0,0.14013847410678865,0.14190006554126738,0,0
donor_withdrawal,1638,V32P-A011359,1,0.38289973735809324,0.3798662066459656,0,0
donor_withdrawal,1639,V32P-A011360,1,0.39527522325515746,0.39369022846221924,0,0
donor_withdrawal,1640,V32P-A011361,0,0.084705745428800577,0.087503734976053238,0,0
donor_withdrawal,1641,V32P-A011362,0,0.064644655585289007,0.067191003262996679,0,0
donor_withdrawal,1642,V32P-A011363,0,0.050296603515744207,0.052571256086230277,0,0
donor_withdrawal,1643,V32P-A011364,0,0.022684533987194298,0.023949628975242377,0,0
donor_withdrawal,1644,V32P-A011455,0,0.61287499666213985,0.61340481042861938,0,0
donor_withdrawal,1645,V32P-A011456,0,0.54048091769218443,0.54147301316261287,0,0
donor_withdrawal,1646,V32P-A011457,0,0.44170757234096525,0.44175206124782562,0,0
donor_withdrawal,1647,V32P-A011458,0,0.46367746591567993,0.4647676944732666,0,0
donor_withdrawal,1648,V32P-A011459,0,0.42994407415390012,0.43966367244720461,0,0
donor_withdrawal,1649,V32P-A011460,0,0.19018197059631348,0.1989244282245636,0,0
donor_withdrawal,1650,V32P-A011467,0,0.60771893858909609,0.60039533972740178,0,0
donor_withdrawal,1651,V32P-A011468,0,0.5728888213634491,0.56226338744163518,0,0
donor_withdrawal,1652,V32P-A011469,0,0.5408075749874115,0.53163886070251465,0,0
donor_withdrawal,1653,V32P-A011470,0,0.55348784327507017,0.5443123519420624,0,0
donor_withdrawal,1654,V32P-A011471,0,0.49323852062225343,0.48634425997734071,0,0
donor_withdrawal,1655,V32P-A011472,0,0.054482586123049258,0.056008085049688815,0,0
donor_withdrawal,1656,V32P-A011503,0,0.74426081180572512,0.7491362571716309,1,1
donor_withdrawal,1657,V32P-A011504,0,0.64129245281219482,0.65178887844085698,1,1
donor_withdrawal,1658,V32P-A011505,0,0.59292529821395878,0.60673258304595945,0,0
donor_withdrawal,1659,V32P-A011506,0,0.5395144939422607,0.55743644237518308,0,0
donor_withdrawal,1660,V32P-A011507,0,0.44665072560310365,0.46769348382949827,0,0
donor_withdrawal,1661,V32P-A011508,0,0.21493728309869767,0.22884453535079957,0,0
donor_withdrawal,1662,V32P-A011533,0,0.36970373392105105,0.3622406482696533,0,0
donor_withdrawal,1663,V32P-A011534,0,0.33787810802459717,0.3301068186759949,0,0
donor_withdrawal,1664,V32P-A011535,0,0.29371525347232819,0.28496951162815093,0,0
donor_withdrawal,1665,V32P-A011536,0,0.22888875305652617,0.22160583436489106,0,0
donor_withdrawal,1666,V32P-A011537,0,0.17677776515483856,0.17070643007755279,0,0
donor_withdrawal,1667,V32P-A011538,0,0.078554465621709826,0.076744710654020304,0,0
donor_withdrawal,1668,V32P-A011683,0,0.30869494676589965,0.30516301989555361,0,0
donor_withdrawal,1669,V32P-A011684,0,0.4409679710865021,0.44219359755516052,0,0
donor_withdrawal,1670,V32P-A011685,0,0.41370149254798888,0.41950463652610781,0,0
donor_withdrawal,1671,V32P-A011686,0,0.36356623172760011,0.370250403881073,0,0
donor_withdrawal,1672,V32P-A011687,0,0.266439288854599,0.27948893904685973,0,0
donor_withdrawal,1673,V32P-A011688,0,0.021634617168456317,0.024054364766925573,0,0
donor_withdrawal,1674,V32P-A011695,0,0.45854370594024657,0.45662896633148192,0,0
donor_withdrawal,1675,V32P-A011696,0,0.44796331524848937,0.44615539908409119,0,0
donor_withdrawal,1676,V32P-A011697,0,0.41537736654281615,0.41421234607696533,0,0
donor_withdrawal,1677,V32P-A011698,0,0.34758389592170713,0.34720258712768554,0,0
donor_withdrawal,1678,V32P-A011699,0,0.27506507635116578,0.27526992559432983,0,0
donor_withdrawal,1679,V32P-A011700,0,0.1201040841639042,0.12271372452378274,0,0
donor_withdrawal,1680,V32P-A011701,0,0.64738546013832088,0.64977101087570188,1,1
donor_withdrawal,1681,V32P-A011702,0,0.66381527185440059,0.66831127405166624,1,1
donor_withdrawal,1682,V32P-A011703,0,0.65071772336959843,0.65960820913314822,1,1
donor_withdrawal,1683,V32P-A011704,1,0.5974116742610931,0.60981152057647703,0,0
donor_withdrawal,1684,V32P-A011705,0,0.099059934169054037,0.10417958647012711,0,0
donor_withdrawal,1685,V32P-A011706,0,0.041983294114470479,0.044564769044518469,0,0
donor_withdrawal,1686,V32P-A011797,1,0.78684940338134768,0.78142935037612915,1,1
donor_withdrawal,1687,V32P-A011798,1,0.6310911893844604,0.62403527498245237,1,1
donor_withdrawal,1688,V32P-A011799,1,0.4219320982694626,0.40820108354091644,0,0
donor_withdrawal,1689,V32P-A011800,0,0.10781365819275379,0.10972062684595585,0,0
donor_withdrawal,1690,V32P-A011801,0,0.090334235504269597,0.092734854295849795,0,0
donor_withdrawal,1691,V32P-A011802,0,0.046051291655749081,0.047877233754843471,0,0
donor_withdrawal,1692,V32P-A011881,1,0.70153332948684688,0.70759973526000974,1,1
donor_withdrawal,1693,V32P-A011882,1,0.55218421220779423,0.55802562236785891,0,0
donor_withdrawal,1694,V32P-A011883,0,0.19929934293031693,0.21746701449155809,0,0
donor_withdrawal,1695,V32P-A011884,0,0.10254337489604951,0.10785515904426575,0,0
donor_withdrawal,1696,V32P-A011885,0,0.09058272242546081,0.096284060925245288,0,0
donor_withdrawal,1697,V32P-A011886,0,0.041291110590100287,0.043739382550120352,0,0
donor_withdrawal,1698,V32P-A011917,0,0.65767138004302983,0.66240994930267338,1,1
donor_withdrawal,1699,V32P-A011918,0,0.5735204815864563,0.57838320732116699,0,0
donor_withdrawal,1700,V32P-A011919,0,0.48731003999710082,0.49218579530715945,0,0
donor_withdrawal,1701,V32P-A011920,0,0.42913906574249266,0.43663157820701598,0,0
donor_withdrawal,1702,V32P-A011921,0,0.39153046607971193,0.40698230266571045,0,0
donor_withdrawal,1703,V32P-A011922,0,0.15089541226625441,0.15562377423048018,0,0
donor_withdrawal,1704,V32P-A011941,0,0.73665612936019897,0.73820580244064327,1,1
donor_withdrawal,1705,V32P-A011942,0,0.602981960773468,0.60236012935638428,0,0
donor_withdrawal,1706,V32P-A011943,0,0.52383941411972046,0.52222943305969238,0,0
donor_withdrawal,1707,V32P-A011944,0,0.39329702854156495,0.38878850340843202,0,0
donor_withdrawal,1708,V32P-A011945,0,0.31777825057506559,0.31283064782619474,0,0
donor_withdrawal,1709,V32P-A011946,0,0.16188260167837143,0.1608528509736061,0,0
donor_withdrawal,1710,V32P-A011983,0,0.76515233516693115,0.76343672275543217,1,1
donor_withdrawal,1711,V32P-A011984,0,0.76511974334716792,0.76652952432632449,1,1
donor_withdrawal,1712,V32P-A011985,0,0.70546227693557739,0.70438954830169676,1,1
donor_withdrawal,1713,V32P-A011986,0,0.7318577766418457,0.7312923312187195,1,1
donor_withdrawal,1714,V32P-A011987,0,0.64383569359779358,0.64710996747016902,1,1
donor_withdrawal,1715,V32P-A011988,0,0.063476005196571345,0.06567694693803787,0,0
donor_withdrawal,1716,V32P-A012019,0,0.79003225564956669,0.79131556749343868,1,1
donor_withdrawal,1717,V32P-A012020,0,0.62364764213562007,0.62620625495910642,1,1
donor_withdrawal,1718,V32P-A012021,0,0.5868181586265564,0.58914169073104861,0,0
donor_withdrawal,1719,V32P-A012022,0,0.59585404396057129,0.59911557435989382,0,0
donor_withdrawal,1720,V32P-A012023,0,0.42679196000099184,0.43107296228408815,0,0
donor_withdrawal,1721,V32P-A012024,0,0.035409701056778431,0.037171949259936811,0,0
donor_withdrawal,1722,V32P-A012043,0,0.61114701628684998,0.61372631192207339,0,0
donor_withdrawal,1723,V32P-A012044,0,0.46571770310401917,0.46882407665252684,0,0
donor_withdrawal,1724,V32P-A012045,0,0.42342676520347594,0.42857097983360293,0,0
donor_withdrawal,1725,V32P-A012046,0,0.34119985103607176,0.34872186183929443,0,0
donor_withdrawal,1726,V32P-A012047,0,0.25578544139862058,0.2644069015979767,0,0
donor_withdrawal,1727,V32P-A012048,0,0.11291040182113647,0.11871298402547836,0,0
donor_withdrawal,1728,V32P-A012061,0,0.62214444875717168,0.61557543277740479,1,0
donor_withdrawal,1729,V32P-A012062,0,0.48740825057029724,0.48126133084297179,0,0
donor_withdrawal,1730,V32P-A012063,0,0.45946085453033447,0.45599623918533327,0,0
donor_withdrawal,1731,V32P-A012064,0,0.36100254654884339,0.35884308815002441,0,0
donor_withdrawal,1732,V32P-A012065,0,0.27168900370597837,0.27153590321540833,0,0
donor_withdrawal,1733,V32P-A012066,0,0.10920805782079697,0.11419142335653305,0,0
donor_withdrawal,1734,V32P-A012091,0,0.84271939992904665,0.84420040845870969,1,1
donor_withdrawal,1735,V32P-A012092,0,0.76792227029800419,0.77035214900970461,1,1
donor_withdrawal,1736,V32P-A012093,0,0.74409221410751347,0.74703826904296877,1,1
donor_withdrawal,1737,V32P-A012094,0,0.71381697654724119,0.71950076818466191,1,1
donor_withdrawal,1738,V32P-A012095,0,0.74055063724517822,0.74505764245986938,1,1
donor_withdrawal,1739,V32P-A012096,0,0.50740708708763127,0.52204581499099734,0,0
donor_withdrawal,1740,V32P-A012109,1,0.78219559192657473,0.77923831939697263,1,1
donor_withdrawal,1741,V32P-A012110,1,0.64500223398208623,0.64013763666152956,1,1
donor_withdrawal,1742,V32P-A012111,1,0.6922702312469482,0.68726096153259275,1,1
donor_withdrawal,1743,V32P-A012112,0,0.10028538778424263,0.10424135103821755,0,0
donor_withdrawal,1744,V32P-A012113,0,0.079092853143811231,0.082710865512490267,0,0
donor_withdrawal,1745,V32P-A012114,0,0.033751247730106113,0.035687480401247737,0,0
donor_withdrawal,1746,V32P-A012133,0,0.61569473743438718,0.61039749383926389,0,0
donor_withdrawal,1747,V32P-A012134,0,0.50718495845794676,0.497343111038208,0,0
donor_withdrawal,1748,V32P-A012135,0,0.4793244540691376,0.47012461423873902,0,0
donor_withdrawal,1749,V32P-A012136,0,0.40748953819274902,0.39976070523262025,0,0
donor_withdrawal,1750,V32P-A012137,0,0.32652744948863982,0.32038130462169645,0,0
donor_withdrawal,1751,V32P-A012138,0,0.13429920226335526,0.13559796363115312,0,0
donor_withdrawal,1752,V32P-A012151,0,0.59803555011749265,0.59972720146179204,0,0
donor_withdrawal,1753,V32P-A012152,0,0.53727481961250301,0.53734633326530457,0,0
donor_withdrawal,1754,V32P-A012153,0,0.46957982778549195,0.46722524166107177,0,0
donor_withdrawal,1755,V32P-A012154,0,0.38038753867149355,0.37583515048027039,0,0
donor_withdrawal,1756,V32P-A012155,0,0.30799414217472076,0.30306870043277739,0,0
donor_withdrawal,1757,V32P-A012156,0,0.15688642747700215,0.15591353364288807,0,0
donor_withdrawal,1758,V32P-A012169,0,0.77177715301513672,0.76896560192108154,1,1
donor_withdrawal,1759,V32P-A012170,0,0.71963827610015874,0.71638132333755489,1,1
donor_withdrawal,1760,V32P-A012171,0,0.61220530271530149,0.60416216254234312,0,0
donor_withdrawal,1761,V32P-A012172,0,0.53743712902069096,0.52858462929725647,0,0
donor_withdrawal,1762,V32P-A012173,1,0.50059458613395691,0.49243507981300355,0,0
donor_withdrawal,1763,V32P-A012174,0,0.043067090213298798,0.044131352007389067,0,0
donor_withdrawal,1764,V32P-A012247,0,0.77445510625839231,0.77224234342575071,1,1
donor_withdrawal,1765,V32P-A012248,0,0.58765476942062378,0.58512511253356936,0,0
donor_withdrawal,1766,V32P-A012249,0,0.5228665232658386,0.51770558357238772,0,0
donor_withdrawal,1767,V32P-A012250,0,0.58364839553833003,0.57700644731521611,0,0
donor_withdrawal,1768,V32P-A012251,0,0.40351980924606323,0.398720383644104,0,0
donor_withdrawal,1769,V32P-A012252,0,0.17264278829097748,0.1726846605539322,0,0
donor_withdrawal,1770,V32P-A012253,0,0.59228023290634157,0.5966312170028687,0,0
donor_withdrawal,1771,V32P-A012254,0,0.69764152765274046,0.70211225748062134,1,1
donor_withdrawal,1772,V32P-A012255,0,0.46337508559226992,0.46273253560066224,0,0
donor_withdrawal,1773,V32P-A012256,1,0.4080041289329529,0.40975538492202757,0,0
donor_withdrawal,1774,V32P-A012257,0,0.06870424747467041,0.071318010240793234,0,0
donor_withdrawal,1775,V32P-A012258,0,0.030899329483509062,0.032373955100774766,0,0
donor_withdrawal,1776,V32P-A012331,0,0.60067908763885502,0.59863928556442259,0,0
donor_withdrawal,1777,V32P-A012332,0,0.55493209362030027,0.55241198539733882,0,0
donor_withdrawal,1778,V32P-A012333,0,0.56517769098281856,0.56197006702423091,0,0
donor_withdrawal,1779,V32P-A012334,0,0.53464968800544743,0.52876501679420473,0,0
donor_withdrawal,1780,V32P-A012335,0,0.47564536333084106,0.47090258598327639,0,0
donor_withdrawal,1781,V32P-A012336,0,0.26559699773788453,0.26753411293029783,0,0
donor_withdrawal,1782,V32P-A012337,0,0.35527648329734801,0.34274929165840151,0,0
donor_withdrawal,1783,V32P-A012338,0,0.39190745949745176,0.37848648428916931,0,0
donor_withdrawal,1784,V32P-A012339,0,0.44697505831718443,0.43823531270027161,0,0
donor_withdrawal,1785,V32P-A012340,0,0.36433656811714171,0.35448431968688965,0,0
donor_withdrawal,1786,V32P-A012341,0,0.30476552248001099,0.29730246663093568,0,0
donor_withdrawal,1787,V32P-A012342,0,0.12709954530000686,0.12729982882738114,0,0
donor_withdrawal,1788,V32P-A012421,0,0.57322084903717041,0.57309694290161128,0,0
donor_withdrawal,1789,V32P-A012422,0,0.51509473323822019,0.5166286826133728,0,0
donor_withdrawal,1790,V32P-A012423,0,0.44605085849761961,0.4493019223213196,0,0
donor_withdrawal,1791,V32P-A012424,0,0.33414592444896696,0.33895029127597809,0,0
donor_withdrawal,1792,V32P-A012425,0,0.25429416894912721,0.26104474663734434,0,0
donor_withdrawal,1793,V32P-A012426,0,0.10701426267623901,0.11238934099674225,0,0
donor_withdrawal,1794,V32P-A012469,0,0.55273216962814331,0.5334909081459045,0,0
donor_withdrawal,1795,V32P-A012470,0,0.53984109759330745,0.52014431357383728,0,0
donor_withdrawal,1796,V32P-A012471,0,0.49896051287651061,0.47910529971122739,0,0
donor_withdrawal,1797,V32P-A012472,0,0.41980631947517394,0.40001192688941956,0,0
donor_withdrawal,1798,V32P-A012473,0,0.34352656006813048,0.32474706172943113,0,0
donor_withdrawal,1799,V32P-A012474,0,0.18534952104091645,0.17651369869709016,0,0
donor_withdrawal,1800,V32P-A012487,0,0.34745834469795228,0.34825955629348754,0,0
donor_withdrawal,1801,V32P-A012488,0,0.40216785669326782,0.40876047015190126,0,0
donor_withdrawal,1802,V32P-A012489,0,0.41332445144653318,0.42335007786750795,0,0
donor_withdrawal,1803,V32P-A012490,0,0.40319412350654604,0.41633609533309934,0,0
donor_withdrawal,1804,V32P-A012491,0,0.36054567694664003,0.37814744114875792,0,0
donor_withdrawal,1805,V32P-A012492,0,0.19339639246463775,0.20672767758369445,0,0
donor_withdrawal,1806,V32P-A012553,0,0.33867409825325012,0.34619438052177431,0,0
donor_withdrawal,1807,V32P-A012554,0,0.4044328987598419,0.41232717037200928,0,0
donor_withdrawal,1808,V32P-A012555,0,0.38446224927902223,0.3930996537208557,0,0
donor_withdrawal,1809,V32P-A012556,0,0.32673405408859252,0.33647083044052123,0,0
donor_withdrawal,1810,V32P-A012557,0,0.26188581287860868,0.27400845587253569,0,0
donor_withdrawal,1811,V32P-A012558,0,0.11360648423433303,0.12704931944608688,0,0
donor_withdrawal,1812,V32P-A012595,1,0.76266467571258545,0.7579591631889343,1,1
donor_withdrawal,1813,V32P-A012596,1,0.62817724943161013,0.62356115579605098,1,1
donor_withdrawal,1814,V32P-A012597,1,0.51412399411201481,0.50644258856773372,0,0
donor_withdrawal,1815,V32P-A012598,0,0.081519515067338941,0.083128053694963455,0,0
donor_withdrawal,1816,V32P-A012599,0,0.058190814405679706,0.059460969269275667,0,0
donor_withdrawal,1817,V32P-A012600,0,0.023885689489543439,0.024618476070463656,0,0
donor_withdrawal,1818,V32P-A012703,0,0.76977833509445193,0.77067450284957884,1,1
donor_withdrawal,1819,V32P-A012704,0,0.63038895130157468,0.63049871921539302,1,1
donor_withdrawal,1820,V32P-A012705,0,0.69564158916473384,0.69753868579864498,1,1
donor_withdrawal,1821,V32P-A012706,0,0.68845049142837522,0.69231718778610229,1,1
donor_withdrawal,1822,V32P-A012707,0,0.62765868902206423,0.63642805814743042,1,1
donor_withdrawal,1823,V32P-A012708,0,0.41140524744987489,0.42688471674919126,0,0
donor_withdrawal,1824,V32P-A012739,0,0.74713513851165769,0.74675848484039309,1,1
donor_withdrawal,1825,V32P-A012740,0,0.64383654594421391,0.64461561441421511,1,1
donor_withdrawal,1826,V32P-A012741,0,0.57001128196716311,0.57110403776168828,0,0
donor_withdrawal,1827,V32P-A012742,0,0.4480455219745636,0.45087405443191531,0,0
donor_withdrawal,1828,V32P-A012743,0,0.3394824802875519,0.34245627522468569,0,0
donor_withdrawal,1829,V32P-A012744,0,0.13994535505771638,0.14373170286417009,0,0
donor_withdrawal,1830,V32P-A012805,0,0.82939512729644771,0.83416163921356201,1,1
donor_withdrawal,1831,V32P-A012806,0,0.73145469427108767,0.73901804685592654,1,1
donor_withdrawal,1832,V32P-A012807,0,0.6686852812767029,0.69260556697845455,1,1
donor_withdrawal,1833,V32P-A012808,0,0.64705829620361333,0.66359232664108281,1,1
donor_withdrawal,1834,V32P-A012809,0,0.6300165057182312,0.64992717504501341,1,1
donor_withdrawal,1835,V32P-A012810,0,0.30913456082344054,0.33646203875541686,0,0
donor_withdrawal,1836,V32P-A012889,0,0.67948806285858154,0.674558961391449,1,1
donor_withdrawal,1837,V32P-A012890,0,0.70342493057250977,0.69973469972610469,1,1
donor_withdrawal,1838,V32P-A012891,0,0.6419955968856812,0.63768001794815066,1,1
donor_withdrawal,1839,V32P-A012892,0,0.61382128000259395,0.61096451282501218,0,0
donor_withdrawal,1840,V32P-A012893,1,0.53526233434677128,0.54411729574203493,0,0
donor_withdrawal,1841,V32P-A012894,0,0.050308691710233687,0.05248732343316078,0,0
donor_withdrawal,1842,V32P-A012907,0,0.58630815744400022,0.59134519100189209,0,0
donor_withdrawal,1843,V32P-A012908,0,0.49395764470100401,0.49535599946975706,0,0
donor_withdrawal,1844,V32P-A012909,0,0.43974443674087527,0.43945140242576597,0,0
donor_withdrawal,1845,V32P-A012910,0,0.36473708152770995,0.36317276358604433,0,0
donor_withdrawal,1846,V32P-A012911,0,0.28668036162853239,0.28490846455097196,0,0
donor_withdrawal,1847,V32P-A012912,0,0.1366347074508667,0.1363110512495041,0,0
donor_withdrawal,1848,V32P-A012943,0,0.64991915225982666,0.64651643037796025,1,1
donor_withdrawal,1849,V32P-A012944,0,0.50408369898796079,0.50076151490211485,0,0
donor_withdrawal,1850,V32P-A012945,0,0.42047904729843139,0.41513347029685976,0,0
donor_withdrawal,1851,V32P-A012946,0,0.4328418791294098,0.42807037234306333,0,0
donor_withdrawal,1852,V32P-A012947,0,0.39494436979293823,0.39087567329406736,0,0
donor_withdrawal,1853,V32P-A012948,0,0.14265616834163666,0.1443742722272873,0,0
donor_withdrawal,1854,V32P-A012979,0,0.62835506200790403,0.62464669942855833,1,1
donor_withdrawal,1855,V32P-A012980,0,0.65403683185577388,0.65438923835754392,1,1
donor_withdrawal,1856,V32P-A012981,0,0.68066992759704592,0.68211084604263306,1,1
donor_withdrawal,1857,V32P-A012982,1,0.67392176389694214,0.67645189762115476,1,1
donor_withdrawal,1858,V32P-A012983,0,0.10279108881950379,0.1100717917084694,0,0
donor_withdrawal,1859,V32P-A012984,0,0.044321110099554063,0.048136390745639801,0,0
donor_withdrawal,1860,V32P-A013015,0,0.73751926422119141,0.73630491495132444,1,1
donor_withdrawal,1861,V32P-A013016,0,0.50225970149040222,0.50198026299476628,0,0
donor_withdrawal,1862,V32P-A013017,0,0.41219482421874998,0.41115797758102418,0,0
donor_withdrawal,1863,V32P-A013018,0,0.33773805499076842,0.33630664944648742,0,0
donor_withdrawal,1864,V32P-A013019,0,0.30025797784328462,0.30032270252704618,0,0
donor_withdrawal,1865,V32P-A013020,0,0.14566899985074996,0.14892061799764633,0,0
donor_withdrawal,1866,V32P-A013027,0,0.4139390468597412,0.41156502962112429,0,0
donor_withdrawal,1867,V32P-A013028,0,0.47994786500930786,0.47914323806762693,0,0
donor_withdrawal,1868,V32P-A013029,0,0.41245325207710265,0.42115402817726133,0,0
donor_withdrawal,1869,V32P-A013030,0,0.36319172382354736,0.36161606311798095,0,0
donor_withdrawal,1870,V32P-A013031,0,0.33439462482929228,0.33461323082447053,0,0
donor_withdrawal,1871,V32P-A013032,0,0.15412592887878418,0.15717457532882689,0,0
donor_withdrawal,1872,V32P-A013123,0,0.58297313451766963,0.57959764003753667,0,0
donor_withdrawal,1873,V32P-A013124,0,0.72781603336334233,0.72672591209411619,1,1
donor_withdrawal,1874,V32P-A013125,0,0.49316419959068297,0.48815250992774961,0,0
donor_withdrawal,1875,V32P-A013126,1,0.39450024366378783,0.38975976705551146,0,0
donor_withdrawal,1876,V32P-A013127,0,0.057175144925713538,0.059303993359208107,0,0
donor_withdrawal,1877,V32P-A013128,0,0.023312497511506082,0.024538854137063026,0,0
donor_withdrawal,1878,V32P-A013183,0,0.58536385893821719,0.5839722335338593,0,0
donor_withdrawal,1879,V32P-A013184,0,0.57686705589294429,0.57688416242599483,0,0
donor_withdrawal,1880,V32P-A013185,0,0.51923742294311526,0.52101310491561892,0,0
donor_withdrawal,1881,V32P-A013186,0,0.47187260985374452,0.47594844698905947,0,0
donor_withdrawal,1882,V32P-A013187,0,0.38731066584587098,0.39431146979331971,0,0
donor_withdrawal,1883,V32P-A013188,0,0.028620972856879236,0.030777169764041899,0,0
donor_withdrawal,1884,V32P-A013207,0,0.49491508007049562,0.49000149965286255,0,0
donor_withdrawal,1885,V32P-A013208,0,0.56837724447250371,0.56389268040657048,0,0
donor_withdrawal,1886,V32P-A013209,0,0.6365647435188293,0.63282059431076054,1,1
donor_withdrawal,1887,V32P-A013210,0,0.605959165096283,0.60201301574707033,0,0
donor_withdrawal,1888,V32P-A013211,1,0.56895443797111511,0.56402586102485652,0,0
donor_withdrawal,1889,V32P-A013212,0,0.061130860447883607,0.063303414732217789,0,0
donor_withdrawal,1890,V32P-A013267,0,0.32913541793823242,0.3139739394187927,0,0
donor_withdrawal,1891,V32P-A013268,0,0.37824374437332153,0.37131189107894896,0,0
donor_withdrawal,1892,V32P-A013269,0,0.33378946185112002,0.32929946780204772,0,0
donor_withdrawal,1893,V32P-A013270,0,0.24979106485843658,0.25021418631076814,0,0
donor_withdrawal,1894,V32P-A013271,0,0.18209357857704161,0.18490656614303588,0,0
donor_withdrawal,1895,V32P-A013272,0,0.073402571678161624,0.077931277453899384,0,0
donor_withdrawal,1896,V32P-A013291,0,0.40574931502342226,0.41165086627006531,0,0
donor_withdrawal,1897,V32P-A013292,0,0.4690671920776367,0.47670544385910035,0,0
donor_withdrawal,1898,V32P-A013293,0,0.44214556813240052,0.44983022809028628,0,0
donor_withdrawal,1899,V32P-A013294,1,0.35843848586082461,0.36720097661018369,0,0
donor_withdrawal,1900,V32P-A013295,0,0.055601666867733004,0.059314101189374926,0,0
donor_withdrawal,1901,V32P-A013296,0,0.024689340498298407,0.02658012555912137,0,0
donor_withdrawal,1902,V32P-A013399,0,0.49719850420951844,0.49062768220901487,0,0
donor_withdrawal,1903,V32P-A013400,0,0.44865127205848693,0.44590502977371216,0,0
donor_withdrawal,1904,V32P-A013401,0,0.39772201776504518,0.39837260246276857,0,0
donor_withdrawal,1905,V32P-A013402,0,0.32138472199440005,0.32524220943450927,0,0
donor_withdrawal,1906,V32P-A013403,0,0.25645915269851682,0.26283215284347533,0,0
donor_withdrawal,1907,V32P-A013404,0,0.11236274242401123,0.11845788657665253,0,0
donor_withdrawal,1908,V32P-A013417,0,0.6307782649993896,0.63065185546875002,1,1
donor_withdrawal,1909,V32P-A013418,0,0.59773312807083134,0.59818648099899296,0,0
donor_withdrawal,1910,V32P-A013419,0,0.51042003631591792,0.52361984252929683,0,0
donor_withdrawal,1911,V32P-A013420,0,0.52187590599060063,0.53331264257431032,0,0
donor_withdrawal,1912,V32P-A013421,0,0.45591393113136292,0.46908645629882811,0,0
donor_withdrawal,1913,V32P-A013422,0,0.21928135454654693,0.23208965063095094,0,0
donor_withdrawal,1914,V32P-A013447,1,0.61436158418655396,0.61108080148696897,0,0
donor_withdrawal,1915,V32P-A013448,1,0.48845700025558469,0.48495974540710451,0,0
donor_withdrawal,1916,V32P-A013449,0,0.14506533294916152,0.14861619025468825,0,0
donor_withdrawal,1917,V32P-A013450,0,0.13345407694578171,0.13804502189159393,0,0
donor_withdrawal,1918,V32P-A013451,0,0.082591283321380618,0.085756351053714749,0,0
donor_withdrawal,1919,V32P-A013452,0,0.037060200423002246,0.03871467001736164,0,0
donor_withdrawal,1920,V32P-A013471,0,0.77872889041900639,0.7766937136650085,1,1
donor_withdrawal,1921,V32P-A013472,0,0.64732204675674443,0.64410635232925417,1,1
donor_withdrawal,1922,V32P-A013473,0,0.58137084245681758,0.5756917357444763,0,0
donor_withdrawal,1923,V32P-A013474,0,0.59267771244049072,0.58799726963043208,0,0
donor_withdrawal,1924,V32P-A013475,0,0.55539631843566895,0.55149712562561037,0,0
donor_withdrawal,1925,V32P-A013476,0,0.035079989954829215,0.036744796857237819,0,0
donor_withdrawal,1926,V32P-A013519,0,0.71873035430908205,0.72083250284194944,1,1
donor_withdrawal,1927,V32P-A013520,0,0.62276883125305171,0.62774291038513186,1,1
donor_withdrawal,1928,V32P-A013521,0,0.60718098878860471,0.61330106258392336,0,0
donor_withdrawal,1929,V32P-A013522,0,0.50887165665626521,0.52434147000312803,0,0
donor_withdrawal,1930,V32P-A013523,0,0.46547443270683286,0.48412804603576659,0,0
donor_withdrawal,1931,V32P-A013524,0,0.18703104108572005,0.20388238877058029,0,0
donor_withdrawal,1932,V32P-A013549,0,0.79081676006317136,0.79069507122039795,1,1
donor_withdrawal,1933,V32P-A013550,0,0.69392826557159426,0.69488406181335449,1,1
donor_withdrawal,1934,V32P-A013551,0,0.57798497080802913,0.58544346690177917,0,0
donor_withdrawal,1935,V32P-A013552,0,0.51710631251335148,0.51503962874412534,0,0
donor_withdrawal,1936,V32P-A013553,0,0.4378125727176666,0.43601060509681699,0,0
donor_withdrawal,1937,V32P-A013554,0,0.21405405998229982,0.21517893373966218,0,0
donor_withdrawal,1938,V32P-A013603,0,0.7692848205566406,0.7697446346282959,1,1
donor_withdrawal,1939,V32P-A013604,0,0.6452082514762878,0.64885443449020386,1,1
donor_withdrawal,1940,V32P-A013605,0,0.56019839048385622,0.56455808877944946,0,0
donor_withdrawal,1941,V32P-A013606,0,0.4793964087963104,0.48353333473205568,0,0
donor_withdrawal,1942,V32P-A013607,0,0.48062603473663329,0.4855404019355774,0,0
donor_withdrawal,1943,V32P-A013608,0,0.33592554926872253,0.34512358903884888,0,0
donor_withdrawal,1944,V32P-A013633,0,0.6735926747322083,0.67174569368362425,1,1
donor_withdrawal,1945,V32P-A013634,0,0.52802960872650151,0.52513937950134282,0,0
donor_withdrawal,1946,V32P-A013635,0,0.44166472554206848,0.44066244959831236,0,0
donor_withdrawal,1947,V32P-A013636,0,0.38871576786041262,0.38994846343994138,0,0
donor_withdrawal,1948,V32P-A013637,0,0.32148251533508299,0.32529950141906738,0,0
donor_withdrawal,1949,V32P-A013638,0,0.16101035475730896,0.16751250624656677,0,0
donor_withdrawal,1950,V32P-A013663,0,0.63192528486251831,0.62490550279617307,1,1
donor_withdrawal,1951,V32P-A013664,0,0.4588678777217865,0.45385906100273132,0,0
donor_withdrawal,1952,V32P-A013665,0,0.46404127478599549,0.45026194453239443,0,0
donor_withdrawal,1953,V32P-A013666,0,0.39172056317329407,0.3788737952709198,0,0
donor_withdrawal,1954,V32P-A013667,0,0.30818946957588195,0.29819945096969602,0,0
donor_withdrawal,1955,V32P-A013668,0,0.025707836821675302,0.026156496070325375,0,0
donor_withdrawal,1956,V32P-A013759,0,0.62725332975387571,0.62434699535369875,1,1
donor_withdrawal,1957,V32P-A013760,0,0.6329787611961365,0.62970621585845943,1,1
donor_withdrawal,1958,V32P-A013761,0,0.65357382297515865,0.65093396902084355,1,1
donor_withdrawal,1959,V32P-A013762,0,0.61719276905059817,0.61567747592926025,0,0
donor_withdrawal,1960,V32P-A013763,0,0.53382421135902403,0.53615415692329405,0,0
donor_withdrawal,1961,V32P-A013764,0,0.29258407652378082,0.30183169543743132,0,0
donor_withdrawal,1962,V32P-A013765,0,0.67306940555572514,0.67142143249511721,1,1
donor_withdrawal,1963,V32P-A013766,0,0.4999633193016052,0.49819184541702272,0,0
donor_withdrawal,1964,V32P-A013767,0,0.35187172889709473,0.35260879993438721,0,0
donor_withdrawal,1965,V32P-A013768,0,0.34380591511726377,0.33896368741989136,0,0
donor_withdrawal,1966,V32P-A013769,0,0.31016835272312165,0.30636174380779269,0,0
donor_withdrawal,1967,V32P-A013770,0,0.13700141310691832,0.13918726742267609,0,0
donor_withdrawal,1968,V32P-A013783,0,0.3881261169910431,0.39146443009376525,0,0
donor_withdrawal,1969,V32P-A013784,0,0.49789355993270873,0.50415952205657955,0,0
donor_withdrawal,1970,V32P-A013785,0,0.45266346931457518,0.4624750018119812,0,0
donor_withdrawal,1971,V32P-A013786,0,0.38695701956748962,0.40235733389854433,0,0
donor_withdrawal,1972,V32P-A013787,0,0.31277492344379426,0.33383131325244902,0,0
donor_withdrawal,1973,V32P-A013788,0,0.14196713566780089,0.15983186066150665,0,0
donor_withdrawal,1974,V32P-A013789,0,0.31759729981422424,0.31996148228645327,0,0
donor_withdrawal,1975,V32P-A013790,0,0.32634680867195132,0.33123007416725159,0,0
donor_withdrawal,1976,V32P-A013791,0,0.34426088929176329,0.35112541317939761,0,0
donor_withdrawal,1977,V32P-A013792,0,0.22969054579734802,0.24244602918624877,0,0
donor_withdrawal,1978,V32P-A013793,0,0.20415608882904052,0.22008367180824279,0,0
donor_withdrawal,1979,V32P-A013794,0,0.085232472419738775,0.095940063893795016,0,0
donor_withdrawal,1980,V32P-A013795,0,0.48954684138298032,0.48155212998390196,0,0
donor_withdrawal,1981,V32P-A013796,0,0.3842109739780426,0.3707557260990143,0,0
donor_withdrawal,1982,V32P-A013797,0,0.31205793917179109,0.29515676796436308,0,0
donor_withdrawal,1983,V32P-A013798,0,0.24082004129886628,0.22536058127880096,0,0
donor_withdrawal,1984,V32P-A013799,0,0.185562364757061,0.17342975884675979,0,0
donor_withdrawal,1985,V32P-A013800,0,0.07958702221512795,0.075225492566823954,0,0
donor_withdrawal,1986,V32P-A013807,0,0.63152015209197998,0.62628493309020994,1,1
donor_withdrawal,1987,V32P-A013808,0,0.66046737432479863,0.65692362785339353,1,1
donor_withdrawal,1988,V32P-A013809,0,0.67163598537445068,0.66845600605010991,1,1
donor_withdrawal,1989,V32P-A013810,0,0.6375003457069397,0.63532477617263794,1,1
donor_withdrawal,1990,V32P-A013811,0,0.56183590292930607,0.56050143241882322,0,0
donor_withdrawal,1991,V32P-A013812,0,0.34775327146053314,0.34979085326194764,0,0
donor_withdrawal,1992,V32P-A013837,0,0.60305268764495845,0.59797600507736204,0,0
donor_withdrawal,1993,V32P-A013838,0,0.51094954609870913,0.50242748856544495,0,0
donor_withdrawal,1994,V32P-A013839,0,0.46483259201049804,0.4540311932563782,0,0
donor_withdrawal,1995,V32P-A013840,0,0.39045125842094419,0.37706655263900757,0,0
donor_withdrawal,1996,V32P-A013841,0,0.37805855274200439,0.36525563001632688,0,0
donor_withdrawal,1997,V32P-A013842,0,0.18332918286323546,0.17842223048210143,0,0
donor_withdrawal,1998,V32P-A013897,0,0.5742376863956451,0.58326216340065007,0,0
donor_withdrawal,1999,V32P-A013898,0,0.43215796947479246,0.45139434337615969,0,0
donor_withdrawal,2000,V32P-A013899,0,0.43233124017715452,0.44138555526733397,0,0
donor_withdrawal,2001,V32P-A013900,0,0.41494206190109251,0.42316160202026365,0,0
donor_withdrawal,2002,V32P-A013901,0,0.38184548616409303,0.39375559687614442,0,0
donor_withdrawal,2003,V32P-A013902,0,0.18663990199565889,0.20062913596630097,0,0
donor_withdrawal,2004,V32P-A013927,0,0.53773040175437925,0.54058000445365906,0,0
donor_withdrawal,2005,V32P-A013928,0,0.48285351395606996,0.48280630707740785,0,0
donor_withdrawal,2006,V32P-A013929,0,0.50579674243926998,0.50817612409591673,0,0
donor_withdrawal,2007,V32P-A013930,0,0.4201137602329254,0.42423486113548281,0,0
donor_withdrawal,2008,V32P-A013931,0,0.3487264424562454,0.35504192411899566,0,0
donor_withdrawal,2009,V32P-A013932,0,0.16341198533773421,0.17312709838151932,0,0
donor_withdrawal,2010,V32P-A013939,1,0.39980561733245851,0.39200046062469485,0,0
donor_withdrawal,2011,V32P-A013940,1,0.42374697327613831,0.42010933756828306,0,0
donor_withdrawal,2012,V32P-A013941,1,0.45027673840522764,0.44968269467353822,0,0
donor_withdrawal,2013,V32P-A013942,0,0.069957375153899187,0.075012760981917379,0,0
donor_withdrawal,2014,V32P-A013943,0,0.049329872801899911,0.054231952503323556,0,0
donor_withdrawal,2015,V32P-A013944,0,0.02183414837345481,0.024814614187926055,0,0
donor_withdrawal,2016,V32P-A013951,0,0.69210169315338133,0.69354560375213625,1,1
donor_withdrawal,2017,V32P-A013952,0,0.55482998490333557,0.55629742741584776,0,0
donor_withdrawal,2018,V32P-A013953,0,0.49801365137100218,0.49949927330017091,0,0
donor_withdrawal,2019,V32P-A013954,0,0.53408178687095642,0.53541722893714905,0,0
donor_withdrawal,2020,V32P-A013955,0,0.41708952784538267,0.4227514326572418,0,0
donor_withdrawal,2021,V32P-A013956,0,0.16145080775022508,0.16601963192224503,0,0
donor_withdrawal,2022,V32P-A014041,0,0.5747192859649658,0.57706608772277834,0,0
donor_withdrawal,2023,V32P-A014042,0,0.56149994134902959,0.56437108516693113,0,0
donor_withdrawal,2024,V32P-A014043,0,0.55124505162239079,0.55555339455604558,0,0
donor_withdrawal,2025,V32P-A014044,0,0.50800898671150208,0.51416175961494448,0,0
donor_withdrawal,2026,V32P-A014045,0,0.43722015023231509,0.44438430070877077,0,0
donor_withdrawal,2027,V32P-A014046,0,0.21917679011821747,0.22850164473056794,0,0
donor_withdrawal,2028,V32P-A014083,0,0.59781576395034786,0.59433547258377073,0,0
donor_withdrawal,2029,V32P-A014084,0,0.52095711827278135,0.52266944050788877,0,0
donor_withdrawal,2030,V32P-A014085,0,0.4232791244983673,0.42448727488517762,0,0
donor_withdrawal,2031,V32P-A014086,0,0.33344722390174864,0.33649305701255799,0,0
donor_withdrawal,2032,V32P-A014087,0,0.26128346323966978,0.26717445254325867,0,0
donor_withdrawal,2033,V32P-A014088,0,0.11342953145503998,0.11956743150949478,0,0
donor_withdrawal,2034,V32P-A014101,0,0.74049723148345947,0.73797247409820554,1,1
donor_withdrawal,2035,V32P-A014102,0,0.66856881380081179,0.66589226722717287,1,1
donor_withdrawal,2036,V32P-A014103,0,0.72496712207794189,0.7231898307800293,1,1
donor_withdrawal,2037,V32P-A014104,0,0.62713746428489681,0.62685437798500065,1,1
donor_withdrawal,2038,V32P-A014105,0,0.55827230215072632,0.56067591905593872,0,0
donor_withdrawal,2039,V32P-A014106,0,0.26306208074092863,0.26777991056442263,0,0
donor_withdrawal,2040,V32P-A014107,0,0.51052100062370298,0.50872949957847591,0,0
donor_withdrawal,2041,V32P-A014108,0,0.54086819887161253,0.54042357206344604,0,0
donor_withdrawal,2042,V32P-A014109,0,0.44126645326614378,0.43433971405029298,0,0
donor_withdrawal,2043,V32P-A014110,0,0.3530107796192169,0.34487279057502745,0,0
donor_withdrawal,2044,V32P-A014111,0,0.28690750598907472,0.28000667691230774,0,0
donor_withdrawal,2045,V32P-A014112,0,0.024768229387700558,0.025685371644794942,0,0
donor_withdrawal,2046,V32P-A014131,0,0.60931253433227539,0.60762833356857304,0,0
donor_withdrawal,2047,V32P-A014132,0,0.53725929260253902,0.535201632976532,0,0
donor_withdrawal,2048,V32P-A014133,0,0.45805600881576536,0.45353138446807861,0,0
donor_withdrawal,2049,V32P-A014134,0,0.47959387898445127,0.47418748736381533,0,0
donor_withdrawal,2050,V32P-A014135,0,0.38505752682685851,0.38165987730026246,0,0
donor_withdrawal,2051,V32P-A014136,0,0.1862935796380043,0.18742291182279586,0,0
donor_withdrawal,2052,V32P-A014143,0,0.85807334184646611,0.85833425521850581,1,1
donor_withdrawal,2053,V32P-A014144,0,0.77339652776718137,0.77285506725311282,1,1
donor_withdrawal,2054,V32P-A014145,0,0.69475874900817869,0.69407627582550047,1,1
donor_withdrawal,2055,V32P-A014146,0,0.62662329673767092,0.62689669132232662,1,1
donor_withdrawal,2056,V32P-A014147,1,0.53562579154968259,0.53751332759857173,0,0
donor_withdrawal,2057,V32P-A014148,0,0.05658366121351719,0.058019252121448518,0,0
donor_withdrawal,2058,V32P-A014173,0,0.57652282118797304,0.5738520205020905,0,0
donor_withdrawal,2059,V32P-A014174,0,0.49211105704307556,0.49200505614280698,0,0
donor_withdrawal,2060,V32P-A014175,0,0.49831621646881102,0.49724183678627015,0,0
donor_withdrawal,2061,V32P-A014176,0,0.48226149678230285,0.48426063656806945,0,0
donor_withdrawal,2062,V32P-A014177,0,0.43296794891357421,0.43646476268768308,0,0
donor_withdrawal,2063,V32P-A014178,0,0.21461724042892455,0.21834655702114106,0,0
donor_withdrawal,2064,V32P-A014209,0,0.59474556446075444,0.60329267978668211,0,0
donor_withdrawal,2065,V32P-A014210,0,0.60760838985443111,0.61984210014343266,0,0
donor_withdrawal,2066,V32P-A014211,0,0.53813449740409847,0.55845477581024172,0,0
donor_withdrawal,2067,V32P-A014212,0,0.45672558546066283,0.47990959882736206,0,0
donor_withdrawal,2068,V32P-A014213,0,0.38224937915802004,0.40765156149864196,0,0
donor_withdrawal,2069,V32P-A014214,0,0.167409810423851,0.18310387730598449,0,0
donor_withdrawal,2070,V32P-A014305,0,0.44833717942237855,0.44172473549842833,0,0
donor_withdrawal,2071,V32P-A014306,0,0.40743900537490846,0.4008429288864136,0,0
donor_withdrawal,2072,V32P-A014307,0,0.37404350638389589,0.37010673284530637,0,0
donor_withdrawal,2073,V32P-A014308,0,0.30601045191287995,0.30360895097255708,0,0
donor_withdrawal,2074,V32P-A014309,0,0.23984124660491943,0.23963937163352966,0,0
donor_withdrawal,2075,V32P-A014310,0,0.10678033679723739,0.10952599495649337,0,0
donor_withdrawal,2076,V32P-A014317,0,0.59403222799301147,0.58920449018478394,0,0
donor_withdrawal,2077,V32P-A014318,0,0.44872322082519533,0.44253420829772949,0,0
donor_withdrawal,2078,V32P-A014319,0,0.43340749144554136,0.42999269962310793,0,0
donor_withdrawal,2079,V32P-A014320,0,0.35688154101371766,0.3550434410572052,0,0
donor_withdrawal,2080,V32P-A014321,0,0.28564074933528899,0.28530513346195219,0,0
donor_withdrawal,2081,V32P-A014322,0,0.022166123241186143,0.023715279996395111,0,0
donor_withdrawal,2082,V32P-A014365,0,0.5762125551700592,0.57783841490745547,0,0
donor_withdrawal,2083,V32P-A014366,0,0.60897547006607056,0.61460835933685298,0,0
donor_withdrawal,2084,V32P-A014367,0,0.59137676954269414,0.59814209938049312,0,0
donor_withdrawal,2085,V32P-A014368,0,0.53418964147567749,0.54224401712417603,0,0
donor_withdrawal,2086,V32P-A014369,0,0.47495378255844117,0.48375271558761596,0,0
donor_withdrawal,2087,V32P-A014370,0,0.27473662495613099,0.28349814414978025,0,0
donor_withdrawal,2088,V32P-A014407,0,0.48128495812416078,0.47402227520942686,0,0
donor_withdrawal,2089,V32P-A014408,0,0.46378161907196047,0.45849031209945679,0,0
donor_withdrawal,2090,V32P-A014409,0,0.35951501727104185,0.36450582146644595,0,0
donor_withdrawal,2091,V32P-A014410,0,0.35589480400085449,0.35800109505653382,0,0
donor_withdrawal,2092,V32P-A014411,0,0.27983518838882449,0.28439162969589232,0,0
donor_withdrawal,2093,V32P-A014412,0,0.12007111459970474,0.12548424005508424,0,0
donor_withdrawal,2094,V32P-A014431,0,0.7165777921676636,0.7128997206687927,1,1
donor_withdrawal,2095,V32P-A014432,0,0.63835698366165161,0.63552668094635012,1,1
donor_withdrawal,2096,V32P-A014433,0,0.53428442478179927,0.54464788436889644,0,0
donor_withdrawal,2097,V32P-A014434,1,0.5336576044559479,0.53813737034797671,0,0
donor_withdrawal,2098,V32P-A014435,0,0.071508523821830747,0.076398526877164835,0,0
donor_withdrawal,2099,V32P-A014436,0,0.03036809228360653,0.032711561396718027,0,0
donor_withdrawal,2100,V32P-A014509,0,0.37140384316444397,0.36072291731834411,0,0
donor_withdrawal,2101,V32P-A014510,0,0.40135350525379182,0.39527738392353057,0,0
donor_withdrawal,2102,V32P-A014511,0,0.40141226351261139,0.39961230456829072,0,0
donor_withdrawal,2103,V32P-A014512,0,0.34474201500415802,0.34577241837978362,0,0
donor_withdrawal,2104,V32P-A014513,1,0.29104568362236022,0.29445340633392336,0,0
donor_withdrawal,2105,V32P-A014514,0,0.025840465817600487,0.027232326474040745,0,0
donor_withdrawal,2106,V32P-A014533,0,0.50222923159599309,0.49726548790931702,0,0
donor_withdrawal,2107,V32P-A014534,0,0.47682682275772093,0.47321292161941531,0,0
donor_withdrawal,2108,V32P-A014535,0,0.37272524237632754,0.37120928168296813,0,0
donor_withdrawal,2109,V32P-A014536,0,0.29596685767173769,0.29601020216941831,0,0
donor_withdrawal,2110,V32P-A014537,0,0.23792432844638825,0.23987700045108795,0,0
donor_withdrawal,2111,V32P-A014538,0,0.10392199829220772,0.11037024930119514,0,0
donor_withdrawal,2112,V32P-A014581,0,0.73489643335342403,0.72985190153121948,1,1
donor_withdrawal,2113,V32P-A014582,0,0.6101310610771179,0.60380836725234988,0,0
donor_withdrawal,2114,V32P-A014583,0,0.5169639408588409,0.50555993914604191,0,0
donor_withdrawal,2115,V32P-A014584,0,0.40690535902976988,0.39480934143066404,0,0
donor_withdrawal,2116,V32P-A014585,0,0.38061544299125671,0.3695279836654663,0,0
donor_withdrawal,2117,V32P-A014586,0,0.21452197283506394,0.21028387695550918,0,0
donor_withdrawal,2118,V32P-A014587,0,0.63714503049850468,0.63904073238372805,1,1
donor_withdrawal,2119,V32P-A014588,0,0.57746177911758423,0.57810928821563723,0,0
donor_withdrawal,2120,V32P-A014589,0,0.52387125492095943,0.52409922480583193,0,0
donor_withdrawal,2121,V32P-A014590,0,0.44398462772369385,0.44401342868804933,0,0
donor_withdrawal,2122,V32P-A014591,0,0.37402589023113253,0.37424836456775668,0,0
donor_withdrawal,2123,V32P-A014592,0,0.20074026137590409,0.20105191320180893,0,0
donor_withdrawal,2124,V32P-A014593,0,0.48328449726104739,0.48504021167755129,0,0
donor_withdrawal,2125,V32P-A014594,0,0.46013053655624392,0.46374861001968382,0,0
donor_withdrawal,2126,V32P-A014595,0,0.54755097031593325,0.55419287085533142,0,0
donor_withdrawal,2127,V32P-A014596,0,0.32523422837257387,0.3318583846092224,0,0
donor_withdrawal,2128,V32P-A014597,1,0.26890138089656829,0.27457468807697294,0,0
donor_withdrawal,2129,V32P-A014598,0,0.020149500295519828,0.021499718725681304,0,0
donor_withdrawal,2130,V32P-A014605,1,0.73523545265197754,0.73513407707214351,1,1
donor_withdrawal,2131,V32P-A014606,1,0.65429894924163823,0.65533202886581421,1,1
donor_withdrawal,2132,V32P-A014607,1,0.61645090579986572,0.61921683549880979,0,0
donor_withdrawal,2133,V32P-A014608,0,0.09605559185147286,0.10201931521296501,0,0
donor_withdrawal,2134,V32P-A014609,0,0.072685843706130987,0.077749862521886828,0,0
donor_withdrawal,2135,V32P-A014610,0,0.03227687906473875,0.034856023080646989,0,0
donor_withdrawal,2136,V32P-A014653,0,0.59280381202697752,0.58572480678558347,0,0
donor_withdrawal,2137,V32P-A014654,0,0.41751836538314818,0.4100427210330963,0,0
donor_withdrawal,2138,V32P-A014655,0,0.34780471324920653,0.34347916841506959,0,0
donor_withdrawal,2139,V32P-A014656,0,0.27899382114410398,0.27239493131637571,0,0
donor_withdrawal,2140,V32P-A014657,0,0.21302770376205443,0.20913242399692536,0,0
donor_withdrawal,2141,V32P-A014658,0,0.085577317327260968,0.086599083989858633,0,0
donor_withdrawal,2142,V32P-A014665,0,0.55118815302848811,0.55836983323097233,0,0
donor_withdrawal,2143,V32P-A014666,0,0.38854774832725525,0.40592585802078246,0,0
donor_withdrawal,2144,V32P-A014667,0,0.37961860895156863,0.38666041493415831,0,0
donor_withdrawal,2145,V32P-A014668,0,0.29164370596408845,0.29977168142795563,0,0
donor_withdrawal,2146,V32P-A014669,0,0.21744767725467681,0.22447823882102966,0,0
donor_withdrawal,2147,V32P-A014670,0,0.096293240785598755,0.099857792258262634,0,0
donor_withdrawal,2148,V32P-A014743,0,0.67992444038391109,0.68808178901672368,1,1
donor_withdrawal,2149,V32P-A014744,0,0.51879202127456669,0.5356229424476624,0,0
donor_withdrawal,2150,V32P-A014745,0,0.40834851264953614,0.4291103959083557,0,0
donor_withdrawal,2151,V32P-A014746,0,0.33307178616523742,0.35375712513923646,0,0
donor_withdrawal,2152,V32P-A014747,0,0.3490495651960373,0.38010739386081693,0,0
donor_withdrawal,2153,V32P-A014748,0,0.13739274740219115,0.15424506068229676,0,0
donor_withdrawal,2154,V32P-A014749,0,0.49858805537223816,0.49714215397834777,0,0
donor_withdrawal,2155,V32P-A014750,0,0.48324738740921019,0.48202334642410277,0,0
donor_withdrawal,2156,V32P-A014751,0,0.45190271735191345,0.45088556408882141,0,0
donor_withdrawal,2157,V32P-A014752,0,0.38429964184761045,0.38496256470680235,0,0
donor_withdrawal,2158,V32P-A014753,0,0.31758804619312286,0.31963234245777128,0,0
donor_withdrawal,2159,V32P-A014754,0,0.15638238638639451,0.16496945768594742,0,0
donor_withdrawal,2160,V32P-A014791,0,0.39447864890098572,0.39568634629249572,0,0
donor_withdrawal,2161,V32P-A014792,0,0.39668613076210024,0.39918420314788816,0,0
donor_withdrawal,2162,V32P-A014793,0,0.36693139672279357,0.36965065598487856,0,0
donor_withdrawal,2163,V32P-A014794,0,0.2750228703022003,0.27948758006095886,0,0
donor_withdrawal,2164,V32P-A014795,0,0.19823802411556243,0.20335568487644196,0,0
donor_withdrawal,2165,V32P-A014796,0,0.083531067520380017,0.089178875833749768,0,0
donor_withdrawal,2166,V32P-A014797,0,0.41857581138610839,0.4107935607433319,0,0
donor_withdrawal,2167,V32P-A014798,0,0.44602679908275605,0.43888469636440275,0,0
donor_withdrawal,2168,V32P-A014799,0,0.42538993358612059,0.41975110173225405,0,0
donor_withdrawal,2169,V32P-A014800,0,0.35996024012565614,0.35619366765022276,0,0
donor_withdrawal,2170,V32P-A014801,0,0.30244567394256594,0.30002688169479369,0,0
donor_withdrawal,2171,V32P-A014802,0,0.1636972613632679,0.1653273470699787,0,0
donor_withdrawal,2172,V32P-A014827,0,0.77684614658355711,0.77966256141662593,1,1
donor_withdrawal,2173,V32P-A014828,0,0.69108260869979854,0.69507700204849243,1,1
donor_withdrawal,2174,V32P-A014829,0,0.60741184949874882,0.61271215677261348,0,0
donor_withdrawal,2175,V32P-A014830,0,0.54318709373474117,0.54838045835494997,0,0
donor_withdrawal,2176,V32P-A014831,0,0.52040414810180669,0.52675607204437258,0,0
donor_withdrawal,2177,V32P-A014832,0,0.22772629857063292,0.23450168669223787,0,0
donor_withdrawal,2178,V32P-A014851,0,0.52519538998603821,0.52530642151832585,0,0
donor_withdrawal,2179,V32P-A014852,0,0.53423841595649724,0.53744400739669795,0,0
donor_withdrawal,2180,V32P-A014853,0,0.50543503761291508,0.51033204197883608,0,0
donor_withdrawal,2181,V32P-A014854,0,0.42335833311080934,0.43079553842544555,0,0
donor_withdrawal,2182,V32P-A014855,0,0.33032790422439573,0.34196797609329221,0,0
donor_withdrawal,2183,V32P-A014856,0,0.13797557204961777,0.14662712365388869,0,0
donor_withdrawal,2184,V32P-A014941,0,0.49440063238143922,0.48889500498771665,0,0
donor_withdrawal,2185,V32P-A014942,0,0.46644734144210814,0.46011823415756226,0,0
donor_withdrawal,2186,V32P-A014943,0,0.39657430946826933,0.38933813273906709,0,0
donor_withdrawal,2187,V32P-A014944,0,0.32274639010429385,0.31688267588615415,0,0
donor_withdrawal,2188,V32P-A014945,1,0.25735365748405459,0.25479573011398315,0,0
donor_withdrawal,2189,V32P-A014946,0,0.025377393141388892,0.026537951827049256,0,0
donor_withdrawal,2190,V32P-A014989,0,0.7657502293586731,0.76855840682983401,1,1
donor_withdrawal,2191,V32P-A014990,0,0.52518991827964778,0.53476268649101255,0,0
donor_withdrawal,2192,V32P-A014991,0,0.44064378142356875,0.44946566224098206,0,0
donor_withdrawal,2193,V32P-A014992,0,0.52763845920562746,0.54762098789215086,0,0
donor_withdrawal,2194,V32P-A014993,0,0.36638633310794833,0.38342422544956206,0,0
donor_withdrawal,2195,V32P-A014994,0,0.14738057255744935,0.15963236689567567,0,0
donor_withdrawal,2196,V32P-A015013,0,0.73994839191436768,0.73870153427124019,1,1
donor_withdrawal,2197,V32P-A015014,0,0.6632786870002747,0.6608997762203217,1,1
donor_withdrawal,2198,V32P-A015015,0,0.59058853983879089,0.58581751585006714,0,0
donor_withdrawal,2199,V32P-A015016,0,0.51049655675888062,0.50581231713294983,0,0
donor_withdrawal,2200,V32P-A015017,0,0.43188145458698274,0.42824400365352633,0,0
donor_withdrawal,2201,V32P-A015018,0,0.24028468728065491,0.24003000557422638,0,0
donor_withdrawal,2202,V32P-A015037,0,0.46255447864532473,0.45539078116416931,0,0
donor_withdrawal,2203,V32P-A015038,0,0.49065393805503843,0.48503115177154543,0,0
donor_withdrawal,2204,V32P-A015039,0,0.47221159338951113,0.46861427426338198,0,0
donor_withdrawal,2205,V32P-A015040,0,0.4110576629638672,0.41046824455261233,0,0
donor_withdrawal,2206,V32P-A015041,0,0.33974090516567229,0.34188490211963651,0,0
donor_withdrawal,2207,V32P-A015042,0,0.025089937821030618,0.02680586650967598,0,0
donor_withdrawal,2208,V32P-A015163,0,0.40164157748222351,0.39514998793601991,0,0
donor_withdrawal,2209,V32P-A015164,0,0.36092996597290039,0.35530395507812501,0,0
donor_withdrawal,2210,V32P-A015165,0,0.31676590442657471,0.31254513859748839,0,0
donor_withdrawal,2211,V32P-A015166,0,0.24664321541786194,0.24542952179908753,0,0
donor_withdrawal,2212,V32P-A015167,0,0.18885546326637268,0.19007880985736847,0,0
donor_withdrawal,2213,V32P-A015168,0,0.082124543190002439,0.085036356747150418,0,0
donor_withdrawal,2214,V32P-A015169,0,0.61511098146438603,0.62134493589401241,0,1
donor_withdrawal,2215,V32P-A015170,0,0.50997305512428281,0.51684921383857729,0,0
donor_withdrawal,2216,V32P-A015171,0,0.45800108313560484,0.46675335764884951,0,0
donor_withdrawal,2217,V32P-A015172,0,0.37460392117500307,0.38602593541145325,0,0
donor_withdrawal,2218,V32P-A015173,0,0.28626171350479124,0.30056077837944029,0,0
donor_withdrawal,2219,V32P-A015174,0,0.12154241502285004,0.13069702088832855,0,0
donor_withdrawal,2220,V32P-A015199,0,0.57359158992767334,0.5712457418441772,0,0
donor_withdrawal,2221,V32P-A015200,0,0.45889276862144468,0.45548580288887025,0,0
donor_withdrawal,2222,V32P-A015201,0,0.42218307256698606,0.41990494728088379,0,0
donor_withdrawal,2223,V32P-A015202,0,0.37724863886833193,0.37674052119255064,0,0
donor_withdrawal,2224,V32P-A015203,0,0.30469602048397065,0.30663284957408904,0,0
donor_withdrawal,2225,V32P-A015204,0,0.12351608127355576,0.12859960943460463,0,0
donor_withdrawal,2226,V32P-A015205,0,0.74632722139358521,0.74657860994338987,1,1
donor_withdrawal,2227,V32P-A015206,0,0.72763872146606445,0.72665370702743526,1,1
donor_withdrawal,2228,V32P-A015207,0,0.75656276941299438,0.75595588684082027,1,1
donor_withdrawal,2229,V32P-A015208,0,0.71048686504364011,0.71266552209854128,1,1
donor_withdrawal,2230,V32P-A015209,0,0.69652398824691775,0.70964612960815432,1,1
donor_withdrawal,2231,V32P-A015210,0,0.35067965090274811,0.35991683304309846,0,0
donor_withdrawal,2232,V32P-A015253,0,0.84242658615112309,0.84693254232406612,1,1
donor_withdrawal,2233,V32P-A015254,0,0.70100514888763432,0.70796427726745603,1,1
donor_withdrawal,2234,V32P-A015255,0,0.61631456613540647,0.62036139965057369,0,1
donor_withdrawal,2235,V32P-A015256,0,0.6165632367134094,0.62125588655471797,0,1
donor_withdrawal,2236,V32P-A015257,0,0.68928866386413579,0.6961627244949341,1,1
donor_withdrawal,2237,V32P-A015258,0,0.39224099218845365,0.40163376927375793,0,0
donor_withdrawal,2238,V32P-A015259,0,0.79313473701477055,0.78998930454254146,1,1
donor_withdrawal,2239,V32P-A015260,0,0.69530410766601558,0.6882651567459106,1,1
donor_withdrawal,2240,V32P-A015261,0,0.62436408996582027,0.61231177449226382,1,0
donor_withdrawal,2241,V32P-A015262,0,0.54289804697036748,0.53055397868156429,0,0
donor_withdrawal,2242,V32P-A015263,0,0.56357418894767763,0.5607636153697968,0,0
donor_withdrawal,2243,V32P-A015264,0,0.25270014107227323,0.25022992491722107,0,0
donor_withdrawal,2244,V32P-A015373,0,0.55673395395278935,0.55686260461807247,0,0
donor_withdrawal,2245,V32P-A015374,0,0.55672096014022832,0.559472668170929,0,0
donor_withdrawal,2246,V32P-A015375,0,0.46155067086219786,0.46668004989624023,0,0
donor_withdrawal,2247,V32P-A015376,0,0.48965774178504945,0.49750808477401731,0,0
donor_withdrawal,2248,V32P-A015377,0,0.32428644299507142,0.33188797235488893,0,0
donor_withdrawal,2249,V32P-A015378,0,0.17258770167827606,0.18126571178436279,0,0
donor_withdrawal,2250,V32P-A015451,0,0.71271643638610838,0.71026606559753414,1,1
donor_withdrawal,2251,V32P-A015452,0,0.61426128149032588,0.61319952011108403,0,0
donor_withdrawal,2252,V32P-A015453,0,0.70299962759017942,0.70090841054916386,1,1
donor_withdrawal,2253,V32P-A015454,0,0.57062337994575496,0.57276365160942078,0,0
donor_withdrawal,2254,V32P-A015455,0,0.57618654966354366,0.577012050151825,0,0
donor_withdrawal,2255,V32P-A015456,0,0.33512728214263915,0.34333950877189634,0,0
donor_withdrawal,2256,V32P-A015517,0,0.65623472929000859,0.66031626462936399,1,1
donor_withdrawal,2257,V32P-A015518,0,0.53827833533287051,0.53823658227920534,0,0
donor_withdrawal,2258,V32P-A015519,0,0.53379688262939451,0.53617840409278872,0,0
donor_withdrawal,2259,V32P-A015520,0,0.48263968229293824,0.48901478648185731,0,0
donor_withdrawal,2260,V32P-A015521,0,0.42140174508094785,0.43051236271858218,0,0
donor_withdrawal,2261,V32P-A015522,0,0.21586265563964843,0.22389699518680573,0,0
donor_withdrawal,2262,V32P-A015559,1,0.69072518348693845,0.68871523141860957,1,1
donor_withdrawal,2263,V32P-A015560,1,0.63877981901168823,0.63961061239242556,1,1
donor_withdrawal,2264,V32P-A015561,1,0.5799547493457794,0.57440202832221987,0,0
donor_withdrawal,2265,V32P-A015562,0,0.12079037129878997,0.12249365448951721,0,0
donor_withdrawal,2266,V32P-A015563,0,0.092543778568506235,0.094519709050655362,0,0
donor_withdrawal,2267,V32P-A015564,0,0.04090157151222229,0.042200859263539316,0,0
donor_withdrawal,2268,V32P-A015583,0,0.72935429811477659,0.72903350591659544,1,1
donor_withdrawal,2269,V32P-A015584,0,0.69389379024505615,0.69297295808792114,1,1
donor_withdrawal,2270,V32P-A015585,0,0.6855725765228271,0.68573354482650761,1,1
donor_withdrawal,2271,V32P-A015586,0,0.6408810436725616,0.64421420693397524,1,1
donor_withdrawal,2272,V32P-A015587,1,0.60571306943893433,0.61092771291732784,0,0
donor_withdrawal,2273,V32P-A015588,0,0.054103042185306552,0.056313989311456682,0,0
donor_withdrawal,2274,V32P-A015595,0,0.62490153312683105,0.62007302045822144,1,1
donor_withdrawal,2275,V32P-A015596,0,0.60813395977020268,0.60719025135040283,0,0
donor_withdrawal,2276,V32P-A015597,0,0.55875702500343327,0.55917484164237974,0,0
donor_withdrawal,2277,V32P-A015598,0,0.56014515757560734,0.56092738509178164,0,0
donor_withdrawal,2278,V32P-A015599,0,0.50811994671821592,0.5099297940731049,0,0
donor_withdrawal,2279,V32P-A015600,0,0.06091478634625673,0.063372452370822424,0,0
donor_withdrawal,2280,V32P-A015607,0,0.52609821557998659,0.53003207445144651,0,0
donor_withdrawal,2281,V32P-A015608,0,0.49506542682647703,0.50096232891082759,0,0
donor_withdrawal,2282,V32P-A015609,0,0.47467640042304993,0.48258653283119202,0,0
donor_withdrawal,2283,V32P-A015610,0,0.45316752195358279,0.46316376328468323,0,0
donor_withdrawal,2284,V32P-A015611,0,0.3812045931816101,0.3935731887817383,0,0
donor_withdrawal,2285,V32P-A015612,0,0.17777260690927504,0.19036377221345901,0,0
donor_withdrawal,2286,V32P-A015625,0,0.77900829315185549,0.78289079666137695,1,1
donor_withdrawal,2287,V32P-A015626,0,0.71196062564849849,0.71816993951797481,1,1
donor_withdrawal,2288,V32P-A015627,0,0.77884612083435056,0.78582065105438237,1,1
donor_withdrawal,2289,V32P-A015628,0,0.67915621995925901,0.68869370222091675,1,1
donor_withdrawal,2290,V32P-A015629,0,0.61077002286911009,0.62444336414337154,0,1
donor_withdrawal,2291,V32P-A015630,0,0.36902660131454468,0.38725520968437194,0,0
donor_withdrawal,2292,V32P-A015679,0,0.72240539789199831,0.71996394395828245,1,1
donor_withdrawal,2293,V32P-A015680,0,0.52647243738174443,0.52264937162399294,0,0
donor_withdrawal,2294,V32P-A015681,0,0.4573922038078308,0.45194457173347474,0,0
donor_withdrawal,2295,V32P-A015682,0,0.46610980033874511,0.45976788997650148,0,0
donor_withdrawal,2296,V32P-A015683,0,0.28609654009342195,0.28348657488822937,0,0
donor_withdrawal,2297,V32P-A015684,0,0.12473162114620209,0.12485548704862595,0,0
donor_withdrawal,2298,V32P-A015691,0,0.58552342653274536,0.59614931344985966,0,0
donor_withdrawal,2299,V32P-A015692,0,0.56532831192016597,0.57901537418365479,0,0
donor_withdrawal,2300,V32P-A015693,0,0.51598019003868101,0.53358453512191772,0,0
donor_withdrawal,2301,V32P-A015694,0,0.4419083297252655,0.46149908900260928,0,0
donor_withdrawal,2302,V32P-A015695,0,0.36438554525375366,0.38709596991539003,0,0
donor_withdrawal,2303,V32P-A015696,0,0.15788966864347459,0.17444980740547181,0,0
donor_withdrawal,2304,V32P-A015835,0,0.8189949512481689,0.81757354736328125,1,1
donor_withdrawal,2305,V32P-A015836,0,0.65909608602523806,0.65762060880661011,1,1
donor_withdrawal,2306,V32P-A015837,0,0.58755210638046262,0.58425961732864384,0,0
donor_withdrawal,2307,V32P-A015838,0,0.5680765748023987,0.5669362366199493,0,0
donor_withdrawal,2308,V32P-A015839,0,0.40796889066696168,0.40755963325500488,0,0
donor_withdrawal,2309,V32P-A015840,0,0.20679401010274887,0.20887665003538131,0,0
donor_withdrawal,2310,V32P-A015889,0,0.68776195049285893,0.68579229116439822,1,1
donor_withdrawal,2311,V32P-A015890,0,0.68123592138290401,0.68079907894134517,1,1
donor_withdrawal,2312,V32P-A015891,0,0.64521969556808467,0.64742839336395264,1,1
donor_withdrawal,2313,V32P-A015892,0,0.59050889015197749,0.59769204854965208,0,0
donor_withdrawal,2314,V32P-A015893,0,0.55834406614303589,0.56889894604682922,0,0
donor_withdrawal,2315,V32P-A015894,0,0.33308821022510526,0.34546187818050383,0,0
donor_withdrawal,2316,V32P-A015913,0,0.60209847688674922,0.59606345891952517,0,0
donor_withdrawal,2317,V32P-A015914,0,0.54933680295944209,0.54431529045104976,0,0
donor_withdrawal,2318,V32P-A015915,0,0.50368196964263912,0.50220726728439335,0,0
donor_withdrawal,2319,V32P-A015916,0,0.45274392962455751,0.45534303784370422,0,0
donor_withdrawal,2320,V32P-A015917,0,0.3892617464065552,0.39372467994689941,0,0
donor_withdrawal,2321,V32P-A015918,0,0.18391460031270981,0.19629657119512559,0,0
donor_withdrawal,2322,V32P-A015919,0,0.80878987312316897,0.80538715124130245,1,1
donor_withdrawal,2323,V32P-A015920,0,0.68543161153793331,0.68018125295639043,1,1
donor_withdrawal,2324,V32P-A015921,0,0.58757136464118953,0.5811772763729095,0,0
donor_withdrawal,2325,V32P-A015922,0,0.63376207351684566,0.62767889499664309,1,1
donor_withdrawal,2326,V32P-A015923,0,0.52325645089149475,0.52051672339439392,0,0
donor_withdrawal,2327,V32P-A015924,0,0.23566221594810485,0.23130965232849121,0,0
donor_withdrawal,2328,V32P-A015961,0,0.30282189846038821,0.29752236008644106,0,0
donor_withdrawal,2329,V32P-A015962,0,0.28595978319644927,0.2820856124162674,0,0
donor_withdrawal,2330,V32P-A015963,0,0.25949886739253997,0.25701473653316498,0,0
donor_withdrawal,2331,V32P-A015964,0,0.20463073253631592,0.20440416336059569,0,0
donor_withdrawal,2332,V32P-A015965,0,0.16773417294025422,0.16880573928356171,0,0
donor_withdrawal,2333,V32P-A015966,0,0.079639326035976413,0.083574524521827703,0,0
donor_withdrawal,2334,V32P-A015979,0,0.84561991691589355,0.84643117189407346,1,1
donor_withdrawal,2335,V32P-A015980,0,0.73506559133529659,0.73537650108337405,1,1
donor_withdrawal,2336,V32P-A015981,0,0.65926432609558105,0.65858368873596196,1,1
donor_withdrawal,2337,V32P-A015982,0,0.55877482891082764,0.55881252288818362,0,0
donor_withdrawal,2338,V32P-A015983,0,0.49903328418731691,0.50012661218643184,0,0
donor_withdrawal,2339,V32P-A015984,0,0.30081056654453275,0.30381524264812471,0,0
donor_withdrawal,2340,V32P-A016015,0,0.69062106609344487,0.68555197715759275,1,1
donor_withdrawal,2341,V32P-A016016,0,0.6482206344604492,0.64526891708374023,1,1
donor_withdrawal,2342,V32P-A016017,0,0.60350328683853149,0.60240359306335445,0,0
donor_withdrawal,2343,V32P-A016018,0,0.52269211411476135,0.52401716113090513,0,0
donor_withdrawal,2344,V32P-A016019,0,0.42835386991500857,0.43344969749450685,0,0
donor_withdrawal,2345,V32P-A016020,0,0.20004724562168122,0.20763517916202545,0,0
donor_withdrawal,2346,V32P-A016021,0,0.59271439313888552,0.59050797224044804,0,0
donor_withdrawal,2347,V32P-A016022,0,0.52183476686477659,0.5231963634490967,0,0
donor_withdrawal,2348,V32P-A016023,0,0.46027222871780393,0.46494086384773253,0,0
donor_withdrawal,2349,V32P-A016024,0,0.37070507109165191,0.37686267793178557,0,0
donor_withdrawal,2350,V32P-A016025,0,0.30295732915401458,0.31062902510166168,0,0
donor_withdrawal,2351,V32P-A016026,0,0.1366592064499855,0.14253165870904921,0,0
donor_withdrawal,2352,V32P-A016063,0,0.40718500018119813,0.40752859115600587,0,0
donor_withdrawal,2353,V32P-A016064,0,0.4478746712207794,0.45055417418479921,0,0
donor_withdrawal,2354,V32P-A016065,0,0.38123093843460082,0.3858001410961151,0,0
donor_withdrawal,2355,V32P-A016066,0,0.28187639713287355,0.28864377140998843,0,0
donor_withdrawal,2356,V32P-A016067,0,0.21142584979534149,0.22092346251010894,0,0
donor_withdrawal,2357,V32P-A016068,0,0.0855410486459732,0.092750050127506256,0,0
donor_withdrawal,2358,V32P-A016117,0,0.46456693410873412,0.46885049343109131,0,0
donor_withdrawal,2359,V32P-A016118,0,0.3526300609111786,0.35891807675361631,0,0
donor_withdrawal,2360,V32P-A016119,0,0.31928985118865966,0.3283583462238312,0,0
donor_withdrawal,2361,V32P-A016120,0,0.24649167060852051,0.25887333750724795,0,0
donor_withdrawal,2362,V32P-A016121,0,0.18869644701480864,0.20261527001857757,0,0
donor_withdrawal,2363,V32P-A016122,0,0.074006976932287222,0.081647681444883352,0,0
donor_withdrawal,2364,V32P-A016135,0,0.61383467316627505,0.61583281159400938,0,0
donor_withdrawal,2365,V32P-A016136,0,0.56304823160171513,0.56822828054428098,0,0
donor_withdrawal,2366,V32P-A016137,0,0.4835096776485443,0.4930179178714752,0,0
donor_withdrawal,2367,V32P-A016138,0,0.42474860548973081,0.43719559311866762,0,0
donor_withdrawal,2368,V32P-A016139,0,0.32970747053623201,0.34453100860118868,0,0
donor_withdrawal,2369,V32P-A016140,0,0.14102470874786377,0.15210661888122559,0,0
donor_withdrawal,2370,V32P-A016201,0,0.44631521701812743,0.45131468772888184,0,0
donor_withdrawal,2371,V32P-A016202,0,0.42606716156005858,0.43293770551681521,0,0
donor_withdrawal,2372,V32P-A016203,0,0.38855734467506409,0.39657681584358218,0,0
donor_withdrawal,2373,V32P-A016204,0,0.31390026211738586,0.32416761517524717,0,0
donor_withdrawal,2374,V32P-A016205,0,0.25564718842506406,0.27345377206802368,0,0
donor_withdrawal,2375,V32P-A016206,0,0.11284600794315339,0.12267213165760041,0,0
donor_withdrawal,2376,V32P-A016225,0,0.58247426152229309,0.5766594409942627,0,0
donor_withdrawal,2377,V32P-A016226,0,0.63366935253143308,0.63219887018203735,1,1
donor_withdrawal,2378,V32P-A016227,0,0.64934166669845583,0.65175240039825444,1,1
donor_withdrawal,2379,V32P-A016228,1,0.66694478988647465,0.67076456546783447,1,1
donor_withdrawal,2380,V32P-A016229,0,0.10564227402210236,0.11249489188194275,0,0
donor_withdrawal,2381,V32P-A016230,0,0.043067333102226255,0.046111137419939038,0,0
donor_withdrawal,2382,V32P-A016291,0,0.55826880335807805,0.56176885962486267,0,0
donor_withdrawal,2383,V32P-A016292,0,0.62367488145828243,0.62893128395080566,1,1
donor_withdrawal,2384,V32P-A016293,0,0.64580912590026851,0.65325305461883543,1,1
donor_withdrawal,2385,V32P-A016294,0,0.59158324003219609,0.60333439111709597,0,0
donor_withdrawal,2386,V32P-A016295,0,0.51891784071922298,0.53558306694030766,0,0
donor_withdrawal,2387,V32P-A016296,0,0.27682293951511383,0.29831638634204866,0,0
donor_withdrawal,2388,V32P-A016303,0,0.59115597009658816,0.59007303714752202,0,0
donor_withdrawal,2389,V32P-A016304,0,0.44046884775161743,0.44333364963531496,0,0
donor_withdrawal,2390,V32P-A016305,0,0.37691184282302859,0.3823829650878906,0,0
donor_withdrawal,2391,V32P-A016306,0,0.36315435767173765,0.37024916410446168,0,0
donor_withdrawal,2392,V32P-A016307,1,0.30347695648670198,0.31258662045001984,0,0
donor_withdrawal,2393,V32P-A016308,0,0.025813556648790835,0.027104896865785121,0,0
donor_withdrawal,2394,V32P-A016423,0,0.67415739297866817,0.67037738561630245,1,1
donor_withdrawal,2395,V32P-A016424,0,0.56232596039772031,0.55840432047843935,0,0
donor_withdrawal,2396,V32P-A016425,0,0.50122210383415222,0.49948481917381288,0,0
donor_withdrawal,2397,V32P-A016426,0,0.4342185318470001,0.4356995403766632,0,0
donor_withdrawal,2398,V32P-A016427,0,0.33573756814002992,0.33901568651199343,0,0
donor_withdrawal,2399,V32P-A016428,0,0.16282857656478883,0.16926026642322539,0,0
donor_withdrawal,2400,V32P-A016435,0,0.61054303646087649,0.60533232688903804,0,0
donor_withdrawal,2401,V32P-A016436,0,0.44500555396080016,0.43664764761924746,0,0
donor_withdrawal,2402,V32P-A016437,0,0.49920666813850401,0.49066740870475767,0,0
donor_withdrawal,2403,V32P-A016438,0,0.46223064064979552,0.45076927542686462,0,0
donor_withdrawal,2404,V32P-A016439,0,0.36381913423538209,0.35037462115287782,0,0
donor_withdrawal,2405,V32P-A016440,0,0.16055434197187424,0.15470172315835953,0,0
donor_withdrawal,2406,V32P-A016471,0,0.63910127878189082,0.63615580797195437,1,1
donor_withdrawal,2407,V32P-A016472,0,0.4842438757419586,0.48298506140708924,0,0
donor_withdrawal,2408,V32P-A016473,0,0.51009078025817867,0.50841037034988401,0,0
donor_withdrawal,2409,V32P-A016474,0,0.46951837539672853,0.47145195603370665,0,0
donor_withdrawal,2410,V32P-A016475,0,0.45836153626441956,0.462217777967453,0,0
donor_withdrawal,2411,V32P-A016476,0,0.19006827771663665,0.19989548623561859,0,0
donor_withdrawal,2412,V32P-A016507,0,0.81143431663513188,0.81011962890625,1,1
donor_withdrawal,2413,V32P-A016508,0,0.70380765199661255,0.7026583790779114,1,1
donor_withdrawal,2414,V32P-A016509,0,0.75932321548461912,0.76049487590789799,1,1
donor_withdrawal,2415,V32P-A016510,0,0.50936710238456728,0.50941364169120784,0,0
donor_withdrawal,2416,V32P-A016511,0,0.44518859386444093,0.4469499349594116,0,0
donor_withdrawal,2417,V32P-A016512,0,0.034014617651700975,0.035599324479699136,0,0
donor_withdrawal,2418,V32P-A016645,1,0.73360338211059573,0.73607074022293095,1,1
donor_withdrawal,2419,V32P-A016646,1,0.58848135471343999,0.59126362800598142,0,0
donor_withdrawal,2420,V32P-A016647,0,0.34146227240562438,0.36420723199844363,0,0
donor_withdrawal,2421,V32P-A016648,0,0.10352290421724319,0.10698239952325821,0,0
donor_withdrawal,2422,V32P-A016649,0,0.076352604478597638,0.079466883093118668,0,0
donor_withdrawal,2423,V32P-A016650,0,0.0329029930755496,0.034279894642531873,0,0
donor_withdrawal,2424,V32P-A016687,0,0.75515230894088747,0.7512354850769043,1,1
donor_withdrawal,2425,V32P-A016688,0,0.6619301438331604,0.65760906934738161,1,1
donor_withdrawal,2426,V32P-A016689,0,0.61208176612854004,0.61402485370635984,0,0
donor_withdrawal,2427,V32P-A016690,0,0.58542806506156919,0.58416832089424131,0,0
donor_withdrawal,2428,V32P-A016691,0,0.50987092256546018,0.51174209713935848,0,0
donor_withdrawal,2429,V32P-A016692,0,0.25587157905101776,0.2627080023288727,0,0
donor_withdrawal,2430,V32P-A016705,0,0.36001754403114317,0.35989852547645568,0,0
donor_withdrawal,2431,V32P-A016706,0,0.37971785664558411,0.38101549148559571,0,0
donor_withdrawal,2432,V32P-A016707,0,0.34598515033721922,0.34844830632209778,0,0
donor_withdrawal,2433,V32P-A016708,0,0.27636166214942931,0.27979167103767394,0,0
donor_withdrawal,2434,V32P-A016709,0,0.21881782412528991,0.22276496887207031,0,0
donor_withdrawal,2435,V32P-A016710,0,0.095603340864181513,0.099877582490444178,0,0
donor_withdrawal,2436,V32P-A016735,1,0.82770061492919922,0.82439844608306889,1,1
donor_withdrawal,2437,V32P-A016736,1,0.7501355886459351,0.74461444616317751,1,1
donor_withdrawal,2438,V32P-A016737,0,0.22985260188579559,0.22790566086769104,0,0
donor_withdrawal,2439,V32P-A016738,0,0.16351534426212311,0.16306572556495666,0,0
donor_withdrawal,2440,V32P-A016739,0,0.13973117768764495,0.14019815474748612,0,0
donor_withdrawal,2441,V32P-A016740,0,0.042674959637224674,0.04359821919351816,0,0
donor_withdrawal,2442,V32P-A016783,1,0.67862960100173952,0.68417241573333742,1,1
donor_withdrawal,2443,V32P-A016784,1,0.5443009674549103,0.54635571837425234,0,0
donor_withdrawal,2444,V32P-A016785,1,0.45391129255294799,0.45313556790351867,0,0
donor_withdrawal,2445,V32P-A016786,0,0.096375277638435369,0.098861724138259888,0,0
donor_withdrawal,2446,V32P-A016787,0,0.070249433815479281,0.071963381767272946,0,0
donor_withdrawal,2447,V32P-A016788,0,0.033631357830017805,0.034622925240546464,0,0
donor_withdrawal,2448,V32P-A016795,0,0.48990766406059266,0.4855113446712494,0,0
donor_withdrawal,2449,V32P-A016796,0,0.43470990657806396,0.42892308235168458,0,0
donor_withdrawal,2450,V32P-A016797,0,0.49540960192680361,0.49192382693290709,0,0
donor_withdrawal,2451,V32P-A016798,0,0.4465565621852875,0.44381367564201357,0,0
donor_withdrawal,2452,V32P-A016799,1,0.36356856822967532,0.3614890515804291,0,0
donor_withdrawal,2453,V32P-A016800,0,0.02668944150209427,0.028589215129613876,0,0
donor_withdrawal,2454,V32P-A016801,1,0.74992563724517824,0.74525102376937868,1,1
donor_withdrawal,2455,V32P-A016802,1,0.6295110702514648,0.62294472455978389,1,1
donor_withdrawal,2456,V32P-A016803,1,0.57968875765800476,0.57192179560661316,0,0
donor_withdrawal,2457,V32P-A016804,0,0.099347946792840952,0.09995551332831383,0,0
donor_withdrawal,2458,V32P-A016805,0,0.07372173890471459,0.075172077864408493,0,0
donor_withdrawal,2459,V32P-A016806,0,0.032228074781596658,0.033746206946671006,0,0
donor_withdrawal,2460,V32P-A016813,0,0.56582354307174687,0.55427815914154055,0,0
donor_withdrawal,2461,V32P-A016814,0,0.42951110005378723,0.4149755001068115,0,0
donor_withdrawal,2462,V32P-A016815,0,0.38734343051910403,0.3720173418521881,0,0
donor_withdrawal,2463,V32P-A016816,0,0.30827004313468931,0.29298051595687868,0,0
donor_withdrawal,2464,V32P-A016817,0,0.24127854406833649,0.22774846851825714,0,0
donor_withdrawal,2465,V32P-A016818,0,0.10801055207848549,0.10386217311024666,0,0
donor_withdrawal,2466,V32P-A016831,0,0.70975290536880498,0.70671954154968264,1,1
donor_withdrawal,2467,V32P-A016832,0,0.63910208940505986,0.63373309373855591,1,1
donor_withdrawal,2468,V32P-A016833,0,0.56097235679626467,0.55386444330215456,0,0
donor_withdrawal,2469,V32P-A016834,0,0.47295788526535032,0.46569474339485167,0,0
donor_withdrawal,2470,V32P-A016835,0,0.46324113011360168,0.45822826027870178,0,0
donor_withdrawal,2471,V32P-A016836,0,0.035774591937661172,0.036462726257741454,0,0
donor_withdrawal,2472,V32P-A016867,0,0.7438372731208801,0.7494271993637085,1,1
donor_withdrawal,2473,V32P-A016868,0,0.6701724171638489,0.67794667482376103,1,1
donor_withdrawal,2474,V32P-A016869,0,0.64161057472228999,0.65072731971740727,1,1
donor_withdrawal,2475,V32P-A016870,0,0.68521107435226436,0.69434840679168697,1,1
donor_withdrawal,2476,V32P-A016871,0,0.57804154157638554,0.5922371625900269,0,0
donor_withdrawal,2477,V32P-A016872,0,0.058790260180830958,0.062314736843109134,0,0
donor_withdrawal,2478,V32P-A016957,0,0.78188717365264893,0.77695717811584475,1,1
donor_withdrawal,2479,V32P-A016958,0,0.69342765808105467,0.68666555881500246,1,1
donor_withdrawal,2480,V32P-A016959,0,0.63934912681579592,0.63249273300170894,1,1
donor_withdrawal,2481,V32P-A016960,0,0.57154756784439087,0.56544221043586729,0,0
donor_withdrawal,2482,V32P-A016961,0,0.48095127344131472,0.4768117368221283,0,0
donor_withdrawal,2483,V32P-A016962,0,0.2636641889810562,0.26410575509071349,0,0
donor_withdrawal,2484,V32P-A017077,0,0.62343281507492065,0.61525682210922239,1,0
donor_withdrawal,2485,V32P-A017078,0,0.65194025039672854,0.64545629024505613,1,1
donor_withdrawal,2486,V32P-A017079,0,0.60835548043251042,0.60173060297966008,0,0
donor_withdrawal,2487,V32P-A017080,0,0.54074111580848694,0.5350186407566071,0,0
donor_withdrawal,2488,V32P-A017081,0,0.38724296987056733,0.38570438325405121,0,0
donor_withdrawal,2489,V32P-A017082,0,0.15481117814779283,0.15752099305391312,0,0
donor_withdrawal,2490,V32P-A017089,1,0.83805551528930666,0.83561567068099973,1,1
donor_withdrawal,2491,V32P-A017090,1,0.7609783411026001,0.75826679468154912,1,1
donor_withdrawal,2492,V32P-A017091,1,0.80492252111434937,0.80177580118179326,1,1
donor_withdrawal,2493,V32P-A017092,0,0.19329306781291961,0.19708371162414551,0,0
donor_withdrawal,2494,V32P-A017093,0,0.15739412158727645,0.16117234975099565,0,0
donor_withdrawal,2495,V32P-A017094,0,0.053167059272527697,0.055468124896287919,0,0
donor_withdrawal,2496,V32P-A017167,1,0.73049731254577632,0.73367395401000979,1,1
donor_withdrawal,2497,V32P-A017168,1,0.63543204069137571,0.64261527061462398,1,1
donor_withdrawal,2498,V32P-A017169,1,0.53677923679351802,0.5472382068634033,0,0
donor_withdrawal,2499,V32P-A017170,0,0.10724993497133255,0.11833092421293259,0,0
donor_withdrawal,2500,V32P-A017171,0,0.072195000946521759,0.079347370564937597,0,0
donor_withdrawal,2501,V32P-A017172,0,0.02973173577338457,0.032243227772414687,0,0
donor_withdrawal,2502,V32P-A017173,0,0.61489022970199581,0.61261672973632808,0,0
donor_withdrawal,2503,V32P-A017174,0,0.62724485397338869,0.62744933366775513,1,1
donor_withdrawal,2504,V32P-A017175,0,0.59070421457290645,0.59371767044067381,0,0
donor_withdrawal,2505,V32P-A017176,0,0.47724688649177549,0.4849993050098419,0,0
donor_withdrawal,2506,V32P-A017177,1,0.35698473453521729,0.36848106980323792,0,0
donor_withdrawal,2507,V32P-A017178,0,0.025654275156557559,0.027695093676447867,0,0
donor_withdrawal,2508,V32P-A017185,0,0.64896603822708132,0.65181440114974976,1,1
donor_withdrawal,2509,V32P-A017186,0,0.5734436690807343,0.57756366133689885,0,0
donor_withdrawal,2510,V32P-A017187,0,0.52144013643264775,0.52650683522224428,0,0
donor_withdrawal,2511,V32P-A017188,0,0.42574132680892945,0.4318544089794159,0,0
donor_withdrawal,2512,V32P-A017189,0,0.32222889661788939,0.32828454971313475,0,0
donor_withdrawal,2513,V32P-A017190,0,0.13644338250160218,0.14066251367330551,0,0
donor_withdrawal,2514,V32P-A017281,0,0.57756757736206055,0.57400021553039549,0,0
donor_withdrawal,2515,V32P-A017282,0,0.50945321321487425,0.51097005009651186,0,0
donor_withdrawal,2516,V32P-A017283,0,0.46478602290153503,0.47188162207603457,0,0
donor_withdrawal,2517,V32P-A017284,0,0.40075280070304869,0.41134976744651797,0,0
donor_withdrawal,2518,V32P-A017285,0,0.31773974597454069,0.33039152920246123,0,0
donor_withdrawal,2519,V32P-A017286,0,0.13327638506889344,0.14323466867208481,0,0
donor_withdrawal,2520,V32P-A017341,0,0.80102874040603633,0.80120062828063965,1,1
donor_withdrawal,2521,V32P-A017342,0,0.68446328639984133,0.69076061248779297,1,1
donor_withdrawal,2522,V32P-A017343,0,0.5967008709907532,0.60070605278015132,0,0
donor_withdrawal,2523,V32P-A017344,0,0.52423971891403198,0.52732443809509277,0,0
donor_withdrawal,2524,V32P-A017345,0,0.53303266167640684,0.53484163880348201,0,0
donor_withdrawal,2525,V32P-A017346,0,0.20322373509407043,0.20839010775089264,0,0
donor_withdrawal,2526,V32P-A017383,0,0.59421228170394902,0.59716923236846919,0,0
donor_withdrawal,2527,V32P-A017384,0,0.58329974412918095,0.58649692535400388,0,0
donor_withdrawal,2528,V32P-A017385,0,0.58617774248123167,0.5899256587028503,0,0
donor_withdrawal,2529,V32P-A017386,0,0.53599803447723393,0.53992073535919194,0,0
donor_withdrawal,2530,V32P-A017387,0,0.47924643754959106,0.48315819501876833,0,0
donor_withdrawal,2531,V32P-A017388,0,0.26382094323635102,0.26990987360477448,0,0
donor_withdrawal,2532,V32P-A017401,0,0.44182963967323302,0.44339870214462279,0,0
donor_withdrawal,2533,V32P-A017402,0,0.44067263007164004,0.44972182512283326,0,0
donor_withdrawal,2534,V32P-A017403,0,0.4095234453678131,0.42435460090637206,0,0
donor_withdrawal,2535,V32P-A017404,0,0.32280039191246035,0.34095659255981448,0,0
donor_withdrawal,2536,V32P-A017405,0,0.25364708304405215,0.27029655873775482,0,0
donor_withdrawal,2537,V32P-A017406,0,0.1111394815146923,0.11849738508462906,0,0
donor_withdrawal,2538,V32P-A017407,0,0.64823349714279177,0.65005095005035396,1,1
donor_withdrawal,2539,V32P-A017408,0,0.65842427015304561,0.66091489791870117,1,1
donor_withdrawal,2540,V32P-A017409,0,0.67042075395584111,0.67386226654052739,1,1
donor_withdrawal,2541,V32P-A017410,1,0.63511306047439575,0.64105114936828611,1,1
donor_withdrawal,2542,V32P-A017411,0,0.09453736394643783,0.10002818703651428,0,0
donor_withdrawal,2543,V32P-A017412,0,0.044836985692381856,0.047292130813002584,0,0
donor_withdrawal,2544,V32P-A017419,0,0.62621423006057741,0.63077967166900639,1,1
donor_withdrawal,2545,V32P-A017420,0,0.53612670898437498,0.54750665426254275,0,0
donor_withdrawal,2546,V32P-A017421,0,0.46034305095672606,0.47517709136009217,0,0
donor_withdrawal,2547,V32P-A017422,0,0.37752966880798339,0.39411768913269041,0,0
donor_withdrawal,2548,V32P-A017423,0,0.35149230062961578,0.36909292638301849,0,0
donor_withdrawal,2549,V32P-A017424,0,0.15878560841083528,0.17433104217052459,0,0
donor_withdrawal,2550,V32P-A017455,1,0.78459361791610716,0.78846251964569092,1,1
donor_withdrawal,2551,V32P-A017456,1,0.70645010471343994,0.70943131446838381,1,1
donor_withdrawal,2552,V32P-A017457,1,0.61926344633102415,0.62577975988388057,0,1
donor_withdrawal,2553,V32P-A017458,0,0.13730659633874892,0.1447788432240486,0,0
donor_withdrawal,2554,V32P-A017459,0,0.099479445815086359,0.10391761586070061,0,0
donor_withdrawal,2555,V32P-A017460,0,0.042931201867759228,0.044586489163339141,0,0
donor_withdrawal,2556,V32P-A017461,0,0.65493913888931277,0.65784364938735962,1,1
donor_withdrawal,2557,V32P-A017462,0,0.56984499096870422,0.57355272173881533,0,0
donor_withdrawal,2558,V32P-A017463,0,0.54722927808761601,0.55100661516189575,0,0
donor_withdrawal,2559,V32P-A017464,0,0.49808076024055481,0.5027148425579071,0,0
donor_withdrawal,2560,V32P-A017465,0,0.42054964303970338,0.42804924249649046,0,0
donor_withdrawal,2561,V32P-A017466,0,0.20447950065135956,0.21484086215496062,0,0
donor_withdrawal,2562,V32P-A017551,1,0.7394227266311646,0.73768603801727295,1,1
donor_withdrawal,2563,V32P-A017552,1,0.63043581247329716,0.62452805042266846,1,1
donor_withdrawal,2564,V32P-A017553,0,0.21277568638324737,0.21453129351139069,0,0
donor_withdrawal,2565,V32P-A017554,0,0.20854130983352662,0.21122287809848786,0,0
donor_withdrawal,2566,V32P-A017555,0,0.13016094714403154,0.13208620995283127,0,0
donor_withdrawal,2567,V32P-A017556,0,0.057041115686297418,0.058362659811973569,0,0
donor_withdrawal,2568,V32P-A017653,0,0.59530129432678225,0.58984363079071045,0,0
donor_withdrawal,2569,V32P-A017654,0,0.4794194161891937,0.47223649621009828,0,0
donor_withdrawal,2570,V32P-A017655,0,0.61237213611602781,0.60961664915084834,0,0
donor_withdrawal,2571,V32P-A017656,0,0.51153092980384829,0.50629609227180483,0,0
donor_withdrawal,2572,V32P-A017657,0,0.43587768077850342,0.43304184675216673,0,0
donor_withdrawal,2573,V32P-A017658,0,0.22349053621292114,0.22551139593124389,0,0
donor_withdrawal,2574,V32P-A017659,0,0.71139081716537478,0.71140636205673213,1,1
donor_withdrawal,2575,V32P-A017660,0,0.65915867090225222,0.65913823843002317,1,1
donor_withdrawal,2576,V32P-A017661,0,0.61704767942428584,0.61828393936157222,0,0
donor_withdrawal,2577,V32P-A017662,0,0.58332673311233518,0.58682135343551634,0,0
donor_withdrawal,2578,V32P-A017663,0,0.57048047780990596,0.58455981016159053,0,0
donor_withdrawal,2579,V32P-A017664,0,0.044611258432269096,0.046770576015114786,0,0
donor_withdrawal,2580,V32P-A017689,0,0.69045232534408574,0.69283244609832761,1,1
donor_withdrawal,2581,V32P-A017690,0,0.61671601533889775,0.61684826612472532,0,0
donor_withdrawal,2582,V32P-A017691,0,0.59793214797973637,0.5993858277797699,0,0
donor_withdrawal,2583,V32P-A017692,0,0.58764601349830625,0.59243359565734866,0,0
donor_withdrawal,2584,V32P-A017693,1,0.53202645182609554,0.5384147107601166,0,0
donor_withdrawal,2585,V32P-A017694,0,0.040976193174719809,0.043154053390026093,0,0
donor_withdrawal,2586,V32P-A017695,0,0.40710738897323606,0.40661253929138186,0,0
donor_withdrawal,2587,V32P-A017696,0,0.40795204043388367,0.40955857634544374,0,0
donor_withdrawal,2588,V32P-A017697,0,0.35759633183479311,0.3628454267978668,0,0
donor_withdrawal,2589,V32P-A017698,0,0.28650493025779722,0.29505836963653564,0,0
donor_withdrawal,2590,V32P-A017699,0,0.22057013511657714,0.22986433207988738,0,0
donor_withdrawal,2591,V32P-A017700,0,0.098557979613542554,0.10314413532614708,0,0
donor_withdrawal,2592,V32P-A017701,1,0.64294111728668213,0.63856558799743657,1,1
donor_withdrawal,2593,V32P-A017702,1,0.67972105741500854,0.67267789840698244,1,1
donor_withdrawal,2594,V32P-A017703,1,0.49394947886466978,0.48927076458930968,0,0
donor_withdrawal,2595,V32P-A017704,0,0.11823427453637123,0.1185261495411396,0,0
donor_withdrawal,2596,V32P-A017705,0,0.13583681210875512,0.1395713396370411,0,0
donor_withdrawal,2597,V32P-A017706,0,0.038311694003641608,0.038839215971529485,0,0
donor_withdrawal,2598,V32P-A017731,0,0.67171216011047363,0.67456896305084224,1,1
donor_withdrawal,2599,V32P-A017732,0,0.6021392166614532,0.60610300898551939,0,0
donor_withdrawal,2600,V32P-A017733,0,0.60894905328750615,0.61294429302215581,0,0
donor_withdrawal,2601,V32P-A017734,0,0.5591084778308868,0.56512325406074526,0,0
donor_withdrawal,2602,V32P-A017735,1,0.47973915934562683,0.4903922975063324,0,0
donor_withdrawal,2603,V32P-A017736,0,0.03817331325262785,0.041404590196907523,0,0
donor_withdrawal,2604,V32P-A017779,0,0.66590087413787846,0.66102350950241084,1,1
donor_withdrawal,2605,V32P-A017780,0,0.58434299826622005,0.57730469703674314,0,0
donor_withdrawal,2606,V32P-A017781,0,0.50051025152206419,0.49738731384277346,0,0
donor_withdrawal,2607,V32P-A017782,0,0.47209541201591493,0.47301863431930541,0,0
donor_withdrawal,2608,V32P-A017783,0,0.44167189598083495,0.44637452960014345,0,0
donor_withdrawal,2609,V32P-A017784,0,0.22740984857082366,0.23367421627044677,0,0
donor_withdrawal,2610,V32P-A017821,0,0.62076740264892583,0.63081737756729128,1,1
donor_withdrawal,2611,V32P-A017822,0,0.52004305124282835,0.52847142219543453,0,0
donor_withdrawal,2612,V32P-A017823,0,0.46900812387466428,0.47673739194869996,0,0
donor_withdrawal,2613,V32P-A017824,0,0.39669387936592104,0.40313136577606201,0,0
donor_withdrawal,2614,V32P-A017825,0,0.31945286393165589,0.32421979308128357,0,0
donor_withdrawal,2615,V32P-A017826,0,0.15561921894550323,0.15943645238876342,0,0
donor_withdrawal,2616,V32P-A017851,0,0.73385286331176758,0.73908004760742185,1,1
donor_withdrawal,2617,V32P-A017852,0,0.51480329036712646,0.51751742362976072,0,0
donor_withdrawal,2618,V32P-A017853,0,0.54692104458808899,0.55743134617805479,0,0
donor_withdrawal,2619,V32P-A017854,0,0.56233109831810002,0.56948719620704646,0,0
donor_withdrawal,2620,V32P-A017855,0,0.41788109540939333,0.42417243123054504,0,0
donor_withdrawal,2621,V32P-A017856,0,0.18848613649606705,0.19348493963479996,0,0
donor_withdrawal,2622,V32P-A017875,0,0.4903453975915909,0.4859205037355423,0,0
donor_withdrawal,2623,V32P-A017876,0,0.55856103897094722,0.55547847747802737,0,0
donor_withdrawal,2624,V32P-A017877,0,0.54556165337562557,0.54343728423118587,0,0
donor_withdrawal,2625,V32P-A017878,0,0.48829553127288816,0.48952518701553344,0,0
donor_withdrawal,2626,V32P-A017879,0,0.40525255203247068,0.41073566675186157,0,0
donor_withdrawal,2627,V32P-A017880,0,0.17662452906370163,0.18794560879468919,0,0
donor_withdrawal,2628,V32P-A017905,1,0.57446807622909546,0.57541544437408443,0,0
donor_withdrawal,2629,V32P-A017906,1,0.53686932921409602,0.53826611638069155,0,0
donor_withdrawal,2630,V32P-A017907,1,0.56818506121635437,0.57039273381233213,0,0
donor_withdrawal,2631,V32P-A017908,0,0.092491801083087924,0.10026639997959137,0,0
donor_withdrawal,2632,V32P-A017909,0,0.071421563625335693,0.078080986440181729,0,0
donor_withdrawal,2633,V32P-A017910,0,0.033303222805261615,0.036813984438776967,0,0
donor_withdrawal,2634,V32P-A017923,0,0.66444056034088139,0.6613059520721436,1,1
donor_withdrawal,2635,V32P-A017924,0,0.52498090863227842,0.53425721526145931,0,0
donor_withdrawal,2636,V32P-A017925,0,0.44833021163940429,0.45400297045707705,0,0
donor_withdrawal,2637,V32P-A017926,0,0.4030675172805786,0.41562963724136354,0,0
donor_withdrawal,2638,V32P-A017927,0,0.36821188032627106,0.38206233680248258,0,0
donor_withdrawal,2639,V32P-A017928,0,0.030828583240509033,0.03264745716005564,0,0
donor_withdrawal,2640,V32P-A018001,0,0.78223879337310787,0.77974723577499394,1,1
donor_withdrawal,2641,V32P-A018002,0,0.63492108583450313,0.63050792217254636,1,1
donor_withdrawal,2642,V32P-A018003,0,0.56002975702285762,0.55433895587921145,0,0
donor_withdrawal,2643,V32P-A018004,0,0.50696630477905269,0.50163819789886477,0,0
donor_withdrawal,2644,V32P-A018005,0,0.47590343356132508,0.4705223083496094,0,0
donor_withdrawal,2645,V32P-A018006,0,0.21531680822372437,0.2164296180009842,0,0
donor_withdrawal,2646,V32P-A018007,0,0.46393661499023436,0.45722626447677611,0,0
donor_withdrawal,2647,V32P-A018008,0,0.45227745175361633,0.44643211364746094,0,0
donor_withdrawal,2648,V32P-A018009,0,0.430331689119339,0.42559956312179564,0,0
donor_withdrawal,2649,V32P-A018010,0,0.36027216613292695,0.35718528926372528,0,0
donor_withdrawal,2650,V32P-A018011,0,0.2856369435787201,0.28479942679405212,0,0
donor_withdrawal,2651,V32P-A018012,0,0.12643707394599915,0.12927668988704683,0,0
donor_withdrawal,2652,V32P-A018013,0,0.61474200487136843,0.61726204156875608,0,0
donor_withdrawal,2653,V32P-A018014,0,0.45733696222305298,0.46244364976882935,0,0
donor_withdrawal,2654,V32P-A018015,0,0.32317132949829103,0.33258136510849001,0,0
donor_withdrawal,2655,V32P-A018016,0,0.48321606516838073,0.48697807192802428,0,0
donor_withdrawal,2656,V32P-A018017,0,0.37319375872611998,0.3820676267147064,0,0
donor_withdrawal,2657,V32P-A018018,0,0.12489610761404038,0.13226020187139512,0,0
donor_withdrawal,2658,V32P-A018073,1,0.60299394130706785,0.60287867784500127,0,0
donor_withdrawal,2659,V32P-A018074,1,0.53106710314750671,0.53001073002815247,0,0
donor_withdrawal,2660,V32P-A018075,0,0.14701314866542817,0.15168577134609224,0,0
donor_withdrawal,2661,V32P-A018076,0,0.15614179223775865,0.16526773124933242,0,0
donor_withdrawal,2662,V32P-A018077,0,0.071012590080499649,0.074092426151037213,0,0
donor_withdrawal,2663,V32P-A018078,0,0.030660462006926535,0.03258310332894325,0,0
donor_withdrawal,2664,V32P-A018103,0,0.66698757410049436,0.66988086700439453,1,1
donor_withdrawal,2665,V32P-A018104,0,0.61814441680908205,0.62216089963912968,0,1
donor_withdrawal,2666,V32P-A018105,0,0.5773154139518738,0.58358422517776487,0,0
donor_withdrawal,2667,V32P-A018106,0,0.48972315192222593,0.50094602704048152,0,0
donor_withdrawal,2668,V32P-A018107,0,0.37781661748886108,0.3919350028038025,0,0
donor_withdrawal,2669,V32P-A018108,0,0.16706838011741637,0.17657282203435898,0,0
donor_withdrawal,2670,V32P-A018187,1,0.87876929044723506,0.88046092987060542,1,1
donor_withdrawal,2671,V32P-A018188,1,0.80712002515792847,0.80919383764266972,1,1
donor_withdrawal,2672,V32P-A018189,1,0.80671977996826172,0.80952695608139036,1,1
donor_withdrawal,2673,V32P-A018190,0,0.28250234723091128,0.2960625231266022,0,0
donor_withdrawal,2674,V32P-A018191,0,0.20458884537220001,0.21519220173358916,0,0
donor_withdrawal,2675,V32P-A018192,0,0.087952486798167223,0.092178798466920855,0,0
donor_withdrawal,2676,V32P-A018229,0,0.50633181929588322,0.48869503736495973,0,0
donor_withdrawal,2677,V32P-A018230,0,0.51183146834373472,0.50103778243064878,0,0
donor_withdrawal,2678,V32P-A018231,0,0.4662982761859894,0.45962566733360288,0,0
donor_withdrawal,2679,V32P-A018232,0,0.36359770894050597,0.36463748812675478,0,0
donor_withdrawal,2680,V32P-A018233,0,0.26914719343185423,0.26854215264320375,0,0
donor_withdrawal,2681,V32P-A018234,0,0.10288882553577423,0.10528164356946945,0,0
donor_withdrawal,2682,V32P-A018403,0,0.49151561856269838,0.48791235089302065,0,0
donor_withdrawal,2683,V32P-A018404,0,0.35667379200458527,0.35237844288349152,0,0
donor_withdrawal,2684,V32P-A018405,0,0.29534306824207307,0.28937215507030489,0,0
donor_withdrawal,2685,V32P-A018406,0,0.22967092543840409,0.22445345073938369,0,0
donor_withdrawal,2686,V32P-A018407,0,0.17666507214307786,0.17298355251550673,0,0
donor_withdrawal,2687,V32P-A018408,0,0.077164251357316971,0.076957949250936505,0,0
donor_withdrawal,2688,V32P-A018433,1,0.53471753001213074,0.53387038707733159,0,0
donor_withdrawal,2689,V32P-A018434,1,0.5121504604816437,0.51069356799125676,0,0
donor_withdrawal,2690,V32P-A018435,1,0.47734830975532533,0.47565600872039793,0,0
donor_withdrawal,2691,V32P-A018436,0,0.094778929278254515,0.099737938866019255,0,0
donor_withdrawal,2692,V32P-A018437,0,0.071534788608551031,0.076096382737159726,0,0
donor_withdrawal,2693,V32P-A018438,0,0.032453364785760642,0.035077188070863484,0,0
donor_withdrawal,2694,V32P-A018439,0,0.68893808126449585,0.68724588155746458,1,1
donor_withdrawal,2695,V32P-A018440,0,0.53555268049240112,0.53244123458862302,0,0
donor_withdrawal,2696,V32P-A018441,0,0.49492459297180175,0.49258286952972413,0,0
donor_withdrawal,2697,V32P-A018442,0,0.39249434471130373,0.39403067231178285,0,0
donor_withdrawal,2698,V32P-A018443,0,0.39511943459510801,0.39794881939887999,0,0
donor_withdrawal,2699,V32P-A018444,0,0.15202472507953643,0.15771580636501312,0,0
donor_withdrawal,2700,V32P-A018469,0,0.5976811945438385,0.58894880414009099,0,0
donor_withdrawal,2701,V32P-A018470,0,0.5287629306316376,0.5262036085128784,0,0
donor_withdrawal,2702,V32P-A018471,0,0.44432851672172546,0.44528467655181886,0,0
donor_withdrawal,2703,V32P-A018472,0,0.38625640869140626,0.39170434474945071,0,0
donor_withdrawal,2704,V32P-A018473,0,0.30262215733528136,0.30933058261871338,0,0
donor_withdrawal,2705,V32P-A018474,0,0.12979090958833694,0.13817122429609299,0,0
donor_withdrawal,2706,V32P-A018475,0,0.44883090853691099,0.43527642488479612,0,0
donor_withdrawal,2707,V32P-A018476,0,0.48577723503112791,0.4754901170730591,0,0
donor_withdrawal,2708,V32P-A018477,0,0.5553540706634521,0.54814485311508176,0,0
donor_withdrawal,2709,V32P-A018478,0,0.60054338574409483,0.59323747754096989,0,0
donor_withdrawal,2710,V32P-A018479,1,0.38199561834335327,0.37684706449508665,0,0
donor_withdrawal,2711,V32P-A018480,0,0.026531917229294776,0.027787156403064728,0,0
donor_withdrawal,2712,V32P-A018481,0,0.50560891032218935,0.503214031457901,0,0
donor_withdrawal,2713,V32P-A018482,0,0.53263342380523682,0.53147282600402834,0,0
donor_withdrawal,2714,V32P-A018483,0,0.51416410803794865,0.51270956397056577,0,0
donor_withdrawal,2715,V32P-A018484,0,0.44588965773582456,0.44630094170570372,0,0
donor_withdrawal,2716,V32P-A018485,0,0.34050315618515015,0.35132626891136171,0,0
donor_withdrawal,2717,V32P-A018486,0,0.150523279607296,0.15751796215772629,0,0
donor_withdrawal,2718,V32P-A018487,0,0.72224504947662349,0.7243823170661926,1,1
donor_withdrawal,2719,V32P-A018488,0,0.68865157365798946,0.69130816459655764,1,1
donor_withdrawal,2720,V32P-A018489,0,0.68064413070678709,0.68485083580017092,1,1
donor_withdrawal,2721,V32P-A018490,0,0.66515443325042722,0.67112592458724973,1,1
donor_withdrawal,2722,V32P-A018491,0,0.63798888921737673,0.64490892887115481,1,1
donor_withdrawal,2723,V32P-A018492,0,0.39661480784416198,0.41262737512588499,0,0
donor_withdrawal,2724,V32P-A018517,0,0.60974477529525761,0.60551339387893677,0,0
donor_withdrawal,2725,V32P-A018518,0,0.46645061373710633,0.45889443159103394,0,0
donor_withdrawal,2726,V32P-A018519,0,0.41571574807167055,0.40769083499908448,0,0
donor_withdrawal,2727,V32P-A018520,0,0.379256534576416,0.37092599272727966,0,0
donor_withdrawal,2728,V32P-A018521,1,0.33116323351860044,0.32383912205696108,0,0
donor_withdrawal,2729,V32P-A018522,0,0.028372392058372498,0.029416314885020257,0,0
donor_withdrawal,2730,V32P-A018541,0,0.72995363473892216,0.71434391736984248,1,1
donor_withdrawal,2731,V32P-A018542,0,0.68349034786224361,0.66684349775314333,1,1
donor_withdrawal,2732,V32P-A018543,0,0.62870671153068547,0.61186780929565432,1,0
donor_withdrawal,2733,V32P-A018544,0,0.5444540739059448,0.52601354718208315,0,0
donor_withdrawal,2734,V32P-A018545,0,0.44738103747367858,0.43205514550209045,0,0
donor_withdrawal,2735,V32P-A018546,0,0.053317309450358154,0.053447149600833653,0,0
donor_withdrawal,2736,V32P-A018625,0,0.71316282153129573,0.7141549289226532,1,1
donor_withdrawal,2737,V32P-A018626,0,0.59664756059646606,0.59702759981155396,0,0
donor_withdrawal,2738,V32P-A018627,0,0.71994009613990784,0.72030282616615293,1,1
donor_withdrawal,2739,V32P-A018628,0,0.49355664551258088,0.49580601751804354,0,0
donor_withdrawal,2740,V32P-A018629,0,0.41245253086090089,0.41656321883201597,0,0
donor_withdrawal,2741,V32P-A018630,0,0.22151794880628586,0.22832607477903366,0,0
donor_withdrawal,2742,V32P-A018637,1,0.773048996925354,0.77395805120468142,1,1
donor_withdrawal,2743,V32P-A018638,1,0.62811901569366457,0.62950460910797124,1,1
donor_withdrawal,2744,V32P-A018639,0,0.12918511554598808,0.13571873530745507,0,0
donor_withdrawal,2745,V32P-A018640,0,0.10822176486253739,0.11496222764253616,0,0
donor_withdrawal,2746,V32P-A018641,0,0.084980931133031845,0.091156665235757828,0,0
donor_withdrawal,2747,V32P-A018642,0,0.032104330882430074,0.034400464594364168,0,0
donor_withdrawal,2748,V32P-A018667,0,0.74951775074005123,0.74985144138336179,1,1
donor_withdrawal,2749,V32P-A018668,0,0.55574578046798706,0.55557303428649907,0,0
donor_withdrawal,2750,V32P-A018669,0,0.48580728173255922,0.48365753889083862,0,0
donor_withdrawal,2751,V32P-A018670,0,0.4068415343761444,0.40519415736198428,0,0
donor_withdrawal,2752,V32P-A018671,0,0.37732850313186644,0.37622253298759462,0,0
donor_withdrawal,2753,V32P-A018672,0,0.18430165797472001,0.18498155921697618,0,0
donor_withdrawal,2754,V32P-A018763,0,0.49127354025840758,0.49053741097450254,0,0
donor_withdrawal,2755,V32P-A018764,0,0.46015274524688721,0.45903927087783813,0,0
donor_withdrawal,2756,V32P-A018765,0,0.43068715929985046,0.42917754054069518,0,0
donor_withdrawal,2757,V32P-A018766,0,0.36927467584609985,0.37009021639823914,0,0
donor_withdrawal,2758,V32P-A018767,0,0.29612187743186952,0.29890751838684082,0,0
donor_withdrawal,2759,V32P-A018768,0,0.13390965461730958,0.13896901011466981,0,0
donor_withdrawal,2760,V32P-A018769,0,0.6183221101760864,0.61133902072906499,0,0
donor_withdrawal,2761,V32P-A018770,0,0.47626980543136599,0.47510223388671874,0,0
donor_withdrawal,2762,V32P-A018771,0,0.32861690521240233,0.33803560733795168,0,0
donor_withdrawal,2763,V32P-A018772,0,0.31988994479179383,0.32471731305122375,0,0
donor_withdrawal,2764,V32P-A018773,0,0.23657236695289613,0.24512118101119995,0,0
donor_withdrawal,2765,V32P-A018774,0,0.096541184186935428,0.10560085475444794,0,0
donor_withdrawal,2766,V32P-A018943,0,0.81317366361618038,0.80987539291381838,1,1
donor_withdrawal,2767,V32P-A018944,0,0.69795986413955691,0.69438022375106812,1,1
donor_withdrawal,2768,V32P-A018945,0,0.66496813297271729,0.6600719690322876,1,1
donor_withdrawal,2769,V32P-A018946,0,0.7080604672431946,0.70433027744293208,1,1
donor_withdrawal,2770,V32P-A018947,0,0.56901898384094241,0.56753805875778196,0,0
donor_withdrawal,2771,V32P-A018948,0,0.2854891002178192,0.28620584011077882,0,0
donor_withdrawal,2772,V32P-A018955,0,0.77883918285369869,0.77944011688232417,1,1
donor_withdrawal,2773,V32P-A018956,0,0.70735232830047612,0.70824013948440556,1,1
donor_withdrawal,2774,V32P-A018957,0,0.6417143821716309,0.64242136478424072,1,1
donor_withdrawal,2775,V32P-A018958,0,0.50892774462699886,0.50790769457817075,0,0
donor_withdrawal,2776,V32P-A018959,0,0.39718487858772278,0.39528930783271787,0,0
donor_withdrawal,2777,V32P-A018960,0,0.16649345308542252,0.16883476525545121,0,0
donor_withdrawal,2778,V32P-A018973,0,0.62962850332260134,0.63318293094635014,1,1
donor_withdrawal,2779,V32P-A018974,0,0.59900368452072139,0.60260032415390019,0,0
donor_withdrawal,2780,V32P-A018975,0,0.56076027154922481,0.56354540586471558,0,0
donor_withdrawal,2781,V32P-A018976,0,0.58295829296112056,0.58756400346755977,0,0
donor_withdrawal,2782,V32P-A018977,0,0.51535490155220032,0.52351737022399902,0,0
donor_withdrawal,2783,V32P-A018978,0,0.044275466352701187,0.046180183067917824,0,0
donor_withdrawal,2784,V32P-A019069,0,0.44721845984458924,0.44052610993385316,0,0
donor_withdrawal,2785,V32P-A019070,0,0.36997519731521605,0.36245326399803163,0,0
donor_withdrawal,2786,V32P-A019071,0,0.32459943890571596,0.32140675783157346,0,0
donor_withdrawal,2787,V32P-A019072,0,0.25144918262958527,0.2522705405950546,0,0
donor_withdrawal,2788,V32P-A019073,0,0.2288988560438156,0.23185681998729707,0,0
donor_withdrawal,2789,V32P-A019074,0,0.086250959336757665,0.090063889324665067,0,0
donor_withdrawal,2790,V32P-A019129,0,0.52128891944885258,0.52362406253814697,0,0
donor_withdrawal,2791,V32P-A019130,0,0.56117230653762817,0.56428655385971072,0,0
donor_withdrawal,2792,V32P-A019131,0,0.49761498570442197,0.50371860265731816,0,0
donor_withdrawal,2793,V32P-A019132,0,0.43381422162055971,0.44161006808280945,0,0
donor_withdrawal,2794,V32P-A019133,0,0.36341316699981691,0.37177994251251223,0,0
donor_withdrawal,2795,V32P-A019134,0,0.17755021303892135,0.18610075265169143,0,0
donor_withdrawal,2796,V32P-A019243,0,0.61485072374343874,0.60790116190910337,0,0
donor_withdrawal,2797,V32P-A019244,0,0.6125696182250977,0.60866954326629641,0,0
donor_withdrawal,2798,V32P-A019245,0,0.55378468632698064,0.55323409438133242,0,0
donor_withdrawal,2799,V32P-A019246,0,0.5048978745937347,0.50945330858230586,0,0
donor_withdrawal,2800,V32P-A019247,1,0.49144745469093321,0.49777488112449647,0,0
donor_withdrawal,2801,V32P-A019248,0,0.032360838167369364,0.034058835916221143,0,0
donor_withdrawal,2802,V32P-A019249,0,0.49074205160140993,0.49056105613708495,0,0
donor_withdrawal,2803,V32P-A019250,0,0.50127792358398438,0.50242048501968384,0,0
donor_withdrawal,2804,V32P-A019251,0,0.3895886719226837,0.39363537430763246,0,0
donor_withdrawal,2805,V32P-A019252,0,0.2985842227935791,0.30536932945251466,0,0
donor_withdrawal,2806,V32P-A019253,0,0.21676964163780213,0.22542357444763184,0,0
donor_withdrawal,2807,V32P-A019254,0,0.09008044153451919,0.098719526827335355,0,0
donor_withdrawal,2808,V32P-A019285,0,0.41178516149520872,0.41132496595382689,0,0
donor_withdrawal,2809,V32P-A019286,0,0.40031548738479616,0.40199630260467528,0,0
donor_withdrawal,2810,V32P-A019287,0,0.37339949905872344,0.37832743227481841,0,0
donor_withdrawal,2811,V32P-A019288,0,0.29750157594680787,0.30353459119796755,0,0
donor_withdrawal,2812,V32P-A019289,0,0.23487189412117004,0.2424117386341095,0,0
donor_withdrawal,2813,V32P-A019290,0,0.10188504755496978,0.10858612060546875,0,0
donor_withdrawal,2814,V32P-A019339,0,0.59078667163848875,0.58102256059646606,0,0
donor_withdrawal,2815,V32P-A019340,0,0.49890293478965758,0.50009161829948423,0,0
donor_withdrawal,2816,V32P-A019341,0,0.5094313502311707,0.50572799444198613,0,0
donor_withdrawal,2817,V32P-A019342,0,0.42604113221168516,0.42570163011550904,0,0
donor_withdrawal,2818,V32P-A019343,0,0.32739219069480896,0.33014956116676331,0,0
donor_withdrawal,2819,V32P-A019344,0,0.14130515605211258,0.14834995716810226,0,0
donor_withdrawal,2820,V32P-A019345,0,0.59542034864425664,0.59445828199386597,0,0
donor_withdrawal,2821,V32P-A019346,0,0.68438332080841069,0.68481289148330693,1,1
donor_withdrawal,2822,V32P-A019347,0,0.64607677459716795,0.6475965261459351,1,1
donor_withdrawal,2823,V32P-A019348,0,0.57735692262649541,0.58298172950744631,0,0
donor_withdrawal,2824,V32P-A019349,0,0.49263571500778197,0.50498396158218384,0,0
donor_withdrawal,2825,V32P-A019350,0,0.23955962508916856,0.25673879534006117,0,0
donor_withdrawal,2826,V32P-A019411,0,0.51348493099212644,0.50559327602386472,0,0
donor_withdrawal,2827,V32P-A019412,0,0.49616453051567078,0.49124704003334047,0,0
donor_withdrawal,2828,V32P-A019413,0,0.43387594223022463,0.4318153500556946,0,0
donor_withdrawal,2829,V32P-A019414,0,0.35592893362045286,0.35931879281997681,0,0
donor_withdrawal,2830,V32P-A019415,0,0.29035117924213411,0.29842014014720919,0,0
donor_withdrawal,2831,V32P-A019416,0,0.11717404872179031,0.12368802279233933,0,0
donor_withdrawal,2832,V32P-A019429,1,0.69828737974166866,0.69475735425949092,1,1
donor_withdrawal,2833,V32P-A019430,1,0.68416161537170406,0.67731928825378418,1,1
donor_withdrawal,2834,V32P-A019431,1,0.6797177791595459,0.67089838981628414,1,1
donor_withdrawal,2835,V32P-A019432,0,0.1652493618428707,0.16397519931197166,0,0
donor_withdrawal,2836,V32P-A019433,0,0.12089524194598197,0.12120459601283073,0,0
donor_withdrawal,2837,V32P-A019434,0,0.060427254252135756,0.061076195724308488,0,0
donor_withdrawal,2838,V32P-A019441,1,0.66002914905548093,0.64763009548187256,1,1
donor_withdrawal,2839,V32P-A019442,1,0.62339540719985964,0.60863040685653691,1,0
donor_withdrawal,2840,V32P-A019443,1,0.54276707768440247,0.52544203400611877,0,0
donor_withdrawal,2841,V32P-A019444,0,0.10324033871293067,0.10276712700724602,0,0
donor_withdrawal,2842,V32P-A019445,0,0.075873878225684172,0.075667743757367137,0,0
donor_withdrawal,2843,V32P-A019446,0,0.034327182825654744,0.034504670929163692,0,0
donor_withdrawal,2844,V32P-A019597,0,0.58145993947982788,0.57979120016098018,0,0
donor_withdrawal,2845,V32P-A019598,0,0.58776184320449831,0.58718652725219722,0,0
donor_withdrawal,2846,V32P-A019599,0,0.56471888422965999,0.56344173550605769,0,0
donor_withdrawal,2847,V32P-A019600,0,0.4898614823818207,0.48827621340751648,0,0
donor_withdrawal,2848,V32P-A019601,0,0.4187482178211212,0.41859760880470276,0,0
donor_withdrawal,2849,V32P-A019602,0,0.20901803076267242,0.21643857657909393,0,0
donor_withdrawal,2850,V32P-A019609,0,0.7065579891204834,0.70435973405838015,1,1
donor_withdrawal,2851,V32P-A019610,0,0.54993705749511723,0.5425245046615601,0,0
donor_withdrawal,2852,V32P-A019611,0,0.44341814517974854,0.43088102936744688,0,0
donor_withdrawal,2853,V32P-A019612,0,0.46457307338714598,0.45215874910354614,0,0
donor_withdrawal,2854,V32P-A019613,0,0.33447843492031099,0.32431412637233736,0,0
donor_withdrawal,2855,V32P-A019614,0,0.1377109855413437,0.13515238612890243,0,0
donor_withdrawal,2856,V32P-A019759,0,0.67092006206512456,0.66987029314041135,1,1
donor_withdrawal,2857,V32P-A019760,0,0.53788869380950932,0.5350544929504395,0,0
donor_withdrawal,2858,V32P-A019761,0,0.49701311588287356,0.49384790658950806,0,0
donor_withdrawal,2859,V32P-A019762,0,0.47267362475395203,0.46947037577629092,0,0
donor_withdrawal,2860,V32P-A019763,0,0.38626410365104674,0.38424766659736631,0,0
donor_withdrawal,2861,V32P-A019764,0,0.17524904608726502,0.17826699316501618,0,0
donor_withdrawal,2862,V32P-A019813,0,0.5540759682655334,0.55963953733444216,0,0
donor_withdrawal,2863,V32P-A019814,0,0.50157160162925718,0.51164432168006901,0,0
donor_withdrawal,2864,V32P-A019815,0,0.41853617429733275,0.43347719907760618,0,0
donor_withdrawal,2865,V32P-A019816,0,0.32709399461746214,0.34734721183776857,0,0
donor_withdrawal,2866,V32P-A019817,0,0.25058007538318633,0.27297053039073943,0,0
donor_withdrawal,2867,V32P-A019818,0,0.098121348023414615,0.11280397176742554,0,0
donor_withdrawal,2868,V32P-A019885,0,0.58675354719161987,0.58275558948516848,0,0
donor_withdrawal,2869,V32P-A019886,0,0.4978381931781769,0.49219917058944701,0,0
donor_withdrawal,2870,V32P-A019887,0,0.43283072412014006,0.42555742561817167,0,0
donor_withdrawal,2871,V32P-A019888,0,0.36973004043102264,0.36269359290599823,0,0
donor_withdrawal,2872,V32P-A019889,0,0.35331729054450989,0.34812330007553099,0,0
donor_withdrawal,2873,V32P-A019890,0,0.18422817885875703,0.18325298130512238,0,0
donor_withdrawal,2874,V32P-A019903,0,0.50742698311805723,0.50430449843406677,0,0
donor_withdrawal,2875,V32P-A019904,0,0.60723665356636047,0.60640112757682796,0,0
donor_withdrawal,2876,V32P-A019905,0,0.67855345010757451,0.67846161127090454,1,1
donor_withdrawal,2877,V32P-A019906,0,0.6617494940757751,0.66342911720275877,1,1
donor_withdrawal,2878,V32P-A019907,0,0.57817244529724121,0.59150106906890865,0,0
donor_withdrawal,2879,V32P-A019908,0,0.42513735294342042,0.43980484008789061,0,0
donor_withdrawal,2880,V32P-A019957,0,0.47081266045570375,0.46604344844818113,0,0
donor_withdrawal,2881,V32P-A019958,0,0.45437502861022949,0.44979031682014464,0,0
donor_withdrawal,2882,V32P-A019959,0,0.42790122628211974,0.42371647357940673,0,0
donor_withdrawal,2883,V32P-A019960,0,0.36475526690483095,0.36251426935195924,0,0
donor_withdrawal,2884,V32P-A019961,1,0.29079012274742128,0.29139988422393798,0,0
donor_withdrawal,2885,V32P-A019962,0,0.02348292963579297,0.024585921410471202,0,0
donor_withdrawal,2886,V32P-A019975,0,0.73615084886550908,0.74182358980178831,1,1
donor_withdrawal,2887,V32P-A019976,0,0.59956644773483281,0.60436973571777342,0,0
donor_withdrawal,2888,V32P-A019977,0,0.51823424696922304,0.53234353065490725,0,0
donor_withdrawal,2889,V32P-A019978,0,0.53648377656936641,0.54221999645233154,0,0
donor_withdrawal,2890,V32P-A019979,0,0.52552165389060979,0.53546879887580867,0,0
donor_withdrawal,2891,V32P-A019980,0,0.29118838310241701,0.30067016184329987,0,0
donor_withdrawal,2892,V32P-A019987,1,0.41916148066520692,0.41055077314376831,0,0
donor_withdrawal,2893,V32P-A019988,1,0.3844733774662018,0.37770635485649107,0,0
donor_withdrawal,2894,V32P-A019989,1,0.42154735922813413,0.41344481706619263,0,0
donor_withdrawal,2895,V32P-A019990,0,0.069810382649302477,0.070753438398241997,0,0
donor_withdrawal,2896,V32P-A019991,0,0.055926094204187392,0.057366601377725604,0,0
donor_withdrawal,2897,V32P-A019992,0,0.025418771710246802,0.02655199160799384,0,0
donor_withdrawal,2898,V32P-A019993,1,0.8429801821708679,0.84237239360809324,1,1
donor_withdrawal,2899,V32P-A019994,1,0.77099891901016238,0.76969804763793948,1,1
donor_withdrawal,2900,V32P-A019995,0,0.19707378745079041,0.20293953120708466,0,0
donor_withdrawal,2901,V32P-A019996,0,0.33103889226913452,0.33923746347427369,0,0
donor_withdrawal,2902,V32P-A019997,0,0.11646227836608887,0.12034940868616104,0,0
donor_withdrawal,2903,V32P-A019998,0,0.045906209945678712,0.047587456554174422,0,0
donor_withdrawal,2904,V32P-A019999,1,0.67844821214675899,0.67099084854125979,1,1
donor_withdrawal,2905,V32P-A020000,1,0.6600469827651978,0.65291838645935063,1,1
donor_withdrawal,2906,V32P-A020001,1,0.60247749090194702,0.59673539400100706,0,0
donor_withdrawal,2907,V32P-A020002,0,0.09951407387852669,0.10198187753558159,0,0
donor_withdrawal,2908,V32P-A020003,0,0.075086790323257449,0.077559211105108258,0,0
donor_withdrawal,2909,V32P-A020004,0,0.033344220556318763,0.034922144003212453,0,0
donor_withdrawal,2910,V32P-A020005,0,0.52765980362892151,0.5327841460704803,0,0
donor_withdrawal,2911,V32P-A020006,0,0.4436990201473236,0.44814798831939695,0,0
donor_withdrawal,2912,V32P-A020007,0,0.34146515727043153,0.34356525540351868,0,0
donor_withdrawal,2913,V32P-A020008,0,0.27080456614494325,0.27143502235412598,0,0
donor_withdrawal,2914,V32P-A020009,0,0.21501294970512391,0.21559260785579681,0,0
donor_withdrawal,2915,V32P-A020010,0,0.10228722095489502,0.10433049947023391,0,0
donor_withdrawal,2916,V32P-A020017,1,0.79337254762649534,0.79715770483016968,1,1
donor_withdrawal,2917,V32P-A020018,1,0.56820933818817143,0.57703914046287541,0,0
donor_withdrawal,2918,V32P-A020019,0,0.14069158136844634,0.14553668051958085,0,0
donor_withdrawal,2919,V32P-A020020,0,0.23828689157962799,0.25061821043491361,0,0
donor_withdrawal,2920,V32P-A020021,0,0.092840953916311267,0.09619415327906608,0,0
donor_withdrawal,2921,V32P-A020022,0,0.045538913086056711,0.047682350873947142,0,0
donor_withdrawal,2922,V32P-A020095,0,0.49446347951889036,0.49847536683082583,0,0
donor_withdrawal,2923,V32P-A020096,0,0.44690392613410951,0.44760813117027282,0,0
donor_withdrawal,2924,V32P-A020097,0,0.41721175909042357,0.421844482421875,0,0
donor_withdrawal,2925,V32P-A020098,0,0.32570519745349885,0.33282082974910737,0,0
donor_withdrawal,2926,V32P-A020099,0,0.24232226312160493,0.24960760772228241,0,0
donor_withdrawal,2927,V32P-A020100,0,0.098619557917118073,0.1055078461766243,0,0
donor_withdrawal,2928,V32P-A020113,0,0.4142899990081787,0.40344012379646299,0,0
donor_withdrawal,2929,V32P-A020114,0,0.33966349959373476,0.33640120029449461,0,0
donor_withdrawal,2930,V32P-A020115,0,0.44516325592994688,0.44008372426033021,0,0
donor_withdrawal,2931,V32P-A020116,0,0.31709779202938082,0.31280505359172822,0,0
donor_withdrawal,2932,V32P-A020117,0,0.24735760986804961,0.24584277570247651,0,0
donor_withdrawal,2933,V32P-A020118,0,0.11146947145462036,0.11373738646507263,0,0
donor_withdrawal,2934,V32P-A020149,0,0.83012639284133916,0.83015837669372561,1,1
donor_withdrawal,2935,V32P-A020150,0,0.75126627683639524,0.75120978355407719,1,1
donor_withdrawal,2936,V32P-A020151,0,0.66338946819305422,0.6710786104202271,1,1
donor_withdrawal,2937,V32P-A020152,0,0.61844530105590823,0.62311162948608401,0,1
donor_withdrawal,2938,V32P-A020153,0,0.65307486057281494,0.65967576503753667,1,1
donor_withdrawal,2939,V32P-A020154,0,0.34767157435417173,0.35789029598236083,0,0
donor_withdrawal,2940,V32P-A020185,0,0.72979404926300051,0.72730151414871214,1,1
donor_withdrawal,2941,V32P-A020186,0,0.6071948885917664,0.60156136751174927,0,0
donor_withdrawal,2942,V32P-A020187,0,0.53853591680526736,0.52824444770812984,0,0
donor_withdrawal,2943,V32P-A020188,0,0.41394867897033694,0.40666341781616211,0,0
donor_withdrawal,2944,V32P-A020189,0,0.31651452779769895,0.31058053374290467,0,0
donor_withdrawal,2945,V32P-A020190,0,0.13888401836156844,0.13827003091573714,0,0
donor_withdrawal,2946,V32P-A020263,0,0.71772828102111819,0.71688793897628789,1,1
donor_withdrawal,2947,V32P-A020264,0,0.65402636528015134,0.65228946208953853,1,1
donor_withdrawal,2948,V32P-A020265,0,0.64727602005004881,0.64565793275833128,1,1
donor_withdrawal,2949,V32P-A020266,0,0.64871999025344851,0.6471085667610168,1,1
donor_withdrawal,2950,V32P-A020267,0,0.60572958588600156,0.6069756925106049,0,0
donor_withdrawal,2951,V32P-A020268,0,0.36076366901397705,0.36867968440055848,0,0
donor_withdrawal,2952,V32P-A020299,0,0.34573683440685271,0.33282454311847687,0,0
donor_withdrawal,2953,V32P-A020300,0,0.36572157740592959,0.3570404827594757,0,0
donor_withdrawal,2954,V32P-A020301,0,0.30280334353446958,0.29950389266014099,0,0
donor_withdrawal,2955,V32P-A020302,0,0.28466325700283052,0.28715812861919404,0,0
donor_withdrawal,2956,V32P-A020303,0,0.16392268985509872,0.16581485718488692,0,0
donor_withdrawal,2957,V32P-A020304,0,0.070861296355724329,0.07352008372545242,0,0
donor_withdrawal,2958,V32P-A020437,1,0.52750605344772339,0.52425365447998051,0,0
donor_withdrawal,2959,V32P-A020438,1,0.53457086682319643,0.53275616765022282,0,0
donor_withdrawal,2960,V32P-A020439,0,0.1188423715531826,0.12104726061224938,0,0
donor_withdrawal,2961,V32P-A020440,0,0.19376094788312911,0.20056684464216232,0,0
donor_withdrawal,2962,V32P-A020441,0,0.06805749908089638,0.070163926482200628,0,0
donor_withdrawal,2963,V32P-A020442,0,0.032008373923599717,0.033463028259575367,0,0
donor_withdrawal,2964,V32P-A020449,0,0.57900660037994389,0.57341295480728149,0,0
donor_withdrawal,2965,V32P-A020450,0,0.66750818490982056,0.66688723564147945,1,1
donor_withdrawal,2966,V32P-A020451,0,0.66555052995681763,0.66659092903137207,1,1
donor_withdrawal,2967,V32P-A020452,0,0.64748018980026245,0.65051124095916746,1,1
donor_withdrawal,2968,V32P-A020453,0,0.59770575761795042,0.60488159656524654,0,0
donor_withdrawal,2969,V32P-A020454,0,0.054466724023222925,0.056444250047206879,0,0
donor_withdrawal,2970,V32P-A020467,0,0.53032267093658447,0.53647820949554448,0,0
donor_withdrawal,2971,V32P-A020468,0,0.48987522721290588,0.49622663259506228,0,0
donor_withdrawal,2972,V32P-A020469,0,0.46306471228599549,0.47032307386398314,0,0
donor_withdrawal,2973,V32P-A020470,0,0.38757681846618652,0.39643359780311582,0,0
donor_withdrawal,2974,V32P-A020471,0,0.3219298183917999,0.33159266710281371,0,0
donor_withdrawal,2975,V32P-A020472,0,0.15903118997812271,0.16718808263540269,0,0
donor_withdrawal,2976,V32P-A020473,0,0.62363002300262449,0.61946262121200557,1,0
donor_withdrawal,2977,V32P-A020474,0,0.63071877956390376,0.62981137037277224,1,1
donor_withdrawal,2978,V32P-A020475,0,0.60355855226516719,0.60711808204650874,0,0
donor_withdrawal,2979,V32P-A020476,0,0.53089905381202696,0.53914362788200376,0,0
donor_withdrawal,2980,V32P-A020477,0,0.44274140596389772,0.45377233624458313,0,0
donor_withdrawal,2981,V32P-A020478,0,0.18524672389030455,0.19861363172531127,0,0
donor_withdrawal,2982,V32P-A020533,0,0.65654878616333012,0.65241380929946902,1,1
donor_withdrawal,2983,V32P-A020534,0,0.5136537373065948,0.51804570555686946,0,0
donor_withdrawal,2984,V32P-A020535,0,0.55201292634010313,0.5519380390644073,0,0
donor_withdrawal,2985,V32P-A020536,0,0.49457827210426331,0.49610036015510561,0,0
donor_withdrawal,2986,V32P-A020537,0,0.41777986288070679,0.42280338406562806,0,0
donor_withdrawal,2987,V32P-A020538,0,0.21863078325986862,0.23371662348508834,0,0
donor_withdrawal,2988,V32P-A020551,0,0.72328664064407344,0.7288226246833801,1,1
donor_withdrawal,2989,V32P-A020552,0,0.53023321032524107,0.53896575570106509,0,0
donor_withdrawal,2990,V32P-A020553,0,0.4310005843639374,0.43872056603431703,0,0
donor_withdrawal,2991,V32P-A020554,0,0.41998233199119567,0.42748594284057617,0,0
donor_withdrawal,2992,V32P-A020555,0,0.3438793420791626,0.35310882329940796,0,0
donor_withdrawal,2993,V32P-A020556,0,0.17124957740306854,0.1826641470193863,0,0
donor_withdrawal,2994,V32P-A020611,0,0.76291861534118655,0.75745364427566531,1,1
donor_withdrawal,2995,V32P-A020612,0,0.61811740398406978,0.60686459541320803,0,0
donor_withdrawal,2996,V32P-A020613,0,0.64756653904914852,0.64124897122383118,1,1
donor_withdrawal,2997,V32P-A020614,0,0.48696689009666444,0.47517146468162536,0,0
donor_withdrawal,2998,V32P-A020615,0,0.43413894176483153,0.42398223280906677,0,0
donor_withdrawal,2999,V32P-A020616,0,0.23274307399988176,0.230106420814991,0,0
donor_withdrawal,3000,V32P-A020617,0,0.49513439536094667,0.48608319759368895,0,0
donor_withdrawal,3001,V32P-A020618,0,0.48344902396202089,0.47386950254440308,0,0
donor_withdrawal,3002,V32P-A020619,0,0.45323828458786009,0.44354674220085144,0,0
donor_withdrawal,3003,V32P-A020620,0,0.3982259273529053,0.38853483200073241,0,0
donor_withdrawal,3004,V32P-A020621,0,0.33079928457736968,0.3235574275255203,0,0
donor_withdrawal,3005,V32P-A020622,0,0.042657227627933024,0.043334564380347732,0,0
donor_withdrawal,3006,V32P-A020629,0,0.63616604804992671,0.6430567622184753,1,1
donor_withdrawal,3007,V32P-A020630,0,0.64877150058746336,0.65908949375152592,1,1
donor_withdrawal,3008,V32P-A020631,0,0.68550966978073125,0.69244350194931026,1,1
donor_withdrawal,3009,V32P-A020632,0,0.63098957538604739,0.64257367849349978,1,1
donor_withdrawal,3010,V32P-A020633,0,0.57196998000144961,0.58709332346916199,0,0
donor_withdrawal,3011,V32P-A020634,0,0.30478559732437133,0.32633269131183623,0,0
donor_withdrawal,3012,V32P-A020785,0,0.62079106569290166,0.61828796863555913,1,0
donor_withdrawal,3013,V32P-A020786,0,0.5605062782764435,0.55786340832710268,0,0
donor_withdrawal,3014,V32P-A020787,0,0.51042608618736263,0.51041288971900944,0,0
donor_withdrawal,3015,V32P-A020788,0,0.42130635976791381,0.4277989327907562,0,0
donor_withdrawal,3016,V32P-A020789,0,0.3283696949481964,0.33761259913444519,0,0
donor_withdrawal,3017,V32P-A020790,0,0.13585920333862306,0.14600777029991149,0,0
donor_withdrawal,3018,V32P-A020827,0,0.68201453685760494,0.68674808740615845,1,1
donor_withdrawal,3019,V32P-A020828,0,0.54082211256027224,0.54528064727783199,0,0
donor_withdrawal,3020,V32P-A020829,0,0.5039330899715424,0.50742027163505554,0,0
donor_withdrawal,3021,V32P-A020830,0,0.43853754401206968,0.44276114702224734,0,0
donor_withdrawal,3022,V32P-A020831,0,0.35056398510932923,0.35378811955451966,0,0
donor_withdrawal,3023,V32P-A020832,0,0.16221445053815842,0.1659051463007927,0,0
donor_withdrawal,3024,V32P-A020875,0,0.76058065891265869,0.75813289880752566,1,1
donor_withdrawal,3025,V32P-A020876,0,0.6731310367584229,0.66778794527053831,1,1
donor_withdrawal,3026,V32P-A020877,0,0.56575231552124028,0.56072877645492558,0,0
donor_withdrawal,3027,V32P-A020878,0,0.47444128394126894,0.46480876207351685,0,0
donor_withdrawal,3028,V32P-A020879,0,0.41955309808254243,0.41002028882503511,0,0
donor_withdrawal,3029,V32P-A020880,0,0.29807880520820618,0.29320364296436308,0,0
donor_withdrawal,3030,V32P-A020941,0,0.5045674324035645,0.50651198625564575,0,0
donor_withdrawal,3031,V32P-A020942,0,0.49006702899932864,0.49380644559860232,0,0
donor_withdrawal,3032,V32P-A020943,0,0.43640725016593934,0.44298958182334902,0,0
donor_withdrawal,3033,V32P-A020944,0,0.35284996330738067,0.36214189827442167,0,0
donor_withdrawal,3034,V32P-A020945,0,0.27569825649261476,0.28594992458820345,0,0
donor_withdrawal,3035,V32P-A020946,0,0.11917036175727844,0.12471268475055694,0,0
donor_withdrawal,3036,V32P-A020959,0,0.39495859146118162,0.39749366641044614,0,0
donor_withdrawal,3037,V32P-A020960,0,0.4885413646697998,0.49119560718536376,0,0
donor_withdrawal,3038,V32P-A020961,0,0.45027317404747008,0.45329604744911195,0,0
donor_withdrawal,3039,V32P-A020962,0,0.3991512656211853,0.40307828783988953,0,0
donor_withdrawal,3040,V32P-A020963,0,0.30168460309505463,0.30846992433071135,0,0
donor_withdrawal,3041,V32P-A020964,0,0.025863132812082766,0.028223967365920543,0,0
donor_withdrawal,3042,V32P-A020965,0,0.65510513782501223,0.65550839900970459,1,1
donor_withdrawal,3043,V32P-A020966,0,0.58225482702255249,0.5817389607429504,0,0
donor_withdrawal,3044,V32P-A020967,0,0.55259772539138796,0.55295602083206175,0,0
donor_withdrawal,3045,V32P-A020968,0,0.48510053157806399,0.48624734282493592,0,0
donor_withdrawal,3046,V32P-A020969,0,0.40349640846252444,0.40541204214096072,0,0
donor_withdrawal,3047,V32P-A020970,0,0.1841004341840744,0.18903793990612031,0,0
donor_withdrawal,3048,V32P-A020995,0,0.71775763034820561,0.71042975187301638,1,1
donor_withdrawal,3049,V32P-A020996,0,0.62052401304244997,0.60872923135757451,1,0
donor_withdrawal,3050,V32P-A020997,0,0.54211371541023257,0.52847865223884583,0,0
donor_withdrawal,3051,V32P-A020998,0,0.49711530804634096,0.48302896022796632,0,0
donor_withdrawal,3052,V32P-A020999,0,0.484665709733963,0.4716289281845093,0,0
donor_withdrawal,3053,V32P-A021000,0,0.27454221695661546,0.26540411561727523,0,0
donor_withdrawal,3054,V32P-A021037,0,0.78882505893707278,0.78787682056427,1,1
donor_withdrawal,3055,V32P-A021038,0,0.61537821292877193,0.62512378692626958,0,1
donor_withdrawal,3056,V32P-A021039,0,0.51846732497215275,0.52017654776573186,0,0
donor_withdrawal,3057,V32P-A021040,0,0.57686179280281069,0.57834029793739317,0,0
donor_withdrawal,3058,V32P-A021041,0,0.42914279997348787,0.43310470879077911,0,0
donor_withdrawal,3059,V32P-A021042,0,0.2260059267282486,0.23339475691318512,0,0
donor_withdrawal,3060,V32P-A021043,0,0.75810604095458989,0.75486242771148682,1,1
donor_withdrawal,3061,V32P-A021044,0,0.72479047775268557,0.72042571306228642,1,1
donor_withdrawal,3062,V32P-A021045,0,0.72359311580657959,0.71921291351318362,1,1
donor_withdrawal,3063,V32P-A021046,0,0.70732610225677495,0.70268503427505491,1,1
donor_withdrawal,3064,V32P-A021047,1,0.6558150053024292,0.65257418155670166,1,1
donor_withdrawal,3065,V32P-A021048,0,0.055204990878701211,0.057166548818349837,0,0
donor_withdrawal,3066,V32P-A021055,0,0.57046583294868469,0.56483709812164307,0,0
donor_withdrawal,3067,V32P-A021056,0,0.65604346990585327,0.65337690114974978,1,1
donor_withdrawal,3068,V32P-A021057,0,0.67591618299484257,0.67619156837463379,1,1
donor_withdrawal,3069,V32P-A021058,1,0.60860427618026736,0.60899183750152586,0,0
donor_withdrawal,3070,V32P-A021059,0,0.085917729139328006,0.090189763903617853,0,0
donor_withdrawal,3071,V32P-A021060,0,0.035235932096838951,0.037901277467608449,0,0
donor_withdrawal,3072,V32P-A021079,1,0.83785147666931148,0.83810760974884035,1,1
donor_withdrawal,3073,V32P-A021080,1,0.73789634704589846,0.73662767410278318,1,1
donor_withdrawal,3074,V32P-A021081,1,0.68463892936706539,0.68275430202484133,1,1
donor_withdrawal,3075,V32P-A021082,0,0.15912919938564302,0.16170792728662492,0,0
donor_withdrawal,3076,V32P-A021083,0,0.1299160674214363,0.13250665366649628,0,0
donor_withdrawal,3077,V32P-A021084,0,0.05332112740725279,0.054295433685183525,0,0
donor_withdrawal,3078,V32P-A021115,0,0.5497079133987427,0.54568514823913572,0,0
donor_withdrawal,3079,V32P-A021116,0,0.42162696123123167,0.41803209781646727,0,0
donor_withdrawal,3080,V32P-A021117,0,0.37055644690990447,0.36611450016498565,0,0
donor_withdrawal,3081,V32P-A021118,0,0.39884849786758425,0.3972352981567383,0,0
donor_withdrawal,3082,V32P-A021119,0,0.24256121814250947,0.24058252274990083,0,0
donor_withdrawal,3083,V32P-A021120,0,0.019095015688799323,0.019973507127724589,0,0
donor_withdrawal,3084,V32P-A021133,0,0.51386996507644656,0.48694133758544922,0,0
donor_withdrawal,3085,V32P-A021134,0,0.49548360407352449,0.4675896018743515,0,0
donor_withdrawal,3086,V32P-A021135,0,0.38165989518165588,0.35920447111129761,0,0
donor_withdrawal,3087,V32P-A021136,0,0.29994049668312073,0.28436000347137452,0,0
donor_withdrawal,3088,V32P-A021137,1,0.24270823299884797,0.23287955224514006,0,0
donor_withdrawal,3089,V32P-A021138,0,0.026500447117723525,0.026435672701336444,0,0
donor_withdrawal,3090,V32P-A021157,0,0.68624494075775144,0.68466315269470213,1,1
donor_withdrawal,3091,V32P-A021158,0,0.58436332345008846,0.58278488516807558,0,0
donor_withdrawal,3092,V32P-A021159,0,0.54445641040802006,0.54211770296096806,0,0
donor_withdrawal,3093,V32P-A021160,0,0.45422013401985167,0.44898751378059387,0,0
donor_withdrawal,3094,V32P-A021161,0,0.35671078562736513,0.35193381905555726,0,0
donor_withdrawal,3095,V32P-A021162,0,0.13913837969303131,0.13916576206684111,0,0
donor_withdrawal,3096,V32P-A021175,0,0.71575480699539185,0.7140020608901978,1,1
donor_withdrawal,3097,V32P-A021176,0,0.63706506490707393,0.63569766283035278,1,1
donor_withdrawal,3098,V32P-A021177,0,0.59418143033981319,0.59433662891387939,0,0
donor_withdrawal,3099,V32P-A021178,0,0.50175098180770872,0.50484213829040525,0,0
donor_withdrawal,3100,V32P-A021179,0,0.40278053283691406,0.41019039750099184,0,0
donor_withdrawal,3101,V32P-A021180,0,0.17110198140144348,0.1823413223028183,0,0
donor_withdrawal,3102,V32P-A021181,0,0.58170738220214846,0.5887784004211426,0,0
donor_withdrawal,3103,V32P-A021182,0,0.56384868025779722,0.57309276461601255,0,0
donor_withdrawal,3104,V32P-A021183,0,0.46692205667495729,0.49001845121383669,0,0
donor_withdrawal,3105,V32P-A021184,0,0.43604717850685121,0.45217713713645935,0,0
donor_withdrawal,3106,V32P-A021185,0,0.36896545588970187,0.38729800283908844,0,0
donor_withdrawal,3107,V32P-A021186,0,0.1708294540643692,0.18985888957977295,0,0
donor_withdrawal,3108,V32P-A021187,0,0.59272652864456177,0.592963182926178,0,0
donor_withdrawal,3109,V32P-A021188,0,0.57207891941070554,0.57351474761962895,0,0
donor_withdrawal,3110,V32P-A021189,0,0.53927391767501831,0.54279042482376094,0,0
donor_withdrawal,3111,V32P-A021190,0,0.46685416102409361,0.47351052165031432,0,0
donor_withdrawal,3112,V32P-A021191,1,0.37432430982589721,0.38427444696426394,0,0
donor_withdrawal,3113,V32P-A021192,0,0.029404972121119498,0.031428594142198563,0,0
donor_withdrawal,3114,V32P-A021211,0,0.70286077260971069,0.70238050222396853,1,1
donor_withdrawal,3115,V32P-A021212,0,0.48548073768615724,0.48776739835739136,0,0
donor_withdrawal,3116,V32P-A021213,0,0.46515137553215025,0.46728549599647523,0,0
donor_withdrawal,3117,V32P-A021214,0,0.45995538830757143,0.46194263100624083,0,0
donor_withdrawal,3118,V32P-A021215,0,0.49018984436988833,0.49291087985038756,0,0
donor_withdrawal,3119,V32P-A021216,0,0.1674690216779709,0.17520354688167572,0,0
donor_withdrawal,3120,V32P-A021301,0,0.5659966349601746,0.56624742746353152,0,0
donor_withdrawal,3121,V32P-A021302,0,0.48659073710441592,0.48770566582679747,0,0
donor_withdrawal,3122,V32P-A021303,0,0.40473084449768065,0.40482532978057861,0,0
donor_withdrawal,3123,V32P-A021304,0,0.32760507762432101,0.32671075761318208,0,0
donor_withdrawal,3124,V32P-A021305,0,0.32335478663444517,0.32455394268035886,0,0
donor_withdrawal,3125,V32P-A021306,0,0.16242649406194687,0.16838019937276841,0,0
donor_withdrawal,3126,V32P-A021481,0,0.64965742826461792,0.63506269454956055,1,1
donor_withdrawal,3127,V32P-A021482,0,0.57367485761642456,0.55885143280029292,0,0
donor_withdrawal,3128,V32P-A021483,0,0.64301700592041011,0.63160984516143803,1,1
donor_withdrawal,3129,V32P-A021484,0,0.43864140212535857,0.42315535843372343,0,0
donor_withdrawal,3130,V32P-A021485,0,0.34018673896789553,0.32743687927722931,0,0
donor_withdrawal,3131,V32P-A021486,0,0.17936268746852874,0.1753288447856903,0,0
donor_withdrawal,3132,V32P-A021493,0,0.74146829843521123,0.74009138345718384,1,1
donor_withdrawal,3133,V32P-A021494,0,0.70135024785995481,0.69944081306457517,1,1
donor_withdrawal,3134,V32P-A021495,0,0.6246822595596313,0.62262641191482548,1,1
donor_withdrawal,3135,V32P-A021496,0,0.56508792638778682,0.56320186853408816,0,0
donor_withdrawal,3136,V32P-A021497,0,0.49060254096984862,0.49194409847259524,0,0
donor_withdrawal,3137,V32P-A021498,0,0.23279716074466705,0.23907765746116638,0,0
donor_withdrawal,3138,V32P-A021553,1,0.63404638767242427,0.6427562475204468,1,1
donor_withdrawal,3139,V32P-A021554,1,0.55528072118759153,0.56686391830444338,0,0
donor_withdrawal,3140,V32P-A021555,1,0.51000781059265132,0.52313038110733034,0,0
donor_withdrawal,3141,V32P-A021556,0,0.10008377432823182,0.10740762799978257,0,0
donor_withdrawal,3142,V32P-A021557,0,0.08390768021345138,0.090902882814407351,0,0
donor_withdrawal,3143,V32P-A021558,0,0.036316145956516263,0.039392370358109476,0,0
donor_withdrawal,3144,V32P-A021577,0,0.50803963541984554,0.50567814707756042,0,0
donor_withdrawal,3145,V32P-A021578,0,0.56675558686256411,0.56650989651679995,0,0
donor_withdrawal,3146,V32P-A021579,0,0.46693320870399474,0.46841766238212584,0,0
donor_withdrawal,3147,V32P-A021580,0,0.38308537602424619,0.38779436349868773,0,0
donor_withdrawal,3148,V32P-A021581,0,0.26908333003520968,0.27755167186260221,0,0
donor_withdrawal,3149,V32P-A021582,0,0.099077223241329199,0.10568039566278457,0,0
donor_withdrawal,3150,V32P-A021607,0,0.60372557640075686,0.59917553663253786,0,0
donor_withdrawal,3151,V32P-A021608,0,0.59879096746444704,0.59381113052368162,0,0
donor_withdrawal,3152,V32P-A021609,0,0.59021232128143308,0.58559223413467409,0,0
donor_withdrawal,3153,V32P-A021610,0,0.53404603004455564,0.52856434583663936,0,0
donor_withdrawal,3154,V32P-A021611,0,0.46234642863273623,0.45763562917709349,0,0
donor_withdrawal,3155,V32P-A021612,0,0.03625694438815117,0.037631043046712873,0,0
donor_withdrawal,3156,V32P-A021625,0,0.49375222325325013,0.49795315861701966,0,0
donor_withdrawal,3157,V32P-A021626,0,0.51110073924064636,0.51758530735969543,0,0
donor_withdrawal,3158,V32P-A021627,0,0.49260586500167847,0.50735483169555662,0,0
donor_withdrawal,3159,V32P-A021628,0,0.45767650008201599,0.47012606263160706,0,0
donor_withdrawal,3160,V32P-A021629,0,0.37820933163166048,0.39444741308689119,0,0
donor_withdrawal,3161,V32P-A021630,0,0.18738061040639878,0.20802309364080429,0,0
donor_withdrawal,3162,V32P-A021685,0,0.73458044528961186,0.73379218578338623,1,1
donor_withdrawal,3163,V32P-A021686,0,0.63790946006774907,0.6344051837921143,1,1
donor_withdrawal,3164,V32P-A021687,0,0.58369414806365971,0.57731579542160039,0,0
donor_withdrawal,3165,V32P-A021688,0,0.58148416280746462,0.57692666053771968,0,0
donor_withdrawal,3166,V32P-A021689,0,0.46230172514915469,0.45630018711090087,0,0
donor_withdrawal,3167,V32P-A021690,0,0.22949936687946321,0.22976188659667968,0,0
donor_withdrawal,3168,V32P-A021703,0,0.7412667512893677,0.74076362848281863,1,1
donor_withdrawal,3169,V32P-A021704,0,0.68629817962646489,0.68537406921386723,1,1
donor_withdrawal,3170,V32P-A021705,0,0.63342843055725095,0.63194143772125244,1,1
donor_withdrawal,3171,V32P-A021706,1,0.54550741910934453,0.544130551815033,0,0
donor_withdrawal,3172,V32P-A021707,0,0.079253685474395749,0.081532328575849536,0,0
donor_withdrawal,3173,V32P-A021708,0,0.035553464666008949,0.03678453005850315,0,0
donor_withdrawal,3174,V32P-A021733,0,0.72943704128265385,0.73084868192672725,1,1
donor_withdrawal,3175,V32P-A021734,0,0.61473799943923946,0.61554857492446902,0,0
donor_withdrawal,3176,V32P-A021735,0,0.54616636037826538,0.54572641849517822,0,0
donor_withdrawal,3177,V32P-A021736,0,0.58077320456504822,0.58189788460731506,0,0
donor_withdrawal,3178,V32P-A021737,0,0.45285008549690248,0.45415586829185484,0,0
donor_withdrawal,3179,V32P-A021738,0,0.26776912510395051,0.27451497316360474,0,0
donor_withdrawal,3180,V32P-A021751,0,0.46275133490562437,0.4578641176223755,0,0
donor_withdrawal,3181,V32P-A021752,0,0.45913127660751341,0.45550881624221801,0,0
donor_withdrawal,3182,V32P-A021753,0,0.41225042343139651,0.41009014248847964,0,0
donor_withdrawal,3183,V32P-A021754,0,0.33459639549255371,0.3338797390460968,0,0
donor_withdrawal,3184,V32P-A021755,0,0.26514586508274079,0.26652502119541166,0,0
donor_withdrawal,3185,V32P-A021756,0,0.12015111744403839,0.12499366700649261,0,0
donor_withdrawal,3186,V32P-A021793,0,0.81183228492736814,0.81296001672744755,1,1
donor_withdrawal,3187,V32P-A021794,0,0.72297179698944092,0.72497467994689946,1,1
donor_withdrawal,3188,V32P-A021795,0,0.69665379524230953,0.69858844280242915,1,1
donor_withdrawal,3189,V32P-A021796,0,0.62086901664733884,0.62267407178878786,1,1
donor_withdrawal,3190,V32P-A021797,0,0.55979230403900149,0.56248290538787837,0,0
donor_withdrawal,3191,V32P-A021798,0,0.31974199116230012,0.32514270544052126,0,0
donor_withdrawal,3192,V32P-A021817,0,0.41098374128341675,0.41513918638229369,0,0
donor_withdrawal,3193,V32P-A021818,0,0.47306838631629944,0.47840893864631651,0,0
donor_withdrawal,3194,V32P-A021819,0,0.46654813289642333,0.47345373630523679,0,0
donor_withdrawal,3195,V32P-A021820,0,0.40351310968399046,0.41427440643310548,0,0
donor_withdrawal,3196,V32P-A021821,0,0.32471767067909241,0.34005329608917234,0,0
donor_withdrawal,3197,V32P-A021822,0,0.14718900620937347,0.16300612986087798,0,0
donor_withdrawal,3198,V32P-A021835,0,0.45502928495407102,0.45381215214729309,0,0
donor_withdrawal,3199,V32P-A021836,0,0.3994284927845001,0.40339773893356323,0,0
donor_withdrawal,3200,V32P-A021837,0,0.34194648563861846,0.35026875436305999,0,0
donor_withdrawal,3201,V32P-A021838,0,0.28915651440620421,0.30193424224853516,0,0
donor_withdrawal,3202,V32P-A021839,0,0.2226736068725586,0.23525941967964173,0,0
donor_withdrawal,3203,V32P-A021840,0,0.099435758590698239,0.10750757902860641,0,0
donor_withdrawal,3204,V32P-A021883,0,0.55538035631179805,0.55458617210388184,0,0
donor_withdrawal,3205,V32P-A021884,0,0.45929278731346129,0.45475199818611145,0,0
donor_withdrawal,3206,V32P-A021885,0,0.39385348558425903,0.38735836744308472,0,0
donor_withdrawal,3207,V32P-A021886,0,0.32165666222572326,0.31589580774307252,0,0
donor_withdrawal,3208,V32P-A021887,0,0.2533403128385544,0.24897406995296478,0,0
donor_withdrawal,3209,V32P-A021888,0,0.11989092975854873,0.11837927550077439,0,0
donor_withdrawal,3210,V32P-A021913,0,0.3412438452243805,0.33791337013244627,0,0
donor_withdrawal,3211,V32P-A021914,0,0.32793166041374205,0.33121919631958008,0,0
donor_withdrawal,3212,V32P-A021915,0,0.3785827696323395,0.37684797644615176,0,0
donor_withdrawal,3213,V32P-A021916,0,0.3278959572315216,0.32936091423034669,0,0
donor_withdrawal,3214,V32P-A021917,0,0.26490903794765475,0.2681931585073471,0,0
donor_withdrawal,3215,V32P-A021918,0,0.12032832875847817,0.12797958627343178,0,0
donor_withdrawal,3216,V32P-A021925,1,0.87833887338638306,0.87678364515304563,1,1
donor_withdrawal,3217,V32P-A021926,1,0.68279134035110478,0.6818811297416687,1,1
donor_withdrawal,3218,V32P-A021927,1,0.56125465631484983,0.57010601758956914,0,0
donor_withdrawal,3219,V32P-A021928,0,0.20878222435712815,0.21723550707101821,0,0
donor_withdrawal,3220,V32P-A021929,0,0.09784445315599441,0.10323759615421295,0,0
donor_withdrawal,3221,V32P-A021930,0,0.040574075281620027,0.043058406934142111,0,0
donor_withdrawal,3222,V32P-A021955,0,0.44462667703628539,0.45323013663291933,0,0
donor_withdrawal,3223,V32P-A021956,0,0.5149995028972626,0.52658900618553162,0,0
donor_withdrawal,3224,V32P-A021957,0,0.50097218751907346,0.51373214125633238,0,0
donor_withdrawal,3225,V32P-A021958,0,0.45347868800163271,0.46757733821868896,0,0
donor_withdrawal,3226,V32P-A021959,0,0.38808756470680239,0.40574157238006592,0,0
donor_withdrawal,3227,V32P-A021960,0,0.18601081818342208,0.20117935091257094,0,0
donor_withdrawal,3228,V32P-A021997,0,0.41647625565528867,0.4217443108558655,0,0
donor_withdrawal,3229,V32P-A021998,0,0.39997942447662355,0.40949130058288574,0,0
donor_withdrawal,3230,V32P-A021999,0,0.37972979545593261,0.39190984964370729,0,0
donor_withdrawal,3231,V32P-A022000,0,0.35034014880657194,0.36581274569034578,0,0
donor_withdrawal,3232,V32P-A022001,0,0.25340296030044557,0.26886540353298188,0,0
donor_withdrawal,3233,V32P-A022002,0,0.12492526322603226,0.13355232626199723,0,0
donor_withdrawal,3234,V32P-A022021,0,0.54690406918525691,0.53551836013793941,0,0
donor_withdrawal,3235,V32P-A022022,0,0.57654999494552617,0.56893773078918453,0,0
donor_withdrawal,3236,V32P-A022023,0,0.4635506272315979,0.46298360228538515,0,0
donor_withdrawal,3237,V32P-A022024,0,0.50058866739273067,0.49658970832824706,0,0
donor_withdrawal,3238,V32P-A022025,0,0.42759916782379148,0.42645363211631776,0,0
donor_withdrawal,3239,V32P-A022026,0,0.21476973295211793,0.21840321421623229,0,0
donor_withdrawal,3240,V32P-A022033,0,0.6718201279640198,0.67025929689407349,1,1
donor_withdrawal,3241,V32P-A022034,0,0.5521607458591461,0.55169611573219302,0,0
donor_withdrawal,3242,V32P-A022035,0,0.44836528301239015,0.44809312820434571,0,0
donor_withdrawal,3243,V32P-A022036,0,0.36295232176780701,0.36464956402778625,0,0
donor_withdrawal,3244,V32P-A022037,0,0.31225574016571045,0.31617272496223447,0,0
donor_withdrawal,3245,V32P-A022038,0,0.14746702462434769,0.15315179973840715,0,0
donor_withdrawal,3246,V32P-A022183,0,0.7743716835975647,0.77582113742828374,1,1
donor_withdrawal,3247,V32P-A022184,0,0.69219809770584106,0.6927202463150024,1,1
donor_withdrawal,3248,V32P-A022185,0,0.60624091625213627,0.60415054559707637,0,0
donor_withdrawal,3249,V32P-A022186,0,0.55582857728004453,0.55390077829360962,0,0
donor_withdrawal,3250,V32P-A022187,0,0.48098852634429934,0.4802198648452759,0,0
donor_withdrawal,3251,V32P-A022188,0,0.046531763300299643,0.047555723600089549,0,0
donor_withdrawal,3252,V32P-A022189,0,0.79595789909362791,0.79440083503723147,1,1
donor_withdrawal,3253,V32P-A022190,0,0.70688436031341551,0.7039464473724365,1,1
donor_withdrawal,3254,V32P-A022191,0,0.62415591478347776,0.61980676651000977,1,0
donor_withdrawal,3255,V32P-A022192,0,0.57925119400024416,0.57589389085769649,0,0
donor_withdrawal,3256,V32P-A022193,0,0.56155789494514463,0.56333236098289485,0,0
donor_withdrawal,3257,V32P-A022194,0,0.26280124187469484,0.26267631649971007,0,0
donor_withdrawal,3258,V32P-A022219,0,0.75891329050064082,0.75694123506546018,1,1
donor_withdrawal,3259,V32P-A022220,0,0.56001595258712766,0.55644581317901609,0,0
donor_withdrawal,3260,V32P-A022221,0,0.60685778856277461,0.59952389001846318,0,0
donor_withdrawal,3261,V32P-A022222,1,0.71153355836868282,0.70954090356826782,1,1
donor_withdrawal,3262,V32P-A022223,0,0.087396979331970215,0.089246015250682834,0,0
donor_withdrawal,3263,V32P-A022224,0,0.037297940626740453,0.038429756462574002,0,0
donor_withdrawal,3264,V32P-A022465,0,0.77002669572830196,0.7756083607673645,1,1
donor_withdrawal,3265,V32P-A022466,0,0.63735018968582158,0.64927637577056885,1,1
donor_withdrawal,3266,V32P-A022467,0,0.54361560344696047,0.56831539273262022,0,0
donor_withdrawal,3267,V32P-A022468,0,0.52108784914016726,0.53626585006713867,0,0
donor_withdrawal,3268,V32P-A022469,0,0.43508793711662291,0.45210263133049011,0,0
donor_withdrawal,3269,V32P-A022470,0,0.21541302353143693,0.2243835598230362,0,0
donor_withdrawal,3270,V32P-A022495,0,0.76544208526611324,0.76059776544570923,1,1
donor_withdrawal,3271,V32P-A022496,0,0.63319540023803711,0.62756298780441289,1,1
donor_withdrawal,3272,V32P-A022497,0,0.61446403264999394,0.60488727092742922,0,0
donor_withdrawal,3273,V32P-A022498,0,0.63855447769165041,0.6301784992218018,1,1
donor_withdrawal,3274,V32P-A022499,0,0.60363507270812988,0.59417798519134524,0,0
donor_withdrawal,3275,V32P-A022500,0,0.28260775506496427,0.27923285365104678,0,0
donor_withdrawal,3276,V32P-A022501,0,0.62963360548019409,0.62777270078659053,1,1
donor_withdrawal,3277,V32P-A022502,0,0.56988495588302612,0.57410176992416384,0,0
donor_withdrawal,3278,V32P-A022503,0,0.44578867554664614,0.44518812298774718,0,0
donor_withdrawal,3279,V32P-A022504,0,0.36068668365478518,0.35658918023109437,0,0
donor_withdrawal,3280,V32P-A022505,0,0.2804273724555969,0.27671445608139039,0,0
donor_withdrawal,3281,V32P-A022506,0,0.12908441126346587,0.12935998439788818,0,0
donor_withdrawal,3282,V32P-A022519,0,0.72725952863693233,0.72679805755615234,1,1
donor_withdrawal,3283,V32P-A022520,0,0.74245563745498655,0.74364515542984011,1,1
donor_withdrawal,3284,V32P-A022521,0,0.60168659687042236,0.60168843269348149,0,0
donor_withdrawal,3285,V32P-A022522,1,0.57966549396514888,0.57923830747604366,0,0
donor_withdrawal,3286,V32P-A022523,0,0.098759110271930697,0.10107554197311401,0,0
donor_withdrawal,3287,V32P-A022524,0,0.04421676769852638,0.045650596171617507,0,0
donor_withdrawal,3288,V32P-A022537,0,0.48212851285934449,0.47166550755500791,0,0
donor_withdrawal,3289,V32P-A022538,0,0.51094495058059697,0.50584756135940556,0,0
donor_withdrawal,3290,V32P-A022539,0,0.46215459704399109,0.45839100480079653,0,0
donor_withdrawal,3291,V32P-A022540,0,0.38443493843078613,0.38301272988319396,0,0
donor_withdrawal,3292,V32P-A022541,0,0.29792067706584929,0.29852595031261442,0,0
donor_withdrawal,3293,V32P-A022542,0,0.11875808835029603,0.12285681962966918,0,0
donor_withdrawal,3294,V32P-A022597,0,0.72886078357696538,0.73303953409194944,1,1
donor_withdrawal,3295,V32P-A022598,0,0.55171786546707158,0.55916939973831181,0,0
donor_withdrawal,3296,V32P-A022599,0,0.47571612000465391,0.48169341087341311,0,0
donor_withdrawal,3297,V32P-A022600,0,0.37336049079895017,0.37669248580932618,0,0
donor_withdrawal,3298,V32P-A022601,0,0.28162402808666231,0.28326145708560946,0,0
donor_withdrawal,3299,V32P-A022602,0,0.12770468294620513,0.12926546782255172,0,0
donor_withdrawal,3300,V32P-A022681,0,0.39489549398422241,0.3867907762527466,0,0
donor_withdrawal,3301,V32P-A022682,0,0.37130446434020997,0.36522459387779238,0,0
donor_withdrawal,3302,V32P-A022683,0,0.33994693160057066,0.33633320927619936,0,0
donor_withdrawal,3303,V32P-A022684,0,0.29522920548915865,0.29312445223331451,0,0
donor_withdrawal,3304,V32P-A022685,0,0.23222138285636901,0.23275395035743712,0,0
donor_withdrawal,3305,V32P-A022686,0,0.10789457857608795,0.11181889176368713,0,0
donor_withdrawal,3306,V32P-A022699,0,0.51807442307472229,0.49773353934288023,0,0
donor_withdrawal,3307,V32P-A022700,0,0.44231821298599244,0.42020628452301023,0,0
donor_withdrawal,3308,V32P-A022701,0,0.41376661956310273,0.39298002421855927,0,0
donor_withdrawal,3309,V32P-A022702,0,0.35098094940185548,0.33160073161125181,0,0
donor_withdrawal,3310,V32P-A022703,0,0.28061078488826752,0.26249988973140714,0,0
donor_withdrawal,3311,V32P-A022704,0,0.13894620686769485,0.13097761422395707,0,0
donor_withdrawal,3312,V32P-A022849,0,0.72504956722259517,0.72287236452102666,1,1
donor_withdrawal,3313,V32P-A022850,0,0.63363586664199834,0.63050820827484133,1,1
donor_withdrawal,3314,V32P-A022851,0,0.70890263319015501,0.70632411241531368,1,1
donor_withdrawal,3315,V32P-A022852,0,0.60278203487396242,0.59886400699615483,0,0
donor_withdrawal,3316,V32P-A022853,0,0.508957850933075,0.50649289488792415,0,0
donor_withdrawal,3317,V32P-A022854,0,0.24628338217735291,0.24810853302478791,0,0
donor_withdrawal,3318,V32P-A022855,0,0.55316570401191711,0.54667792916297908,0,0
donor_withdrawal,3319,V32P-A022856,0,0.49935587644577029,0.4947752058506012,0,0
donor_withdrawal,3320,V32P-A022857,0,0.45885627865791323,0.45635244846343992,0,0
donor_withdrawal,3321,V32P-A022858,0,0.36640748381614685,0.36758474707603456,0,0
donor_withdrawal,3322,V32P-A022859,0,0.28720168769359589,0.29119700491428374,0,0
donor_withdrawal,3323,V32P-A022860,0,0.11703260242938995,0.12154753655195236,0,0
donor_withdrawal,3324,V32P-A022873,1,0.76770771741867061,0.76934667825698855,1,1
donor_withdrawal,3325,V32P-A022874,1,0.78813110589981084,0.79386773109436037,1,1
donor_withdrawal,3326,V32P-A022875,1,0.62456265687942503,0.63302098512649541,1,1
donor_withdrawal,3327,V32P-A022876,0,0.10809821859002114,0.11338710933923721,0,0
donor_withdrawal,3328,V32P-A022877,0,0.079077230021357539,0.082342209294438362,0,0
donor_withdrawal,3329,V32P-A022878,0,0.037099231220781806,0.038609942607581618,0,0
donor_withdrawal,3330,V32P-A023119,0,0.45176634192466736,0.45034363865852356,0,0
donor_withdrawal,3331,V32P-A023120,0,0.43074531555175782,0.43187810182571412,0,0
donor_withdrawal,3332,V32P-A023121,0,0.38290513753890992,0.38707258701324465,0,0
donor_withdrawal,3333,V32P-A023122,0,0.33182911872863768,0.33879514932632449,0,0
donor_withdrawal,3334,V32P-A023123,0,0.26290721893310548,0.27136172056198121,0,0
donor_withdrawal,3335,V32P-A023124,0,0.11401884555816651,0.12089629620313644,0,0
donor_withdrawal,3336,V32P-A023137,0,0.55769063234329219,0.55284178256988525,0,0
donor_withdrawal,3337,V32P-A023138,0,0.69555754661560054,0.69397038221359253,1,1
donor_withdrawal,3338,V32P-A023139,0,0.72387892007827759,0.72360674142837522,1,1
donor_withdrawal,3339,V32P-A023140,0,0.51396772265434265,0.51734002232551579,0,0
donor_withdrawal,3340,V32P-A023141,1,0.3646668314933777,0.36783899664878844,0,0
donor_withdrawal,3341,V32P-A023142,0,0.03252185536548495,0.033712354023009539,0,0
donor_withdrawal,3342,V32P-A023203,0,0.68311136960983276,0.67913162708282471,1,1
donor_withdrawal,3343,V32P-A023204,0,0.57823820114135738,0.57773938179016116,0,0
donor_withdrawal,3344,V32P-A023205,0,0.54726912975311282,0.54863328933715816,0,0
donor_withdrawal,3345,V32P-A023206,1,0.44992636442184447,0.45538843870162965,0,0
donor_withdrawal,3346,V32P-A023207,0,0.055423933826386926,0.060422491095960137,0,0
donor_withdrawal,3347,V32P-A023208,0,0.022155896387994291,0.024732030369341372,0,0
donor_withdrawal,3348,V32P-A023257,0,0.72220250368118288,0.72589136362075801,1,1
donor_withdrawal,3349,V32P-A023258,0,0.62139358520507815,0.62892630100250246,1,1
donor_withdrawal,3350,V32P-A023259,0,0.55430270433425899,0.56201560497283931,0,0
donor_withdrawal,3351,V32P-A023260,0,0.47208879590034486,0.47849491238594055,0,0
donor_withdrawal,3352,V32P-A023261,0,0.45491459965705872,0.46509956121444701,0,0
donor_withdrawal,3353,V32P-A023262,0,0.25223720073699951,0.26353630423545837,0,0
donor_withdrawal,3354,V32P-A023281,0,0.54673736095428471,0.54275504350662229,0,0
donor_withdrawal,3355,V32P-A023282,0,0.40960208773612977,0.40110661983489992,0,0
donor_withdrawal,3356,V32P-A023283,0,0.33895198404788973,0.32663145363330842,0,0
donor_withdrawal,3357,V32P-A023284,0,0.27827189862728119,0.26340079605579375,0,0
donor_withdrawal,3358,V32P-A023285,0,0.2119681417942047,0.19963587224483489,0,0
donor_withdrawal,3359,V32P-A023286,0,0.098461675643920901,0.094807060062885279,0,0
donor_withdrawal,3360,V32P-A023329,0,0.7656368613243103,0.76644158363342285,1,1
donor_withdrawal,3361,V32P-A023330,0,0.60093700885772705,0.60203088521957393,0,0
donor_withdrawal,3362,V32P-A023331,0,0.53805029988288877,0.53635392189025877,0,0
donor_withdrawal,3363,V32P-A023332,0,0.59487968683242798,0.59847831726074219,0,0
donor_withdrawal,3364,V32P-A023333,0,0.44123967885971072,0.44296026825904844,0,0
donor_withdrawal,3365,V32P-A023334,0,0.22050921022891998,0.22389021515846252,0,0
donor_withdrawal,3366,V32P-A023335,0,0.4761516571044922,0.46896755099296572,0,0
donor_withdrawal,3367,V32P-A023336,0,0.46445679068565371,0.45984960198402403,0,0
donor_withdrawal,3368,V32P-A023337,0,0.44523619413375853,0.44558491706848147,0,0
donor_withdrawal,3369,V32P-A023338,0,0.36154932975769044,0.36789931058883668,0,0
donor_withdrawal,3370,V32P-A023339,0,0.27906555533409116,0.29033771753311155,0,0
donor_withdrawal,3371,V32P-A023340,0,0.11568382829427719,0.1275672808289528,0,0
donor_withdrawal,3372,V32P-A023353,0,0.59638359546661379,0.59734152555465703,0,0
donor_withdrawal,3373,V32P-A023354,0,0.59764108657836912,0.60158175230026245,0,0
donor_withdrawal,3374,V32P-A023355,0,0.54848797917366032,0.55484459996223445,0,0
donor_withdrawal,3375,V32P-A023356,0,0.47088717818260195,0.48175126910209654,0,0
donor_withdrawal,3376,V32P-A023357,0,0.39469816088676452,0.41191112995147705,0,0
donor_withdrawal,3377,V32P-A023358,0,0.18000673055648803,0.19885053038597106,0,0
donor_withdrawal,3378,V32P-A023359,0,0.49928112030029298,0.49940131306648256,0,0
donor_withdrawal,3379,V32P-A023360,0,0.51035458445549009,0.51552458405494694,0,0
donor_withdrawal,3380,V32P-A023361,0,0.44313164353370665,0.45339493155479432,0,0
donor_withdrawal,3381,V32P-A023362,0,0.36458166837692263,0.37664868235588073,0,0
donor_withdrawal,3382,V32P-A023363,0,0.2879164904356003,0.2986732065677643,0,0
donor_withdrawal,3383,V32P-A023364,0,0.13206552565097809,0.13813657462596893,0,0
donor_withdrawal,3384,V32P-A023371,0,0.54047524333000185,0.53138327002525332,0,0
donor_withdrawal,3385,V32P-A023372,0,0.60942416191101079,0.60782541036605831,0,0
donor_withdrawal,3386,V32P-A023373,0,0.59894622564315791,0.6001762390136719,0,0
donor_withdrawal,3387,V32P-A023374,0,0.5222416996955872,0.527986752986908,0,0
donor_withdrawal,3388,V32P-A023375,0,0.4386159062385559,0.44724982380867007,0,0
donor_withdrawal,3389,V32P-A023376,0,0.032133046165108682,0.033759686537086962,0,0
donor_withdrawal,3390,V32P-A023389,0,0.61959356069564819,0.61414909362792969,0,0
donor_withdrawal,3391,V32P-A023390,0,0.55036979913711548,0.54813497066497807,0,0
donor_withdrawal,3392,V32P-A023391,0,0.52605224251747129,0.52589587569236751,0,0
donor_withdrawal,3393,V32P-A023392,0,0.4838407814502716,0.48533679842948912,0,0
donor_withdrawal,3394,V32P-A023393,0,0.43974209427833555,0.44186459183692933,0,0
donor_withdrawal,3395,V32P-A023394,0,0.21852607429027557,0.22571953535079955,0,0
donor_withdrawal,3396,V32P-A023413,0,0.62950536012649538,0.62639535665512081,1,1
donor_withdrawal,3397,V32P-A023414,0,0.62584060430526733,0.62586244344711306,1,1
donor_withdrawal,3398,V32P-A023415,0,0.595036244392395,0.59796707630157475,0,0
donor_withdrawal,3399,V32P-A023416,0,0.51339964866638188,0.52147423624992373,0,0
donor_withdrawal,3400,V32P-A023417,0,0.44222442507743837,0.45358510613441466,0,0
donor_withdrawal,3401,V32P-A023418,0,0.2193300098180771,0.23149264454841614,0,0
donor_withdrawal,3402,V32P-A023461,0,0.56652126908302303,0.56392034888267517,0,0
donor_withdrawal,3403,V32P-A023462,0,0.64093710184097286,0.64217628240585323,1,1
donor_withdrawal,3404,V32P-A023463,0,0.64700912237167363,0.64978418350219724,1,1
donor_withdrawal,3405,V32P-A023464,0,0.61906288862228398,0.62350068092346189,0,1
donor_withdrawal,3406,V32P-A023465,0,0.56893573999404912,0.57705563306808472,0,0
donor_withdrawal,3407,V32P-A023466,0,0.30916561186313629,0.32150254845619203,0,0
donor_withdrawal,3408,V32P-A023521,0,0.76660332679748533,0.76708362102508543,1,1
donor_withdrawal,3409,V32P-A023522,0,0.60375434160232544,0.60939480066299434,0,0
donor_withdrawal,3410,V32P-A023523,0,0.54771054387092588,0.5626581609249115,0,0
donor_withdrawal,3411,V32P-A023524,0,0.55018167495727544,0.55840054750442503,0,0
donor_withdrawal,3412,V32P-A023525,0,0.38545191287994385,0.39992721676826476,0,0
donor_withdrawal,3413,V32P-A023526,0,0.14700644463300705,0.15890565961599351,0,0
donor_withdrawal,3414,V32P-A023581,0,0.4720860242843628,0.47910944223403928,0,0
donor_withdrawal,3415,V32P-A023582,0,0.40880351662635805,0.41137984395027161,0,0
donor_withdrawal,3416,V32P-A023583,0,0.35063219666481016,0.35070425271987915,0,0
donor_withdrawal,3417,V32P-A023584,0,0.28486408889293668,0.28327555358409884,0,0
donor_withdrawal,3418,V32P-A023585,0,0.23183485269546508,0.23005301356315613,0,0
donor_withdrawal,3419,V32P-A023586,0,0.11582663655281067,0.11540197879076004,0,0
donor_withdrawal,3420,V32P-A023623,0,0.611949622631073,0.6129249215126038,0,0
donor_withdrawal,3421,V32P-A023624,0,0.48696886897087099,0.48507555127143859,0,0
donor_withdrawal,3422,V32P-A023625,0,0.40842838883399962,0.40390707254409791,0,0
donor_withdrawal,3423,V32P-A023626,0,0.32085652947425841,0.31425952315330508,0,0
donor_withdrawal,3424,V32P-A023627,0,0.25259402096271516,0.24649634957313538,0,0
donor_withdrawal,3425,V32P-A023628,0,0.12096899449825287,0.11900508105754852,0,0
donor_withdrawal,3426,V32P-A023653,0,0.68077352046966555,0.67930499315261839,1,1
donor_withdrawal,3427,V32P-A023654,0,0.61345638036727901,0.61281579732894897,0,0
donor_withdrawal,3428,V32P-A023655,0,0.6969893097877502,0.6973977327346802,1,1
donor_withdrawal,3429,V32P-A023656,0,0.44695731401443484,0.45079029798507692,0,0
donor_withdrawal,3430,V32P-A023657,1,0.36212935447692873,0.36697092652320862,0,0
donor_withdrawal,3431,V32P-A023658,0,0.022689568623900414,0.024950100854039193,0,0
donor_withdrawal,3432,V32P-A023695,0,0.76750383377075193,0.76790443658828733,1,1
donor_withdrawal,3433,V32P-A023696,0,0.64960000514984129,0.64961667060852046,1,1
donor_withdrawal,3434,V32P-A023697,0,0.62396700382232662,0.62601795196533205,1,1
donor_withdrawal,3435,V32P-A023698,0,0.66158128976821895,0.66489065885543819,1,1
donor_withdrawal,3436,V32P-A023699,0,0.50902198553085332,0.51775588989257815,0,0
donor_withdrawal,3437,V32P-A023700,0,0.24775942862033845,0.25533560514450071,0,0
donor_withdrawal,3438,V32P-A023719,0,0.74291529655456545,0.74020239114761355,1,1
donor_withdrawal,3439,V32P-A023720,0,0.6355121254920959,0.63721268177032475,1,1
donor_withdrawal,3440,V32P-A023721,0,0.6119470536708832,0.60795366168022158,0,0
donor_withdrawal,3441,V32P-A023722,1,0.54321534037590025,0.53735296130180354,0,0
donor_withdrawal,3442,V32P-A023723,0,0.098920539766550061,0.10095617696642875,0,0
donor_withdrawal,3443,V32P-A023724,0,0.043294773437082767,0.044607190974056722,0,0
donor_withdrawal,3444,V32P-A023767,0,0.50412579178810124,0.49753276705741883,0,0
donor_withdrawal,3445,V32P-A023768,0,0.44513940215110781,0.43673008680343628,0,0
donor_withdrawal,3446,V32P-A023769,0,0.37851337790489198,0.36770610213279725,0,0
donor_withdrawal,3447,V32P-A023770,0,0.3082064688205719,0.29718411564826963,0,0
donor_withdrawal,3448,V32P-A023771,0,0.23951276093721391,0.22968053072690964,0,0
donor_withdrawal,3449,V32P-A023772,0,0.11199208237230777,0.1085724163800478,0,0
donor_withdrawal,3450,V32P-A023779,0,0.79741796255111697,0.79441471099853511,1,1
donor_withdrawal,3451,V32P-A023780,0,0.61170601844787598,0.60516262054443359,0,0
donor_withdrawal,3452,V32P-A023781,0,0.78279236555099485,0.78152006864547729,1,1
donor_withdrawal,3453,V32P-A023782,1,0.43851149678230283,0.43273668289184569,0,0
donor_withdrawal,3454,V32P-A023783,0,0.10725368931889534,0.10782326683402062,0,0
donor_withdrawal,3455,V32P-A023784,0,0.047963550128042695,0.048557489551603793,0,0
donor_withdrawal,3456,V32P-A023827,0,0.4485942840576172,0.44325075149536131,0,0
donor_withdrawal,3457,V32P-A023828,0,0.47283278107643129,0.46728549599647523,0,0
donor_withdrawal,3458,V32P-A023829,0,0.41252011656761167,0.41029260754585267,0,0
donor_withdrawal,3459,V32P-A023830,1,0.31728442907333376,0.32020186185836791,0,0
donor_withdrawal,3460,V32P-A023831,0,0.040902621299028399,0.043665610253810883,0,0
donor_withdrawal,3461,V32P-A023832,0,0.01726997420191765,0.018638095445930959,0,0
donor_withdrawal,3462,V32P-A023833,0,0.56433774828910832,0.56402867436408999,0,0
donor_withdrawal,3463,V32P-A023834,0,0.60092175006866455,0.6010332584381104,0,0
donor_withdrawal,3464,V32P-A023835,0,0.65741343498229976,0.65676897764205933,1,1
donor_withdrawal,3465,V32P-A023836,0,0.65011084079742432,0.64932854175567623,1,1
donor_withdrawal,3466,V32P-A023837,0,0.49822262525558469,0.50746797323226933,0,0
donor_withdrawal,3467,V32P-A023838,0,0.2137281984090805,0.22130856513977051,0,0
donor_withdrawal,3468,V32P-A023983,0,0.68424239158630373,0.68536972999572754,1,1
donor_withdrawal,3469,V32P-A023984,0,0.58066650032997136,0.58078541159629826,0,0
donor_withdrawal,3470,V32P-A023985,0,0.55607672929763796,0.55718580484390257,0,0
donor_withdrawal,3471,V32P-A023986,1,0.51095489859580989,0.51358844041824336,0,0
donor_withdrawal,3472,V32P-A023987,0,0.090501900762319565,0.095255286991596216,0,0
donor_withdrawal,3473,V32P-A023988,0,0.035505722835659982,0.037358185276389122,0,0
donor_withdrawal,3474,V32P-A023989,1,0.63033615350723271,0.6224162101745605,1,1
donor_withdrawal,3475,V32P-A023990,1,0.47776936888694765,0.46937913894653321,0,0
donor_withdrawal,3476,V32P-A023991,1,0.38845112323760989,0.38148458600044249,0,0
donor_withdrawal,3477,V32P-A023992,0,0.068923548981547358,0.069653814658522606,0,0
donor_withdrawal,3478,V32P-A023993,0,0.053905731439590453,0.054916290193796159,0,0
donor_withdrawal,3479,V32P-A023994,0,0.026007777731865644,0.02713296627625823,0,0
donor_withdrawal,3480,V32P-A024019,0,0.70505686998367312,0.70703607797622681,1,1
donor_withdrawal,3481,V32P-A024020,0,0.64895087480545044,0.65115555524826052,1,1
donor_withdrawal,3482,V32P-A024021,0,0.5733646929264069,0.57525668740272518,0,0
donor_withdrawal,3483,V32P-A024022,0,0.44237849712371824,0.45307320356369019,0,0
donor_withdrawal,3484,V32P-A024023,0,0.4570914149284363,0.46010101437568662,0,0
donor_withdrawal,3485,V32P-A024024,0,0.22210769802331926,0.2264838084578514,0,0
donor_withdrawal,3486,V32P-A024025,1,0.64547444581985469,0.65082741975784297,1,1
donor_withdrawal,3487,V32P-A024026,1,0.63217508792877197,0.64281390905380253,1,1
donor_withdrawal,3488,V32P-A024027,1,0.61342805624008179,0.62117896080017088,0,1
donor_withdrawal,3489,V32P-A024028,0,0.085782430320978167,0.090167091041803357,0,0
donor_withdrawal,3490,V32P-A024029,0,0.060833033174276352,0.064108002930879593,0,0
donor_withdrawal,3491,V32P-A024030,0,0.026828120648860931,0.028474329225718974,0,0
donor_withdrawal,3492,V32P-A024031,0,0.53497708439826963,0.53234934210777285,0,0
donor_withdrawal,3493,V32P-A024032,0,0.50132910609245296,0.49688421487808226,0,0
donor_withdrawal,3494,V32P-A024033,0,0.44363555908203123,0.4373025417327881,0,0
donor_withdrawal,3495,V32P-A024034,0,0.36529173254966735,0.35758044123649596,0,0
donor_withdrawal,3496,V32P-A024035,0,0.29689508080482485,0.28838000893592836,0,0
donor_withdrawal,3497,V32P-A024036,0,0.14830648377537728,0.14478775337338448,0,0
donor_withdrawal,3498,V32P-A024043,0,0.81116193532943726,0.81066622734069826,1,1
donor_withdrawal,3499,V32P-A024044,0,0.83149241209030156,0.83101216554641721,1,1
donor_withdrawal,3500,V32P-A024045,0,0.85548334121704106,0.85469514131546021,1,1
donor_withdrawal,3501,V32P-A024046,0,0.77058496475219729,0.7719861745834351,1,1
donor_withdrawal,3502,V32P-A024047,0,0.68581351041793825,0.69120918512344365,1,1
donor_withdrawal,3503,V32P-A024048,0,0.097889554500579831,0.10205898582935333,0,0
donor_withdrawal,3504,V32P-A024073,0,0.68402266502380371,0.68082379102706914,1,1
donor_withdrawal,3505,V32P-A024074,0,0.61748467683792119,0.61922618150711062,0,0
donor_withdrawal,3506,V32P-A024075,0,0.54581063389778139,0.55317634940147398,0,0
donor_withdrawal,3507,V32P-A024076,0,0.46501082777976988,0.47725645303726194,0,0
donor_withdrawal,3508,V32P-A024077,0,0.56264112591743465,0.57640655636787419,0,0
donor_withdrawal,3509,V32P-A024078,0,0.14861398339271545,0.15716152787208557,0,0
donor_withdrawal,3510,V32P-A024079,0,0.71269742250442503,0.70938463211059566,1,1
donor_withdrawal,3511,V32P-A024080,0,0.54527205824851988,0.53694834113121037,0,0
donor_withdrawal,3512,V32P-A024081,0,0.66698007583618169,0.66322005987167354,1,1
donor_withdrawal,3513,V32P-A024082,0,0.49913773536682127,0.49001930952072142,0,0
donor_withdrawal,3514,V32P-A024083,0,0.3948871076107025,0.38769763708114624,0,0
donor_withdrawal,3515,V32P-A024084,0,0.17177428901195527,0.17017964720726014,0,0
donor_withdrawal,3516,V32P-A024109,0,0.57769125699996948,0.56937631368637087,0,0
donor_withdrawal,3517,V32P-A024110,0,0.5601879358291626,0.55522391796112058,0,0
donor_withdrawal,3518,V32P-A024111,0,0.53105239868164067,0.5274419844150543,0,0
donor_withdrawal,3519,V32P-A024112,0,0.45278556346893312,0.44822909832000735,0,0
donor_withdrawal,3520,V32P-A024113,0,0.38128433525562289,0.37813251316547392,0,0
donor_withdrawal,3521,V32P-A024114,0,0.1694117158651352,0.17211838960647582,0,0
donor_withdrawal,3522,V32P-A024145,0,0.71564173698425293,0.71425794363021855,1,1
donor_withdrawal,3523,V32P-A024146,0,0.72753860950469973,0.72617121934890749,1,1
donor_withdrawal,3524,V32P-A024147,0,0.73789145946502688,0.73649652004241939,1,1
donor_withdrawal,3525,V32P-A024148,0,0.70918229818344114,0.70753005743026731,1,1
donor_withdrawal,3526,V32P-A024149,0,0.6684258818626404,0.66769578456878664,1,1
donor_withdrawal,3527,V32P-A024150,0,0.45932466387748716,0.46503773331642151,0,0
donor_withdrawal,3528,V32P-A024163,0,0.37274182438850401,0.35883584022521975,0,0
donor_withdrawal,3529,V32P-A024164,0,0.4050645172595978,0.39036926627159119,0,0
donor_withdrawal,3530,V32P-A024165,0,0.37981045842170713,0.36555672287940977,0,0
donor_withdrawal,3531,V32P-A024166,0,0.31703504920005798,0.30424594879150391,0,0
donor_withdrawal,3532,V32P-A024167,0,0.23480832874774932,0.22546859681606293,0,0
donor_withdrawal,3533,V32P-A024168,0,0.093710403144359591,0.092678219079971313,0,0
donor_withdrawal,3534,V32P-A024211,1,0.53728028535842898,0.54263976812362669,0,0
donor_withdrawal,3535,V32P-A024212,1,0.52993255853652954,0.53458348512649534,0,0
donor_withdrawal,3536,V32P-A024213,1,0.54737899899482723,0.55602208971977229,0,0
donor_withdrawal,3537,V32P-A024214,0,0.099157410115003591,0.1049304723739624,0,0
donor_withdrawal,3538,V32P-A024215,0,0.079973556101322174,0.084862631559371945,0,0
donor_withdrawal,3539,V32P-A024216,0,0.043074421212077142,0.045829233154654501,0,0
donor_withdrawal,3540,V32P-A024307,0,0.37014919519424438,0.35400198101997377,0,0
donor_withdrawal,3541,V32P-A024308,0,0.37035321593284609,0.36327491998672484,0,0
donor_withdrawal,3542,V32P-A024309,0,0.32279524207115173,0.3191594362258911,0,0
donor_withdrawal,3543,V32P-A024310,0,0.30907106697559356,0.30677589476108552,0,0
donor_withdrawal,3544,V32P-A024311,0,0.24384520053863526,0.25302830934524534,0,0
donor_withdrawal,3545,V32P-A024312,0,0.10709995850920677,0.11184598430991173,0,0
donor_withdrawal,3546,V32P-A024379,1,0.68279236555099487,0.67795192003250127,1,1
donor_withdrawal,3547,V32P-A024380,1,0.59703384637832646,0.59013078212738035,0,0
donor_withdrawal,3548,V32P-A024381,1,0.54082910418510433,0.53488734364509583,0,0
donor_withdrawal,3549,V32P-A024382,0,0.091085409373044962,0.092262061685323721,0,0
donor_withdrawal,3550,V32P-A024383,0,0.066581619158387187,0.068328904733061788,0,0
donor_withdrawal,3551,V32P-A024384,0,0.032423537410795691,0.033967002294957638,0,0
donor_withdrawal,3552,V32P-A024391,0,0.53852249383926387,0.52953108549118044,0,0
donor_withdrawal,3553,V32P-A024392,0,0.54103592634201048,0.53658714294433596,0,0
donor_withdrawal,3554,V32P-A024393,0,0.48395408391952516,0.48373397588729861,0,0
donor_withdrawal,3555,V32P-A024394,0,0.38993868827819822,0.39573476910591127,0,0
donor_withdrawal,3556,V32P-A024395,0,0.30209782719612122,0.31155380010604861,0,0
donor_withdrawal,3557,V32P-A024396,0,0.1249644324183464,0.1331301972270012,0,0
donor_withdrawal,3558,V32P-A024427,1,0.78466044664382939,0.78204652070999148,1,1
donor_withdrawal,3559,V32P-A024428,1,0.69361321926116948,0.69101186990737917,1,1
donor_withdrawal,3560,V32P-A024429,1,0.60392729043960569,0.60106106996536257,0,0
donor_withdrawal,3561,V32P-A024430,0,0.086194286495447164,0.088265874236822126,0,0
donor_withdrawal,3562,V32P-A024431,0,0.063613722845911977,0.065479726716876033,0,0
donor_withdrawal,3563,V32P-A024432,0,0.026980160363018514,0.028036634065210821,0,0
donor_withdrawal,3564,V32P-A024487,0,0.699785304069519,0.70126354694366455,1,1
donor_withdrawal,3565,V32P-A024488,0,0.6658282518386841,0.66952667236328123,1,1
donor_withdrawal,3566,V32P-A024489,0,0.62160130739212038,0.62865971326828007,1,1
donor_withdrawal,3567,V32P-A024490,0,0.56716083884239199,0.57943691611289982,0,0
donor_withdrawal,3568,V32P-A024491,0,0.49155597686767577,0.50967613458633421,0,0
donor_withdrawal,3569,V32P-A024492,0,0.25741239786148074,0.27659964859485625,0,0
donor_withdrawal,3570,V32P-A024613,0,0.63220714330673222,0.62170631289482114,1,1
donor_withdrawal,3571,V32P-A024614,0,0.63753094673156741,0.63220994472503667,1,1
donor_withdrawal,3572,V32P-A024615,0,0.58011242151260378,0.57642388939857481,0,0
donor_withdrawal,3573,V32P-A024616,0,0.49086071252822877,0.49374260306358336,0,0
donor_withdrawal,3574,V32P-A024617,0,0.39450217485427858,0.40067893266677856,0,0
donor_withdrawal,3575,V32P-A024618,0,0.16771261394023895,0.17491817474365234,0,0
donor_withdrawal,3576,V32P-A024631,0,0.76087750196456905,0.75357676744461055,1,1
donor_withdrawal,3577,V32P-A024632,0,0.55024363398551945,0.53736472725868223,0,0
donor_withdrawal,3578,V32P-A024633,0,0.47579442858695986,0.46232008337974551,0,0
donor_withdrawal,3579,V32P-A024634,0,0.40652421712875364,0.39399985074996946,0,0
donor_withdrawal,3580,V32P-A024635,0,0.31509658098220827,0.30533810257911681,0,0
donor_withdrawal,3581,V32P-A024636,0,0.1525501787662506,0.14845498651266098,0,0
donor_withdrawal,3582,V32P-A024637,0,0.46354345679283143,0.45800943970680236,0,0
donor_withdrawal,3583,V32P-A024638,0,0.47248750925064087,0.46777193546295165,0,0
donor_withdrawal,3584,V32P-A024639,0,0.46236100196838381,0.4573746919631958,0,0
donor_withdrawal,3585,V32P-A024640,1,0.44788683056831358,0.44137899279594422,0,0
donor_withdrawal,3586,V32P-A024641,0,0.06393778882920742,0.066576975211501119,0,0
donor_withdrawal,3587,V32P-A024642,0,0.026585312373936177,0.028121038340032101,0,0
donor_withdrawal,3588,V32P-A024763,0,0.65428220033645634,0.6555895209312439,1,1
donor_withdrawal,3589,V32P-A024764,0,0.68993554115295408,0.69158979654312136,1,1
donor_withdrawal,3590,V32P-A024765,0,0.70236337184906006,0.70398670434951782,1,1
donor_withdrawal,3591,V32P-A024766,0,0.68850576877593994,0.6903342604637146,1,1
donor_withdrawal,3592,V32P-A024767,0,0.60557622909545894,0.61229658126831055,0,0
donor_withdrawal,3593,V32P-A024768,0,0.34186339378356934,0.35395115613937378,0,0
donor_withdrawal,3594,V32P-A024799,0,0.56612039208412168,0.56048569083213806,0,0
donor_withdrawal,3595,V32P-A024800,0,0.51774214506149296,0.512854540348053,0,0
donor_withdrawal,3596,V32P-A024801,0,0.48008005023002626,0.47560410499572753,0,0
donor_withdrawal,3597,V32P-A024802,1,0.40403313636779786,0.39763067960739135,0,0
donor_withdrawal,3598,V32P-A024803,0,0.067164033092558389,0.069494068063795572,0,0
donor_withdrawal,3599,V32P-A024804,0,0.028837279090657829,0.030100075760856271,0,0
donor_withdrawal,3600,V32P-A024805,0,0.48354800343513488,0.4656116306781769,0,0
donor_withdrawal,3601,V32P-A024806,0,0.50988226532936098,0.49559230208396909,0,0
donor_withdrawal,3602,V32P-A024807,0,0.49223154783248901,0.47912373542785647,0,0
donor_withdrawal,3603,V32P-A024808,1,0.4583540201187134,0.44635653495788574,0,0
donor_withdrawal,3604,V32P-A024809,0,0.06158759817481041,0.062984276562929153,0,0
donor_withdrawal,3605,V32P-A024810,0,0.026748176477849484,0.028151286579668523,0,0
donor_withdrawal,3606,V32P-A024841,0,0.81057054996490474,0.80654157400131221,1,1
donor_withdrawal,3607,V32P-A024842,0,0.72292261123657231,0.71828536987304692,1,1
donor_withdrawal,3608,V32P-A024843,0,0.67128175497055054,0.67066107988357548,1,1
donor_withdrawal,3609,V32P-A024844,0,0.62114665508270261,0.62536751031875615,1,1
donor_withdrawal,3610,V32P-A024845,0,0.53971256613731389,0.54709508419036867,0,0
donor_withdrawal,3611,V32P-A024846,0,0.28308145403862001,0.28935852646827698,0,0
donor_withdrawal,3612,V32P-A024955,0,0.48778479099273681,0.49020559787750245,0,0
donor_withdrawal,3613,V32P-A024956,0,0.40947037935256958,0.41188631057739256,0,0
donor_withdrawal,3614,V32P-A024957,0,0.35356919169425965,0.35743795633316039,0,0
donor_withdrawal,3615,V32P-A024958,0,0.25656479895114898,0.26301393806934359,0,0
donor_withdrawal,3616,V32P-A024959,0,0.20164452195167543,0.20926054120063781,0,0
donor_withdrawal,3617,V32P-A024960,0,0.086749440431594854,0.091988994181156164,0,0
donor_withdrawal,3618,V32P-A024961,0,0.50584430098533628,0.50695062279701231,0,0
donor_withdrawal,3619,V32P-A024962,0,0.5020444393157959,0.50374373197555544,0,0
donor_withdrawal,3620,V32P-A024963,0,0.47244589328765868,0.47532703876495364,0,0
donor_withdrawal,3621,V32P-A024964,0,0.42451904416084291,0.43023523688316345,0,0
donor_withdrawal,3622,V32P-A024965,0,0.36166846156120303,0.37067469358444216,0,0
donor_withdrawal,3623,V32P-A024966,0,0.029353085905313492,0.031711966171860693,0,0
donor_withdrawal,3624,V32P-A024985,0,0.44238101840019228,0.44383211731910704,0,0
donor_withdrawal,3625,V32P-A024986,0,0.39404706358909608,0.39546835422515869,0,0
donor_withdrawal,3626,V32P-A024987,0,0.36087116003036501,0.36283598542213441,0,0
donor_withdrawal,3627,V32P-A024988,0,0.30274820029735566,0.30531367957592009,0,0
donor_withdrawal,3628,V32P-A024989,0,0.24068226218223571,0.24467138648033143,0,0
donor_withdrawal,3629,V32P-A024990,0,0.019010068476200105,0.020748410746455191,0,0
donor_withdrawal,3630,V32P-A025039,0,0.74518340826034546,0.74354982376098633,1,1
donor_withdrawal,3631,V32P-A025040,0,0.44967325925827029,0.45295134782791135,0,0
donor_withdrawal,3632,V32P-A025041,0,0.48785257339477539,0.48703919649124144,0,0
donor_withdrawal,3633,V32P-A025042,0,0.52319781184196468,0.52418208718299864,0,0
donor_withdrawal,3634,V32P-A025043,0,0.38370920419692994,0.385862797498703,0,0
donor_withdrawal,3635,V32P-A025044,0,0.14487438499927521,0.14793543815612792,0,0
donor_withdrawal,3636,V32P-A025075,0,0.73231076002120976,0.73299742937088008,1,1
donor_withdrawal,3637,V32P-A025076,0,0.6280612468719482,0.62815486192703252,1,1
donor_withdrawal,3638,V32P-A025077,0,0.525439840555191,0.52452058196067808,0,0
donor_withdrawal,3639,V32P-A025078,0,0.59091743230819704,0.59133703708648677,0,0
donor_withdrawal,3640,V32P-A025079,0,0.61281387805938725,0.61355689764022825,0,0
donor_withdrawal,3641,V32P-A025080,0,0.38811869025230405,0.39294115304946897,0,0
donor_withdrawal,3642,V32P-A025093,0,0.3164518862962723,0.30654883682727813,0,0
donor_withdrawal,3643,V32P-A025094,0,0.35479330420494082,0.34665062427520754,0,0
donor_withdrawal,3644,V32P-A025095,0,0.33006748557090759,0.32173238992691039,0,0
donor_withdrawal,3645,V32P-A025096,0,0.26877008974552152,0.26310604512691499,0,0
donor_withdrawal,3646,V32P-A025097,0,0.21936135292053222,0.21525542736053466,0,0
donor_withdrawal,3647,V32P-A025098,0,0.099037371575832367,0.098861627280712128,0,0
donor_withdrawal,3648,V32P-A025135,0,0.78624103069305418,0.78396737575531006,1,1
donor_withdrawal,3649,V32P-A025136,0,0.71639171838760374,0.71440914869308469,1,1
donor_withdrawal,3650,V32P-A025137,0,0.67268999814987185,0.67045432329177856,1,1
donor_withdrawal,3651,V32P-A025138,0,0.66311212778091433,0.66094322204589839,1,1
donor_withdrawal,3652,V32P-A025139,0,0.54223302006721497,0.54324508309364317,0,0
donor_withdrawal,3653,V32P-A025140,0,0.035854640603065493,0.037707447633147241,0,0
donor_withdrawal,3654,V32P-A025249,0,0.72157329320907593,0.71804411411285396,1,1
donor_withdrawal,3655,V32P-A025250,0,0.46557487249374391,0.46095635890960696,0,0
donor_withdrawal,3656,V32P-A025251,0,0.62266910672187803,0.62228918671607969,1,1
donor_withdrawal,3657,V32P-A025252,0,0.41009376645088197,0.40746408104896548,0,0
donor_withdrawal,3658,V32P-A025253,0,0.3065431982278824,0.30594280064105989,0,0
donor_withdrawal,3659,V32P-A025254,0,0.13059297055006028,0.13374136835336686,0,0
donor_withdrawal,3660,V32P-A025255,0,0.50750852227210996,0.50037461519241333,0,0
donor_withdrawal,3661,V32P-A025256,0,0.49295012950897216,0.4879993975162506,0,0
donor_withdrawal,3662,V32P-A025257,0,0.46962051987648012,0.4655969262123108,0,0
donor_withdrawal,3663,V32P-A025258,0,0.4021964192390442,0.40052547454833987,0,0
donor_withdrawal,3664,V32P-A025259,0,0.38389660120010377,0.39282321333885195,0,0
donor_withdrawal,3665,V32P-A025260,0,0.17053787410259247,0.17458643913269042,0,0
donor_withdrawal,3666,V32P-A025273,0,0.31110734641551974,0.3109201043844223,0,0
donor_withdrawal,3667,V32P-A025274,0,0.37875452041625979,0.38118242025375365,0,0
donor_withdrawal,3668,V32P-A025275,0,0.36971743106842042,0.37686650753021239,0,0
donor_withdrawal,3669,V32P-A025276,0,0.29476490020751955,0.3068601727485657,0,0
donor_withdrawal,3670,V32P-A025277,0,0.22149479687213897,0.23719401657581329,0,0
donor_withdrawal,3671,V32P-A025278,0,0.091926675289869308,0.10339647606015205,0,0
donor_withdrawal,3672,V32P-A025327,0,0.77457975149154668,0.77802181243896484,1,1
donor_withdrawal,3673,V32P-A025328,0,0.64484289884567259,0.65008647441864009,1,1
donor_withdrawal,3674,V32P-A025329,0,0.55599349141120913,0.56246389746665959,0,0
donor_withdrawal,3675,V32P-A025330,0,0.46247625946998594,0.46998180747032164,0,0
donor_withdrawal,3676,V32P-A025331,0,0.34128085374832151,0.34990038871765139,0,0
donor_withdrawal,3677,V32P-A025332,0,0.14804878383874892,0.15295807868242264,0,0
donor_withdrawal,3678,V32P-A025345,0,0.53520320057868953,0.52474373579025269,0,0
donor_withdrawal,3679,V32P-A025346,0,0.55654013752937315,0.55024648308753965,0,0
donor_withdrawal,3680,V32P-A025347,0,0.5452090263366699,0.53989902734756468,0,0
donor_withdrawal,3681,V32P-A025348,0,0.47307397723197936,0.47093672156333921,0,0
donor_withdrawal,3682,V32P-A025349,0,0.40825428664684293,0.40727718770503996,0,0
donor_withdrawal,3683,V32P-A025350,0,0.19449041411280632,0.19842180833220482,0,0
donor_withdrawal,3684,V32P-A025387,0,0.64314496517181396,0.64599360227584834,1,1
donor_withdrawal,3685,V32P-A025388,0,0.61074619293212895,0.61351089477539067,0,0
donor_withdrawal,3686,V32P-A025389,0,0.58819467425346372,0.59163234829902644,0,0
donor_withdrawal,3687,V32P-A025390,0,0.52963482737541201,0.53788917660713198,0,0
donor_withdrawal,3688,V32P-A025391,0,0.47505404353141784,0.49630284309387207,0,0
donor_withdrawal,3689,V32P-A025392,0,0.22102514207363128,0.23741038143634796,0,0
donor_withdrawal,3690,V32P-A025447,1,0.77526712417602539,0.76753103733062744,1,1
donor_withdrawal,3691,V32P-A025448,1,0.74404680728912354,0.73419420719146733,1,1
donor_withdrawal,3692,V32P-A025449,0,0.32385112643241881,0.3225944608449936,0,0
donor_withdrawal,3693,V32P-A025450,0,0.13723008930683137,0.13792693614959717,0,0
donor_withdrawal,3694,V32P-A025451,0,0.10673276260495186,0.10781730264425278,0,0
donor_withdrawal,3695,V32P-A025452,0,0.044534439779818059,0.045433573238551614,0,0
donor_withdrawal,3696,V32P-A025495,0,0.77856329679489134,0.77985521554946902,1,1
donor_withdrawal,3697,V32P-A025496,0,0.6129558324813843,0.61603970527648921,0,0
donor_withdrawal,3698,V32P-A025497,0,0.50987167358398433,0.51218868494033809,0,0
donor_withdrawal,3699,V32P-A025498,0,0.43183805346488952,0.43357348442077637,0,0
donor_withdrawal,3700,V32P-A025499,0,0.40888278484344481,0.41128003001213076,0,0
donor_withdrawal,3701,V32P-A025500,0,0.15048461407423019,0.15375434011220931,0,0
donor_withdrawal,3702,V32P-A025561,0,0.70263346433639529,0.70115381479263306,1,1
donor_withdrawal,3703,V32P-A025562,0,0.56944390535354616,0.56636166572570801,0,0
donor_withdrawal,3704,V32P-A025563,0,0.48194957375526426,0.48023163676261904,0,0
donor_withdrawal,3705,V32P-A025564,0,0.41549940705299376,0.41714019179344175,0,0
donor_withdrawal,3706,V32P-A025565,0,0.30979981422424319,0.31470655202865599,0,0
donor_withdrawal,3707,V32P-A025566,0,0.12655888348817826,0.13180298805236818,0,0
donor_withdrawal,3708,V32P-A025573,0,0.66290497779846191,0.6605562210083008,1,1
donor_withdrawal,3709,V32P-A025574,0,0.56622098684310918,0.56105070114135747,0,0
donor_withdrawal,3710,V32P-A025575,0,0.4757734715938568,0.46795097589492796,0,0
donor_withdrawal,3711,V32P-A025576,0,0.39471504092216492,0.38731245398521424,0,0
donor_withdrawal,3712,V32P-A025577,0,0.33408423364162443,0.33405599892139437,0,0
donor_withdrawal,3713,V32P-A025578,0,0.14363256990909576,0.14311356246471404,0,0
donor_withdrawal,3714,V32P-A025663,0,0.6442085981369019,0.64674297571182249,1,1
donor_withdrawal,3715,V32P-A025664,0,0.53798863887786863,0.53889392614364628,0,0
donor_withdrawal,3716,V32P-A025665,0,0.51280641555786133,0.51599072813987734,0,0
donor_withdrawal,3717,V32P-A025666,1,0.47971538305282591,0.4862674057483673,0,0
donor_withdrawal,3718,V32P-A025667,0,0.074437557160854345,0.077726448327302938,0,0
donor_withdrawal,3719,V32P-A025668,0,0.034236159361898902,0.035834379121661188,0,0
donor_withdrawal,3720,V32P-A025723,0,0.54045390486717226,0.53383939862251284,0,0
donor_withdrawal,3721,V32P-A025724,0,0.65560946464538572,0.65298354625701904,1,1
donor_withdrawal,3722,V32P-A025725,0,0.64285848140716551,0.64073939323425289,1,1
donor_withdrawal,3723,V32P-A025726,1,0.59233753681182866,0.59111931324005129,0,0
donor_withdrawal,3724,V32P-A025727,0,0.083054728060960772,0.086418962478637701,0,0
donor_withdrawal,3725,V32P-A025728,0,0.04213322140276432,0.044161933660507205,0,0
donor_withdrawal,3726,V32P-A025837,0,0.64905368089675908,0.65085493326187138,1,1
donor_withdrawal,3727,V32P-A025838,0,0.49252750277519225,0.49747395515441895,0,0
donor_withdrawal,3728,V32P-A025839,0,0.4396661162376404,0.44810355901718141,0,0
donor_withdrawal,3729,V32P-A025840,0,0.35938879251480105,0.37190459370613099,0,0
donor_withdrawal,3730,V32P-A025841,0,0.27118097841739652,0.28433766663074495,0,0
donor_withdrawal,3731,V32P-A025842,0,0.10517595410346985,0.11359229534864426,0,0
donor_withdrawal,3732,V32P-A025915,0,0.53688437342643736,0.53455917239189144,0,0
donor_withdrawal,3733,V32P-A025916,0,0.55280879735946653,0.55224535465240476,0,0
donor_withdrawal,3734,V32P-A025917,0,0.51003816723823547,0.51070611476898198,0,0
donor_withdrawal,3735,V32P-A025918,0,0.46274524331092837,0.46555754542350769,0,0
donor_withdrawal,3736,V32P-A025919,0,0.38559853434562685,0.39143359065055849,0,0
donor_withdrawal,3737,V32P-A025920,0,0.17810503840446473,0.18446809649467469,0,0
donor_withdrawal,3738,V32P-A026041,0,0.73116120100021365,0.73375865221023562,1,1
donor_withdrawal,3739,V32P-A026042,0,0.69893662929534917,0.7021031379699707,1,1
donor_withdrawal,3740,V32P-A026043,0,0.6801009058952332,0.68384647369384766,1,1
donor_withdrawal,3741,V32P-A026044,0,0.67302072048187256,0.67893935441970821,1,1
donor_withdrawal,3742,V32P-A026045,0,0.67185969352722164,0.67961140871047976,1,1
donor_withdrawal,3743,V32P-A026046,0,0.54130549430847164,0.55662028789520268,0,0
donor_withdrawal,3744,V32P-A026077,0,0.55827389359474178,0.56512411236763005,0,0
donor_withdrawal,3745,V32P-A026078,0,0.55745952129364018,0.56264559030532835,0,0
donor_withdrawal,3746,V32P-A026079,0,0.54920930266380308,0.55029390454292293,0,0
donor_withdrawal,3747,V32P-A026080,0,0.52862163186073308,0.53071057200431826,0,0
donor_withdrawal,3748,V32P-A026081,0,0.45145043730735779,0.45363193154335024,0,0
donor_withdrawal,3749,V32P-A026082,0,0.22864766716957091,0.23518233597278596,0,0
donor_withdrawal,3750,V32P-A026101,0,0.58728127479553227,0.58935130834579463,0,0
donor_withdrawal,3751,V32P-A026102,0,0.56947114467620852,0.57216981649398801,0,0
donor_withdrawal,3752,V32P-A026103,0,0.57907040715217595,0.58459143042564388,0,0
donor_withdrawal,3753,V32P-A026104,0,0.55847862362861633,0.56720818877220158,0,0
donor_withdrawal,3754,V32P-A026105,0,0.49236734509468078,0.50431637167930599,0,0
donor_withdrawal,3755,V32P-A026106,0,0.26931436657905578,0.27962136566638945,0,0
donor_withdrawal,3756,V32P-A026119,1,0.7031963109970093,0.69850776195526121,1,1
donor_withdrawal,3757,V32P-A026120,1,0.67523664236068726,0.6711411595344543,1,1
donor_withdrawal,3758,V32P-A026121,1,0.62707739472389223,0.62535154819488525,1,1
donor_withdrawal,3759,V32P-A026122,0,0.1086743488907814,0.11235646754503251,0,0
donor_withdrawal,3760,V32P-A026123,0,0.079206453263759607,0.082648556679487228,0,0
donor_withdrawal,3761,V32P-A026124,0,0.031742202863097188,0.033672410249710086,0,0
donor_withdrawal,3762,V32P-A026131,0,0.53278727531433101,0.53084131479263308,0,0
donor_withdrawal,3763,V32P-A026132,0,0.51190786957740786,0.5127575695514679,0,0
donor_withdrawal,3764,V32P-A026133,0,0.52227087020874019,0.53331865072250362,0,0
donor_withdrawal,3765,V32P-A026134,0,0.40796150565147399,0.41326319575309756,0,0
donor_withdrawal,3766,V32P-A026135,0,0.34015445411205292,0.34768286049365998,0,0
donor_withdrawal,3767,V32P-A026136,0,0.1581004023551941,0.16814404726028442,0,0
donor_withdrawal,3768,V32P-A026365,0,0.63262293338775633,0.62749460935592649,1,1
donor_withdrawal,3769,V32P-A026366,0,0.49933405518531798,0.49277604222297666,0,0
donor_withdrawal,3770,V32P-A026367,0,0.43413488864898681,0.42609241604804993,0,0
donor_withdrawal,3771,V32P-A026368,0,0.3554546356201172,0.34826486706733706,0,0
donor_withdrawal,3772,V32P-A026369,0,0.29848034083843233,0.29167203009128573,0,0
donor_withdrawal,3773,V32P-A026370,0,0.15304353088140488,0.14778232723474502,0,0
donor_withdrawal,3774,V32P-A026431,0,0.48838633894920347,0.49100171923637392,0,0
donor_withdrawal,3775,V32P-A026432,0,0.43469927310943601,0.43866735100746157,0,0
donor_withdrawal,3776,V32P-A026433,0,0.38367586731910708,0.38950617909431456,0,0
donor_withdrawal,3777,V32P-A026434,0,0.30123178362846376,0.31073597669601438,0,0
donor_withdrawal,3778,V32P-A026435,0,0.23462857902050019,0.24527113139629364,0,0
donor_withdrawal,3779,V32P-A026436,0,0.10578221231698989,0.11431901901960373,0,0
donor_withdrawal,3780,V32P-A026455,0,0.6563912034034729,0.65881019830703735,1,1
donor_withdrawal,3781,V32P-A026456,0,0.56653458476066587,0.5647968471050262,0,0
donor_withdrawal,3782,V32P-A026457,0,0.48392529487609864,0.47849767208099364,0,0
donor_withdrawal,3783,V32P-A026458,0,0.60425166487693782,0.61031269431114199,0,0
donor_withdrawal,3784,V32P-A026459,1,0.36314482092857359,0.36126603782176969,0,0
donor_withdrawal,3785,V32P-A026460,0,0.034760114550590512,0.035592227056622502,0,0
donor_withdrawal,3786,V32P-A026479,0,0.63224259614944456,0.62924927473068237,1,1
donor_withdrawal,3787,V32P-A026480,0,0.57714672088623042,0.57342966794967654,0,0
donor_withdrawal,3788,V32P-A026481,0,0.52737402319908144,0.52164071202278139,0,0
donor_withdrawal,3789,V32P-A026482,0,0.43057239055633545,0.41975892186164854,0,0
donor_withdrawal,3790,V32P-A026483,0,0.33527313768863676,0.32491869032382964,0,0
donor_withdrawal,3791,V32P-A026484,0,0.13872540295124053,0.13708783388137818,0,0
donor_withdrawal,3792,V32P-A026485,0,0.85131161212921147,0.85242949724197392,1,1
donor_withdrawal,3793,V32P-A026486,0,0.78537708520889282,0.78820781707763676,1,1
donor_withdrawal,3794,V32P-A026487,0,0.73284239768981929,0.73752310276031496,1,1
donor_withdrawal,3795,V32P-A026488,0,0.65068230628967283,0.65894849300384517,1,1
donor_withdrawal,3796,V32P-A026489,1,0.59500168561935429,0.60646777153015141,0,0
donor_withdrawal,3797,V32P-A026490,0,0.047159839794039725,0.050566821545362475,0,0
donor_withdrawal,3798,V32P-A026569,0,0.48894642591476439,0.48317495584487913,0,0
donor_withdrawal,3799,V32P-A026570,0,0.53163045644760132,0.53836472630500798,0,0
donor_withdrawal,3800,V32P-A026571,0,0.43349154591560363,0.44231697916984558,0,0
donor_withdrawal,3801,V32P-A026572,0,0.40039377808570864,0.41321924328804016,0,0
donor_withdrawal,3802,V32P-A026573,0,0.33034225404262541,0.3464720159769058,0,0
donor_withdrawal,3803,V32P-A026574,0,0.14660352468490601,0.15639840364456176,0,0
donor_withdrawal,3804,V32P-A026593,1,0.70126719474792476,0.70580413341522219,1,1
donor_withdrawal,3805,V32P-A026594,1,0.66715184450149534,0.67338378429412837,1,1
donor_withdrawal,3806,V32P-A026595,1,0.48221656680107117,0.49325081110000613,0,0
donor_withdrawal,3807,V32P-A026596,0,0.092248234897851944,0.096225331723690036,0,0
donor_withdrawal,3808,V32P-A026597,0,0.071771606430411333,0.075138630345463753,0,0
donor_withdrawal,3809,V32P-A026598,0,0.031729191169142724,0.033349426835775374,0,0
donor_withdrawal,3810,V32P-A026611,0,0.71619057655334473,0.71458350419998173,1,1
donor_withdrawal,3811,V32P-A026612,0,0.46431068778038026,0.4672010004520416,0,0
donor_withdrawal,3812,V32P-A026613,0,0.38292301893234254,0.38578834533691408,0,0
donor_withdrawal,3813,V32P-A026614,0,0.39364062547683715,0.39350805282592771,0,0
donor_withdrawal,3814,V32P-A026615,0,0.31308951377868655,0.32011374831199646,0,0
donor_withdrawal,3815,V32P-A026616,0,0.10422588139772415,0.109399975836277,0,0
donor_withdrawal,3816,V32P-A026647,0,0.35531747341156006,0.34743087291717528,0,0
donor_withdrawal,3817,V32P-A026648,0,0.3873575687408447,0.38139141201972959,0,0
donor_withdrawal,3818,V32P-A026649,0,0.36007395386695862,0.35632845163345339,0,0
donor_withdrawal,3819,V32P-A026650,0,0.29428620934486388,0.29331419467926023,0,0
donor_withdrawal,3820,V32P-A026651,0,0.22807809710502625,0.22833914756774903,0,0
donor_withdrawal,3821,V32P-A026652,0,0.098913168162107462,0.10105005428194999,0,0
donor_withdrawal,3822,V32P-A026701,0,0.60174024105072021,0.59797102212905884,0,0
donor_withdrawal,3823,V32P-A026702,0,0.54057087302207951,0.54145502448081972,0,0
donor_withdrawal,3824,V32P-A026703,0,0.45567012429237364,0.46224997639656068,0,0
donor_withdrawal,3825,V32P-A026704,0,0.31210753619670867,0.32577437460422515,0,0
donor_withdrawal,3826,V32P-A026705,1,0.30238675773143769,0.31487428843975068,0,0
donor_withdrawal,3827,V32P-A026706,0,0.018461260292679072,0.020624849479645491,0,0
donor_withdrawal,3828,V32P-A026719,0,0.78516917228698735,0.78595573902130123,1,1
donor_withdrawal,3829,V32P-A026720,0,0.73638346195220949,0.73643128871917729,1,1
donor_withdrawal,3830,V32P-A026721,0,0.72125891447067259,0.72048763036727903,1,1
donor_withdrawal,3831,V32P-A026722,0,0.70506317615509029,0.70309514999389644,1,1
donor_withdrawal,3832,V32P-A026723,0,0.65383441448211665,0.648513400554657,1,1
donor_withdrawal,3833,V32P-A026724,0,0.43307663202285768,0.42693617939949036,0,0
donor_withdrawal,3834,V32P-A026725,0,0.54962274432182312,0.54827769398689274,0,0
donor_withdrawal,3835,V32P-A026726,0,0.42731648683547974,0.42912666797637938,0,0
donor_withdrawal,3836,V32P-A026727,0,0.3685210645198822,0.37213980555534365,0,0
donor_withdrawal,3837,V32P-A026728,0,0.28893061578273771,0.29322931468486785,0,0
donor_withdrawal,3838,V32P-A026729,0,0.22395414710044861,0.22882266938686371,0,0
donor_withdrawal,3839,V32P-A026730,0,0.096420875191688543,0.10200270712375641,0,0
donor_withdrawal,3840,V32P-A026833,0,0.54172762036323552,0.54100971817970278,0,0
donor_withdrawal,3841,V32P-A026834,0,0.52629823684692378,0.52499589323997498,0,0
donor_withdrawal,3842,V32P-A026835,0,0.49910421967506408,0.49686005711555481,0,0
donor_withdrawal,3843,V32P-A026836,0,0.43434016704559325,0.43268784284591677,0,0
donor_withdrawal,3844,V32P-A026837,0,0.36947721242904663,0.36957136392593382,0,0
donor_withdrawal,3845,V32P-A026838,0,0.17667719423770906,0.18079571127891542,0,0
donor_withdrawal,3846,V32P-A026887,0,0.71016290187835696,0.70789783000946049,1,1
donor_withdrawal,3847,V32P-A026888,0,0.5419184625148773,0.54348430037498474,0,0
donor_withdrawal,3848,V32P-A026889,0,0.45851286053657531,0.46597986817359927,0,0
donor_withdrawal,3849,V32P-A026890,0,0.37788756489753722,0.38872686624526975,0,0
donor_withdrawal,3850,V32P-A026891,0,0.33077148199081419,0.34292254447937009,0,0
donor_withdrawal,3851,V32P-A026892,0,0.11872983127832412,0.12840456068515776,0,0
donor_withdrawal,3852,V32P-A026989,0,0.44453020691871642,0.42860029935836791,0,0
donor_withdrawal,3853,V32P-A026990,0,0.53656679987907407,0.52824217677116392,0,0
donor_withdrawal,3854,V32P-A026991,0,0.51839039325714109,0.51509982347488403,0,0
donor_withdrawal,3855,V32P-A026992,0,0.43987231254577636,0.43961870670318604,0,0
donor_withdrawal,3856,V32P-A026993,0,0.36815116405487058,0.37061082720756533,0,0
donor_withdrawal,3857,V32P-A026994,0,0.1927497535943985,0.19704749435186386,0,0
donor_withdrawal,3858,V32P-A027055,0,0.46105284690856935,0.45850298404693601,0,0
donor_withdrawal,3859,V32P-A027056,0,0.53337592482566831,0.53771045804023743,0,0
donor_withdrawal,3860,V32P-A027057,0,0.51652739048004148,0.52754634618759155,0,0
donor_withdrawal,3861,V32P-A027058,0,0.43225824236869814,0.4514126181602478,0,0
donor_withdrawal,3862,V32P-A027059,0,0.34672142267227174,0.36841928958892822,0,0
donor_withdrawal,3863,V32P-A027060,0,0.15386842787265778,0.16981624811887741,0,0
donor_withdrawal,3864,V32P-A027133,0,0.42351914644241334,0.41704750061035156,0,0
donor_withdrawal,3865,V32P-A027134,0,0.4311603307723999,0.43093553185462952,0,0
donor_withdrawal,3866,V32P-A027135,0,0.39023709893226621,0.3929142951965332,0,0
donor_withdrawal,3867,V32P-A027136,0,0.30741669535636901,0.31258392333984375,0,0
donor_withdrawal,3868,V32P-A027137,0,0.23756576180458069,0.24621917009353639,0,0
donor_withdrawal,3869,V32P-A027138,0,0.097583653032779688,0.10411195904016494,0,0
donor_withdrawal,3870,V32P-A027169,0,0.42572166323661803,0.41096585392951968,0,0
donor_withdrawal,3871,V32P-A027170,0,0.35142370462417605,0.33574044704437256,0,0
donor_withdrawal,3872,V32P-A027171,0,0.32028100192546843,0.30487787425518037,0,0
donor_withdrawal,3873,V32P-A027172,0,0.35165856182575228,0.33658380806446075,0,0
donor_withdrawal,3874,V32P-A027173,0,0.24212242960929869,0.23321405649185181,0,0
donor_withdrawal,3875,V32P-A027174,0,0.14280514568090438,0.13938455730676652,0,0
donor_withdrawal,3876,V32P-A027193,0,0.61215555667877197,0.60617684125900273,0,0
donor_withdrawal,3877,V32P-A027194,0,0.49832877516746521,0.49284398555755615,0,0
donor_withdrawal,3878,V32P-A027195,0,0.45684841275215149,0.45375512242317201,0,0
donor_withdrawal,3879,V32P-A027196,0,0.36952385902404783,0.36941217184066771,0,0
donor_withdrawal,3880,V32P-A027197,0,0.28997645974159242,0.29191472530364992,0,0
donor_withdrawal,3881,V32P-A027198,0,0.11906469911336899,0.12335197776556014,0,0
donor_withdrawal,3882,V32P-A027217,0,0.72595263719558711,0.72754005193710325,1,1
donor_withdrawal,3883,V32P-A027218,0,0.51852691173553467,0.53580272197723389,0,0
donor_withdrawal,3884,V32P-A027219,0,0.68240705728530882,0.68497279882431028,1,1
donor_withdrawal,3885,V32P-A027220,0,0.46294663548469545,0.47410155534744264,0,0
donor_withdrawal,3886,V32P-A027221,0,0.33788366317749025,0.35052018761634829,0,0
donor_withdrawal,3887,V32P-A027222,0,0.13336271792650223,0.14077345877885819,0,0
donor_withdrawal,3888,V32P-A027235,0,0.69254453182220455,0.69128018617630005,1,1
donor_withdrawal,3889,V32P-A027236,0,0.60511587858200078,0.60271707773208616,0,0
donor_withdrawal,3890,V32P-A027237,0,0.55573168396949768,0.5572282075881958,0,0
donor_withdrawal,3891,V32P-A027238,0,0.47203493714332578,0.47850978374481201,0,0
donor_withdrawal,3892,V32P-A027239,0,0.42494451403617861,0.43605087399482728,0,0
donor_withdrawal,3893,V32P-A027240,0,0.16299763023853303,0.17020474970340729,0,0
donor_withdrawal,3894,V32P-A027277,0,0.55101334452629092,0.5462169349193573,0,0
donor_withdrawal,3895,V32P-A027278,0,0.48366627693176267,0.48594608306884768,0,0
donor_withdrawal,3896,V32P-A027279,0,0.36354622840881345,0.35411062240600588,0,0
donor_withdrawal,3897,V32P-A027280,0,0.28869410157203673,0.28090323209762574,0,0
donor_withdrawal,3898,V32P-A027281,0,0.22853493243455886,0.22236250191926957,0,0
donor_withdrawal,3899,V32P-A027282,0,0.10785697996616364,0.10674870461225509,0,0
donor_withdrawal,3900,V32P-A027337,1,0.80430297851562504,0.80582065582275386,1,1
donor_withdrawal,3901,V32P-A027338,1,0.68932495117187498,0.69450668096542356,1,1
donor_withdrawal,3902,V32P-A027339,0,0.18029296398162842,0.18596231341361999,0,0
donor_withdrawal,3903,V32P-A027340,0,0.13105661273002625,0.13521257340908049,0,0
donor_withdrawal,3904,V32P-A027341,0,0.15011977627873421,0.15590100139379501,0,0
donor_withdrawal,3905,V32P-A027342,0,0.047246946208179,0.048963261023163798,0,0
donor_withdrawal,3906,V32P-A027379,0,0.62099663019180296,0.61210002899169924,1,0
donor_withdrawal,3907,V32P-A027380,0,0.66707423925399778,0.65976957082748411,1,1
donor_withdrawal,3908,V32P-A027381,0,0.68683167695999148,0.67940484285354619,1,1
donor_withdrawal,3909,V32P-A027382,0,0.6881613492965698,0.68016544580459593,1,1
donor_withdrawal,3910,V32P-A027383,1,0.51352095007896426,0.50531002879142761,0,0
donor_withdrawal,3911,V32P-A027384,0,0.028996396437287332,0.02996925190091133,0,0
donor_withdrawal,3912,V32P-A027427,1,0.65397293567657466,0.65189216136932371,1,1
donor_withdrawal,3913,V32P-A027428,1,0.66484342813491826,0.66281794309616093,1,1
donor_withdrawal,3914,V32P-A027429,1,0.58103864192962651,0.57750818729400633,0,0
donor_withdrawal,3915,V32P-A027430,0,0.07535936832427978,0.078436028957366941,0,0
donor_withdrawal,3916,V32P-A027431,0,0.053347983956336976,0.056484914571046832,0,0
donor_withdrawal,3917,V32P-A027432,0,0.021292522363364697,0.023083552904427051,0,0
donor_withdrawal,3918,V32P-A027481,0,0.51684958338737486,0.51554344892501835,0,0
donor_withdrawal,3919,V32P-A027482,0,0.52957938909530644,0.52871212959289549,0,0
donor_withdrawal,3920,V32P-A027483,0,0.54021472334861753,0.53862194418907161,0,0
donor_withdrawal,3921,V32P-A027484,0,0.48440995216369631,0.48192263245582578,0,0
donor_withdrawal,3922,V32P-A027485,1,0.38999343514442442,0.38871445059776305,0,0
donor_withdrawal,3923,V32P-A027486,0,0.029867910966277122,0.031728839501738548,0,0
donor_withdrawal,3924,V32P-A027541,0,0.55594244003295901,0.56075983047485356,0,0
donor_withdrawal,3925,V32P-A027542,0,0.49430544376373292,0.50751664638519289,0,0
donor_withdrawal,3926,V32P-A027543,0,0.56355969309806819,0.5693913996219635,0,0
donor_withdrawal,3927,V32P-A027544,0,0.48286482095718386,0.49218819141387937,0,0
donor_withdrawal,3928,V32P-A027545,0,0.38297628164291381,0.39571818113327029,0,0
donor_withdrawal,3929,V32P-A027546,0,0.16651988476514817,0.177942256629467,0,0
donor_withdrawal,3930,V32P-A027595,0,0.81394746303558352,0.8120581269264221,1,1
donor_withdrawal,3931,V32P-A027596,0,0.7397033214569092,0.73823288679122923,1,1
donor_withdrawal,3932,V32P-A027597,0,0.67589297294616701,0.67819110155105589,1,1
donor_withdrawal,3933,V32P-A027598,0,0.63797821998596194,0.63698104619979856,1,1
donor_withdrawal,3934,V32P-A027599,0,0.55294321179389949,0.55371860861778255,0,0
donor_withdrawal,3935,V32P-A027600,0,0.040127887949347497,0.04160724990069866,0,0
donor_withdrawal,3936,V32P-A027757,0,0.74612854719161992,0.74215550422668453,1,1
donor_withdrawal,3937,V32P-A027758,0,0.44200357198715212,0.4405568540096283,0,0
donor_withdrawal,3938,V32P-A027759,0,0.47810783982276917,0.47060610651969909,0,0
donor_withdrawal,3939,V32P-A027760,0,0.37097219824790956,0.3629040479660034,0,0
donor_withdrawal,3940,V32P-A027761,0,0.28998967409133913,0.28074988126754763,0,0
donor_withdrawal,3941,V32P-A027762,0,0.12105258703231811,0.11894927322864532,0,0
donor_withdrawal,3942,V32P-A027781,1,0.65470138788223264,0.65978783369064331,1,1
donor_withdrawal,3943,V32P-A027782,1,0.52522901892662044,0.53621676564216614,0,0
donor_withdrawal,3944,V32P-A027783,1,0.44755873680114744,0.46442370414733886,0,0
donor_withdrawal,3945,V32P-A027784,0,0.062928442656993863,0.069238770753145218,0,0
donor_withdrawal,3946,V32P-A027785,0,0.048680607974529264,0.053693608939647676,0,0
donor_withdrawal,3947,V32P-A027786,0,0.023708040453493597,0.026462304033339025,0,0
donor_withdrawal,3948,V32P-A027811,0,0.79391897916793819,0.79079680442810063,1,1
donor_withdrawal,3949,V32P-A027812,0,0.72598378658294682,0.72085912227630611,1,1
donor_withdrawal,3950,V32P-A027813,0,0.66161786317825322,0.65321750640869136,1,1
donor_withdrawal,3951,V32P-A027814,0,0.53850234746932979,0.52588062882423403,0,0
donor_withdrawal,3952,V32P-A027815,0,0.44660769701004027,0.4358956515789032,0,0
donor_withdrawal,3953,V32P-A027816,0,0.19606370627880096,0.19298414587974549,0,0
donor_withdrawal,3954,V32P-A027829,1,0.69907550811767583,0.70538682937622066,1,1
donor_withdrawal,3955,V32P-A027830,1,0.56784192919731136,0.57899295687675478,0,0
donor_withdrawal,3956,V32P-A027831,1,0.5347744286060333,0.54860482811927791,0,0
donor_withdrawal,3957,V32P-A027832,0,0.088793323934078211,0.096553163230419153,0,0
donor_withdrawal,3958,V32P-A027833,0,0.064628454297780996,0.070612227171659464,0,0
donor_withdrawal,3959,V32P-A027834,0,0.027073878608644009,0.029923935420811176,0,0
donor_withdrawal,3960,V32P-A027841,0,0.54194037914276127,0.54523395299911503,0,0
donor_withdrawal,3961,V32P-A027842,0,0.4898992359638214,0.4946223020553589,0,0
donor_withdrawal,3962,V32P-A027843,0,0.46731510758399963,0.47390276193618774,0,0
donor_withdrawal,3963,V32P-A027844,0,0.38552975058555605,0.39378220438957212,0,0
donor_withdrawal,3964,V32P-A027845,0,0.30716522932052615,0.31658045649528505,0,0
donor_withdrawal,3965,V32P-A027846,0,0.1374494343996048,0.14705181419849395,0,0
donor_withdrawal,3966,V32P-A027889,0,0.83201705217361455,0.82467014789581294,1,1
donor_withdrawal,3967,V32P-A027890,0,0.70437885522842403,0.68905756473541258,1,1
donor_withdrawal,3968,V32P-A027891,0,0.846634304523468,0.84029372930526736,1,1
donor_withdrawal,3969,V32P-A027892,1,0.66044446229934695,0.64517952799797063,1,1
donor_withdrawal,3970,V32P-A027893,0,0.15052707046270369,0.15065877884626389,0,0
donor_withdrawal,3971,V32P-A027894,0,0.070021492429077625,0.070602318458259108,0,0
donor_withdrawal,3972,V32P-A027925,0,0.50821327567100527,0.51392796039581301,0,0
donor_withdrawal,3973,V32P-A027926,0,0.41047409176826477,0.41992125511169431,0,0
donor_withdrawal,3974,V32P-A027927,0,0.37727240324020384,0.3888385772705078,0,0
donor_withdrawal,3975,V32P-A027928,0,0.32794957756996157,0.34079273343086242,0,0
donor_withdrawal,3976,V32P-A027929,0,0.26324346661567688,0.27715689539909361,0,0
donor_withdrawal,3977,V32P-A027930,0,0.12004385292530059,0.13180246651172639,0,0
donor_withdrawal,3978,V32P-A027943,0,0.84266173839569092,0.84678268432617188,1,1
donor_withdrawal,3979,V32P-A027944,0,0.70159001350402828,0.70721800327301021,1,1
donor_withdrawal,3980,V32P-A027945,0,0.62653914690017698,0.63346866369247434,1,1
donor_withdrawal,3981,V32P-A027946,0,0.60828881263732915,0.61562947034835813,0,0
donor_withdrawal,3982,V32P-A027947,0,0.61547580361366272,0.63248655200004578,0,1
donor_withdrawal,3983,V32P-A027948,0,0.33709211051464083,0.34877241849899293,0,0
donor_withdrawal,3984,V32P-A027961,0,0.76211899518966675,0.76394382715225218,1,1
donor_withdrawal,3985,V32P-A027962,0,0.63836485147476196,0.64040598869323728,1,1
donor_withdrawal,3986,V32P-A027963,0,0.54446879625320432,0.54660660028457642,0,0
donor_withdrawal,3987,V32P-A027964,0,0.58814381361007695,0.58966060876846316,0,0
donor_withdrawal,3988,V32P-A027965,0,0.43569135069847109,0.43632067441940309,0,0
donor_withdrawal,3989,V32P-A027966,0,0.18673440217971801,0.18958213031291962,0,0
donor_withdrawal,3990,V32P-A027973,0,0.50339007973670957,0.50289365649223328,0,0
donor_withdrawal,3991,V32P-A027974,0,0.40616731047630311,0.40808148384094239,0,0
donor_withdrawal,3992,V32P-A027975,0,0.37550475597381594,0.37904826402664182,0,0
donor_withdrawal,3993,V32P-A027976,0,0.33199702501296996,0.33739569783210754,0,0
donor_withdrawal,3994,V32P-A027977,0,0.26301465332508089,0.26915611922740934,0,0
donor_withdrawal,3995,V32P-A027978,0,0.11698640435934067,0.12346967011690139,0,0
donor_withdrawal,3996,V32P-A027985,0,0.67403571605682377,0.6654970645904541,1,1
donor_withdrawal,3997,V32P-A027986,0,0.58199726343154912,0.57166043519973753,0,0
donor_withdrawal,3998,V32P-A027987,0,0.5295742273330688,0.52207356691360474,0,0
donor_withdrawal,3999,V32P-A027988,0,0.43461310863494873,0.42968331575393676,0,0
donor_withdrawal,4000,V32P-A027989,0,0.33684065937995911,0.33555763363838198,0,0
donor_withdrawal,4001,V32P-A027990,0,0.13778952211141587,0.14175160080194474,0,0
donor_withdrawal,4002,V32P-A027997,0,0.79219977855682377,0.79370220899581911,1,1
donor_withdrawal,4003,V32P-A027998,0,0.70867087841033938,0.70949665307998655,1,1
donor_withdrawal,4004,V32P-A027999,0,0.77083005905151369,0.77243454456329341,1,1
donor_withdrawal,4005,V32P-A028000,0,0.67532080411911011,0.68171293735504146,1,1
donor_withdrawal,4006,V32P-A028001,1,0.58290974497795101,0.5911794066429138,0,0
donor_withdrawal,4007,V32P-A028002,0,0.044735971093177798,0.046458115801215172,0,0
donor_withdrawal,4008,V32P-A028009,0,0.4016317665576935,0.39749786257743835,0,0
donor_withdrawal,4009,V32P-A028010,0,0.43673198819160464,0.44041867852210997,0,0
donor_withdrawal,4010,V32P-A028011,0,0.36430922150611877,0.3728871285915375,0,0
donor_withdrawal,4011,V32P-A028012,0,0.28654865920543671,0.30037515461444853,0,0
donor_withdrawal,4012,V32P-A028013,0,0.21023531258106232,0.22448602616786956,0,0
donor_withdrawal,4013,V32P-A028014,0,0.087225618958473208,0.095890781283378607,0,0
donor_withdrawal,4014,V32P-A028027,0,0.56171649098396303,0.55937632918357849,0,0
donor_withdrawal,4015,V32P-A028028,0,0.51137044429779055,0.50778477191925053,0,0
donor_withdrawal,4016,V32P-A028029,0,0.48455797433853148,0.48296898603439331,0,0
donor_withdrawal,4017,V32P-A028030,0,0.44742850661277772,0.44738471508026123,0,0
donor_withdrawal,4018,V32P-A028031,0,0.37140662670135499,0.37340260148048399,0,0
donor_withdrawal,4019,V32P-A028032,0,0.19424953311681747,0.19951899498701095,0,0
donor_withdrawal,4020,V32P-A028033,0,0.34781503081321719,0.34509178400039675,0,0
donor_withdrawal,4021,V32P-A028034,0,0.37567438483238219,0.37561221718788146,0,0
donor_withdrawal,4022,V32P-A028035,0,0.36216109693050386,0.36579374372959139,0,0
donor_withdrawal,4023,V32P-A028036,0,0.34881202578544618,0.35509124398231506,0,0
donor_withdrawal,4024,V32P-A028037,0,0.26442008912563325,0.27480489909648897,0,0
donor_withdrawal,4025,V32P-A028038,0,0.11712954938411713,0.12546774446964265,0,0
donor_withdrawal,4026,V32P-A028105,0,0.69124778509140017,0.6865102291107178,1,1
donor_withdrawal,4027,V32P-A028106,0,0.56345080137252812,0.5707148432731628,0,0
donor_withdrawal,4028,V32P-A028107,0,0.56888279914855955,0.57152646780014038,0,0
donor_withdrawal,4029,V32P-A028108,0,0.48167856931686404,0.49087748527526853,0,0
donor_withdrawal,4030,V32P-A028109,0,0.39517039656639097,0.40665145516395568,0,0
donor_withdrawal,4031,V32P-A028110,0,0.21112462133169174,0.22458368390798569,0,0
donor_withdrawal,4032,V32P-A028195,0,0.44534375667572024,0.44053070545196532,0,0
donor_withdrawal,4033,V32P-A028196,0,0.62024911642074587,0.6182077884674072,1,0
donor_withdrawal,4034,V32P-A028197,0,0.68201112747192383,0.68042893409728999,1,1
donor_withdrawal,4035,V32P-A028198,0,0.41680913567543032,0.41859776377677915,0,0
donor_withdrawal,4036,V32P-A028199,0,0.58520830273628233,0.58508061766624453,0,0
donor_withdrawal,4037,V32P-A028200,0,0.020143379643559455,0.021237502060830592,0,0
donor_withdrawal,4038,V32P-A028219,1,0.62803595066070561,0.62740863561630245,1,1
donor_withdrawal,4039,V32P-A028220,1,0.48241358995437622,0.48230063915252686,0,0
donor_withdrawal,4040,V32P-A028221,0,0.10221324861049652,0.10558838546276092,0,0
donor_withdrawal,4041,V32P-A028222,0,0.090069089084863663,0.09407395645976066,0,0
donor_withdrawal,4042,V32P-A028223,0,0.068290821462869647,0.071976009756326675,0,0
donor_withdrawal,4043,V32P-A028224,0,0.030598862655460836,0.03268850166350603,0,0
donor_withdrawal,4044,V32P-A028231,1,0.49387694597244264,0.4847287178039551,0,0
donor_withdrawal,4045,V32P-A028232,1,0.48606705665588379,0.47811422348022459,0,0
donor_withdrawal,4046,V32P-A028233,1,0.52837293148040776,0.52407469749450686,0,0
donor_withdrawal,4047,V32P-A028234,0,0.095497303083539015,0.099317250028252604,0,0
donor_withdrawal,4048,V32P-A028235,0,0.068579978682100778,0.071802144683897492,0,0
donor_withdrawal,4049,V32P-A028236,0,0.03137929681688547,0.033258266933262351,0,0
donor_withdrawal,4050,V32P-A028243,0,0.5889514684677124,0.58607099056243894,0,0
donor_withdrawal,4051,V32P-A028244,0,0.52370502352714543,0.51881076693534856,0,0
donor_withdrawal,4052,V32P-A028245,0,0.48420954346656797,0.48031427264213561,0,0
donor_withdrawal,4053,V32P-A028246,0,0.38113006353378298,0.37860476970672607,0,0
donor_withdrawal,4054,V32P-A028247,0,0.30013395845890045,0.29966844618320465,0,0
donor_withdrawal,4055,V32P-A028248,0,0.12392065078020095,0.12828435748815536,0,0
donor_withdrawal,4056,V32P-A028273,0,0.67636150121688843,0.68079591989517207,1,1
donor_withdrawal,4057,V32P-A028274,0,0.55775509476661678,0.5668867826461792,0,0
donor_withdrawal,4058,V32P-A028275,0,0.5473289310932159,0.55356450080871578,0,0
donor_withdrawal,4059,V32P-A028276,0,0.48540102839469912,0.49685536026954652,0,0
donor_withdrawal,4060,V32P-A028277,0,0.40196956396102906,0.41674581766128538,0,0
donor_withdrawal,4061,V32P-A028278,0,0.1956626832485199,0.20577786266803741,0,0
donor_withdrawal,4062,V32P-A028291,0,0.66747379302978516,0.66730326414108276,1,1
donor_withdrawal,4063,V32P-A028292,0,0.57457216382026677,0.57752874493598938,0,0
donor_withdrawal,4064,V32P-A028293,0,0.6749250173568726,0.67476818561553953,1,1
donor_withdrawal,4065,V32P-A028294,0,0.44593812227249147,0.44605100750923155,0,0
donor_withdrawal,4066,V32P-A028295,0,0.39317777752876282,0.39399041533470153,0,0
donor_withdrawal,4067,V32P-A028296,0,0.22144823670387268,0.22604357600212097,0,0
donor_withdrawal,4068,V32P-A028303,1,0.39691926836967467,0.4027226150035858,0,0
donor_withdrawal,4069,V32P-A028304,1,0.41463708281517031,0.42111381888389587,0,0
donor_withdrawal,4070,V32P-A028305,0,0.087118408083915716,0.095137241482734683,0,0
donor_withdrawal,4071,V32P-A028306,0,0.06485262736678124,0.071324440091848379,0,0
donor_withdrawal,4072,V32P-A028307,0,0.044876449555158612,0.048976288735866548,0,0
donor_withdrawal,4073,V32P-A028308,0,0.020236482564359903,0.022148963902145623,0,0
donor_withdrawal,4074,V32P-A028333,0,0.59190328717231755,0.59650338292121885,0,0
donor_withdrawal,4075,V32P-A028334,0,0.495664644241333,0.49880652427673339,0,0
donor_withdrawal,4076,V32P-A028335,0,0.42097401320934297,0.42364707291126252,0,0
donor_withdrawal,4077,V32P-A028336,0,0.35224198102951049,0.35603443980216981,0,0
donor_withdrawal,4078,V32P-A028337,0,0.27596254050731661,0.27978275716304779,0,0
donor_withdrawal,4079,V32P-A028338,0,0.028059797221794726,0.02921290402300656,0,0
donor_withdrawal,4080,V32P-A028411,0,0.72338413000106816,0.72723698616027832,1,1
donor_withdrawal,4081,V32P-A028412,0,0.64213018417358403,0.64654685258865352,1,1
donor_withdrawal,4082,V32P-A028413,0,0.5823920845985413,0.58806777000427246,0,0
donor_withdrawal,4083,V32P-A028414,0,0.50631701350212099,0.51501468420028684,0,0
donor_withdrawal,4084,V32P-A028415,0,0.46843073964118959,0.47985125184059141,0,0
donor_withdrawal,4085,V32P-A028416,0,0.19065455496311187,0.19897010028362275,0,0
donor_withdrawal,4086,V32P-A028423,1,0.69369014501571657,0.6956693768501282,1,1
donor_withdrawal,4087,V32P-A028424,1,0.54425599575042727,0.5482038617134094,0,0
donor_withdrawal,4088,V32P-A028425,1,0.66864241361618038,0.67090717554092405,1,1
donor_withdrawal,4089,V32P-A028426,0,0.10271649360656739,0.1097561851143837,0,0
donor_withdrawal,4090,V32P-A028427,0,0.072795920073986053,0.077013847231864926,0,0
donor_withdrawal,4091,V32P-A028428,0,0.029670860804617404,0.031471753679215911,0,0
donor_withdrawal,4092,V32P-A028441,0,0.54246063232421871,0.53821645975112919,0,0
donor_withdrawal,4093,V32P-A028442,0,0.58792239427566528,0.58863852024078367,0,0
donor_withdrawal,4094,V32P-A028443,0,0.6817338347434998,0.68396173715591435,1,1
donor_withdrawal,4095,V32P-A028444,0,0.62910195589065554,0.63482736349105839,1,1
donor_withdrawal,4096,V32P-A028445,0,0.56167778372764587,0.57330622076988225,0,0
donor_withdrawal,4097,V32P-A028446,0,0.042167513445019719,0.044766256585717201,0,0
donor_withdrawal,4098,V32P-A028525,0,0.80598257780075078,0.80908596515655518,1,1
donor_withdrawal,4099,V32P-A028526,0,0.6888841986656189,0.69197723865509031,1,1
donor_withdrawal,4100,V32P-A028527,0,0.66059679985046382,0.66293507814407349,1,1
donor_withdrawal,4101,V32P-A028528,0,0.75587098598480229,0.75868077278137203,1,1
donor_withdrawal,4102,V32P-A028529,1,0.71039936542510984,0.71403437852859497,1,1
donor_withdrawal,4103,V32P-A028530,0,0.074939154088497162,0.07727330103516579,0,0
donor_withdrawal,4104,V32P-A028549,0,0.65858272314071653,0.66509491205215454,1,1
donor_withdrawal,4105,V32P-A028550,0,0.56402131915092468,0.57204851508140564,0,0
donor_withdrawal,4106,V32P-A028551,0,0.44835304021835326,0.45750855803489687,0,0
donor_withdrawal,4107,V32P-A028552,0,0.31423931717872622,0.32111635804176331,0,0
donor_withdrawal,4108,V32P-A028553,0,0.24293076097965241,0.24890396296977996,0,0
donor_withdrawal,4109,V32P-A028554,0,0.11203298866748809,0.11709963232278824,0,0
donor_withdrawal,4110,V32P-A028573,1,0.70392990112304688,0.69972608089447019,1,1
donor_withdrawal,4111,V32P-A028574,1,0.68445837497711182,0.68116545677185059,1,1
donor_withdrawal,4112,V32P-A028575,1,0.67815605401992796,0.67640471458435059,1,1
donor_withdrawal,4113,V32P-A028576,0,0.13017309457063675,0.13382576853036882,0,0
donor_withdrawal,4114,V32P-A028577,0,0.096261978894472119,0.099550799280405042,0,0
donor_withdrawal,4115,V32P-A028578,0,0.041741344518959521,0.04352935403585434,0,0
donor_withdrawal,4116,V32P-A028633,0,0.59221509695053098,0.59652587175369265,0,0
donor_withdrawal,4117,V32P-A028634,0,0.46896386742591856,0.47514347434043885,0,0
donor_withdrawal,4118,V32P-A028635,0,0.49813423156738279,0.51105735301971433,0,0
donor_withdrawal,4119,V32P-A028636,0,0.39755851030349731,0.40670832991600037,0,0
donor_withdrawal,4120,V32P-A028637,1,0.3175651878118515,0.32635388672351839,0,0
donor_withdrawal,4121,V32P-A028638,0,0.025517390854656697,0.027535171993076802,0,0
donor_withdrawal,4122,V32P-A028657,0,0.29592857360839842,0.2911370277404785,0,0
donor_withdrawal,4123,V32P-A028658,0,0.32441607713699339,0.32139360904693604,0,0
donor_withdrawal,4124,V32P-A028659,0,0.28010171055793764,0.27960997819900513,0,0
donor_withdrawal,4125,V32P-A028660,0,0.24003247916698456,0.2419186145067215,0,0
donor_withdrawal,4126,V32P-A028661,0,0.17828685343265532,0.18587243854999541,0,0
donor_withdrawal,4127,V32P-A028662,0,0.087691529095172888,0.093253891170024875,0,0
donor_withdrawal,4128,V32P-A028741,0,0.57476661205291746,0.57864760160446171,0,0
donor_withdrawal,4129,V32P-A028742,0,0.59614425897598267,0.60674532651901247,0,0
donor_withdrawal,4130,V32P-A028743,0,0.53969695568084719,0.54615157246589663,0,0
donor_withdrawal,4131,V32P-A028744,0,0.45621319413185119,0.46467728018760679,0,0
donor_withdrawal,4132,V32P-A028745,0,0.39530654847621916,0.40441470444202421,0,0
donor_withdrawal,4133,V32P-A028746,0,0.23008081465959548,0.2389678880572319,0,0
donor_withdrawal,4134,V32P-A028747,0,0.59774742126464842,0.60043801069259639,0,0
donor_withdrawal,4135,V32P-A028748,0,0.53428683280944822,0.53542541861534121,0,0
donor_withdrawal,4136,V32P-A028749,0,0.56741497516632078,0.56940978765487671,0,0
donor_withdrawal,4137,V32P-A028750,0,0.56414010524749758,0.56846964359283447,0,0
donor_withdrawal,4138,V32P-A028751,0,0.49891706705093386,0.50497689843177795,0,0
donor_withdrawal,4139,V32P-A028752,0,0.2854077607393265,0.29336425960063933,0,0
donor_withdrawal,4140,V32P-A028789,0,0.7297285795211792,0.72158350944519045,1,1
donor_withdrawal,4141,V32P-A028790,0,0.65608890056610103,0.6472522974014282,1,1
donor_withdrawal,4142,V32P-A028791,0,0.59439935684204104,0.5877627015113831,0,0
donor_withdrawal,4143,V32P-A028792,0,0.50457152128219607,0.49983177185058592,0,0
donor_withdrawal,4144,V32P-A028793,0,0.42986766695976258,0.42734273076057433,0,0
donor_withdrawal,4145,V32P-A028794,0,0.2594269126653671,0.2624718636274338,0,0
donor_withdrawal,4146,V32P-A028837,1,0.64224480986595156,0.63187488913536072,1,1
donor_withdrawal,4147,V32P-A028838,1,0.65078645348548891,0.64426010251045229,1,1
donor_withdrawal,4148,V32P-A028839,1,0.75559648275375368,0.75209348201751713,1,1
donor_withdrawal,4149,V32P-A028840,0,0.22002166211605073,0.22245060503482819,0,0
donor_withdrawal,4150,V32P-A028841,0,0.17056097090244293,0.1737137645483017,0,0
donor_withdrawal,4151,V32P-A028842,0,0.076409392803907392,0.078805062919855118,0,0
donor_withdrawal,4152,V32P-A028873,0,0.82078430652618406,0.81797907352447508,1,1
donor_withdrawal,4153,V32P-A028874,0,0.6957110524177551,0.69334671497344968,1,1
donor_withdrawal,4154,V32P-A028875,0,0.59713813066482546,0.59393728971481319,0,0
donor_withdrawal,4155,V32P-A028876,0,0.55928188562393188,0.557585084438324,0,0
donor_withdrawal,4156,V32P-A028877,0,0.52790527343750004,0.52833360433578491,0,0
donor_withdrawal,4157,V32P-A028878,0,0.30390066504478452,0.30526755452156068,0,0
donor_withdrawal,4158,V32P-A028981,0,0.54906570315361025,0.55027193427085874,0,0
donor_withdrawal,4159,V32P-A028982,0,0.53685089349746706,0.5441658139228821,0,0
donor_withdrawal,4160,V32P-A028983,0,0.52770165801048274,0.53878814578056333,0,0
donor_withdrawal,4161,V32P-A028984,0,0.60029439926147465,0.6131368041038513,0,0
donor_withdrawal,4162,V32P-A028985,0,0.35960288047790528,0.37661591172218323,0,0
donor_withdrawal,4163,V32P-A028986,0,0.024825785495340823,0.026947224326431752,0,0
donor_withdrawal,4164,V32P-A028993,1,0.53706774711608884,0.54198587536811826,0,0
donor_withdrawal,4165,V32P-A028994,1,0.52935268282890324,0.53702409863471989,0,0
donor_withdrawal,4166,V32P-A028995,1,0.47844159007072451,0.48827304840087893,0,0
donor_withdrawal,4167,V32P-A028996,0,0.099844523146748548,0.10721329636871815,0,0
donor_withdrawal,4168,V32P-A028997,0,0.071437373757362366,0.078145858645439145,0,0
donor_withdrawal,4169,V32P-A028998,0,0.030978460423648359,0.034781198017299175,0,0
donor_withdrawal,4170,V32P-A029029,0,0.61846305131912227,0.61925576925277714,0,0
donor_withdrawal,4171,V32P-A029030,0,0.44399307966232299,0.44917458891868589,0,0
donor_withdrawal,4172,V32P-A029031,0,0.37589243650436399,0.37863308191299438,0,0
donor_withdrawal,4173,V32P-A029032,0,0.3005324423313141,0.30131730437278748,0,0
donor_withdrawal,4174,V32P-A029033,0,0.22421066462993622,0.22420690059661866,0,0
donor_withdrawal,4175,V32P-A029034,0,0.10759838819503784,0.1084262952208519,0,0
donor_withdrawal,4176,V32P-A029047,0,0.45423170924186707,0.45561200976371763,0,0
donor_withdrawal,4177,V32P-A029048,0,0.5243988454341888,0.52995880246162419,0,0
donor_withdrawal,4178,V32P-A029049,0,0.51965848803520198,0.52657936215400691,0,0
donor_withdrawal,4179,V32P-A029050,0,0.47558800578117372,0.48396345973014832,0,0
donor_withdrawal,4180,V32P-A029051,0,0.41118434071540833,0.42172598242759707,0,0
donor_withdrawal,4181,V32P-A029052,0,0.21570809334516525,0.22581384927034379,0,0
donor_withdrawal,4182,V32P-A029101,0,0.52676120400428772,0.53175104260444639,0,0
donor_withdrawal,4183,V32P-A029102,0,0.53095946311950681,0.53794952630996706,0,0
donor_withdrawal,4184,V32P-A029103,0,0.49505923986434935,0.50384715795516966,0,0
donor_withdrawal,4185,V32P-A029104,0,0.43513917922973633,0.44561935663223268,0,0
donor_withdrawal,4186,V32P-A029105,0,0.42338746190071108,0.44361792206764222,0,0
donor_withdrawal,4187,V32P-A029106,0,0.028946378640830515,0.030608172900974749,0,0
donor_withdrawal,4188,V32P-A029119,0,0.60248346328735347,0.5967448353767395,0,0
donor_withdrawal,4189,V32P-A029120,0,0.6233176589012146,0.62284222841262815,1,1
donor_withdrawal,4190,V32P-A029121,0,0.58118194341659546,0.58278697729110718,0,0
donor_withdrawal,4191,V32P-A029122,0,0.50998938083648682,0.51686338782310481,0,0
donor_withdrawal,4192,V32P-A029123,0,0.4032023549079895,0.41379939913749697,0,0
donor_withdrawal,4193,V32P-A029124,0,0.16753734946250914,0.17774200439453125,0,0
donor_withdrawal,4194,V32P-A029131,0,0.40032838582992553,0.39819602966308593,0,0
donor_withdrawal,4195,V32P-A029132,0,0.51507629752159123,0.51657723784446719,0,0
donor_withdrawal,4196,V32P-A029133,0,0.47913571000099181,0.48186585307121277,0,0
donor_withdrawal,4197,V32P-A029134,0,0.41690181493759154,0.42197297811508178,0,0
donor_withdrawal,4198,V32P-A029135,0,0.33204671740531921,0.34483152031898501,0,0
donor_withdrawal,4199,V32P-A029136,0,0.021718791313469411,0.024351903609931468,0,0
donor_withdrawal,4200,V32P-A029167,0,0.74042690992355342,0.74462286233901975,1,1
donor_withdrawal,4201,V32P-A029168,0,0.63909684419631962,0.64415990114212041,1,1
donor_withdrawal,4202,V32P-A029169,0,0.59409016370773315,0.60288580656051638,0,0
donor_withdrawal,4203,V32P-A029170,0,0.5318651676177979,0.54627245664596558,0,0
donor_withdrawal,4204,V32P-A029171,0,0.45195449590682985,0.47204514145851134,0,0
donor_withdrawal,4205,V32P-A029172,0,0.26853678822517396,0.29155570864677427,0,0
donor_withdrawal,4206,V32P-A029179,0,0.56973146200180058,0.56314826011657715,0,0
donor_withdrawal,4207,V32P-A029180,0,0.5567333996295929,0.55099208950996403,0,0
donor_withdrawal,4208,V32P-A029181,0,0.53516804575920107,0.52891352772712708,0,0
donor_withdrawal,4209,V32P-A029182,0,0.50157005190849302,0.50201999545097353,0,0
donor_withdrawal,4210,V32P-A029183,0,0.35951079726219176,0.35957863926887512,0,0
donor_withdrawal,4211,V32P-A029184,0,0.1558144509792328,0.157517147064209,0,0
donor_withdrawal,4212,V32P-A029191,0,0.4813129663467407,0.48159978389739988,0,0
donor_withdrawal,4213,V32P-A029192,0,0.51263035535812373,0.51453402042388918,0,0
donor_withdrawal,4214,V32P-A029193,0,0.41411463022232053,0.41655676364898681,0,0
donor_withdrawal,4215,V32P-A029194,1,0.3000424265861511,0.30642658472061157,0,0
donor_withdrawal,4216,V32P-A029195,0,0.03814023248851299,0.041014980152249338,0,0
donor_withdrawal,4217,V32P-A029196,0,0.016241654381155969,0.017555506154894828,0,0
donor_withdrawal,4218,V32P-A029197,0,0.73191753625869749,0.73334292173385618,1,1
donor_withdrawal,4219,V32P-A029198,0,0.59844089746475215,0.59483871459960935,0,0
donor_withdrawal,4220,V32P-A029199,0,0.67379627227783201,0.67389519214630123,1,1
donor_withdrawal,4221,V32P-A029200,0,0.6778380274772644,0.68062852621078496,1,1
donor_withdrawal,4222,V32P-A029201,0,0.64075152873992924,0.6454948425292969,1,1
donor_withdrawal,4223,V32P-A029202,0,0.36905577182769778,0.37627269923686979,0,0
donor_withdrawal,4224,V32P-A029215,0,0.51504962444305424,0.50750231146812441,0,0
donor_withdrawal,4225,V32P-A029216,0,0.46678147912025453,0.46060625910758973,0,0
donor_withdrawal,4226,V32P-A029217,0,0.45500825047492982,0.45040823221206666,0,0
donor_withdrawal,4227,V32P-A029218,0,0.45315598249435424,0.45047686100006101,0,0
donor_withdrawal,4228,V32P-A029219,1,0.38245587348937987,0.38549808859825135,0,0
donor_withdrawal,4229,V32P-A029220,0,0.032136623002588752,0.033590107224881649,0,0
donor_withdrawal,4230,V32P-A029221,0,0.59747765660285945,0.5917161881923676,0,0
donor_withdrawal,4231,V32P-A029222,0,0.48787729144096376,0.48211070895195007,0,0
donor_withdrawal,4232,V32P-A029223,0,0.41687984466552735,0.40976300239562991,0,0
donor_withdrawal,4233,V32P-A029224,0,0.34117434322834017,0.33396730124950408,0,0
donor_withdrawal,4234,V32P-A029225,0,0.32125202119350432,0.31399928629398344,0,0
donor_withdrawal,4235,V32P-A029226,0,0.12367321625351906,0.12465927973389626,0,0
donor_withdrawal,4236,V32P-A029245,0,0.6981512665748596,0.69929919242858884,1,1
donor_withdrawal,4237,V32P-A029246,0,0.66960582733154295,0.67038079500198366,1,1
donor_withdrawal,4238,V32P-A029247,0,0.65763584375381468,0.65911096334457397,1,1
donor_withdrawal,4239,V32P-A029248,0,0.61937177181243896,0.62230285406112673,0,1
donor_withdrawal,4240,V32P-A029249,0,0.55809536576271057,0.56536300778388981,0,0
donor_withdrawal,4241,V32P-A029250,0,0.30191758573055266,0.31270287930965424,0,0
donor_withdrawal,4242,V32P-A029269,0,0.71066843271255498,0.71033332347869871,1,1
donor_withdrawal,4243,V32P-A029270,0,0.57018226981163023,0.56940458416938777,0,0
donor_withdrawal,4244,V32P-A029271,0,0.4694041132926941,0.46795415878295898,0,0
donor_withdrawal,4245,V32P-A029272,0,0.53752074837684627,0.53819615244865415,0,0
donor_withdrawal,4246,V32P-A029273,0,0.39381995201110842,0.39503085017204287,0,0
donor_withdrawal,4247,V32P-A029274,0,0.17766710221767426,0.18033082485198976,0,0
donor_withdrawal,4248,V32P-A029293,0,0.5900525569915771,0.58750948905944822,0,0
donor_withdrawal,4249,V32P-A029294,0,0.40555992722511292,0.40835213661193848,0,0
donor_withdrawal,4250,V32P-A029295,0,0.45143412351608275,0.44518468379974363,0,0
donor_withdrawal,4251,V32P-A029296,0,0.4366848409175873,0.42999011874198911,0,0
donor_withdrawal,4252,V32P-A029297,1,0.33612374365329745,0.33065452277660368,0,0
donor_withdrawal,4253,V32P-A029298,0,0.026666959468275308,0.028711715433746576,0,0
donor_withdrawal,4254,V32P-A029395,0,0.77634567022323608,0.78320685625076292,1,1
donor_withdrawal,4255,V32P-A029396,0,0.64523905515670776,0.65954190492630005,1,1
donor_withdrawal,4256,V32P-A029397,0,0.79524197578430178,0.80400949716567993,1,1
donor_withdrawal,4257,V32P-A029398,0,0.54387673735618591,0.56459693908691411,0,0
donor_withdrawal,4258,V32P-A029399,0,0.4334368109703064,0.45297570228576661,0,0
donor_withdrawal,4259,V32P-A029400,0,0.20447940975427628,0.21337394714355468,0,0
donor_withdrawal,4260,V32P-A029431,0,0.29002062082290647,0.27382274270057677,0,0
donor_withdrawal,4261,V32P-A029432,0,0.35769675374031068,0.33501129150390624,0,0
donor_withdrawal,4262,V32P-A029433,0,0.35135086178779601,0.33124706149101257,0,0
donor_withdrawal,4263,V32P-A029434,0,0.28775961697101593,0.27289617955684664,0,0
donor_withdrawal,4264,V32P-A029435,0,0.2257269024848938,0.21517709791660308,0,0
donor_withdrawal,4265,V32P-A029436,0,0.017158441804349424,0.018038874678313731,0,0
donor_withdrawal,4266,V32P-A029473,0,0.74935245513916016,0.74562976360321043,1,1
donor_withdrawal,4267,V32P-A029474,0,0.57272258996963499,0.56706528663635258,0,0
donor_withdrawal,4268,V32P-A029475,0,0.44363090991973875,0.43820177912712099,0,0
donor_withdrawal,4269,V32P-A029476,0,0.36984831094741821,0.36320134997367859,0,0
donor_withdrawal,4270,V32P-A029477,0,0.3344242751598358,0.32694479823112488,0,0
donor_withdrawal,4271,V32P-A029478,0,0.1727424904704094,0.1727804198861122,0,0
donor_withdrawal,4272,V32P-A029527,0,0.63110987544059749,0.63249877095222473,1,1
donor_withdrawal,4273,V32P-A029528,0,0.50660530924797054,0.5066606223583221,0,0
donor_withdrawal,4274,V32P-A029529,0,0.38054469823837278,0.37875784039497373,0,0
donor_withdrawal,4275,V32P-A029530,0,0.30556538403034211,0.30181532204151151,0,0
donor_withdrawal,4276,V32P-A029531,0,0.23847811222076415,0.23416224718093873,0,0
donor_withdrawal,4277,V32P-A029532,0,0.10299269407987595,0.10214523822069169,0,0
donor_withdrawal,4278,V32P-A029587,1,0.57956393957138064,0.58001774549484253,0,0
donor_withdrawal,4279,V32P-A029588,1,0.4324440836906433,0.43418157696723936,0,0
donor_withdrawal,4280,V32P-A029589,1,0.62151439189910884,0.62307852506637573,1,1
donor_withdrawal,4281,V32P-A029590,0,0.065360798686742785,0.068341723829507831,0,0
donor_withdrawal,4282,V32P-A029591,0,0.047209387272596361,0.049528150260448454,0,0
donor_withdrawal,4283,V32P-A029592,0,0.021264166664332153,0.022296918835490943,0,0
donor_withdrawal,4284,V32P-A029629,0,0.71974260807037349,0.71234617233276365,1,1
donor_withdrawal,4285,V32P-A029630,0,0.65137225389480591,0.6438007235527039,1,1
donor_withdrawal,4286,V32P-A029631,0,0.61158733367919926,0.60633066892623899,0,0
donor_withdrawal,4287,V32P-A029632,0,0.55001077651977537,0.54981877803802492,0,0
donor_withdrawal,4288,V32P-A029633,0,0.47059807181358337,0.47401367425918578,0,0
donor_withdrawal,4289,V32P-A029634,0,0.028364326059818267,0.030619676783680917,0,0
donor_withdrawal,4290,V32P-A029695,0,0.65178195238113401,0.65355526208877568,1,1
donor_withdrawal,4291,V32P-A029696,0,0.56433814167976382,0.57496365308761599,0,0
donor_withdrawal,4292,V32P-A029697,0,0.56024103164672856,0.56952569484710691,0,0
donor_withdrawal,4293,V32P-A029698,1,0.46498849987983704,0.47852723002433778,0,0
donor_withdrawal,4294,V32P-A029699,0,0.054115553945302965,0.058909955620765689,0,0
donor_withdrawal,4295,V32P-A029700,0,0.022862044535577296,0.02525077760219574,0,0
donor_withdrawal,4296,V32P-A029707,1,0.56180759668350222,0.5624905943870544,0,0
donor_withdrawal,4297,V32P-A029708,1,0.43662790060043333,0.44098694920539855,0,0
donor_withdrawal,4298,V32P-A029709,1,0.46162225008010865,0.46553602218627932,0,0
donor_withdrawal,4299,V32P-A029710,0,0.07112300097942352,0.076345832645893091,0,0
donor_withdrawal,4300,V32P-A029711,0,0.05359780415892601,0.05773867666721344,0,0
donor_withdrawal,4301,V32P-A029712,0,0.025078184530138971,0.027158399112522602,0,0
donor_withdrawal,4302,V32P-A029755,0,0.67428389787673948,0.67232916355133054,1,1
donor_withdrawal,4303,V32P-A029756,0,0.58699314594268803,0.58265467882156374,0,0
donor_withdrawal,4304,V32P-A029757,0,0.53574957847595217,0.53009861707687378,0,0
donor_withdrawal,4305,V32P-A029758,0,0.46219052672386168,0.45475400686264039,0,0
donor_withdrawal,4306,V32P-A029759,0,0.35436637103557589,0.35493916571140288,0,0
donor_withdrawal,4307,V32P-A029760,0,0.14391398429870605,0.1441454142332077,0,0
donor_withdrawal,4308,V32P-A029827,0,0.72111774682998653,0.71682759523391726,1,1
donor_withdrawal,4309,V32P-A029828,0,0.62016078233718874,0.61313426494598389,1,0
donor_withdrawal,4310,V32P-A029829,0,0.52718268036842342,0.51898452043533327,0,0
donor_withdrawal,4311,V32P-A029830,1,0.46581013202667237,0.454581743478775,0,0
donor_withdrawal,4312,V32P-A029831,0,0.094132988899946216,0.095911908894777298,0,0
donor_withdrawal,4313,V32P-A029832,0,0.035540122166275979,0.036266937851905823,0,0
donor_withdrawal,4314,V32P-A029857,0,0.61953053474426267,0.61632879972457888,0,0
donor_withdrawal,4315,V32P-A029858,0,0.51369212269783016,0.5053585290908813,0,0
donor_withdrawal,4316,V32P-A029859,0,0.43124477863311766,0.42038624882698061,0,0
donor_withdrawal,4317,V32P-A029860,0,0.34732514917850493,0.33676405847072599,0,0
donor_withdrawal,4318,V32P-A029861,0,0.27756460309028624,0.26758708655834196,0,0
donor_withdrawal,4319,V32P-A029862,0,0.13089706227183343,0.1269643299281597,0,0
donor_withdrawal,4320,V32P-A029869,0,0.54394704699516294,0.54322246313095091,0,0
donor_withdrawal,4321,V32P-A029870,0,0.60488151311874394,0.61003313064575193,0,0
donor_withdrawal,4322,V32P-A029871,0,0.57823579311370854,0.58931372165679929,0,0
donor_withdrawal,4323,V32P-A029872,0,0.50216668844223022,0.51923072934150694,0,0
donor_withdrawal,4324,V32P-A029873,0,0.39108374118804934,0.41075211167335512,0,0
donor_withdrawal,4325,V32P-A029874,0,0.16632136404514314,0.17960008084774018,0,0
donor_withdrawal,4326,V32P-A029887,0,0.70778496265411373,0.70637514591217043,1,1
donor_withdrawal,4327,V32P-A029888,0,0.64078798294067385,0.6368313729763031,1,1
donor_withdrawal,4328,V32P-A029889,0,0.62569016218185425,0.62444871068000796,1,1
donor_withdrawal,4329,V32P-A029890,0,0.56691293716430669,0.56781042218208311,0,0
donor_withdrawal,4330,V32P-A029891,0,0.4871181845664978,0.49156615138053894,0,0
donor_withdrawal,4331,V32P-A029892,0,0.23939078748226167,0.2449098914861679,0,0
donor_withdrawal,4332,V32P-A029893,0,0.80429531335830684,0.80953499078750613,1,1
donor_withdrawal,4333,V32P-A029894,0,0.5562031030654907,0.56964689493179321,0,0
donor_withdrawal,4334,V32P-A029895,0,0.4728782534599304,0.49123888015747069,0,0
donor_withdrawal,4335,V32P-A029896,0,0.60138198733329773,0.61083725094795227,0,0
donor_withdrawal,4336,V32P-A029897,0,0.41731022000312806,0.43226187825202944,0,0
donor_withdrawal,4337,V32P-A029898,0,0.21072940528392792,0.21878477036952973,0,0
donor_withdrawal,4338,V32P-A029959,0,0.66220970153808589,0.66009982824325564,1,1
donor_withdrawal,4339,V32P-A029960,0,0.61408053636550908,0.6128785967826843,0,0
donor_withdrawal,4340,V32P-A029961,0,0.61824135780334477,0.61614990234375,0,0
donor_withdrawal,4341,V32P-A029962,0,0.58818952441215511,0.58660272955894466,0,0
donor_withdrawal,4342,V32P-A029963,0,0.48882672190666199,0.49008798003196719,0,0
donor_withdrawal,4343,V32P-A029964,0,0.25939460098743439,0.26441381573677064,0,0
donor_withdrawal,4344,V32P-A030043,0,0.44398109912872313,0.44307292699813844,0,0
donor_withdrawal,4345,V32P-A030044,0,0.47720314264297486,0.48094093799591064,0,0
donor_withdrawal,4346,V32P-A030045,0,0.43043231964111328,0.43962299823760986,0,0
donor_withdrawal,4347,V32P-A030046,0,0.39885753989219663,0.42157275676727296,0,0
donor_withdrawal,4348,V32P-A030047,0,0.27028962373733523,0.28740723729133605,0,0
donor_withdrawal,4349,V32P-A030048,0,0.11614499986171722,0.13045793920755386,0,0
donor_withdrawal,4350,V32P-A030157,0,0.75836342573165894,0.76206177473068237,1,1
donor_withdrawal,4351,V32P-A030158,0,0.59033699035644527,0.59814884662628176,0,0
donor_withdrawal,4352,V32P-A030159,0,0.47777137756347654,0.48266235589981077,0,0
donor_withdrawal,4353,V32P-A030160,0,0.58538293838500977,0.59110660552978511,0,0
donor_withdrawal,4354,V32P-A030161,0,0.32358914017677309,0.32784966826438905,0,0
donor_withdrawal,4355,V32P-A030162,0,0.14735687226057054,0.15068511664867401,0,0
donor_withdrawal,4356,V32P-A030163,0,0.52495591640472417,0.519922924041748,0,0
donor_withdrawal,4357,V32P-A030164,0,0.45063709616661074,0.445930951833725,0,0
donor_withdrawal,4358,V32P-A030165,0,0.38037169575691221,0.3748019874095917,0,0
donor_withdrawal,4359,V32P-A030166,1,0.31212817430496215,0.30968499183654785,0,0
donor_withdrawal,4360,V32P-A030167,0,0.049637018516659734,0.052105845883488655,0,0
donor_withdrawal,4361,V32P-A030168,0,0.020758536364883184,0.021946740802377462,0,0
donor_withdrawal,4362,V32P-A030265,0,0.59393184781074526,0.59277345538139348,0,0
donor_withdrawal,4363,V32P-A030266,0,0.46493923664093018,0.46959735155105592,0,0
donor_withdrawal,4364,V32P-A030267,0,0.36453042626380922,0.37439563274383547,0,0
donor_withdrawal,4365,V32P-A030268,0,0.27537733018398286,0.28748802244663241,0,0
donor_withdrawal,4366,V32P-A030269,0,0.19987442791461946,0.21214098632335662,0,0
donor_withdrawal,4367,V32P-A030270,0,0.077395407110452646,0.084252532571554184,0,0
donor_withdrawal,4368,V32P-A030271,0,0.63660590648651127,0.63331164121627803,1,1
donor_withdrawal,4369,V32P-A030272,0,0.60850834846496582,0.60709478855133059,0,0
donor_withdrawal,4370,V32P-A030273,0,0.5863792896270752,0.58931437730789182,0,0
donor_withdrawal,4371,V32P-A030274,0,0.54609621763229366,0.55200050473213191,0,0
donor_withdrawal,4372,V32P-A030275,0,0.51593891978263851,0.52292476296424861,0,0
donor_withdrawal,4373,V32P-A030276,0,0.038600751571357249,0.04083825144916773,0,0
donor_withdrawal,4374,V32P-A030325,0,0.63173868656158449,0.63290756940841675,1,1
donor_withdrawal,4375,V32P-A030326,0,0.6654791116714478,0.67049474716186519,1,1
donor_withdrawal,4376,V32P-A030327,0,0.57906950712203975,0.5822224974632263,0,0
donor_withdrawal,4377,V32P-A030328,0,0.52884446382522587,0.53602725267410278,0,0
donor_withdrawal,4378,V32P-A030329,0,0.41134819984436033,0.42367237210273745,0,0
donor_withdrawal,4379,V32P-A030330,0,0.16718125939369202,0.18291182518005372,0,0
donor_withdrawal,4380,V32P-A030409,0,0.69214222431182859,0.69508949518203733,1,1
donor_withdrawal,4381,V32P-A030410,0,0.61228798627853398,0.61481384038925169,0,0
donor_withdrawal,4382,V32P-A030411,0,0.55551847219467165,0.55568978786468504,0,0
donor_withdrawal,4383,V32P-A030412,0,0.59162358641624446,0.59302766919136052,0,0
donor_withdrawal,4384,V32P-A030413,1,0.54252546429634096,0.544314569234848,0,0
donor_withdrawal,4385,V32P-A030414,0,0.044146732613444331,0.045921898633241656,0,0
donor_withdrawal,4386,V32P-A030439,0,0.64575889110565188,0.64507977962493901,1,1
donor_withdrawal,4387,V32P-A030440,0,0.50401505231857302,0.49786158800125124,0,0
donor_withdrawal,4388,V32P-A030441,0,0.42904610633850099,0.4217856228351593,0,0
donor_withdrawal,4389,V32P-A030442,0,0.46208813786506653,0.45921441316604616,0,0
donor_withdrawal,4390,V32P-A030443,0,0.41428053975105283,0.41360801458358765,0,0
donor_withdrawal,4391,V32P-A030444,0,0.20839482247829438,0.2119280517101288,0,0
donor_withdrawal,4392,V32P-A030475,0,0.62688994407653809,0.62602132558822632,1,1
donor_withdrawal,4393,V32P-A030476,0,0.43314521908760073,0.42975830435752871,0,0
donor_withdrawal,4394,V32P-A030477,0,0.3933354914188385,0.38954295516014098,0,0
donor_withdrawal,4395,V32P-A030478,0,0.37485865354537962,0.37338875532150267,0,0
donor_withdrawal,4396,V32P-A030479,1,0.37370536625385287,0.37884904444217682,0,0
donor_withdrawal,4397,V32P-A030480,0,0.022418726049363614,0.023447971418499948,0,0
donor_withdrawal,4398,V32P-A030511,0,0.51943900585174563,0.51269295811653137,0,0
donor_withdrawal,4399,V32P-A030512,0,0.45268124938011167,0.4514612019062042,0,0
donor_withdrawal,4400,V32P-A030513,0,0.35912083387374877,0.36067645549774169,0,0
donor_withdrawal,4401,V32P-A030514,0,0.29098651409149168,0.29606997966766357,0,0
donor_withdrawal,4402,V32P-A030515,0,0.23438544869422911,0.24090893268585206,0,0
donor_withdrawal,4403,V32P-A030516,0,0.10545166954398155,0.11558085903525353,0,0
donor_withdrawal,4404,V32P-A030559,0,0.52114658951759341,0.51376520991325381,0,0
donor_withdrawal,4405,V32P-A030560,0,0.5021940231323242,0.49693415164947508,0,0
donor_withdrawal,4406,V32P-A030561,0,0.46440895795822146,0.460772305727005,0,0
donor_withdrawal,4407,V32P-A030562,0,0.39977840781211854,0.39928903579711916,0,0
donor_withdrawal,4408,V32P-A030563,0,0.32949990630149839,0.33137876987457277,0,0
donor_withdrawal,4409,V32P-A030564,0,0.1694555625319481,0.17344130128622054,0,0
donor_withdrawal,4410,V32P-A030619,0,0.41476240754127502,0.40716496706008909,0,0
donor_withdrawal,4411,V32P-A030620,0,0.41119256019592287,0.40742293000221252,0,0
donor_withdrawal,4412,V32P-A030621,0,0.35309353470802307,0.35193340778350829,0,0
donor_withdrawal,4413,V32P-A030622,0,0.27921709418296814,0.28111916780471802,0,0
donor_withdrawal,4414,V32P-A030623,0,0.20796852409839631,0.21190645396709443,0,0
donor_withdrawal,4415,V32P-A030624,0,0.088618779182434076,0.092958065867424014,0,0
donor_withdrawal,4416,V32P-A030643,1,0.70341018438339231,0.70649434328079219,1,1
donor_withdrawal,4417,V32P-A030644,1,0.58075152039527889,0.58558782935142517,0,0
donor_withdrawal,4418,V32P-A030645,1,0.64793317317962651,0.66028971672058101,1,1
donor_withdrawal,4419,V32P-A030646,0,0.11019770726561547,0.1171148456633091,0,0
donor_withdrawal,4420,V32P-A030647,0,0.085075576603412625,0.090507671982049939,0,0
donor_withdrawal,4421,V32P-A030648,0,0.041227481327950954,0.043845242448151113,0,0
donor_withdrawal,4422,V32P-A030673,0,0.55346328616142271,0.55610842108726499,0,0
donor_withdrawal,4423,V32P-A030674,0,0.57096002101898191,0.57516841888427739,0,0
donor_withdrawal,4424,V32P-A030675,0,0.54248173832893376,0.55736615657806399,0,0
donor_withdrawal,4425,V32P-A030676,0,0.53731743097305296,0.54499323368072505,0,0
donor_withdrawal,4426,V32P-A030677,0,0.46681823730468752,0.47720052003860475,0,0
donor_withdrawal,4427,V32P-A030678,0,0.26200071424245835,0.27529991418123245,0,0
donor_withdrawal,4428,V32P-A030709,0,0.38836893439292908,0.38683071136474612,0,0
donor_withdrawal,4429,V32P-A030710,0,0.41807258725166319,0.41917387247085569,0,0
donor_withdrawal,4430,V32P-A030711,0,0.37706879973411561,0.37854420542716982,0,0
donor_withdrawal,4431,V32P-A030712,0,0.29777134060859678,0.30004333853721621,0,0
donor_withdrawal,4432,V32P-A030713,0,0.23027923703193665,0.23503027558326722,0,0
donor_withdrawal,4433,V32P-A030714,0,0.10020026117563248,0.10706322044134139,0,0
donor_withdrawal,4434,V32P-A030823,0,0.65067867040634153,0.64744919538497925,1,1
donor_withdrawal,4435,V32P-A030824,0,0.60245182514190676,0.60188307762145998,0,0
donor_withdrawal,4436,V32P-A030825,0,0.58384572863578799,0.58597984910011292,0,0
donor_withdrawal,4437,V32P-A030826,0,0.57730987071990969,0.58119195699691772,0,0
donor_withdrawal,4438,V32P-A030827,0,0.54812618494033816,0.55348738431930544,0,0
donor_withdrawal,4439,V32P-A030828,0,0.34118888974189759,0.35351302623748782,0,0
donor_withdrawal,4440,V32P-A030829,0,0.47264651656150819,0.47523623108863833,0,0
donor_withdrawal,4441,V32P-A030830,0,0.44913045763969422,0.45026116967201235,0,0
donor_withdrawal,4442,V32P-A030831,0,0.41367392539978026,0.41573244333267212,0,0
donor_withdrawal,4443,V32P-A030832,0,0.38240736126899721,0.38422135710716249,0,0
donor_withdrawal,4444,V32P-A030833,0,0.33048836290836336,0.34418258368968963,0,0
donor_withdrawal,4445,V32P-A030834,0,0.026379236206412315,0.027918751165270806,0,0
donor_withdrawal,4446,V32P-A030853,0,0.55008245706558223,0.55674326419830322,0,0
donor_withdrawal,4447,V32P-A030854,0,0.47370398640632627,0.47780327796936034,0,0
donor_withdrawal,4448,V32P-A030855,0,0.35259143114089964,0.36065320372581483,0,0
donor_withdrawal,4449,V32P-A030856,0,0.33042473196983335,0.33023278117179872,0,0
donor_withdrawal,4450,V32P-A030857,0,0.25798202157020567,0.25747985541820528,0,0
donor_withdrawal,4451,V32P-A030858,0,0.12634305506944657,0.12680154144763947,0,0
donor_withdrawal,4452,V32P-A030865,0,0.69218493700027461,0.69282891750335696,1,1
donor_withdrawal,4453,V32P-A030866,0,0.58159626722335811,0.5831472754478455,0,0
donor_withdrawal,4454,V32P-A030867,0,0.6342589676380157,0.63660262227058406,1,1
donor_withdrawal,4455,V32P-A030868,0,0.45785628557205199,0.46069797277450564,0,0
donor_withdrawal,4456,V32P-A030869,1,0.37724683582782748,0.38155882060527802,0,0
donor_withdrawal,4457,V32P-A030870,0,0.029968184325844048,0.031700934562832114,0,0
donor_withdrawal,4458,V32P-A030973,0,0.75862799882888798,0.75893977880477903,1,1
donor_withdrawal,4459,V32P-A030974,0,0.67682048082351687,0.67600032091140749,1,1
donor_withdrawal,4460,V32P-A030975,0,0.59870637655258174,0.59778375625610347,0,0
donor_withdrawal,4461,V32P-A030976,0,0.51857094764709477,0.51766913533210757,0,0
donor_withdrawal,4462,V32P-A030977,0,0.4404712378978729,0.44015424251556395,0,0
donor_withdrawal,4463,V32P-A030978,0,0.21499728560447692,0.21749224960803987,0,0
donor_withdrawal,4464,V32P-A030979,0,0.76670553684234621,0.76148000955581663,1,1
donor_withdrawal,4465,V32P-A030980,0,0.64042073488235474,0.63122760057449345,1,1
donor_withdrawal,4466,V32P-A030981,0,0.59555401206016545,0.58485567569732666,0,0
donor_withdrawal,4467,V32P-A030982,0,0.49839712977409362,0.48635415434837342,0,0
donor_withdrawal,4468,V32P-A030983,0,0.41685674786567689,0.40584199428558348,0,0
donor_withdrawal,4469,V32P-A030984,0,0.037945724558085203,0.038540378492325542,0,0
donor_withdrawal,4470,V32P-A030985,0,0.68793559074401855,0.68924485445022587,1,1
donor_withdrawal,4471,V32P-A030986,0,0.6320320844650269,0.63384512662887571,1,1
donor_withdrawal,4472,V32P-A030987,0,0.55956316590309141,0.56216122508049016,0,0
donor_withdrawal,4473,V32P-A030988,0,0.44582912921905515,0.45263707637786865,0,0
donor_withdrawal,4474,V32P-A030989,0,0.33262536823749544,0.34277574121952059,0,0
donor_withdrawal,4475,V32P-A030990,0,0.13801047950983047,0.14824777096509933,0,0
donor_withdrawal,4476,V32P-A031093,1,0.52637378573417659,0.52753534913063049,0,0
donor_withdrawal,4477,V32P-A031094,1,0.34984112977981568,0.3547391355037689,0,0
donor_withdrawal,4478,V32P-A031095,1,0.3004245638847351,0.30614679455757143,0,0
donor_withdrawal,4479,V32P-A031096,0,0.049645244330167773,0.053823556751012802,0,0
donor_withdrawal,4480,V32P-A031097,0,0.036534647271037099,0.040017666295170784,0,0
donor_withdrawal,4481,V32P-A031098,0,0.016055930592119693,0.017865166068077087,0,0
donor_withdrawal,4482,V32P-A031105,0,0.45948529243469238,0.45367983579635618,0,0
donor_withdrawal,4483,V32P-A031106,0,0.37280136942863462,0.36400897502899171,0,0
donor_withdrawal,4484,V32P-A031107,0,0.32043507695198059,0.31653240919113157,0,0
donor_withdrawal,4485,V32P-A031108,0,0.42316081523895266,0.42225910425186158,0,0
donor_withdrawal,4486,V32P-A031109,1,0.22383078932762146,0.21898289620876313,0,0
donor_withdrawal,4487,V32P-A031110,0,0.019360553845763205,0.020066713355481623,0,0
donor_withdrawal,4488,V32P-A031111,0,0.53780106306076048,0.53481351137161259,0,0
donor_withdrawal,4489,V32P-A031112,0,0.44965900182724,0.44744898676872252,0,0
donor_withdrawal,4490,V32P-A031113,0,0.42083876132965087,0.41998866200447083,0,0
donor_withdrawal,4491,V32P-A031114,0,0.3221603363752365,0.32400170266628264,0,0
donor_withdrawal,4492,V32P-A031115,0,0.25828990936279295,0.26266801357269287,0,0
donor_withdrawal,4493,V32P-A031116,0,0.10990695804357528,0.11627222746610641,0,0
donor_withdrawal,4494,V32P-A031153,0,0.78945027589797978,0.79113314151763914,1,1
donor_withdrawal,4495,V32P-A031154,0,0.61953090429306035,0.6241468548774719,0,1
donor_withdrawal,4496,V32P-A031155,0,0.50967152118682857,0.5157366275787354,0,0
donor_withdrawal,4497,V32P-A031156,0,0.55515778064727783,0.56198836565017696,0,0
donor_withdrawal,4498,V32P-A031157,0,0.3954565405845642,0.40706064105033873,0,0
donor_withdrawal,4499,V32P-A031158,0,0.20524107515811921,0.21615176498889924,0,0
donor_withdrawal,4500,V32P-A031189,0,0.65288561582565308,0.65405942201614375,1,1
donor_withdrawal,4501,V32P-A031190,0,0.58197102546691892,0.58109910488128658,0,0
donor_withdrawal,4502,V32P-A031191,0,0.56234735250473022,0.56268594264984129,0,0
donor_withdrawal,4503,V32P-A031192,0,0.46996499896049498,0.48204447031021119,0,0
donor_withdrawal,4504,V32P-A031193,0,0.47935110926628111,0.48219140172004699,0,0
donor_withdrawal,4505,V32P-A031194,0,0.27001682221889495,0.2803243726491928,0,0
donor_withdrawal,4506,V32P-A031231,0,0.86761007308959959,0.86684474945068357,1,1
donor_withdrawal,4507,V32P-A031232,0,0.73363026380538943,0.74118639230728145,1,1
donor_withdrawal,4508,V32P-A031233,0,0.71045491695404051,0.70861811637878414,1,1
donor_withdrawal,4509,V32P-A031234,0,0.76139923334121706,0.76022059917449947,1,1
donor_withdrawal,4510,V32P-A031235,0,0.65368704795837407,0.65476648807525639,1,1
donor_withdrawal,4511,V32P-A031236,0,0.35761944949626923,0.36247090101242063,0,0
donor_withdrawal,4512,V32P-A031261,0,0.65515251159667964,0.65284140110015865,1,1
donor_withdrawal,4513,V32P-A031262,0,0.5703100442886353,0.56787453889846806,0,0
donor_withdrawal,4514,V32P-A031263,0,0.51455213427543645,0.51143382191658016,0,0
donor_withdrawal,4515,V32P-A031264,0,0.43895003199577332,0.43341149091720582,0,0
donor_withdrawal,4516,V32P-A031265,0,0.35502256155014039,0.34879245162010192,0,0
donor_withdrawal,4517,V32P-A031266,0,0.17160754799842834,0.17080739736557007,0,0
donor_withdrawal,4518,V32P-A031369,0,0.64247086048126223,0.64939833879470821,1,1
donor_withdrawal,4519,V32P-A031370,0,0.52311078310012815,0.53071996569633484,0,0
donor_withdrawal,4520,V32P-A031371,0,0.44140741825103758,0.44606972932815553,0,0
donor_withdrawal,4521,V32P-A031372,0,0.36785910725593568,0.37031965851783755,0,0
donor_withdrawal,4522,V32P-A031373,0,0.29691318273544309,0.29876366853713987,0,0
donor_withdrawal,4523,V32P-A031374,0,0.14808965772390364,0.15042426884174348,0,0
donor_withdrawal,4524,V32P-A031381,0,0.78471989631652828,0.78452159166336055,1,1
donor_withdrawal,4525,V32P-A031382,0,0.55195911526679997,0.56386975049972532,0,0
donor_withdrawal,4526,V32P-A031383,0,0.56218702793121333,0.56586459875106809,0,0
donor_withdrawal,4527,V32P-A031384,0,0.44833207726478574,0.45121020078659058,0,0
donor_withdrawal,4528,V32P-A031385,0,0.42531210780143736,0.4295371651649475,0,0
donor_withdrawal,4529,V32P-A031386,0,0.17030198127031326,0.17339919656515121,0,0
donor_withdrawal,4530,V32P-A031393,0,0.59137539267539974,0.59005830883979793,0,0
donor_withdrawal,4531,V32P-A031394,0,0.35801607370376587,0.36308500170707703,0,0
donor_withdrawal,4532,V32P-A031395,0,0.29842566847801211,0.30471572279930115,0,0
donor_withdrawal,4533,V32P-A031396,0,0.24225398600101472,0.25031221210956572,0,0
donor_withdrawal,4534,V32P-A031397,0,0.23820393979549409,0.25043232142925265,0,0
donor_withdrawal,4535,V32P-A031398,0,0.07295130863785744,0.077763739973306656,0,0
donor_withdrawal,4536,V32P-A031471,0,0.63442599773406982,0.63143095970153806,1,1
donor_withdrawal,4537,V32P-A031472,0,0.49602229595184327,0.49312334060668944,0,0
donor_withdrawal,4538,V32P-A031473,0,0.42827433943748472,0.4220129191875458,0,0
donor_withdrawal,4539,V32P-A031474,0,0.43569448590278625,0.42922475934028625,0,0
donor_withdrawal,4540,V32P-A031475,0,0.32855041623115538,0.322023344039917,0,0
donor_withdrawal,4541,V32P-A031476,0,0.038804059103131297,0.040046085789799693,0,0
donor_withdrawal,4542,V32P-A031477,0,0.6432527959346771,0.62454801201820376,1,1
donor_withdrawal,4543,V32P-A031478,0,0.71627124547958376,0.70367007255554204,1,1
donor_withdrawal,4544,V32P-A031479,0,0.69811353683471677,0.68749316930770876,1,1
donor_withdrawal,4545,V32P-A031480,0,0.66575299501419072,0.65608873367309573,1,1
donor_withdrawal,4546,V32P-A031481,1,0.70803620815277102,0.70433666706085207,1,1
donor_withdrawal,4547,V32P-A031482,0,0.051172987744212153,0.05244978703558445,0,0
donor_withdrawal,4548,V32P-A031501,0,0.55658560991287231,0.5478674113750458,0,0
donor_withdrawal,4549,V32P-A031502,0,0.61937402486801152,0.61217571496963497,0,0
donor_withdrawal,4550,V32P-A031503,0,0.63263278007507329,0.62670655250549312,1,1
donor_withdrawal,4551,V32P-A031504,0,0.66687988042831425,0.66290506124496462,1,1
donor_withdrawal,4552,V32P-A031505,0,0.58406977057456966,0.57980731129646301,0,0
donor_withdrawal,4553,V32P-A031506,0,0.37212705314159394,0.37401016652584074,0,0
donor_withdrawal,4554,V32P-A031561,0,0.58116645216941831,0.58910823464393614,0,0
donor_withdrawal,4555,V32P-A031562,0,0.38430892527103422,0.3928968757390976,0,0
donor_withdrawal,4556,V32P-A031563,0,0.51372596025466921,0.52209091186523438,0,0
donor_withdrawal,4557,V32P-A031564,0,0.48747318983078003,0.49860383272171022,0,0
donor_withdrawal,4558,V32P-A031565,0,0.43729438185691832,0.45355773568153379,0,0
donor_withdrawal,4559,V32P-A031566,0,0.23037360608577728,0.24887593984603881,0,0
donor_withdrawal,4560,V32P-A031603,0,0.78184388875961308,0.78330872058868406,1,1
donor_withdrawal,4561,V32P-A031604,0,0.66952477693557744,0.67302061319351192,1,1
donor_withdrawal,4562,V32P-A031605,0,0.59520853757858272,0.60043514966964717,0,0
donor_withdrawal,4563,V32P-A031606,0,0.5417668998241425,0.55027323365211489,0,0
donor_withdrawal,4564,V32P-A031607,0,0.52528020143508913,0.53694801330566411,0,0
donor_withdrawal,4565,V32P-A031608,0,0.15936831235885621,0.16696244776248931,0,0
donor_withdrawal,4566,V32P-A031663,0,0.76254419088363645,0.76297765970230103,1,1
donor_withdrawal,4567,V32P-A031664,0,0.54875674247741701,0.55702210068702696,0,0
donor_withdrawal,4568,V32P-A031665,0,0.50906928777694704,0.51048043370246887,0,0
donor_withdrawal,4569,V32P-A031666,0,0.45856014490127561,0.45791102647781373,0,0
donor_withdrawal,4570,V32P-A031667,0,0.38828170895576475,0.38616182804107668,0,0
donor_withdrawal,4571,V32P-A031668,0,0.22517001926898955,0.22537993490695954,0,0
donor_withdrawal,4572,V32P-A031783,0,0.54337913990020748,0.54210597276687622,0,0
donor_withdrawal,4573,V32P-A031784,0,0.5906376838684082,0.59080665111541752,0,0
donor_withdrawal,4574,V32P-A031785,0,0.58530722856521611,0.58573133945465083,0,0
donor_withdrawal,4575,V32P-A031786,0,0.53928514719009402,0.54038487672805791,0,0
donor_withdrawal,4576,V32P-A031787,0,0.45998252630233766,0.46287153959274291,0,0
donor_withdrawal,4577,V32P-A031788,0,0.23777773529291152,0.24269946664571762,0,0
donor_withdrawal,4578,V32P-A031891,0,0.48275220394134521,0.46803995966911316,0,0
donor_withdrawal,4579,V32P-A031892,0,0.50005385279655457,0.48794592618942262,0,0
donor_withdrawal,4580,V32P-A031893,0,0.48192424178123472,0.47339227795600891,0,0
donor_withdrawal,4581,V32P-A031894,1,0.42155618071556089,0.41495839357376096,0,0
donor_withdrawal,4582,V32P-A031895,0,0.06006345748901367,0.061269268393516541,0,0
donor_withdrawal,4583,V32P-A031896,0,0.027732442691922189,0.028570022061467172,0,0
donor_withdrawal,4584,V32P-A031909,0,0.75514523983001713,0.7556094646453857,1,1
donor_withdrawal,4585,V32P-A031910,0,0.60788531899452214,0.61038724184036253,0,0
donor_withdrawal,4586,V32P-A031911,0,0.55242215991020205,0.56080503463745113,0,0
donor_withdrawal,4587,V32P-A031912,0,0.5922303259372711,0.59229699969291683,0,0
donor_withdrawal,4588,V32P-A031913,0,0.54779361486434941,0.54894042611122129,0,0
donor_withdrawal,4589,V32P-A031914,0,0.25814413726329805,0.26223261952400206,0,0
donor_withdrawal,4590,V32P-A032023,0,0.52959216237068174,0.5227191150188446,0,0
donor_withdrawal,4591,V32P-A032024,0,0.51275618076324458,0.50619832873344417,0,0
donor_withdrawal,4592,V32P-A032025,0,0.48082060217857359,0.47611478567123411,0,0
donor_withdrawal,4593,V32P-A032026,0,0.40552936792373656,0.4023557245731354,0,0
donor_withdrawal,4594,V32P-A032027,0,0.32541136741638182,0.32413979172706603,0,0
donor_withdrawal,4595,V32P-A032028,0,0.14014880508184432,0.14366796463727952,0,0
donor_withdrawal,4596,V32P-A032143,0,0.4160367727279663,0.41789489984512329,0,0
donor_withdrawal,4597,V32P-A032144,0,0.37568407058715819,0.37773373126983645,0,0
donor_withdrawal,4598,V32P-A032145,0,0.39483888745307921,0.39781912565231325,0,0
donor_withdrawal,4599,V32P-A032146,0,0.33867256045341493,0.34254676699638364,0,0
donor_withdrawal,4600,V32P-A032147,1,0.28955438435077668,0.29349380433559419,0,0
donor_withdrawal,4601,V32P-A032148,0,0.023732444830238821,0.02586899194866419,0,0
donor_withdrawal,4602,V32P-A032149,0,0.53288699984550481,0.53838461041450503,0,0
donor_withdrawal,4603,V32P-A032150,0,0.44420365691184999,0.45107874274253845,0,0
donor_withdrawal,4604,V32P-A032151,0,0.3707756459712982,0.38830672502517699,0,0
donor_withdrawal,4605,V32P-A032152,0,0.37073913216590881,0.3804592490196228,0,0
donor_withdrawal,4606,V32P-A032153,0,0.30369777977466583,0.31571355760097503,0,0
donor_withdrawal,4607,V32P-A032154,0,0.12597320824861527,0.13759719878435134,0,0
donor_withdrawal,4608,V32P-A032185,0,0.78927892446517944,0.78536256551742556,1,1
donor_withdrawal,4609,V32P-A032186,0,0.78476254940032963,0.78074661493301389,1,1
donor_withdrawal,4610,V32P-A032187,0,0.81399636268615727,0.81003631353378291,1,1
donor_withdrawal,4611,V32P-A032188,1,0.69532543420791626,0.68557289838790891,1,1
donor_withdrawal,4612,V32P-A032189,0,0.12544774711132051,0.12663031220436097,0,0
donor_withdrawal,4613,V32P-A032190,0,0.048656282573938371,0.049968913197517395,0,0
donor_withdrawal,4614,V32P-A032299,0,0.56072409749031071,0.56678940653800969,0,0
donor_withdrawal,4615,V32P-A032300,0,0.58146356344223027,0.58805961608886714,0,0
donor_withdrawal,4616,V32P-A032301,0,0.58330472707748415,0.59119501113891604,0,0
donor_withdrawal,4617,V32P-A032302,0,0.60984611511230469,0.62014144659042358,0,1
donor_withdrawal,4618,V32P-A032303,0,0.61085519790649412,0.62404168844223018,0,1
donor_withdrawal,4619,V32P-A032304,0,0.3628432512283325,0.38432425856590269,0,0
donor_withdrawal,4620,V32P-A032329,0,0.60470744967460632,0.59737569689750669,0,0
donor_withdrawal,4621,V32P-A032330,0,0.47518768310546877,0.47080345153808595,0,0
donor_withdrawal,4622,V32P-A032331,0,0.61772434115409847,0.61586772799491885,0,0
donor_withdrawal,4623,V32P-A032332,0,0.53109329342842104,0.52795860171318054,0,0
donor_withdrawal,4624,V32P-A032333,0,0.48213071525096896,0.47971505820751192,0,0
donor_withdrawal,4625,V32P-A032334,0,0.2836360424757004,0.28356559574604034,0,0
donor_withdrawal,4626,V32P-A032347,0,0.73995388746261592,0.73351628780364986,1,1
donor_withdrawal,4627,V32P-A032348,0,0.57156559228897097,0.56133033633232121,0,0
donor_withdrawal,4628,V32P-A032349,0,0.49275617599487304,0.48249596357345581,0,0
donor_withdrawal,4629,V32P-A032350,0,0.43186728954315184,0.41967806220054626,0,0
donor_withdrawal,4630,V32P-A032351,0,0.37146001458168032,0.35879533886909487,0,0
donor_withdrawal,4631,V32P-A032352,0,0.030231934599578382,0.030783115886151791,0,0
donor_withdrawal,4632,V32P-A032431,0,0.57677192687988277,0.57425982952117915,0,0
donor_withdrawal,4633,V32P-A032432,0,0.43087713718414306,0.42968859672546389,0,0
donor_withdrawal,4634,V32P-A032433,0,0.33952814340591431,0.3406589448451996,0,0
donor_withdrawal,4635,V32P-A032434,0,0.26612030565738676,0.27071733772754669,0,0
donor_withdrawal,4636,V32P-A032435,0,0.23348998427391052,0.24659903645515441,0,0
donor_withdrawal,4637,V32P-A032436,0,0.094831202179193497,0.10066288188099862,0,0
donor_withdrawal,4638,V32P-A032467,0,0.58117038607597349,0.58338108658790588,0,0
donor_withdrawal,4639,V32P-A032468,0,0.49537928104400636,0.49662071466445923,0,0
donor_withdrawal,4640,V32P-A032469,0,0.3972592890262604,0.40326657295227053,0,0
donor_withdrawal,4641,V32P-A032470,0,0.36843653917312624,0.36953642964363098,0,0
donor_withdrawal,4642,V32P-A032471,0,0.28437741398811339,0.286481237411499,0,0
donor_withdrawal,4643,V32P-A032472,0,0.11621625274419785,0.12021345049142837,0,0
donor_withdrawal,4644,V32P-A032479,0,0.80918377637863159,0.80282475948333742,1,1
donor_withdrawal,4645,V32P-A032480,0,0.67020754814147954,0.65858229398727419,1,1
donor_withdrawal,4646,V32P-A032481,0,0.56577489972114559,0.55336844325065615,0,0
donor_withdrawal,4647,V32P-A032482,0,0.62215887308120732,0.6119850814342499,1,0
donor_withdrawal,4648,V32P-A032483,0,0.46201168894767763,0.45371320843696594,0,0
donor_withdrawal,4649,V32P-A032484,0,0.27275814116001129,0.27005930840969083,0,0
donor_withdrawal,4650,V32P-A032521,0,0.69929676055908208,0.6990607857704163,1,1
donor_withdrawal,4651,V32P-A032522,0,0.60225995779037478,0.60188027620315554,0,0
donor_withdrawal,4652,V32P-A032523,0,0.48660519123077395,0.494617760181427,0,0
donor_withdrawal,4653,V32P-A032524,0,0.6079220175743103,0.60869195461273196,0,0
donor_withdrawal,4654,V32P-A032525,0,0.53227579593658447,0.53389984369277954,0,0
donor_withdrawal,4655,V32P-A032526,0,0.32421641051769257,0.33567951619625092,0,0
donor_withdrawal,4656,V32P-A032551,0,0.79771571159362797,0.7968713641166687,1,1
donor_withdrawal,4657,V32P-A032552,0,0.64717042446136475,0.64398471117019651,1,1
donor_withdrawal,4658,V32P-A032553,0,0.55434010624885555,0.55196570754051211,0,0
donor_withdrawal,4659,V32P-A032554,0,0.62209224104881289,0.61994497179985042,1,0
donor_withdrawal,4660,V32P-A032555,0,0.55733420848846438,0.55641201734542844,0,0
donor_withdrawal,4661,V32P-A032556,0,0.26795668303966524,0.27270664870738981,0,0
donor_withdrawal,4662,V32P-A032557,0,0.69817931652069087,0.69319852590560915,1,1
donor_withdrawal,4663,V32P-A032558,0,0.63087921142578129,0.6242371737957001,1,1
donor_withdrawal,4664,V32P-A032559,0,0.60623054504394536,0.59944564700126646,0,0
donor_withdrawal,4665,V32P-A032560,0,0.6029512882232666,0.59645524621009827,0,0
donor_withdrawal,4666,V32P-A032561,0,0.58777186870574949,0.58059233427047729,0,0
donor_withdrawal,4667,V32P-A032562,0,0.059142613410949708,0.060394367575645445,0,0
donor_withdrawal,4668,V32P-A032671,0,0.68379447460174558,0.683174729347229,1,1
donor_withdrawal,4669,V32P-A032672,0,0.61744325160980229,0.62047338485717773,0,1
donor_withdrawal,4670,V32P-A032673,0,0.51491460800170896,0.53121942877769468,0,0
donor_withdrawal,4671,V32P-A032674,0,0.51498873233795162,0.52511232495307925,0,0
donor_withdrawal,4672,V32P-A032675,0,0.43925721645355226,0.4516584575176239,0,0
donor_withdrawal,4673,V32P-A032676,0,0.19420404136180877,0.20666876733303069,0,0
donor_withdrawal,4674,V32P-A032683,0,0.67413616180419922,0.67577699422836301,1,1
donor_withdrawal,4675,V32P-A032684,0,0.55979149937629702,0.56054512858390804,0,0
donor_withdrawal,4676,V32P-A032685,0,0.48889418840408327,0.48952205777168273,0,0
donor_withdrawal,4677,V32P-A032686,0,0.45915488600730897,0.45960111618041993,0,0
donor_withdrawal,4678,V32P-A032687,1,0.45075401663780212,0.45129934549331663,0,0
donor_withdrawal,4679,V32P-A032688,0,0.029433624818921089,0.031757269427180289,0,0
donor_withdrawal,4680,V32P-A032719,0,0.82563151121139522,0.81793034076690674,1,1
donor_withdrawal,4681,V32P-A032720,0,0.71198866367340086,0.69895104169845579,1,1
donor_withdrawal,4682,V32P-A032721,0,0.62729049921035762,0.61176071763038631,1,0
donor_withdrawal,4683,V32P-A032722,0,0.66498211622238157,0.64920423030853269,1,1
donor_withdrawal,4684,V32P-A032723,0,0.49705931544303894,0.48003491163253786,0,0
donor_withdrawal,4685,V32P-A032724,0,0.26289994120597837,0.25682589113712312,0,0
donor_withdrawal,4686,V32P-A032731,0,0.82435153722763066,0.82778947353363042,1,1
donor_withdrawal,4687,V32P-A032732,0,0.70359520912170415,0.71647119522094727,1,1
donor_withdrawal,4688,V32P-A032733,0,0.67168658971786499,0.6800518870353699,1,1
donor_withdrawal,4689,V32P-A032734,0,0.68571292161941533,0.69315502643585203,1,1
donor_withdrawal,4690,V32P-A032735,0,0.58648933768272404,0.59613844752311707,0,0
donor_withdrawal,4691,V32P-A032736,0,0.31994336843490601,0.33333383202552797,0,0
donor_withdrawal,4692,V32P-A032743,1,0.61681663990020752,0.61300203800201414,0,0
donor_withdrawal,4693,V32P-A032744,1,0.52182541489601131,0.51842935681343083,0,0
donor_withdrawal,4694,V32P-A032745,1,0.44607099890708923,0.44454370141029359,0,0
donor_withdrawal,4695,V32P-A032746,0,0.061857207491993901,0.065093581750988963,0,0
donor_withdrawal,4696,V32P-A032747,0,0.044826547428965566,0.047859460487961768,0,0
donor_withdrawal,4697,V32P-A032748,0,0.017958241887390612,0.019509668089449407,0,0
donor_withdrawal,4698,V32P-A032785,0,0.51824888586997986,0.51839174628257756,0,0
donor_withdrawal,4699,V32P-A032786,0,0.49535547494888305,0.4992650508880615,0,0
donor_withdrawal,4700,V32P-A032787,0,0.42968383431434631,0.43612289428710938,0,0
donor_withdrawal,4701,V32P-A032788,0,0.35327273905277251,0.36281009614467619,0,0
donor_withdrawal,4702,V32P-A032789,0,0.27165274620056151,0.28260543942451477,0,0
donor_withdrawal,4703,V32P-A032790,0,0.11842028796672821,0.12913534045219421,0,0
donor_withdrawal,4704,V32P-A032821,0,0.60862225890159605,0.6044069230556488,0,0
donor_withdrawal,4705,V32P-A032822,0,0.44827798604965208,0.44616824388504028,0,0
donor_withdrawal,4706,V32P-A032823,0,0.37812432646751404,0.37416127324104309,0,0
donor_withdrawal,4707,V32P-A032824,0,0.28011015355587005,0.27607444822788241,0,0
donor_withdrawal,4708,V32P-A032825,0,0.21835374534130098,0.21492528021335602,0,0
donor_withdrawal,4709,V32P-A032826,0,0.093877403438091284,0.093980054557323459,0,0
donor_withdrawal,4710,V32P-A032863,0,0.78389313220977785,0.78610643148422243,1,1
donor_withdrawal,4711,V32P-A032864,0,0.71122076511383059,0.71705024242401127,1,1
donor_withdrawal,4712,V32P-A032865,0,0.66919314861297607,0.68025839328765869,1,1
donor_withdrawal,4713,V32P-A032866,0,0.58689886331558228,0.60568599700927739,0,0
donor_withdrawal,4714,V32P-A032867,0,0.5235639214515686,0.54560771584510803,0,0
donor_withdrawal,4715,V32P-A032868,0,0.25712555646896362,0.27841539382934571,0,0
donor_withdrawal,4716,V32P-A032911,0,0.73294246196746826,0.73347975015640254,1,1
donor_withdrawal,4717,V32P-A032912,0,0.57090148329734802,0.5700412392616272,0,0
donor_withdrawal,4718,V32P-A032913,0,0.63228427171707158,0.6314118504524231,1,1
donor_withdrawal,4719,V32P-A032914,0,0.48009241223335264,0.47703602910041809,0,0
donor_withdrawal,4720,V32P-A032915,0,0.50275017619133,0.50016999244689941,0,0
donor_withdrawal,4721,V32P-A032916,0,0.2367354452610016,0.23706313371658325,0,0
donor_withdrawal,4722,V32P-A032965,1,0.58801835775375366,0.58900896310806272,0,0
donor_withdrawal,4723,V32P-A032966,1,0.50253732800483708,0.50473578572273259,0,0
donor_withdrawal,4724,V32P-A032967,1,0.52732841372489925,0.53465865254402156,0,0
donor_withdrawal,4725,V32P-A032968,0,0.072481878101825714,0.075445967167615896,0,0
donor_withdrawal,4726,V32P-A032969,0,0.060882684588432309,0.063708164542913434,0,0
donor_withdrawal,4727,V32P-A032970,0,0.027812663465738297,0.029377048835158348,0,0
donor_withdrawal,4728,V32P-A033007,0,0.83351238965988161,0.83375793695449829,1,1
donor_withdrawal,4729,V32P-A033008,0,0.74280399084091187,0.74463967084884641,1,1
donor_withdrawal,4730,V32P-A033009,0,0.71323355436325075,0.71446650028228764,1,1
donor_withdrawal,4731,V32P-A033010,1,0.63590894937515263,0.63632258176803591,1,1
donor_withdrawal,4732,V32P-A033011,0,0.1163635492324829,0.11932710111141205,0,0
donor_withdrawal,4733,V32P-A033012,0,0.053231305256485936,0.054730229452252387,0,0
donor_withdrawal,4734,V32P-A033025,0,0.63133867979049685,0.62449766397476192,1,1
donor_withdrawal,4735,V32P-A033026,0,0.58699260950088505,0.58347318768501277,0,0
donor_withdrawal,4736,V32P-A033027,0,0.55246442556381226,0.55257959365844722,0,0
donor_withdrawal,4737,V32P-A033028,0,0.44350790381431582,0.44761012196540834,0,0
donor_withdrawal,4738,V32P-A033029,0,0.34206882119178772,0.34794439673423766,0,0
donor_withdrawal,4739,V32P-A033030,0,0.14135137051343918,0.14891587644815446,0,0
donor_withdrawal,4740,V32P-A033049,0,0.53886575698852535,0.53270429372787476,0,0
donor_withdrawal,4741,V32P-A033050,0,0.41720222234725951,0.4174952507019043,0,0
donor_withdrawal,4742,V32P-A033051,0,0.47771979570388795,0.47333306670188902,0,0
donor_withdrawal,4743,V32P-A033052,0,0.38132562041282653,0.37951945662498476,0,0
donor_withdrawal,4744,V32P-A033053,0,0.28326631188392637,0.28496051430702207,0,0
donor_withdrawal,4745,V32P-A033054,0,0.11589763909578324,0.11972872614860534,0,0
donor_withdrawal,4746,V32P-A033067,0,0.66262282133102413,0.66872109174728389,1,1
donor_withdrawal,4747,V32P-A033068,0,0.69369719028472898,0.70077278614044192,1,1
donor_withdrawal,4748,V32P-A033069,0,0.7015481233596802,0.70856975317001347,1,1
donor_withdrawal,4749,V32P-A033070,0,0.68762788772583006,0.69536160230636601,1,1
donor_withdrawal,4750,V32P-A033071,0,0.65938254594802859,0.66904939413070674,1,1
donor_withdrawal,4751,V32P-A033072,0,0.063975290209054944,0.069379154592752457,0,0
donor_withdrawal,4752,V32P-A033079,0,0.58031890392303465,0.58417898416519165,0,0
donor_withdrawal,4753,V32P-A033080,0,0.40456525683403016,0.41509883999824526,0,0
donor_withdrawal,4754,V32P-A033081,0,0.4351935923099518,0.44579349160194398,0,0
donor_withdrawal,4755,V32P-A033082,0,0.27803806066513059,0.28841773867607118,0,0
donor_withdrawal,4756,V32P-A033083,1,0.22089037597179412,0.22972221672534943,0,0
donor_withdrawal,4757,V32P-A033084,0,0.019086621655151247,0.020304927742108701,0,0
donor_withdrawal,4758,V32P-A033121,0,0.51389463543891911,0.5057547390460968,0,0
donor_withdrawal,4759,V32P-A033122,0,0.4928146958351135,0.48616024851799011,0,0
donor_withdrawal,4760,V32P-A033123,0,0.48229232430458069,0.47554606199264526,0,0
donor_withdrawal,4761,V32P-A033124,0,0.39309221506118774,0.38747062683105471,0,0
donor_withdrawal,4762,V32P-A033125,0,0.34066565632820128,0.33676802515983584,0,0
donor_withdrawal,4763,V32P-A033126,0,0.17129078209400178,0.1711124747991562,0,0
donor_withdrawal,4764,V32P-A033145,1,0.76842077970504763,0.76583461761474614,1,1
donor_withdrawal,4765,V32P-A033146,1,0.59701931476593018,0.59483786821365359,0,0
donor_withdrawal,4766,V32P-A033147,1,0.48368647098541262,0.48106526136398314,0,0
donor_withdrawal,4767,V32P-A033148,0,0.096841973066329953,0.10093422532081604,0,0
donor_withdrawal,4768,V32P-A033149,0,0.065923025086522105,0.068710840865969652,0,0
donor_withdrawal,4769,V32P-A033150,0,0.026387108489871025,0.027626968547701837,0,0
donor_withdrawal,4770,V32P-A033187,0,0.69394848346710203,0.68340358734130857,1,1
donor_withdrawal,4771,V32P-A033188,0,0.65865955352783201,0.64986492395400997,1,1
donor_withdrawal,4772,V32P-A033189,0,0.60999828577041626,0.60274345874786373,0,0
donor_withdrawal,4773,V32P-A033190,0,0.55122661590576172,0.54511498212814335,0,0
donor_withdrawal,4774,V32P-A033191,0,0.48746650218963622,0.48348804712295534,0,0
donor_withdrawal,4775,V32P-A033192,0,0.26396079659461974,0.26701455712318423,0,0
donor_withdrawal,4776,V32P-A033199,0,0.58028817772865293,0.57816850543022158,0,0
donor_withdrawal,4777,V32P-A033200,0,0.61236712932586668,0.61065495014190674,0,0
donor_withdrawal,4778,V32P-A033201,0,0.662077271938324,0.66119127273559575,1,1
donor_withdrawal,4779,V32P-A033202,1,0.67147167921066286,0.67058148384094241,1,1
donor_withdrawal,4780,V32P-A033203,0,0.091492122411727911,0.095777344703674314,0,0
donor_withdrawal,4781,V32P-A033204,0,0.033225646242499352,0.0354964055120945,0,0
donor_withdrawal,4782,V32P-A033307,0,0.73898795843124387,0.73691145181655882,1,1
donor_withdrawal,4783,V32P-A033308,0,0.65808256864547732,0.6653500914573669,1,1
donor_withdrawal,4784,V32P-A033309,0,0.62785707712173466,0.63178938627243042,1,1
donor_withdrawal,4785,V32P-A033310,0,0.54911376237869258,0.55794122815132141,0,0
donor_withdrawal,4786,V32P-A033311,0,0.46374865770339968,0.47604303956031802,0,0
donor_withdrawal,4787,V32P-A033312,0,0.21815795153379441,0.2267884522676468,0,0
donor_withdrawal,4788,V32P-A033349,0,0.50842018127441402,0.50022760033607483,0,0
donor_withdrawal,4789,V32P-A033350,0,0.49359534978866576,0.48630228638648987,0,0
donor_withdrawal,4790,V32P-A033351,0,0.45250455141067503,0.44560557007789614,0,0
donor_withdrawal,4791,V32P-A033352,0,0.52148700952529903,0.52172106504440308,0,0
donor_withdrawal,4792,V32P-A033353,0,0.30513940751552582,0.3013392060995102,0,0
donor_withdrawal,4793,V32P-A033354,0,0.023490902036428452,0.024302206002175808,0,0
donor_withdrawal,4794,V32P-A033403,0,0.48928999304771426,0.483647358417511,0,0
donor_withdrawal,4795,V32P-A033404,0,0.49745391011238099,0.49488279223442078,0,0
donor_withdrawal,4796,V32P-A033405,0,0.50401044487953184,0.50467070937156677,0,0
donor_withdrawal,4797,V32P-A033406,0,0.44552975296974184,0.44897432327270509,0,0
donor_withdrawal,4798,V32P-A033407,0,0.37922526597976686,0.38560262918472288,0,0
donor_withdrawal,4799,V32P-A033408,0,0.17391450256109237,0.18257257789373399,0,0
donor_withdrawal,4800,V32P-A033463,0,0.58627964258193965,0.59614595174789431,0,0
donor_withdrawal,4801,V32P-A033464,0,0.51329272389411928,0.52293090820312504,0,0
donor_withdrawal,4802,V32P-A033465,0,0.45938517451286315,0.46832098364830016,0,0
donor_withdrawal,4803,V32P-A033466,0,0.40317977070808408,0.41385767459869383,0,0
donor_withdrawal,4804,V32P-A033467,0,0.407886403799057,0.4214946389198303,0,0
donor_withdrawal,4805,V32P-A033468,0,0.20886556506156922,0.22238243222236634,0,0
donor_withdrawal,4806,V32P-A033481,0,0.70032689571380613,0.70106279850006104,1,1
donor_withdrawal,4807,V32P-A033482,0,0.64438465833663938,0.64681061506271365,1,1
donor_withdrawal,4808,V32P-A033483,0,0.70933996438980107,0.71093150377273562,1,1
donor_withdrawal,4809,V32P-A033484,1,0.53716147541999815,0.5400249838829041,0,0
donor_withdrawal,4810,V32P-A033485,0,0.083916979283094412,0.086400905996561056,0,0
donor_withdrawal,4811,V32P-A033486,0,0.039886088669300081,0.041266824491322039,0,0
donor_withdrawal,4812,V32P-A033499,0,0.67428427934646606,0.67574747800827029,1,1
donor_withdrawal,4813,V32P-A033500,0,0.55468466281890871,0.55403057336807249,0,0
donor_withdrawal,4814,V32P-A033501,0,0.56552435159683223,0.57510790228843689,0,0
donor_withdrawal,4815,V32P-A033502,1,0.54446994066238408,0.54815193414688113,0,0
donor_withdrawal,4816,V32P-A033503,0,0.063632684946060183,0.065884680300951001,0,0
donor_withdrawal,4817,V32P-A033504,0,0.027889844868332146,0.028916699346154928,0,0
donor_withdrawal,4818,V32P-A033541,0,0.66123961210250859,0.66930050849914546,1,1
donor_withdrawal,4819,V32P-A033542,0,0.55645098686218264,0.56996936798095699,0,0
donor_withdrawal,4820,V32P-A033543,0,0.47307224869728087,0.49061838984489442,0,0
donor_withdrawal,4821,V32P-A033544,0,0.40733177661895753,0.42692214846611021,0,0
donor_withdrawal,4822,V32P-A033545,0,0.32618924081325529,0.3476991206407547,0,0
donor_withdrawal,4823,V32P-A033546,0,0.14611775875091554,0.15872421264648437,0,0
donor_withdrawal,4824,V32P-A033613,0,0.63120126724243164,0.6313656091690063,1,1
donor_withdrawal,4825,V32P-A033614,0,0.61985698938369749,0.61933017969131465,0,0
donor_withdrawal,4826,V32P-A033615,0,0.60503120422363277,0.60546594858169556,0,0
donor_withdrawal,4827,V32P-A033616,0,0.56805252432823183,0.56884920597076416,0,0
donor_withdrawal,4828,V32P-A033617,0,0.50627955794334412,0.50903332829475401,0,0
donor_withdrawal,4829,V32P-A033618,0,0.043921687826514247,0.045423514023423192,0,0
donor_withdrawal,4830,V32P-A033625,0,0.49914947152137756,0.50057970881462099,0,0
donor_withdrawal,4831,V32P-A033626,0,0.4062013804912567,0.41073403954505922,0,0
donor_withdrawal,4832,V32P-A033627,0,0.35877420604228971,0.36544338762760165,0,0
donor_withdrawal,4833,V32P-A033628,0,0.26928744316101072,0.27845407128334043,0,0
donor_withdrawal,4834,V32P-A033629,0,0.20104365348815917,0.21103233098983765,0,0
donor_withdrawal,4835,V32P-A033630,0,0.089924476295709613,0.10020581558346749,0,0
donor_withdrawal,4836,V32P-A033661,0,0.77467659711837766,0.7756853580474854,1,1
donor_withdrawal,4837,V32P-A033662,0,0.66971139907836919,0.67085926532745366,1,1
donor_withdrawal,4838,V32P-A033663,0,0.57014797329902644,0.57129425406455991,0,0
donor_withdrawal,4839,V32P-A033664,0,0.4813118577003479,0.48324469327926634,0,0
donor_withdrawal,4840,V32P-A033665,0,0.42335107922554016,0.42588624954223631,0,0
donor_withdrawal,4841,V32P-A033666,0,0.23349641263484955,0.23691852688789367,0,0
donor_withdrawal,4842,V32P-A033709,0,0.59517508745193481,0.59783846139907837,0,0
donor_withdrawal,4843,V32P-A033710,0,0.49855071902275083,0.50561236739158633,0,0
donor_withdrawal,4844,V32P-A033711,0,0.45293490290641786,0.46376520991325376,0,0
donor_withdrawal,4845,V32P-A033712,0,0.37829473614692688,0.39095624089241027,0,0
donor_withdrawal,4846,V32P-A033713,0,0.3121321052312851,0.32852990925312042,0,0
donor_withdrawal,4847,V32P-A033714,0,0.13247539401054381,0.14777220487594606,0,0
donor_withdrawal,4848,V32P-A033811,0,0.60073565244674687,0.58436653614044187,0,0
donor_withdrawal,4849,V32P-A033812,0,0.65052967071533208,0.63835233449935913,1,1
donor_withdrawal,4850,V32P-A033813,0,0.70120712518692019,0.6921835780143738,1,1
donor_withdrawal,4851,V32P-A033814,0,0.6209112346172333,0.60915172696113584,1,0
donor_withdrawal,4852,V32P-A033815,0,0.57924117445945744,0.56849934458732609,0,0
donor_withdrawal,4853,V32P-A033816,0,0.37643583416938781,0.36825195550918577,0,0
donor_withdrawal,4854,V32P-A033823,0,0.77935765981674199,0.77514339685440059,1,1
donor_withdrawal,4855,V32P-A033824,0,0.66228781938552861,0.6568632841110229,1,1
donor_withdrawal,4856,V32P-A033825,0,0.57086106538772585,0.56163074970245364,0,0
donor_withdrawal,4857,V32P-A033826,0,0.46876864433288573,0.45778282284736632,0,0
donor_withdrawal,4858,V32P-A033827,0,0.38164337277412413,0.37416256666183473,0,0
donor_withdrawal,4859,V32P-A033828,0,0.17052225172519683,0.16943615972995757,0,0
donor_withdrawal,4860,V32P-A033877,0,0.77449696063995366,0.77270283699035647,1,1
donor_withdrawal,4861,V32P-A033878,0,0.57713054418563847,0.57800645828247066,0,0
donor_withdrawal,4862,V32P-A033879,0,0.52706909775733946,0.52208445668220516,0,0
donor_withdrawal,4863,V32P-A033880,0,0.42050025463104246,0.41423014402389524,0,0
donor_withdrawal,4864,V32P-A033881,0,0.31538405716419221,0.3105154663324356,0,0
donor_withdrawal,4865,V32P-A033882,0,0.14071726202964782,0.14031627774238586,0,0
donor_withdrawal,4866,V32P-A033883,0,0.60049417018890383,0.59041925668716433,0,0
donor_withdrawal,4867,V32P-A033884,0,0.64037274122238164,0.63786822557449341,1,1
donor_withdrawal,4868,V32P-A033885,0,0.63274240493774414,0.63414411544799809,1,1
donor_withdrawal,4869,V32P-A033886,0,0.57908905148506162,0.58689405322074895,0,0
donor_withdrawal,4870,V32P-A033887,0,0.51240922212600704,0.52536318898200984,0,0
donor_withdrawal,4871,V32P-A033888,0,0.25418392121791838,0.26640716195106506,0,0
donor_withdrawal,4872,V32P-A033913,0,0.79596918821334839,0.79330786466598513,1,1
donor_withdrawal,4873,V32P-A033914,0,0.64797604084014893,0.6425196170806885,1,1
donor_withdrawal,4874,V32P-A033915,0,0.5991082072257996,0.59260071516036983,0,0
donor_withdrawal,4875,V32P-A033916,0,0.65521402955055241,0.64933342337608335,1,1
donor_withdrawal,4876,V32P-A033917,0,0.55611640810966489,0.54973296523094173,0,0
donor_withdrawal,4877,V32P-A033918,0,0.26032933294773103,0.25872172117233277,0,0
donor_withdrawal,4878,V32P-A033943,1,0.77863438129425044,0.77769812345504763,1,1
donor_withdrawal,4879,V32P-A033944,1,0.69561115503311155,0.69564666748046877,1,1
donor_withdrawal,4880,V32P-A033945,0,0.21608942002058029,0.22039045244455338,0,0
donor_withdrawal,4881,V32P-A033946,0,0.21585962027311326,0.22232415229082109,0,0
donor_withdrawal,4882,V32P-A033947,0,0.15038797706365586,0.15358964055776597,0,0
donor_withdrawal,4883,V32P-A033948,0,0.074708234146237368,0.076406621932983393,0,0
donor_withdrawal,4884,V32P-A033955,1,0.88807107210159297,0.88752142190933225,1,1
donor_withdrawal,4885,V32P-A033956,1,0.81657139062881468,0.81581130027770998,1,1
donor_withdrawal,4886,V32P-A033957,1,0.75225393772125249,0.75558632612228394,1,1
donor_withdrawal,4887,V32P-A033958,0,0.21564821451902388,0.22338324338197707,0,0
donor_withdrawal,4888,V32P-A033959,0,0.14871378391981124,0.15479531586170198,0,0
donor_withdrawal,4889,V32P-A033960,0,0.06182759962975979,0.064440980553627014,0,0
donor_withdrawal,4890,V32P-A033979,0,0.40139961242675781,0.39541243910789492,0,0
donor_withdrawal,4891,V32P-A033980,0,0.3684454381465912,0.36278681159019471,0,0
donor_withdrawal,4892,V32P-A033981,0,0.33985702395439149,0.33491092324256899,0,0
donor_withdrawal,4893,V32P-A033982,0,0.30172840952873231,0.29751069545745851,0,0
donor_withdrawal,4894,V32P-A033983,0,0.2455433875322342,0.24234075248241424,0,0
donor_withdrawal,4895,V32P-A033984,0,0.11384170353412629,0.11456233859062195,0,0
donor_withdrawal,4896,V32P-A033997,0,0.38377090692520144,0.38471424579620361,0,0
donor_withdrawal,4897,V32P-A033998,0,0.40629078745841979,0.40912216901779175,0,0
donor_withdrawal,4898,V32P-A033999,0,0.37774271965026857,0.38300930857658388,0,0
donor_withdrawal,4899,V32P-A034000,0,0.31168281137943266,0.31879197657108305,0,0
donor_withdrawal,4900,V32P-A034001,0,0.23946981728076935,0.24918508231639863,0,0
donor_withdrawal,4901,V32P-A034002,0,0.10643567889928818,0.11472215205430984,0,0
donor_withdrawal,4902,V32P-A034057,0,0.75153237581253052,0.74597870111465459,1,1
donor_withdrawal,4903,V32P-A034058,0,0.71764619350433345,0.71184663772583012,1,1
donor_withdrawal,4904,V32P-A034059,0,0.71562929153442378,0.7092471718788147,1,1
donor_withdrawal,4905,V32P-A034060,0,0.71853170394897459,0.71183356046676638,1,1
donor_withdrawal,4906,V32P-A034061,0,0.66138186454772951,0.65580402612686162,1,1
donor_withdrawal,4907,V32P-A034062,0,0.41403418779373169,0.41270898580551146,0,0
donor_withdrawal,4908,V32P-A034063,0,0.81608093976974483,0.8147413015365601,1,1
donor_withdrawal,4909,V32P-A034064,0,0.65686519145965572,0.65348353981971741,1,1
donor_withdrawal,4910,V32P-A034065,0,0.59641793370246887,0.59276276230812075,0,0
donor_withdrawal,4911,V32P-A034066,0,0.53530347943305967,0.5313852787017822,0,0
donor_withdrawal,4912,V32P-A034067,0,0.50107990503311162,0.49720220565795897,0,0
donor_withdrawal,4913,V32P-A034068,0,0.31322401463985444,0.31423632204532626,0,0
donor_withdrawal,4914,V32P-A034177,1,0.7901342511177063,0.79228881597518919,1,1
donor_withdrawal,4915,V32P-A034178,1,0.59086324572563176,0.59813956618309017,0,0
donor_withdrawal,4916,V32P-A034179,0,0.53159805536270144,0.55305522680282593,0,0
donor_withdrawal,4917,V32P-A034180,0,0.12953911572694779,0.13434617668390275,0,0
donor_withdrawal,4918,V32P-A034181,0,0.094144004210829732,0.097669820860028261,0,0
donor_withdrawal,4919,V32P-A034182,0,0.044210938178002833,0.045559064298868177,0,0
donor_withdrawal,4920,V32P-A034189,0,0.64548890590667729,0.64342982769012447,1,1
donor_withdrawal,4921,V32P-A034190,0,0.55775104165077205,0.55413724780082707,0,0
donor_withdrawal,4922,V32P-A034191,0,0.52889660596847532,0.52628108263015749,0,0
donor_withdrawal,4923,V32P-A034192,0,0.47806518077850341,0.47593987584114072,0,0
donor_withdrawal,4924,V32P-A034193,0,0.41874141693115235,0.41757252216339114,0,0
donor_withdrawal,4925,V32P-A034194,0,0.20317110121250154,0.20601344108581543,0,0
donor_withdrawal,4926,V32P-A034207,0,0.72985868453979497,0.72813243865966792,1,1
donor_withdrawal,4927,V32P-A034208,0,0.66360834836959837,0.66156371831893923,1,1
donor_withdrawal,4928,V32P-A034209,0,0.63146254420280457,0.63270859122276302,1,1
donor_withdrawal,4929,V32P-A034210,0,0.65422741174697874,0.65256409645080571,1,1
donor_withdrawal,4930,V32P-A034211,0,0.61731891036033626,0.61887772679328923,0,0
donor_withdrawal,4931,V32P-A034212,0,0.39116811454296113,0.40113030970096586,0,0
donor_withdrawal,4932,V32P-A034237,0,0.38652219176292418,0.38631270527839662,0,0
donor_withdrawal,4933,V32P-A034238,0,0.32871356904506682,0.32532592117786407,0,0
donor_withdrawal,4934,V32P-A034239,0,0.2893973380327225,0.28601532876491548,0,0
donor_withdrawal,4935,V32P-A034240,0,0.26109905242919923,0.25869345068931582,0,0
donor_withdrawal,4936,V32P-A034241,0,0.19972134083509446,0.19630818217992782,0,0
donor_withdrawal,4937,V32P-A034242,0,0.096538994461297989,0.097764553874731069,0,0
donor_withdrawal,4938,V32P-A034321,0,0.3107371389865875,0.30899999737739564,0,0
donor_withdrawal,4939,V32P-A034322,0,0.32283389270305635,0.32084563076496125,0,0
donor_withdrawal,4940,V32P-A034323,0,0.28498040735721586,0.28243582546710966,0,0
donor_withdrawal,4941,V32P-A034324,0,0.22862085700035095,0.22571478486061097,0,0
donor_withdrawal,4942,V32P-A034325,0,0.18371097445487977,0.18130464553833009,0,0
donor_withdrawal,4943,V32P-A034326,0,0.07927937656641007,0.079926161468029028,0,0
donor_withdrawal,4944,V32P-A034381,0,0.72652097940444949,0.72889524698257446,1,1
donor_withdrawal,4945,V32P-A034382,0,0.54788585305213933,0.55618317127227779,0,0
donor_withdrawal,4946,V32P-A034383,0,0.53004105091094966,0.5339414000511169,0,0
donor_withdrawal,4947,V32P-A034384,0,0.4998746454715729,0.5062132060527802,0,0
donor_withdrawal,4948,V32P-A034385,0,0.48120208978652956,0.49001827836036682,0,0
donor_withdrawal,4949,V32P-A034386,0,0.22540866434574128,0.23600481450557709,0,0
donor_withdrawal,4950,V32P-A034441,0,0.61087359189987178,0.61734982728958132,0,0
donor_withdrawal,4951,V32P-A034442,0,0.57019282579421993,0.580215847492218,0,0
donor_withdrawal,4952,V32P-A034443,0,0.51128790974617,0.52849429249763491,0,0
donor_withdrawal,4953,V32P-A034444,0,0.42756233215332029,0.44771696329116822,0,0
donor_withdrawal,4954,V32P-A034445,0,0.34498105049133299,0.36930601000785829,0,0
donor_withdrawal,4955,V32P-A034446,0,0.17336718887090682,0.1947648361325264,0,0
donor_withdrawal,4956,V32P-A034519,0,0.6155322790145874,0.61180059909820561,0,0
donor_withdrawal,4957,V32P-A034520,0,0.56562325358390808,0.56036162972450254,0,0
donor_withdrawal,4958,V32P-A034521,0,0.46354057192802428,0.45643754601478576,0,0
donor_withdrawal,4959,V32P-A034522,0,0.37684029340744019,0.37059268355369568,0,0
donor_withdrawal,4960,V32P-A034523,0,0.30391412079334257,0.29906538128852844,0,0
donor_withdrawal,4961,V32P-A034524,0,0.031187892705202103,0.031948509439826009,0,0
donor_withdrawal,4962,V32P-A034573,0,0.61391041278839109,0.60499183535575862,0,0
donor_withdrawal,4963,V32P-A034574,0,0.54781562685966489,0.54083951711654665,0,0
donor_withdrawal,4964,V32P-A034575,0,0.49475720524787903,0.48929181694984436,0,0
donor_withdrawal,4965,V32P-A034576,0,0.45535624027252197,0.45095224976539611,0,0
donor_withdrawal,4966,V32P-A034577,0,0.38312876820564268,0.38130502104759217,0,0
donor_withdrawal,4967,V32P-A034578,0,0.18086276501417159,0.18335168212652206,0,0
donor_withdrawal,4968,V32P-A034579,0,0.77036535739898682,0.76903468370437622,1,1
donor_withdrawal,4969,V32P-A034580,0,0.61327151060104368,0.61159389615058901,0,0
donor_withdrawal,4970,V32P-A034581,0,0.5145600020885468,0.5132412731647491,0,0
donor_withdrawal,4971,V32P-A034582,0,0.48525469303131102,0.48415751457214357,0,0
donor_withdrawal,4972,V32P-A034583,0,0.46347643733024596,0.4620940089225769,0,0
donor_withdrawal,4973,V32P-A034584,0,0.2136214107275009,0.21516766548156738,0,0
donor_withdrawal,4974,V32P-A034591,0,0.75685102939605708,0.756744384765625,1,1
donor_withdrawal,4975,V32P-A034592,0,0.692563784122467,0.69056141376495361,1,1
donor_withdrawal,4976,V32P-A034593,0,0.6552105069160461,0.65413459539413454,1,1
donor_withdrawal,4977,V32P-A034594,0,0.61614806652069087,0.61703225374221804,0,0
donor_withdrawal,4978,V32P-A034595,0,0.55742706060409541,0.56163296103477478,0,0
donor_withdrawal,4979,V32P-A034596,0,0.28757998645305632,0.29511833488941192,0,0
donor_withdrawal,4980,V32P-A034603,1,0.72132467031478886,0.72101426124572754,1,1
donor_withdrawal,4981,V32P-A034604,1,0.61084100008010866,0.60987068414688106,0,0
donor_withdrawal,4982,V32P-A034605,1,0.65365059375762935,0.65657113790512089,1,1
donor_withdrawal,4983,V32P-A034606,0,0.10837066471576691,0.11083243787288666,0,0
donor_withdrawal,4984,V32P-A034607,0,0.078658255934715274,0.080935271084308619,0,0
donor_withdrawal,4985,V32P-A034608,0,0.036594017781317233,0.037923100031912328,0,0
donor_withdrawal,4986,V32P-A034615,0,0.82266447544097898,0.81560893058776851,1,1
donor_withdrawal,4987,V32P-A034616,0,0.74687473773956303,0.73629684448242183,1,1
donor_withdrawal,4988,V32P-A034617,0,0.63227794766426082,0.62029826045036318,1,1
donor_withdrawal,4989,V32P-A034618,0,0.59782161712646487,0.58606489896774294,0,0
donor_withdrawal,4990,V32P-A034619,0,0.52123889923095701,0.51159183979034428,0,0
donor_withdrawal,4991,V32P-A034620,0,0.31714175641536713,0.31257551610469819,0,0
donor_withdrawal,4992,V32P-A034687,1,0.67771269083023067,0.68028407096862797,1,1
donor_withdrawal,4993,V32P-A034688,1,0.61964403390884404,0.62439690828323369,0,1
donor_withdrawal,4994,V32P-A034689,1,0.55103099346160889,0.55848727226257322,0,0
donor_withdrawal,4995,V32P-A034690,0,0.082483036071062082,0.090557212382555013,0,0
donor_withdrawal,4996,V32P-A034691,0,0.061289146542549133,0.067017824202775952,0,0
donor_withdrawal,4997,V32P-A034692,0,0.026580856926739217,0.028953075781464575,0,0
donor_withdrawal,4998,V32P-A034705,0,0.73304216861724858,0.73821371793746948,1,1
donor_withdrawal,4999,V32P-A034706,0,0.52573485970497136,0.54733403921127322,0,0
donor_withdrawal,5000,V32P-A034707,0,0.52594821453094487,0.53991354703903194,0,0
donor_withdrawal,5001,V32P-A034708,0,0.44533965587615965,0.46246671080589297,0,0
donor_withdrawal,5002,V32P-A034709,0,0.36048570275306702,0.37964506745338439,0,0
donor_withdrawal,5003,V32P-A034710,0,0.15854753851890563,0.17140851318836212,0,0
donor_withdrawal,5004,V32P-A034831,0,0.66478271484374996,0.6672048687934875,1,1
donor_withdrawal,5005,V32P-A034832,0,0.66339302062988281,0.6671281695365906,1,1
donor_withdrawal,5006,V32P-A034833,0,0.63683205842971802,0.64324826002120972,1,1
donor_withdrawal,5007,V32P-A034834,0,0.57685856819152836,0.58917925357818601,0,0
donor_withdrawal,5008,V32P-A034835,0,0.47171628475189209,0.49076222181320189,0,0
donor_withdrawal,5009,V32P-A034836,0,0.2009815365076065,0.2235680639743805,0,0
donor_withdrawal,5010,V32P-A034843,0,0.7520774841308594,0.75299390554428103,1,1
donor_withdrawal,5011,V32P-A034844,0,0.67053564786911013,0.67161656618118282,1,1
donor_withdrawal,5012,V32P-A034845,0,0.70305056571960445,0.70387974977493284,1,1
donor_withdrawal,5013,V32P-A034846,0,0.69240150451660154,0.69401015043258663,1,1
donor_withdrawal,5014,V32P-A034847,0,0.65455775260925297,0.65741041898727415,1,1
donor_withdrawal,5015,V32P-A034848,0,0.40491832494735719,0.41303486824035646,0,0
donor_withdrawal,5016,V32P-A034873,0,0.49606815576553343,0.50139117836952207,0,0
donor_withdrawal,5017,V32P-A034874,0,0.5131163537502289,0.52617655396461482,0,0
donor_withdrawal,5018,V32P-A034875,0,0.4618991196155548,0.47922104001045229,0,0
donor_withdrawal,5019,V32P-A034876,1,0.37585865259170531,0.39348803162574769,0,0
donor_withdrawal,5020,V32P-A034877,0,0.052284791320562365,0.058050624281167987,0,0
donor_withdrawal,5021,V32P-A034878,0,0.022182507626712322,0.024988755956292151,0,0
donor_withdrawal,5022,V32P-A035005,0,0.67658981084823611,0.67573390007019041,1,1
donor_withdrawal,5023,V32P-A035006,0,0.61321020126342773,0.61429336071014407,0,0
donor_withdrawal,5024,V32P-A035007,0,0.5925889134407043,0.59760190248489375,0,0
donor_withdrawal,5025,V32P-A035008,0,0.50890418887138367,0.51784283518791197,0,0
donor_withdrawal,5026,V32P-A035009,0,0.42468492984771727,0.43688473105430603,0,0
donor_withdrawal,5027,V32P-A035010,0,0.20786733031272889,0.22018540203571318,0,0
donor_withdrawal,5028,V32P-A035029,0,0.63183748722076416,0.62426055669784541,1,1
donor_withdrawal,5029,V32P-A035030,0,0.57751467227935793,0.57144652605056767,0,0
donor_withdrawal,5030,V32P-A035031,0,0.50775917768478396,0.50189262628555298,0,0
donor_withdrawal,5031,V32P-A035032,0,0.39330377280712125,0.3891808480024338,0,0
donor_withdrawal,5032,V32P-A035033,0,0.3170239984989166,0.31612628698348999,0,0
donor_withdrawal,5033,V32P-A035034,0,0.12870987355709076,0.13409654498100282,0,0
donor_withdrawal,5034,V32P-A035041,0,0.8272900342941284,0.82800779342651365,1,1
donor_withdrawal,5035,V32P-A035042,0,0.7300235509872437,0.73172165155410762,1,1
donor_withdrawal,5036,V32P-A035043,0,0.83049855232238767,0.83348830938339236,1,1
donor_withdrawal,5037,V32P-A035044,0,0.68865274190902714,0.69083466529846194,1,1
donor_withdrawal,5038,V32P-A035045,1,0.5716795027256012,0.5765572607517242,0,0
donor_withdrawal,5039,V32P-A035046,0,0.044687169045209883,0.047153043746948245,0,0
donor_withdrawal,5040,V32P-A035047,0,0.74846588373184209,0.74610301256179812,1,1
donor_withdrawal,5041,V32P-A035048,0,0.77430880069732666,0.77339316606521602,1,1
donor_withdrawal,5042,V32P-A035049,0,0.52681663036346438,0.52450377941131587,0,0
donor_withdrawal,5043,V32P-A035050,0,0.41419982314109804,0.41571339964866638,0,0
donor_withdrawal,5044,V32P-A035051,0,0.33119279742240904,0.3349093496799469,0,0
donor_withdrawal,5045,V32P-A035052,0,0.18325906097888947,0.19054624140262605,0,0
donor_withdrawal,5046,V32P-A035059,0,0.72752417325973506,0.7257812976837158,1,1
donor_withdrawal,5047,V32P-A035060,0,0.62896274328231816,0.62519961595535278,1,1
donor_withdrawal,5048,V32P-A035061,0,0.44283431768417358,0.43637202382087709,0,0
donor_withdrawal,5049,V32P-A035062,0,0.33895658850669863,0.33347065448760987,0,0
donor_withdrawal,5050,V32P-A035063,0,0.27935758531093596,0.27539503276348115,0,0
donor_withdrawal,5051,V32P-A035064,0,0.11978946030139923,0.11969591379165649,0,0
donor_withdrawal,5052,V32P-A035071,0,0.75471937656402588,0.75719484090805056,1,1
donor_withdrawal,5053,V32P-A035072,0,0.63735315799713133,0.6428124666213989,1,1
donor_withdrawal,5054,V32P-A035073,0,0.71696338653564451,0.71963526010513301,1,1
donor_withdrawal,5055,V32P-A035074,0,0.57947396636009219,0.5909267723560333,0,0
donor_withdrawal,5056,V32P-A035075,0,0.54473955035209654,0.5589097917079926,0,0
donor_withdrawal,5057,V32P-A035076,0,0.29418241679668428,0.31210408806800843,0,0
donor_withdrawal,5058,V32P-A035101,0,0.5200973689556122,0.5237391531467438,0,0
donor_withdrawal,5059,V32P-A035102,0,0.42687993049621581,0.42818345427513121,0,0
donor_withdrawal,5060,V32P-A035103,0,0.36969931721687316,0.3690051555633545,0,0
donor_withdrawal,5061,V32P-A035104,0,0.30425575971603391,0.30076307058334351,0,0
donor_withdrawal,5062,V32P-A035105,0,0.27695381939411162,0.2721684664487839,0,0
donor_withdrawal,5063,V32P-A035106,0,0.13812275677919389,0.13645584136247635,0,0
donor_withdrawal,5064,V32P-A035119,0,0.37331074476242065,0.35620018839836121,0,0
donor_withdrawal,5065,V32P-A035120,0,0.43264820575714114,0.41611447930335999,0,0
donor_withdrawal,5066,V32P-A035121,0,0.42056496739387511,0.40656636953353881,0,0
donor_withdrawal,5067,V32P-A035122,1,0.36977410316467285,0.35813090801239011,0,0
donor_withdrawal,5068,V32P-A035123,0,0.052861260995268819,0.054518238827586177,0,0
donor_withdrawal,5069,V32P-A035124,0,0.023711576405912638,0.024423190299421547,0,0
donor_withdrawal,5070,V32P-A035191,0,0.44320127964019773,0.44760931730270387,0,0
donor_withdrawal,5071,V32P-A035192,0,0.42587745785713194,0.43210468888282777,0,0
donor_withdrawal,5072,V32P-A035193,0,0.36455002427101135,0.37394148111343384,0,0
donor_withdrawal,5073,V32P-A035194,0,0.28915327191352846,0.30136806368827818,0,0
donor_withdrawal,5074,V32P-A035195,0,0.20213567316532136,0.21563147008419037,0,0
donor_withdrawal,5075,V32P-A035196,0,0.083261282742023462,0.091813051700592035,0,0
donor_withdrawal,5076,V32P-A035203,0,0.42556309103965761,0.4187153220176697,0,0
donor_withdrawal,5077,V32P-A035204,0,0.44474402666091917,0.44030762314796446,0,0
donor_withdrawal,5078,V32P-A035205,0,0.40788014531135558,0.40700911283493041,0,0
donor_withdrawal,5079,V32P-A035206,0,0.31856536269187929,0.3209249019622803,0,0
donor_withdrawal,5080,V32P-A035207,0,0.23895305395126343,0.24328966140747071,0,0
donor_withdrawal,5081,V32P-A035208,0,0.092241343855857846,0.096618779003620148,0,0
donor_withdrawal,5082,V32P-A035239,0,0.62148413658142088,0.62465947866439819,1,1
donor_withdrawal,5083,V32P-A035240,0,0.63117015361785889,0.63687658309936523,1,1
donor_withdrawal,5084,V32P-A035241,0,0.6219184398651123,0.62962266206741335,1,1
donor_withdrawal,5085,V32P-A035242,0,0.56553711891174319,0.57758109569549565,0,0
donor_withdrawal,5086,V32P-A035243,0,0.50810493826866154,0.52371247410774235,0,0
donor_withdrawal,5087,V32P-A035244,0,0.036719497293233871,0.040872633084654809,0,0
donor_withdrawal,5088,V32P-A035257,0,0.52047953009605408,0.51512042880058284,0,0
donor_withdrawal,5089,V32P-A035258,0,0.43888698220252992,0.43173694610595703,0,0
donor_withdrawal,5090,V32P-A035259,0,0.38245081007480619,0.37399207651615141,0,0
donor_withdrawal,5091,V32P-A035260,0,0.31786544919013976,0.3106423795223236,0,0
donor_withdrawal,5092,V32P-A035261,0,0.2594729155302048,0.25411787629127502,0,0
donor_withdrawal,5093,V32P-A035262,0,0.1288022667169571,0.12687940448522567,0,0
donor_withdrawal,5094,V32P-A035269,0,0.82934414148330693,0.8267877578735352,1,1
donor_withdrawal,5095,V32P-A035270,0,0.70474439859390259,0.70248750448226926,1,1
donor_withdrawal,5096,V32P-A035271,0,0.60531980991363521,0.6081535816192627,0,0
donor_withdrawal,5097,V32P-A035272,0,0.56506112813949583,0.56212519407272343,0,0
donor_withdrawal,5098,V32P-A035273,0,0.53043719530105593,0.52865425348281858,0,0
donor_withdrawal,5099,V32P-A035274,0,0.20162949115037918,0.20264415740966796,0,0
donor_withdrawal,5100,V32P-A035317,0,0.51891453862190251,0.50987917780876157,0,0
donor_withdrawal,5101,V32P-A035318,0,0.60070288181304932,0.60249599218368532,0,0
donor_withdrawal,5102,V32P-A035319,0,0.61100738048553471,0.61665740013122561,0,0
donor_withdrawal,5103,V32P-A035320,0,0.61903275251388545,0.6285062789916992,0,1
donor_withdrawal,5104,V32P-A035321,1,0.55970162749290464,0.57386582493782046,0,0
donor_withdrawal,5105,V32P-A035322,0,0.041808102279901505,0.044018302112817764,0,0
donor_withdrawal,5106,V32P-A035323,0,0.51926629245281219,0.51296723783016207,0,0
donor_withdrawal,5107,V32P-A035324,0,0.51091428399086003,0.51107808947563171,0,0
donor_withdrawal,5108,V32P-A035325,0,0.4084757328033447,0.41554054021835329,0,0
donor_withdrawal,5109,V32P-A035326,0,0.30351280272006986,0.3167233854532242,0,0
donor_withdrawal,5110,V32P-A035327,0,0.23470599204301834,0.25324121266603472,0,0
donor_withdrawal,5111,V32P-A035328,0,0.097836969792842871,0.11328535228967666,0,0
donor_withdrawal,5112,V32P-A035329,0,0.68003650903701784,0.68211513757705688,1,1
donor_withdrawal,5113,V32P-A035330,0,0.60178562402725222,0.60126260519027708,0,0
donor_withdrawal,5114,V32P-A035331,0,0.55864560604095459,0.55313225984573366,0,0
donor_withdrawal,5115,V32P-A035332,0,0.57060167789459226,0.56406956911087036,0,0
donor_withdrawal,5116,V32P-A035333,0,0.46438493728637698,0.4571520507335663,0,0
donor_withdrawal,5117,V32P-A035334,0,0.27963823825120926,0.27845454961061478,0,0
donor_withdrawal,5118,V32P-A035335,0,0.54149376153945927,0.53526650667190556,0,0
donor_withdrawal,5119,V32P-A035336,0,0.52130796313285832,0.5126890242099762,0,0
donor_withdrawal,5120,V32P-A035337,0,0.57584233880043034,0.56883949637413023,0,0
donor_withdrawal,5121,V32P-A035338,0,0.51544643044471739,0.50865436196327207,0,0
donor_withdrawal,5122,V32P-A035339,0,0.43246783018112184,0.42630653977394106,0,0
donor_withdrawal,5123,V32P-A035340,0,0.25729404240846632,0.25516831427812575,0,0
donor_withdrawal,5124,V32P-A035389,0,0.76440546512603758,0.76389338970184328,1,1
donor_withdrawal,5125,V32P-A035390,0,0.69457513093948364,0.69329597949981692,1,1
donor_withdrawal,5126,V32P-A035391,0,0.64538968801498409,0.64580672979354858,1,1
donor_withdrawal,5127,V32P-A035392,0,0.59095126390457153,0.59243984222412105,0,0
donor_withdrawal,5128,V32P-A035393,0,0.56570509672164915,0.57107493877410886,0,0
donor_withdrawal,5129,V32P-A035394,0,0.29938481450080873,0.31159864664077758,0,0
donor_withdrawal,5130,V32P-A035491,0,0.8092049717903137,0.80975259542465206,1,1
donor_withdrawal,5131,V32P-A035492,0,0.80520085096359251,0.80506563186645508,1,1
donor_withdrawal,5132,V32P-A035493,0,0.66897302865982056,0.66798170804977419,1,1
donor_withdrawal,5133,V32P-A035494,0,0.59633077383041377,0.59457507729530334,0,0
donor_withdrawal,5134,V32P-A035495,1,0.51807395219802854,0.51696249246597292,0,0
donor_withdrawal,5135,V32P-A035496,0,0.042397345788776873,0.044222656451165673,0,0
donor_withdrawal,5136,V32P-A035545,0,0.74301528930664062,0.74673969745635982,1,1
donor_withdrawal,5137,V32P-A035546,0,0.68982026576995847,0.69583197832107546,1,1
donor_withdrawal,5138,V32P-A035547,0,0.68330377340316772,0.69129682779312129,1,1
donor_withdrawal,5139,V32P-A035548,0,0.63735434412956238,0.65276165008544917,1,1
donor_withdrawal,5140,V32P-A035549,1,0.58785696029663081,0.6076090514659882,0,0
donor_withdrawal,5141,V32P-A035550,0,0.052296015247702596,0.054569153115153313,0,0
donor_withdrawal,5142,V32P-A035587,0,0.71112831830978396,0.71470457315444946,1,1
donor_withdrawal,5143,V32P-A035588,0,0.64513479471206669,0.65015039443969724,1,1
donor_withdrawal,5144,V32P-A035589,0,0.61679656505584712,0.62328696250915527,0,1
donor_withdrawal,5145,V32P-A035590,0,0.62253193855285649,0.6311364889144897,1,1
donor_withdrawal,5146,V32P-A035591,0,0.5263254821300507,0.54042248725891118,0,0
donor_withdrawal,5147,V32P-A035592,0,0.27508840560913084,0.29136900007724764,0,0
donor_withdrawal,5148,V32P-A035593,0,0.77356488704681392,0.77077178955078129,1,1
donor_withdrawal,5149,V32P-A035594,0,0.67382827997207639,0.67152985334396365,1,1
donor_withdrawal,5150,V32P-A035595,0,0.61408782005310059,0.6149348139762878,0,0
donor_withdrawal,5151,V32P-A035596,0,0.52220122814178471,0.52825732827186589,0,0
donor_withdrawal,5152,V32P-A035597,0,0.49996894598007202,0.50733579397201534,0,0
donor_withdrawal,5153,V32P-A035598,0,0.25396239459514619,0.26628416180610659,0,0
donor_withdrawal,5154,V32P-A035629,0,0.53171801567077637,0.52603592276573186,0,0
donor_withdrawal,5155,V32P-A035630,0,0.54385185837745664,0.53914395570755003,0,0
donor_withdrawal,5156,V32P-A035631,0,0.59467546939849858,0.59292000532150269,0,0
donor_withdrawal,5157,V32P-A035632,0,0.45132718086242674,0.44696623682975767,0,0
donor_withdrawal,5158,V32P-A035633,0,0.41170402169227599,0.41018618345260621,0,0
donor_withdrawal,5159,V32P-A035634,0,0.03646163251250982,0.037765895389020442,0,0
donor_withdrawal,5160,V32P-A035659,0,0.68502310514450071,0.68335392475128176,1,1
donor_withdrawal,5161,V32P-A035660,0,0.57344473004341123,0.57334077954292295,0,0
donor_withdrawal,5162,V32P-A035661,0,0.51856946349143984,0.51768062710762019,0,0
donor_withdrawal,5163,V32P-A035662,0,0.43444310426712035,0.43210471272468565,0,0
donor_withdrawal,5164,V32P-A035663,0,0.33757691681385038,0.33606601655483248,0,0
donor_withdrawal,5165,V32P-A035664,0,0.025009135995060206,0.025899471994489432,0,0
donor_withdrawal,5166,V32P-A035677,0,0.7444868326187134,0.74206285476684575,1,1
donor_withdrawal,5167,V32P-A035678,0,0.74949011802673338,0.74735527038574223,1,1
donor_withdrawal,5168,V32P-A035679,0,0.76117020845413208,0.75829581022262571,1,1
donor_withdrawal,5169,V32P-A035680,0,0.72390191555023198,0.72103977203369141,1,1
donor_withdrawal,5170,V32P-A035681,0,0.65238280296325679,0.65280327796936033,1,1
donor_withdrawal,5171,V32P-A035682,0,0.40368333756923674,0.41183148324489594,0,0
donor_withdrawal,5172,V32P-A035689,0,0.60857348442077641,0.60983392000198366,0,0
donor_withdrawal,5173,V32P-A035690,0,0.46917397379875181,0.47326002717018129,0,0
donor_withdrawal,5174,V32P-A035691,0,0.5432003259658813,0.54615508317947392,0,0
donor_withdrawal,5175,V32P-A035692,0,0.34307663440704345,0.34649917483329773,0,0
donor_withdrawal,5176,V32P-A035693,0,0.25435671508312224,0.25850125253200529,0,0
donor_withdrawal,5177,V32P-A035694,0,0.10979885682463646,0.11544386371970176,0,0
donor_withdrawal,5178,V32P-A035743,0,0.51156949400901797,0.51345517635345461,0,0
donor_withdrawal,5179,V32P-A035744,0,0.49107180237770082,0.49035447239875796,0,0
donor_withdrawal,5180,V32P-A035745,0,0.4240250289440155,0.4219964385032654,0,0
donor_withdrawal,5181,V32P-A035746,0,0.35552745163440702,0.35376271307468415,0,0
donor_withdrawal,5182,V32P-A035747,0,0.34556564688682556,0.35283876061439512,0,0
donor_withdrawal,5183,V32P-A035748,0,0.15682393461465835,0.15868960767984391,0,0
donor_withdrawal,5184,V32P-A035749,0,0.65679560899734502,0.65233855247497563,1,1
donor_withdrawal,5185,V32P-A035750,0,0.59587883949279785,0.58904030323028567,0,0
donor_withdrawal,5186,V32P-A035751,0,0.55787897706031797,0.54943473339080806,0,0
donor_withdrawal,5187,V32P-A035752,0,0.49291852712631223,0.48140090107917788,0,0
donor_withdrawal,5188,V32P-A035753,0,0.41257531642913819,0.40127867460250854,0,0
donor_withdrawal,5189,V32P-A035754,0,0.2112666204571724,0.20711819976568221,0,0
donor_withdrawal,5190,V32P-A035761,0,0.6176813125610352,0.61550973653793339,0,0
donor_withdrawal,5191,V32P-A035762,0,0.53704215288162227,0.54104502201080318,0,0
donor_withdrawal,5192,V32P-A035763,0,0.49062486290931701,0.49877607226371767,0,0
donor_withdrawal,5193,V32P-A035764,0,0.38317663669586183,0.39443464279174806,0,0
donor_withdrawal,5194,V32P-A035765,0,0.34954434037208559,0.36131693124771119,0,0
donor_withdrawal,5195,V32P-A035766,0,0.17947927713394166,0.18928803950548173,0,0
donor_withdrawal,5196,V32P-A035767,0,0.64625231027603147,0.64464868307113643,1,1
donor_withdrawal,5197,V32P-A035768,0,0.63959714174270632,0.63800233602523804,1,1
donor_withdrawal,5198,V32P-A035769,0,0.60787883996963499,0.60644266605377195,0,0
donor_withdrawal,5199,V32P-A035770,0,0.55127440094947811,0.5515674769878387,0,0
donor_withdrawal,5200,V32P-A035771,0,0.46538062691688536,0.46820117831230162,0,0
donor_withdrawal,5201,V32P-A035772,0,0.2159169614315033,0.22336658835411072,0,0
donor_withdrawal,5202,V32P-A035797,0,0.43318282365798949,0.43234895467758178,0,0
donor_withdrawal,5203,V32P-A035798,0,0.34741917252540588,0.34682458043098452,0,0
donor_withdrawal,5204,V32P-A035799,0,0.27679614126682284,0.28378026783466337,0,0
donor_withdrawal,5205,V32P-A035800,0,0.24343672394752502,0.24696735739707948,0,0
donor_withdrawal,5206,V32P-A035801,0,0.18791671395301818,0.19269335269927979,0,0
donor_withdrawal,5207,V32P-A035802,0,0.090074682235717768,0.094208098948001862,0,0
donor_withdrawal,5208,V32P-A035827,0,0.46754160523414612,0.46754378080368042,0,0
donor_withdrawal,5209,V32P-A035828,0,0.35737457871437073,0.35166292786598208,0,0
donor_withdrawal,5210,V32P-A035829,0,0.30972074568271635,0.30428504645824433,0,0
donor_withdrawal,5211,V32P-A035830,0,0.24976709187030793,0.24526439309120179,0,0
donor_withdrawal,5212,V32P-A035831,0,0.21921826303005218,0.21592796444892884,0,0
donor_withdrawal,5213,V32P-A035832,0,0.12060949802398682,0.1206293061375618,0,0
donor_withdrawal,5214,V32P-A035833,0,0.43788599371910097,0.43083986043930056,0,0
donor_withdrawal,5215,V32P-A035834,0,0.50051663517951961,0.49653736948966981,0,0
donor_withdrawal,5216,V32P-A035835,0,0.49542453289031985,0.49413554668426513,0,0
donor_withdrawal,5217,V32P-A035836,0,0.34814357757568359,0.34621074199676516,0,0
donor_withdrawal,5218,V32P-A035837,1,0.25581397116184235,0.25346638262271881,0,0
donor_withdrawal,5219,V32P-A035838,0,0.023970350716263057,0.02453341046348214,0,0
donor_withdrawal,5220,V32P-A035887,0,0.35936750173568727,0.34941498041152952,0,0
donor_withdrawal,5221,V32P-A035888,0,0.35852491855621338,0.35071866512298583,0,0
donor_withdrawal,5222,V32P-A035889,0,0.31761134862899781,0.31150071620941161,0,0
donor_withdrawal,5223,V32P-A035890,0,0.25045843720436095,0.24830801486968995,0,0
donor_withdrawal,5224,V32P-A035891,0,0.19250470101833345,0.19270713627338409,0,0
donor_withdrawal,5225,V32P-A035892,0,0.08660311102867127,0.088626660406589508,0,0
donor_withdrawal,5226,V32P-A035971,0,0.4872491121292114,0.48896923065185549,0,0
donor_withdrawal,5227,V32P-A035972,0,0.3710749685764313,0.3769688606262207,0,0
donor_withdrawal,5228,V32P-A035973,0,0.29351916313171389,0.3016878843307495,0,0
donor_withdrawal,5229,V32P-A035974,0,0.2279855042695999,0.23757222592830657,0,0
donor_withdrawal,5230,V32P-A035975,0,0.17784487158060075,0.18963628262281418,0,0
donor_withdrawal,5231,V32P-A035976,0,0.072229496389627459,0.079503426700830465,0,0
donor_withdrawal,5232,V32P-A035983,0,0.69795153141021726,0.69525908231735234,1,1
donor_withdrawal,5233,V32P-A035984,0,0.54138764142990115,0.53827464580535889,0,0
donor_withdrawal,5234,V32P-A035985,0,0.48910558223724365,0.48440339565277102,0,0
donor_withdrawal,5235,V32P-A035986,0,0.48266791105270385,0.4783851742744446,0,0
donor_withdrawal,5236,V32P-A035987,0,0.45159984230995176,0.44854742884635923,0,0
donor_withdrawal,5237,V32P-A035988,0,0.03278427105396986,0.035047452710568902,0,0
donor_withdrawal,5238,V32P-A036019,0,0.46946590542793276,0.47034141421318054,0,0
donor_withdrawal,5239,V32P-A036020,0,0.37008539438247678,0.3756692886352539,0,0
donor_withdrawal,5240,V32P-A036021,0,0.31742821335792543,0.32699440717697142,0,0
donor_withdrawal,5241,V32P-A036022,0,0.29417038857936861,0.30921853482723238,0,0
donor_withdrawal,5242,V32P-A036023,0,0.2096990928053856,0.22012315839529037,0,0
donor_withdrawal,5243,V32P-A036024,0,0.087318657338619238,0.092564478516578674,0,0
donor_withdrawal,5244,V32P-A036043,0,0.6482528924942017,0.650100314617157,1,1
donor_withdrawal,5245,V32P-A036044,0,0.63827759027481079,0.64112224578857424,1,1
donor_withdrawal,5246,V32P-A036045,0,0.58965588808059688,0.59624172449111934,0,0
donor_withdrawal,5247,V32P-A036046,0,0.52005794644355774,0.53135840296745296,0,0
donor_withdrawal,5248,V32P-A036047,0,0.43182961344718934,0.44919853806495669,0,0
donor_withdrawal,5249,V32P-A036048,0,0.031127914041280746,0.034028887748718262,0,0
donor_withdrawal,5250,V32P-A036241,0,0.4363421559333801,0.42910715937614441,0,0
donor_withdrawal,5251,V32P-A036242,0,0.44980061352252959,0.44300831258296969,0,0
donor_withdrawal,5252,V32P-A036243,0,0.49461924433708193,0.48472416996955869,0,0
donor_withdrawal,5253,V32P-A036244,0,0.36181704998016356,0.35194950103759765,0,0
donor_withdrawal,5254,V32P-A036245,1,0.2669853061437607,0.25747649371623993,0,0
donor_withdrawal,5255,V32P-A036246,0,0.020285887829959392,0.020893892832100393,0,0
donor_withdrawal,5256,V32P-A036253,0,0.65783568620681765,0.65728776454925542,1,1
donor_withdrawal,5257,V32P-A036254,0,0.58623068928718569,0.59207851290702818,0,0
donor_withdrawal,5258,V32P-A036255,0,0.46863116621971129,0.48560499548912051,0,0
donor_withdrawal,5259,V32P-A036256,0,0.4057974576950073,0.41832078695297242,0,0
donor_withdrawal,5260,V32P-A036257,0,0.32555077373981478,0.33851616084575653,0,0
donor_withdrawal,5261,V32P-A036258,0,0.14781703352928161,0.1588451698422432,0,0
donor_withdrawal,5262,V32P-A036265,0,0.47264745235443117,0.47420567274093628,0,0
donor_withdrawal,5263,V32P-A036266,0,0.39680286645889284,0.40166532397270205,0,0
donor_withdrawal,5264,V32P-A036267,0,0.36055504083633422,0.368962299823761,0,0
donor_withdrawal,5265,V32P-A036268,0,0.27549080550670624,0.28497148454189303,0,0
donor_withdrawal,5266,V32P-A036269,0,0.23718920499086379,0.24900357872247697,0,0
donor_withdrawal,5267,V32P-A036270,0,0.10106615945696831,0.11018210574984551,0,0
donor_withdrawal,5268,V32P-A036307,0,0.40415672659873964,0.39657612442970275,0,0
donor_withdrawal,5269,V32P-A036308,0,0.43477046489715576,0.42837088704109194,0,0
donor_withdrawal,5270,V32P-A036309,0,0.42483663558959961,0.41952536702156068,0,0
donor_withdrawal,5271,V32P-A036310,0,0.36396054625511171,0.36100245714187623,0,0
donor_withdrawal,5272,V32P-A036311,0,0.29831911325454713,0.29683531522750856,0,0
donor_withdrawal,5273,V32P-A036312,0,0.13368922322988511,0.13621425777673721,0,0
donor_withdrawal,5274,V32P-A036313,0,0.38990098834037779,0.38082795739173891,0,0
donor_withdrawal,5275,V32P-A036314,0,0.4060947597026825,0.39928125143051146,0,0
donor_withdrawal,5276,V32P-A036315,0,0.39441622495651246,0.39069930315017698,0,0
donor_withdrawal,5277,V32P-A036316,0,0.33896442651748659,0.33775287270545962,0,0
donor_withdrawal,5278,V32P-A036317,0,0.27663737237453462,0.27701686918735502,0,0
donor_withdrawal,5279,V32P-A036318,0,0.12277485877275467,0.12758611291646957,0,0
donor_withdrawal,5280,V32P-A036331,0,0.74286397695541384,0.73946235179901121,1,1
donor_withdrawal,5281,V32P-A036332,0,0.51160198450088501,0.5003206312656403,0,0
donor_withdrawal,5282,V32P-A036333,0,0.46817076802253721,0.4543742835521698,0,0
donor_withdrawal,5283,V32P-A036334,0,0.38449198007583618,0.372494238615036,0,0
donor_withdrawal,5284,V32P-A036335,0,0.29574860632419586,0.28604122698307038,0,0
donor_withdrawal,5285,V32P-A036336,0,0.1302884578704834,0.12874114364385605,0,0
donor_withdrawal,5286,V32P-A036361,0,0.48911354541778562,0.48009912967681884,0,0
donor_withdrawal,5287,V32P-A036362,0,0.38071963787078855,0.37124205231666563,0,0
donor_withdrawal,5288,V32P-A036363,0,0.33042371571063994,0.31921271979808807,0,0
donor_withdrawal,5289,V32P-A036364,0,0.29715062081813814,0.28615528643131255,0,0
donor_withdrawal,5290,V32P-A036365,0,0.21718110442161559,0.21620041131973267,0,0
donor_withdrawal,5291,V32P-A036366,0,0.10717325434088706,0.10833128020167351,0,0
donor_withdrawal,5292,V32P-A036601,0,0.50493054986000063,0.50675711035728455,0,0
donor_withdrawal,5293,V32P-A036602,0,0.46612897515296936,0.46896921992301943,0,0
donor_withdrawal,5294,V32P-A036603,0,0.40861793160438536,0.41385733485221865,0,0
donor_withdrawal,5295,V32P-A036604,0,0.31300166249275208,0.32286836504936217,0,0
donor_withdrawal,5296,V32P-A036605,0,0.23006639480590821,0.24240885376930238,0,0
donor_withdrawal,5297,V32P-A036606,0,0.090406243503093717,0.10032669156789779,0,0
donor_withdrawal,5298,V32P-A036643,0,0.53504571914672849,0.53882910013198848,0,0
donor_withdrawal,5299,V32P-A036644,0,0.46475053429603574,0.46911262273788451,0,0
donor_withdrawal,5300,V32P-A036645,0,0.5478555500507355,0.55462284684181218,0,0
donor_withdrawal,5301,V32P-A036646,0,0.48345004916191103,0.4930689513683319,0,0
donor_withdrawal,5302,V32P-A036647,0,0.32062669098377228,0.33105815351009371,0,0
donor_withdrawal,5303,V32P-A036648,0,0.13833654224872588,0.1448758289217949,0,0
donor_withdrawal,5304,V32P-A036673,0,0.52116292715072632,0.51882355213165288,0,0
donor_withdrawal,5305,V32P-A036674,0,0.42601121068000791,0.42073660492897036,0,0
donor_withdrawal,5306,V32P-A036675,0,0.40315725207328795,0.39818239212036133,0,0
donor_withdrawal,5307,V32P-A036676,0,0.34609078764915469,0.33918457031249999,0,0
donor_withdrawal,5308,V32P-A036677,0,0.26260938644409182,0.26384867429733277,0,0
donor_withdrawal,5309,V32P-A036678,0,0.12568575292825698,0.12485653907060623,0,0
donor_withdrawal,5310,V32P-A036685,0,0.48175673186779022,0.48460000455379487,0,0
donor_withdrawal,5311,V32P-A036686,0,0.43088885545730593,0.43399081826210023,0,0
donor_withdrawal,5312,V32P-A036687,0,0.38214443624019623,0.38653813302516937,0,0
donor_withdrawal,5313,V32P-A036688,0,0.3136965870857239,0.31952005624771118,0,0
donor_withdrawal,5314,V32P-A036689,0,0.25559704899787905,0.26198999285697938,0,0
donor_withdrawal,5315,V32P-A036690,0,0.11591093167662621,0.1210997723042965,0,0
donor_withdrawal,5316,V32P-A036715,1,0.74828789234161375,0.74676364660263062,1,1
donor_withdrawal,5317,V32P-A036716,1,0.74772480726242063,0.74616289138793945,1,1
donor_withdrawal,5318,V32P-A036717,1,0.76609358787536619,0.76603007316589355,1,1
donor_withdrawal,5319,V32P-A036718,0,0.11753510311245918,0.12208225950598717,0,0
donor_withdrawal,5320,V32P-A036719,0,0.078849394619464871,0.081767031550407404,0,0
donor_withdrawal,5321,V32P-A036720,0,0.035147136636078359,0.036708976514637469,0,0
donor_withdrawal,5322,V32P-A036733,0,0.49105418324470518,0.46956717967987061,0,0
donor_withdrawal,5323,V32P-A036734,0,0.46568520069122316,0.44353634715080259,0,0
donor_withdrawal,5324,V32P-A036735,0,0.4383078098297119,0.41698562502861025,0,0
donor_withdrawal,5325,V32P-A036736,0,0.37600491940975189,0.35742154419422151,0,0
donor_withdrawal,5326,V32P-A036737,0,0.34141666293144224,0.32366300821304322,0,0
donor_withdrawal,5327,V32P-A036738,0,0.02966737267561257,0.030189815210178494,0,0
donor_withdrawal,5328,V32P-A036793,1,0.64476805925369263,0.64566816091537471,1,1
donor_withdrawal,5329,V32P-A036794,1,0.48545846343040466,0.48175407052040098,0,0
donor_withdrawal,5330,V32P-A036795,1,0.42454500198364259,0.41831135749816895,0,0
donor_withdrawal,5331,V32P-A036796,0,0.0658722274005413,0.067575899511575693,0,0
donor_withdrawal,5332,V32P-A036797,0,0.051891674101352689,0.054873347282409668,0,0
donor_withdrawal,5333,V32P-A036798,0,0.023437596485018732,0.024464362859725954,0,0
donor_withdrawal,5334,V32P-A036811,1,0.7903347492218018,0.78528034687042236,1,1
donor_withdrawal,5335,V32P-A036812,1,0.73074623346328738,0.7255953431129456,1,1
donor_withdrawal,5336,V32P-A036813,0,0.14225474521517753,0.14378900155425073,0,0
donor_withdrawal,5337,V32P-A036814,0,0.10912776887416839,0.1109370082616806,0,0
donor_withdrawal,5338,V32P-A036815,0,0.08106450960040093,0.083037943392992017,0,0
donor_withdrawal,5339,V32P-A036816,0,0.036959104612469672,0.038360739499330519,0,0
donor_withdrawal,5340,V32P-A036817,1,0.66731530427932739,0.67292660474777222,1,1
donor_withdrawal,5341,V32P-A036818,1,0.58141997456550598,0.58938857316970827,0,0
donor_withdrawal,5342,V32P-A036819,1,0.55812904238700867,0.56840757131576536,0,0
donor_withdrawal,5343,V32P-A036820,0,0.098307055234909055,0.10463551729917527,0,0
donor_withdrawal,5344,V32P-A036821,0,0.078026869148015973,0.083842317014932638,0,0
donor_withdrawal,5345,V32P-A036822,0,0.034826767817139628,0.037869518995285033,0,0
donor_withdrawal,5346,V32P-A036919,1,0.54277061223983769,0.54228355884552004,0,0
donor_withdrawal,5347,V32P-A036920,1,0.47338677048683164,0.47582761645317079,0,0
donor_withdrawal,5348,V32P-A036921,1,0.39387475252151488,0.39839494824409483,0,0
donor_withdrawal,5349,V32P-A036922,0,0.052751379460096358,0.056603208184242249,0,0
donor_withdrawal,5350,V32P-A036923,0,0.03884909152984619,0.042209827154874799,0,0
donor_withdrawal,5351,V32P-A036924,0,0.017024996224790812,0.018699737917631864,0,0
donor_withdrawal,5352,V32P-A036949,0,0.46615719199180605,0.46606959104537965,0,0
donor_withdrawal,5353,V32P-A036950,0,0.41577904820442202,0.41342231035232546,0,0
donor_withdrawal,5354,V32P-A036951,0,0.36886817812919614,0.36565703153610229,0,0
donor_withdrawal,5355,V32P-A036952,0,0.30193158984184265,0.29714367985725404,0,0
donor_withdrawal,5356,V32P-A036953,0,0.24376293420791625,0.24000662863254546,0,0
donor_withdrawal,5357,V32P-A036954,0,0.12186604887247085,0.12084862589836121,0,0
donor_withdrawal,5358,V32P-A036967,0,0.49966114163398745,0.49478740096092222,0,0
donor_withdrawal,5359,V32P-A036968,0,0.61577171087265015,0.61317707300186153,0,0
donor_withdrawal,5360,V32P-A036969,0,0.53520122170448303,0.53491016030311589,0,0
donor_withdrawal,5361,V32P-A036970,0,0.46154433488845825,0.46556748747825621,0,0
donor_withdrawal,5362,V32P-A036971,0,0.38840122222900392,0.39453808665275575,0,0
donor_withdrawal,5363,V32P-A036972,0,0.20020030289888383,0.20766690224409104,0,0
donor_withdrawal,5364,V32P-A037021,0,0.52334856390953066,0.52298539280891421,0,0
donor_withdrawal,5365,V32P-A037022,0,0.52514263391494753,0.52588928937911983,0,0
donor_withdrawal,5366,V32P-A037023,0,0.49563552141189576,0.49901038408279419,0,0
donor_withdrawal,5367,V32P-A037024,0,0.43057651519775392,0.43690961599349976,0,0
donor_withdrawal,5368,V32P-A037025,0,0.34126970767974851,0.35197090506553652,0,0
donor_withdrawal,5369,V32P-A037026,0,0.14492665976285934,0.15697523206472397,0,0
donor_withdrawal,5370,V32P-A037057,0,0.69410985708236694,0.69187468290328979,1,1
donor_withdrawal,5371,V32P-A037058,0,0.47388736009597776,0.47298680543899535,0,0
donor_withdrawal,5372,V32P-A037059,0,0.48709653019905091,0.47990823388099668,0,0
donor_withdrawal,5373,V32P-A037060,0,0.41578863859176635,0.4056641161441803,0,0
donor_withdrawal,5374,V32P-A037061,0,0.32928985953330991,0.31848735213279722,0,0
donor_withdrawal,5375,V32P-A037062,0,0.022847939934581517,0.023546064179390667,0,0
donor_withdrawal,5376,V32P-A037069,1,0.71589899063110352,0.7127903819084167,1,1
donor_withdrawal,5377,V32P-A037070,1,0.62437324523925786,0.62055244445800783,1,1
donor_withdrawal,5378,V32P-A037071,1,0.57604965567588806,0.57170032858848574,0,0
donor_withdrawal,5379,V32P-A037072,0,0.10137740708887577,0.10412745214998723,0,0
donor_withdrawal,5380,V32P-A037073,0,0.072375653684139257,0.074680074304342273,0,0
donor_withdrawal,5381,V32P-A037074,0,0.03161955922842026,0.032764475047588351,0,0
donor_withdrawal,5382,V32P-A037081,0,0.67737225294113157,0.67663348913192745,1,1
donor_withdrawal,5383,V32P-A037082,0,0.64171887636184688,0.64015718698501589,1,1
donor_withdrawal,5384,V32P-A037083,0,0.62778533697128291,0.62701116800308232,1,1
donor_withdrawal,5385,V32P-A037084,0,0.5764925897121429,0.57545886039733884,0,0
donor_withdrawal,5386,V32P-A037085,0,0.50826786160469051,0.50946375131607058,0,0
donor_withdrawal,5387,V32P-A037086,0,0.27485974133014679,0.27835470736026763,0,0
donor_withdrawal,5388,V32P-A037135,0,0.48969177007675169,0.49286636710166931,0,0
donor_withdrawal,5389,V32P-A037136,0,0.48103124499320982,0.48487500548362733,0,0
donor_withdrawal,5390,V32P-A037137,0,0.48160602450370787,0.48735635876655581,0,0
donor_withdrawal,5391,V32P-A037138,0,0.4238158702850342,0.43281996846199033,0,0
donor_withdrawal,5392,V32P-A037139,0,0.3546983778476715,0.36638596653938293,0,0
donor_withdrawal,5393,V32P-A037140,0,0.16576072573661804,0.17916674911975861,0,0
donor_withdrawal,5394,V32P-A037183,0,0.83314803838729856,0.83364402055740361,1,1
donor_withdrawal,5395,V32P-A037184,0,0.75508071184158321,0.76179244518280032,1,1
donor_withdrawal,5396,V32P-A037185,0,0.73829571008682249,0.73973846435546875,1,1
donor_withdrawal,5397,V32P-A037186,0,0.67927600145339961,0.6821904182434082,1,1
donor_withdrawal,5398,V32P-A037187,0,0.63528448343276978,0.63906466960906982,1,1
donor_withdrawal,5399,V32P-A037188,0,0.42808151245117188,0.43554712533950807,0,0
donor_withdrawal,5400,V32P-A037201,0,0.68093438148498531,0.67809057235717773,1,1
donor_withdrawal,5401,V32P-A037202,0,0.59008127450942993,0.5917265057563782,0,0
donor_withdrawal,5402,V32P-A037203,0,0.61135269403457637,0.60984644889831541,0,0
donor_withdrawal,5403,V32P-A037204,0,0.56777079701423649,0.56929420828819277,0,0
donor_withdrawal,5404,V32P-A037205,0,0.47954376339912413,0.48442648649215697,0,0
donor_withdrawal,5405,V32P-A037206,0,0.2294626146554947,0.23970666229724885,0,0
donor_withdrawal,5406,V32P-A037237,1,0.82394739389419558,0.82069499492645259,1,1
donor_withdrawal,5407,V32P-A037238,1,0.68081462383270264,0.67111223936080933,1,1
donor_withdrawal,5408,V32P-A037239,1,0.58795194625854497,0.57195152640342717,0,0
donor_withdrawal,5409,V32P-A037240,0,0.15656744241714476,0.15750319808721541,0,0
donor_withdrawal,5410,V32P-A037241,0,0.094138361513614655,0.095160856097936633,0,0
donor_withdrawal,5411,V32P-A037242,0,0.044402608834207061,0.045036882348358634,0,0
donor_withdrawal,5412,V32P-A037339,1,0.65889177322387693,0.66353983879089351,1,1
donor_withdrawal,5413,V32P-A037340,1,0.52901951670646663,0.53654319643974302,0,0
donor_withdrawal,5414,V32P-A037341,1,0.57498635053634639,0.58130866289138794,0,0
donor_withdrawal,5415,V32P-A037342,0,0.091996805369853968,0.10158438682556152,0,0
donor_withdrawal,5416,V32P-A037343,0,0.076054760068655011,0.084039955586194995,0,0
donor_withdrawal,5417,V32P-A037344,0,0.03759239986538887,0.040662488713860509,0,0
donor_withdrawal,5418,V32P-A037357,1,0.61395950317382808,0.61461526155471802,0,0
donor_withdrawal,5419,V32P-A037358,1,0.5541606724262238,0.55490407347679138,0,0
donor_withdrawal,5420,V32P-A037359,1,0.48819788098335265,0.49013061523437501,0,0
donor_withdrawal,5421,V32P-A037360,0,0.074559711292386061,0.078004568442702288,0,0
donor_withdrawal,5422,V32P-A037361,0,0.056580996885895726,0.059621246531605721,0,0
donor_withdrawal,5423,V32P-A037362,0,0.025499633420258759,0.027044571656733751,0,0
donor_withdrawal,5424,V32P-A037363,0,0.65161904096603396,0.64948909282684331,1,1
donor_withdrawal,5425,V32P-A037364,0,0.57299422025680546,0.57529129981994631,0,0
donor_withdrawal,5426,V32P-A037365,0,0.52796056866645813,0.52892294526100159,0,0
donor_withdrawal,5427,V32P-A037366,0,0.42809637188911437,0.43309094905853274,0,0
donor_withdrawal,5428,V32P-A037367,0,0.34431165456771851,0.35109763145446776,0,0
donor_withdrawal,5429,V32P-A037368,0,0.16154464334249496,0.16884018927812577,0,0
donor_withdrawal,5430,V32P-A037405,1,0.56388158798217769,0.55669953823089602,0,0
donor_withdrawal,5431,V32P-A037406,1,0.62996510267257688,0.62666556835174558,1,1
donor_withdrawal,5432,V32P-A037407,1,0.62862663269042973,0.62702028751373295,1,1
donor_withdrawal,5433,V32P-A037408,0,0.11763904541730881,0.12326682657003403,0,0
donor_withdrawal,5434,V32P-A037409,0,0.087729308009147647,0.092660017311573029,0,0
donor_withdrawal,5435,V32P-A037410,0,0.042529362812638284,0.045398076623678209,0,0
donor_withdrawal,5436,V32P-A037489,0,0.49586809873580934,0.49264416694641111,0,0
donor_withdrawal,5437,V32P-A037490,0,0.46637526750564573,0.46347712278366088,0,0
donor_withdrawal,5438,V32P-A037491,0,0.48713755011558535,0.48535203337669375,0,0
donor_withdrawal,5439,V32P-A037492,1,0.45242584943771363,0.4529865622520447,0,0
donor_withdrawal,5440,V32P-A037493,0,0.067639964073896414,0.075145404785871506,0,0
donor_withdrawal,5441,V32P-A037494,0,0.030891835689544678,0.034941799193620685,0,0
donor_withdrawal,5442,V32P-A037579,0,0.74174877405166628,0.73843221664428715,1,1
donor_withdrawal,5443,V32P-A037580,0,0.68356065750122075,0.68511281013488767,1,1
donor_withdrawal,5444,V32P-A037581,0,0.66120158433914189,0.6596541285514832,1,1
donor_withdrawal,5445,V32P-A037582,0,0.61421864628791811,0.61533208489418034,0,0
donor_withdrawal,5446,V32P-A037583,0,0.54191235899925227,0.5456134617328644,0,0
donor_withdrawal,5447,V32P-A037584,0,0.29131406247615815,0.2987210124731064,0,0
donor_withdrawal,5448,V32P-A037711,0,0.64385187029838564,0.64130432009696958,1,1
donor_withdrawal,5449,V32P-A037712,0,0.51310818195343022,0.50721164941787722,0,0
donor_withdrawal,5450,V32P-A037713,0,0.43109118342399599,0.42239915728569033,0,0
donor_withdrawal,5451,V32P-A037714,0,0.35663853287696839,0.34786396622657778,0,0
donor_withdrawal,5452,V32P-A037715,0,0.28280962854623792,0.27627278119325638,0,0
donor_withdrawal,5453,V32P-A037716,0,0.12945555374026299,0.12751304879784583,0,0
donor_withdrawal,5454,V32P-A037723,0,0.63048733472824092,0.63755531311035152,1,1
donor_withdrawal,5455,V32P-A037724,0,0.54056410193443294,0.55393244624137883,0,0
donor_withdrawal,5456,V32P-A037725,0,0.47675601840019227,0.49355407953262331,0,0
donor_withdrawal,5457,V32P-A037726,0,0.41615548729896545,0.43408296704292298,0,0
donor_withdrawal,5458,V32P-A037727,0,0.34695248901844022,0.36821918189525604,0,0
donor_withdrawal,5459,V32P-A037728,0,0.15528732389211655,0.1708817884325981,0,0
donor_withdrawal,5460,V32P-A037759,0,0.46160578727722168,0.4633033275604248,0,0
donor_withdrawal,5461,V32P-A037760,0,0.45164709687232973,0.46085774302482607,0,0
donor_withdrawal,5462,V32P-A037761,0,0.47773338556289674,0.48208234310150144,0,0
donor_withdrawal,5463,V32P-A037762,0,0.37312620580196382,0.380737242102623,0,0
donor_withdrawal,5464,V32P-A037763,0,0.30080519914627074,0.31202414035797121,0,0
donor_withdrawal,5465,V32P-A037764,0,0.12927216291427612,0.13881420493125915,0,0
donor_withdrawal,5466,V32P-A037783,0,0.46903079152107241,0.46744970679283143,0,0
donor_withdrawal,5467,V32P-A037784,0,0.45211031436920168,0.4524481177330017,0,0
donor_withdrawal,5468,V32P-A037785,0,0.3792619049549103,0.37981111407279966,0,0
donor_withdrawal,5469,V32P-A037786,0,0.28429962694644928,0.28628731071949004,0,0
donor_withdrawal,5470,V32P-A037787,0,0.22589854896068573,0.229275381565094,0,0
donor_withdrawal,5471,V32P-A037788,0,0.095718523859977728,0.10059874653816223,0,0
donor_withdrawal,5472,V32P-A037819,0,0.78786566257476809,0.78323831558227541,1,1
donor_withdrawal,5473,V32P-A037820,0,0.71836305856704707,0.71098097562789919,1,1
donor_withdrawal,5474,V32P-A037821,0,0.70508877038955686,0.701306676864624,1,1
donor_withdrawal,5475,V32P-A037822,0,0.65641190409660344,0.65373982191085811,1,1
donor_withdrawal,5476,V32P-A037823,0,0.67677011489868166,0.68391785621643064,1,1
donor_withdrawal,5477,V32P-A037824,0,0.061948467418551444,0.063097101077437406,0,0
donor_withdrawal,5478,V32P-A037873,1,0.64938895702362065,0.64164618253707884,1,1
donor_withdrawal,5479,V32P-A037874,1,0.60649781227111821,0.60202820301055904,0,0
donor_withdrawal,5480,V32P-A037875,1,0.48567879199981689,0.48504272699356077,0,0
donor_withdrawal,5481,V32P-A037876,0,0.072987669706344599,0.076377746462821958,0,0
donor_withdrawal,5482,V32P-A037877,0,0.055070943012833593,0.058084214106202126,0,0
donor_withdrawal,5483,V32P-A037878,0,0.023846232518553733,0.025310400128364562,0,0
donor_withdrawal,5484,V32P-A037951,0,0.83382419347763059,0.83356423377990718,1,1
donor_withdrawal,5485,V32P-A037952,0,0.70531780719757076,0.70354077816009519,1,1
donor_withdrawal,5486,V32P-A037953,0,0.65723321437835691,0.65558283329010014,1,1
donor_withdrawal,5487,V32P-A037954,0,0.62209247350692753,0.62023267745971677,1,1
donor_withdrawal,5488,V32P-A037955,0,0.61416305303573604,0.61329703330993657,0,0
donor_withdrawal,5489,V32P-A037956,0,0.29165233671665192,0.29526761174201965,0,0
donor_withdrawal,5490,V32P-A037987,1,0.5274528503417969,0.52148033380508418,0,0
donor_withdrawal,5491,V32P-A037988,1,0.50313135981559753,0.49823340773582458,0,0
donor_withdrawal,5492,V32P-A037989,1,0.51862728595733643,0.51935529708862305,0,0
donor_withdrawal,5493,V32P-A037990,0,0.071060154959559446,0.073960747942328459,0,0
donor_withdrawal,5494,V32P-A037991,0,0.05399500150233507,0.05655173230916262,0,0
donor_withdrawal,5495,V32P-A037992,0,0.023491090070456265,0.024910839553922415,0,0
donor_withdrawal,5496,V32P-A038017,0,0.76812589168548584,0.76946882009506223,1,1
donor_withdrawal,5497,V32P-A038018,0,0.66576881408691402,0.66988180875778203,1,1
donor_withdrawal,5498,V32P-A038019,0,0.72764035463333132,0.73012967109680171,1,1
donor_withdrawal,5499,V32P-A038020,0,0.68720413446426387,0.69325250387191772,1,1
donor_withdrawal,5500,V32P-A038021,0,0.64859616756439209,0.65813130140304565,1,1
donor_withdrawal,5501,V32P-A038022,0,0.43455938696861268,0.45207815766334536,0,0
donor_withdrawal,5502,V32P-A038089,0,0.85147733688354488,0.85246393680572508,1,1
donor_withdrawal,5503,V32P-A038090,0,0.65152949094772339,0.65593912005424504,1,1
donor_withdrawal,5504,V32P-A038091,0,0.6453756630420685,0.6438668549060822,1,1
donor_withdrawal,5505,V32P-A038092,0,0.65676432847976685,0.65463927984237669,1,1
donor_withdrawal,5506,V32P-A038093,0,0.51830372810363767,0.51559881567955013,0,0
donor_withdrawal,5507,V32P-A038094,0,0.054460071399807929,0.055878727883100512,0,0
donor_withdrawal,5508,V32P-A038185,0,0.77168303728103638,0.773042356967926,1,1
donor_withdrawal,5509,V32P-A038186,0,0.74771163463592527,0.7532830119132996,1,1
donor_withdrawal,5510,V32P-A038187,0,0.63234815597534177,0.63447787761688235,1,1
donor_withdrawal,5511,V32P-A038188,0,0.49938184618949888,0.50206114053726192,0,0
donor_withdrawal,5512,V32P-A038189,0,0.40939952731132506,0.41239792704582212,0,0
donor_withdrawal,5513,V32P-A038190,0,0.21987279951572419,0.2239745318889618,0,0
donor_withdrawal,5514,V32P-A038257,0,0.73309535980224605,0.73526226282119755,1,1
donor_withdrawal,5515,V32P-A038258,0,0.68739717006683354,0.68856117725372312,1,1
donor_withdrawal,5516,V32P-A038259,0,0.68749155998229983,0.6884854912757874,1,1
donor_withdrawal,5517,V32P-A038260,0,0.58240169286727905,0.58446980714797969,0,0
donor_withdrawal,5518,V32P-A038261,0,0.47085250020027158,0.47394912838935854,0,0
donor_withdrawal,5519,V32P-A038262,0,0.21907493174076081,0.22208669781684875,0,0
donor_withdrawal,5520,V32P-A038263,0,0.65085451602935795,0.6489049077033997,1,1
donor_withdrawal,5521,V32P-A038264,0,0.61873273849487309,0.61762218475341801,0,0
donor_withdrawal,5522,V32P-A038265,0,0.60055806636810305,0.60192745923995972,0,0
donor_withdrawal,5523,V32P-A038266,0,0.53373925685882573,0.53849923610687256,0,0
donor_withdrawal,5524,V32P-A038267,0,0.44976616501808164,0.4571364760398865,0,0
donor_withdrawal,5525,V32P-A038268,0,0.20386799275875092,0.21100954413414003,0,0
donor_withdrawal,5526,V32P-A038347,1,0.76107029914855961,0.75377528667449956,1,1
donor_withdrawal,5527,V32P-A038348,1,0.66449155807495119,0.65319881439208982,1,1
donor_withdrawal,5528,V32P-A038349,1,0.59142625331878662,0.57726157307624815,0,0
donor_withdrawal,5529,V32P-A038350,0,0.16216492801904678,0.15800786763429642,0,0
donor_withdrawal,5530,V32P-A038351,0,0.095043238252401352,0.094821942597627634,0,0
donor_withdrawal,5531,V32P-A038352,0,0.038881434313952926,0.039405970834195614,0,0
donor_withdrawal,5532,V32P-A038359,0,0.71942857503890989,0.71907243728637693,1,1
donor_withdrawal,5533,V32P-A038360,0,0.55483713150024416,0.55237721204757695,0,0
donor_withdrawal,5534,V32P-A038361,0,0.45338639616966248,0.44782257676124571,0,0
donor_withdrawal,5535,V32P-A038362,0,0.49364275932312013,0.489530885219574,0,0
donor_withdrawal,5536,V32P-A038363,0,0.44955209493637083,0.44599413871765137,0,0
donor_withdrawal,5537,V32P-A038364,0,0.16015509068965911,0.16188289821147919,0,0
donor_withdrawal,5538,V32P-A038365,0,0.62546448707580571,0.63056999444961548,1,1
donor_withdrawal,5539,V32P-A038366,0,0.56186978816986088,0.57019822597503667,0,0
donor_withdrawal,5540,V32P-A038367,0,0.54662712216377263,0.55837060809135441,0,0
donor_withdrawal,5541,V32P-A038368,0,0.49640060663223268,0.51221591234207153,0,0
donor_withdrawal,5542,V32P-A038369,0,0.40426966845989226,0.42112864553928375,0,0
donor_withdrawal,5543,V32P-A038370,0,0.1954682469367981,0.207125923037529,0,0
donor_withdrawal,5544,V32P-A038395,0,0.65217484235763545,0.6570024967193604,1,1
donor_withdrawal,5545,V32P-A038396,0,0.53509053587913513,0.54182749390602114,0,0
donor_withdrawal,5546,V32P-A038397,0,0.57335392832756038,0.58440013527870183,0,0
donor_withdrawal,5547,V32P-A038398,0,0.33325338363647461,0.33878874778747559,0,0
donor_withdrawal,5548,V32P-A038399,0,0.27210260331630709,0.27732963263988497,0,0
donor_withdrawal,5549,V32P-A038400,0,0.12202727645635605,0.12625052332878112,0,0
donor_withdrawal,5550,V32P-A038443,0,0.71727898120880129,0.71989467144012453,1,1
donor_withdrawal,5551,V32P-A038444,0,0.58674225807189939,0.5911489725112915,0,0
donor_withdrawal,5552,V32P-A038445,0,0.56351354122161867,0.568952488899231,0,0
donor_withdrawal,5553,V32P-A038446,0,0.46812092661857607,0.48038999438285829,0,0
donor_withdrawal,5554,V32P-A038447,0,0.39398191571235658,0.41002514362335207,0,0
donor_withdrawal,5555,V32P-A038448,0,0.17682670503854753,0.19308064430952071,0,0
donor_withdrawal,5556,V32P-A038509,0,0.48027894496917722,0.48135886192321775,0,0
donor_withdrawal,5557,V32P-A038510,0,0.476865816116333,0.47794697284698484,0,0
donor_withdrawal,5558,V32P-A038511,0,0.41498709321022031,0.41481913328170777,0,0
donor_withdrawal,5559,V32P-A038512,0,0.3417414128780365,0.34016550779342652,0,0
donor_withdrawal,5560,V32P-A038513,0,0.26840144991874693,0.26647172868251801,0,0
donor_withdrawal,5561,V32P-A038514,0,0.12247320413589477,0.12284912317991256,0,0
donor_withdrawal,5562,V32P-A038599,0,0.70778779983520512,0.7128929972648621,1,1
donor_withdrawal,5563,V32P-A038600,0,0.56666833162307739,0.58061060905456541,0,0
donor_withdrawal,5564,V32P-A038601,0,0.60594439506530762,0.61491327285766606,0,0
donor_withdrawal,5565,V32P-A038602,0,0.56662368178367617,0.57635477185249329,0,0
donor_withdrawal,5566,V32P-A038603,0,0.51067873239517214,0.52283686399459839,0,0
donor_withdrawal,5567,V32P-A038604,0,0.29824281334877012,0.31686214804649354,0,0
donor_withdrawal,5568,V32P-A038605,0,0.51895811557769778,0.52056607007980349,0,0
donor_withdrawal,5569,V32P-A038606,0,0.4130832076072693,0.42499605417251585,0,0
donor_withdrawal,5570,V32P-A038607,0,0.47956294417381284,0.48302599787712097,0,0
donor_withdrawal,5571,V32P-A038608,0,0.4284697651863098,0.43270714282989503,0,0
donor_withdrawal,5572,V32P-A038609,0,0.33493947982788086,0.34145634770393374,0,0
donor_withdrawal,5573,V32P-A038610,0,0.15279570072889329,0.16088495999574662,0,0
donor_withdrawal,5574,V32P-A038623,1,0.52036606669425967,0.51834841370582585,0,0
donor_withdrawal,5575,V32P-A038624,1,0.517040079832077,0.52051692605018618,0,0
donor_withdrawal,5576,V32P-A038625,1,0.4802352011203766,0.48676450848579406,0,0
donor_withdrawal,5577,V32P-A038626,0,0.067532455921173101,0.072060319781303409,0,0
donor_withdrawal,5578,V32P-A038627,0,0.049802432954311374,0.053803770989179614,0,0
donor_withdrawal,5579,V32P-A038628,0,0.022388826310634612,0.024576427787542342,0,0
donor_withdrawal,5580,V32P-A038653,0,0.6782761812210083,0.67345424890518191,1,1
donor_withdrawal,5581,V32P-A038654,0,0.52709269523620605,0.51527749896049502,0,0
donor_withdrawal,5582,V32P-A038655,0,0.64907670021057129,0.64406689405441286,1,1
donor_withdrawal,5583,V32P-A038656,0,0.54334955811500552,0.52957603335380554,0,0
donor_withdrawal,5584,V32P-A038657,1,0.39698896408081052,0.38340931534767153,0,0
donor_withdrawal,5585,V32P-A038658,0,0.032439430989325044,0.032974964566528799,0,0
donor_withdrawal,5586,V32P-A038671,0,0.71120300292968752,0.714028000831604,1,1
donor_withdrawal,5587,V32P-A038672,0,0.76037292480468754,0.76292052268981936,1,1
donor_withdrawal,5588,V32P-A038673,0,0.74923831224441528,0.75225179195404057,1,1
donor_withdrawal,5589,V32P-A038674,0,0.77775070667266843,0.77973127365112305,1,1
donor_withdrawal,5590,V32P-A038675,1,0.78556662797927856,0.78876900672912598,1,1
donor_withdrawal,5591,V32P-A038676,0,0.094763074070215225,0.097525112330913544,0,0
donor_withdrawal,5592,V32P-A038713,1,0.8078301787376404,0.80610510110855105,1,1
donor_withdrawal,5593,V32P-A038714,1,0.6926257729530334,0.69714217185974126,1,1
donor_withdrawal,5594,V32P-A038715,1,0.66778956651687627,0.6675852298736572,1,1
donor_withdrawal,5595,V32P-A038716,0,0.10674748420715333,0.10985756516456605,0,0
donor_withdrawal,5596,V32P-A038717,0,0.074224830418825147,0.076580830663442609,0,0
donor_withdrawal,5597,V32P-A038718,0,0.032091602869331839,0.03332902789115906,0,0
donor_withdrawal,5598,V32P-A038773,0,0.76010138988494869,0.75917967557907107,1,1
donor_withdrawal,5599,V32P-A038774,0,0.63036434650421147,0.63580833673477177,1,1
donor_withdrawal,5600,V32P-A038775,0,0.55458269119262693,0.56338503360748293,0,0
donor_withdrawal,5601,V32P-A038776,0,0.46540040969848634,0.47789437770843507,0,0
donor_withdrawal,5602,V32P-A038777,0,0.43438957333564759,0.44630671739578248,0,0
donor_withdrawal,5603,V32P-A038778,0,0.1564703956246376,0.16533020287752151,0,0
donor_withdrawal,5604,V32P-A038779,0,0.62792986631393433,0.61449200510978697,1,0
donor_withdrawal,5605,V32P-A038780,0,0.70710557699203491,0.69553570747375493,1,1
donor_withdrawal,5606,V32P-A038781,0,0.73350744247436528,0.72231458425521855,1,1
donor_withdrawal,5607,V32P-A038782,0,0.69978717565536497,0.68632937669754024,1,1
donor_withdrawal,5608,V32P-A038783,1,0.68213416337966915,0.66884678602218628,1,1
donor_withdrawal,5609,V32P-A038784,0,0.13040223643183707,0.13114883080124856,0,0
donor_withdrawal,5610,V32P-A038911,1,0.78195731639862065,0.77547347545623779,1,1
donor_withdrawal,5611,V32P-A038912,1,0.70463377237319946,0.69434987306594853,1,1
donor_withdrawal,5612,V32P-A038913,0,0.21609964966773987,0.21662690341472626,0,0
donor_withdrawal,5613,V32P-A038914,0,0.16134444177150725,0.16224458515644075,0,0
donor_withdrawal,5614,V32P-A038915,0,0.11579515561461448,0.11675423234701157,0,0
donor_withdrawal,5615,V32P-A038916,0,0.047824269346892836,0.048584532178938392,0,0
donor_withdrawal,5616,V32P-A038941,0,0.60898139476776125,0.61093922853469851,0,0
donor_withdrawal,5617,V32P-A038942,0,0.48159729242324828,0.48413664102554321,0,0
donor_withdrawal,5618,V32P-A038943,0,0.40847499370574952,0.42140933275222781,0,0
donor_withdrawal,5619,V32P-A038944,0,0.41713316440582277,0.42488072514533998,0,0
donor_withdrawal,5620,V32P-A038945,0,0.38983620703220367,0.40047783553600313,0,0
donor_withdrawal,5621,V32P-A038946,0,0.16564850509166718,0.1747536540031433,0,0
donor_withdrawal,5622,V32P-A039013,1,0.72088454961776738,0.72379945516586308,1,1
donor_withdrawal,5623,V32P-A039014,1,0.64331072568893433,0.64601831436157231,1,1
donor_withdrawal,5624,V32P-A039015,1,0.58436343669891355,0.59023030996322634,0,0
donor_withdrawal,5625,V32P-A039016,0,0.1354980781674385,0.14093592911958694,0,0
donor_withdrawal,5626,V32P-A039017,0,0.088254971057176584,0.091367527097463611,0,0
donor_withdrawal,5627,V32P-A039018,0,0.03618247527629137,0.037706310115754607,0,0
donor_withdrawal,5628,V32P-A039031,0,0.62743915319442745,0.62916020154953001,1,1
donor_withdrawal,5629,V32P-A039032,0,0.53087922930717468,0.53265290856361391,0,0
donor_withdrawal,5630,V32P-A039033,0,0.47263930439949037,0.47381160259246824,0,0
donor_withdrawal,5631,V32P-A039034,0,0.45471006035804751,0.45678738951683046,0,0
donor_withdrawal,5632,V32P-A039035,1,0.34259103536605834,0.34472595453262328,0,0
donor_withdrawal,5633,V32P-A039036,0,0.030740574281662703,0.032271116506308317,0,0
donor_withdrawal,5634,V32P-A039061,0,0.54142301678657534,0.54224632382392879,0,0
donor_withdrawal,5635,V32P-A039062,0,0.33762755095958707,0.34389655888080595,0,0
donor_withdrawal,5636,V32P-A039063,0,0.35410364270210265,0.35961642861366272,0,0
donor_withdrawal,5637,V32P-A039064,0,0.26316921412944794,0.26987927258014677,0,0
donor_withdrawal,5638,V32P-A039065,0,0.19427368342876433,0.20377205908298493,0,0
donor_withdrawal,5639,V32P-A039066,0,0.080104118585586553,0.088244268298149103,0,0
donor_withdrawal,5640,V32P-A039121,0,0.79942260980606084,0.80102924108505247,1,1
donor_withdrawal,5641,V32P-A039122,0,0.68402776718139646,0.68696660995483394,1,1
donor_withdrawal,5642,V32P-A039123,0,0.60152232646942139,0.60437097549438479,0,0
donor_withdrawal,5643,V32P-A039124,0,0.62642722129821782,0.62821280956268311,1,1
donor_withdrawal,5644,V32P-A039125,0,0.49502338767051696,0.4958422124385834,0,0
donor_withdrawal,5645,V32P-A039126,0,0.29209908843040466,0.2951050937175751,0,0
donor_withdrawal,5646,V32P-A039175,0,0.69695540666580202,0.69629319906234743,1,1
donor_withdrawal,5647,V32P-A039176,0,0.56519303321838377,0.56483215093612671,0,0
donor_withdrawal,5648,V32P-A039177,0,0.48773183226585387,0.48782554268836975,0,0
donor_withdrawal,5649,V32P-A039178,0,0.39611582756042479,0.3975586175918579,0,0
donor_withdrawal,5650,V32P-A039179,0,0.37818339467048645,0.38009318709373474,0,0
donor_withdrawal,5651,V32P-A039180,0,0.10851880013942719,0.11412703394889831,0,0
donor_withdrawal,5652,V32P-A039199,0,0.77133990526199336,0.76556686162948606,1,1
donor_withdrawal,5653,V32P-A039200,0,0.66799645423889165,0.65806939601898196,1,1
donor_withdrawal,5654,V32P-A039201,0,0.58657478094100957,0.57333490848541258,0,0
donor_withdrawal,5655,V32P-A039202,0,0.52420290112495427,0.5134227514266968,0,0
donor_withdrawal,5656,V32P-A039203,0,0.49529772996902466,0.48479009866714479,0,0
donor_withdrawal,5657,V32P-A039204,0,0.19499023407697677,0.1931837797164917,0,0
donor_withdrawal,5658,V32P-A039229,0,0.66203880310058594,0.66402134895324705,1,1
donor_withdrawal,5659,V32P-A039230,0,0.64315664768218994,0.64569236040115352,1,1
donor_withdrawal,5660,V32P-A039231,0,0.55772179961204527,0.56136326193809505,0,0
donor_withdrawal,5661,V32P-A039232,0,0.57106860876083376,0.57676979303359988,0,0
donor_withdrawal,5662,V32P-A039233,1,0.47456057071685792,0.48764442801475527,0,0
donor_withdrawal,5663,V32P-A039234,0,0.031757873296737668,0.033927858993411067,0,0
donor_withdrawal,5664,V32P-A039259,0,0.69186820983886721,0.68665797710418697,1,1
donor_withdrawal,5665,V32P-A039260,0,0.67300384044647221,0.66940107345581057,1,1
donor_withdrawal,5666,V32P-A039261,0,0.61059581041336064,0.60900880098342891,0,0
donor_withdrawal,5667,V32P-A039262,0,0.53350099921226501,0.53382428288459782,0,0
donor_withdrawal,5668,V32P-A039263,0,0.4603188097476959,0.46681607961654664,0,0
donor_withdrawal,5669,V32P-A039264,0,0.19138159453868867,0.1988798975944519,0,0
donor_withdrawal,5670,V32P-A039337,0,0.60754559636116023,0.6060447514057159,0,0
donor_withdrawal,5671,V32P-A039338,0,0.42235792279243467,0.42083713412284851,0,0
donor_withdrawal,5672,V32P-A039339,0,0.39414995312690737,0.3931015908718109,0,0
donor_withdrawal,5673,V32P-A039340,0,0.43900474905967712,0.43890514969825745,0,0
donor_withdrawal,5674,V32P-A039341,0,0.39185212254524232,0.39579426646232607,0,0
donor_withdrawal,5675,V32P-A039342,0,0.18997824341058731,0.202166648209095,0,0
donor_withdrawal,5676,V32P-A039355,0,0.59837155342102055,0.59898492097854616,0,0
donor_withdrawal,5677,V32P-A039356,0,0.58291008472442629,0.58533915281295779,0,0
donor_withdrawal,5678,V32P-A039357,0,0.45952654480934141,0.47527099251747129,0,0
donor_withdrawal,5679,V32P-A039358,0,0.42078810632228852,0.43029963076114652,0,0
donor_withdrawal,5680,V32P-A039359,0,0.31249875128269194,0.32506869137287142,0,0
donor_withdrawal,5681,V32P-A039360,0,0.13161848336458207,0.14033773988485337,0,0
donor_withdrawal,5682,V32P-A039409,0,0.51445668935775757,0.50709691047668459,0,0
donor_withdrawal,5683,V32P-A039410,0,0.5916231751441956,0.59364597797393803,0,0
donor_withdrawal,5684,V32P-A039411,0,0.64953961372375491,0.65411230325698855,1,1
donor_withdrawal,5685,V32P-A039412,1,0.61343593001365659,0.62374539971351628,0,1
donor_withdrawal,5686,V32P-A039413,0,0.084308607876300817,0.090737435966730118,0,0
donor_withdrawal,5687,V32P-A039414,0,0.04274859391152859,0.04536597803235054,0,0
donor_withdrawal,5688,V32P-A039463,0,0.73255257606506352,0.73004392385482786,1,1
donor_withdrawal,5689,V32P-A039464,0,0.68713915348052979,0.68344339132308962,1,1
donor_withdrawal,5690,V32P-A039465,0,0.60408092737197872,0.59938670396804805,0,0
donor_withdrawal,5691,V32P-A039466,0,0.51970211863517757,0.51450509428977964,0,0
donor_withdrawal,5692,V32P-A039467,1,0.43064083456993102,0.42577799558639529,0,0
donor_withdrawal,5693,V32P-A039468,0,0.03121773023158312,0.032039161026477816,0,0
donor_withdrawal,5694,V32P-A039541,0,0.82736785411834712,0.82814127206802368,1,1
donor_withdrawal,5695,V32P-A039542,0,0.70079314708709717,0.70100975036621094,1,1
donor_withdrawal,5696,V32P-A039543,0,0.71716914176940916,0.72458957433700566,1,1
donor_withdrawal,5697,V32P-A039544,0,0.606449818611145,0.60609605312347414,0,0
donor_withdrawal,5698,V32P-A039545,0,0.54200112223625185,0.54293742775917053,0,0
donor_withdrawal,5699,V32P-A039546,0,0.27549015581607816,0.27737556695938109,0,0
donor_withdrawal,5700,V32P-A039565,0,0.44852098822593689,0.43280546069145204,0,0
donor_withdrawal,5701,V32P-A039566,0,0.43087359666824343,0.41815775632858276,0,0
donor_withdrawal,5702,V32P-A039567,0,0.39441998600959777,0.3833402693271637,0,0
donor_withdrawal,5703,V32P-A039568,0,0.3508866846561432,0.34059129953384398,0,0
donor_withdrawal,5704,V32P-A039569,0,0.28805918991565704,0.27748120129108428,0,0
donor_withdrawal,5705,V32P-A039570,0,0.1415746182203293,0.13862239122390746,0,0
donor_withdrawal,5706,V32P-A039577,0,0.74618172645568848,0.74642658233642578,1,1
donor_withdrawal,5707,V32P-A039578,0,0.64652353525161743,0.64682222604751582,1,1
donor_withdrawal,5708,V32P-A039579,0,0.56580845117568968,0.56629294157028198,0,0
donor_withdrawal,5709,V32P-A039580,0,0.44925150275230408,0.4512068569660187,0,0
donor_withdrawal,5710,V32P-A039581,0,0.35844785571098325,0.36200050115585325,0,0
donor_withdrawal,5711,V32P-A039582,0,0.14609714746475219,0.15035938322544098,0,0
donor_withdrawal,5712,V32P-A039583,0,0.7004962205886841,0.70039923191070552,1,1
donor_withdrawal,5713,V32P-A039584,0,0.46392074823379514,0.47226173877716066,0,0
donor_withdrawal,5714,V32P-A039585,0,0.4884496867656708,0.48916098475456238,0,0
donor_withdrawal,5715,V32P-A039586,0,0.3702275216579437,0.3704995274543762,0,0
donor_withdrawal,5716,V32P-A039587,0,0.28825641274452207,0.28883011937141417,0,0
donor_withdrawal,5717,V32P-A039588,0,0.12032661586999893,0.12242574095726014,0,0
donor_withdrawal,5718,V32P-A039601,0,0.58994038105010982,0.59353276491165163,0,0
donor_withdrawal,5719,V32P-A039602,0,0.47760379314422607,0.48139286041259766,0,0
donor_withdrawal,5720,V32P-A039603,0,0.44809724688529967,0.45378091335296633,0,0
donor_withdrawal,5721,V32P-A039604,0,0.35251007080078123,0.3605403184890747,0,0
donor_withdrawal,5722,V32P-A039605,0,0.26838153004646303,0.28007720112800599,0,0
donor_withdrawal,5723,V32P-A039606,0,0.11303971856832504,0.11963788866996765,0,0
donor_withdrawal,5724,V32P-A039661,0,0.63770920038223267,0.63758970499038692,1,1
donor_withdrawal,5725,V32P-A039662,0,0.58255468606948857,0.58043298721313474,0,0
donor_withdrawal,5726,V32P-A039663,0,0.52216082811355591,0.51777321696281431,0,0
donor_withdrawal,5727,V32P-A039664,1,0.43535148501396181,0.42820622920989992,0,0
donor_withdrawal,5728,V32P-A039665,0,0.081428741291165355,0.0824584785848856,0,0
donor_withdrawal,5729,V32P-A039666,0,0.038872447796165943,0.039507065340876578,0,0
donor_withdrawal,5730,V32P-A039679,0,0.63639761209487911,0.63293739557266238,1,1
donor_withdrawal,5731,V32P-A039680,0,0.54072811007499699,0.53451514840126035,0,0
donor_withdrawal,5732,V32P-A039681,0,0.4773113250732422,0.4685019075870514,0,0
donor_withdrawal,5733,V32P-A039682,0,0.37744789123535155,0.37011332511901857,0,0
donor_withdrawal,5734,V32P-A039683,0,0.30571393370628358,0.2993501663208008,0,0
donor_withdrawal,5735,V32P-A039684,0,0.12397372275590897,0.12460122406482696,0,0
donor_withdrawal,5736,V32P-A039703,0,0.73641582727432253,0.73795968294143677,1,1
donor_withdrawal,5737,V32P-A039704,0,0.67080551385879517,0.67307581901550295,1,1
donor_withdrawal,5738,V32P-A039705,0,0.61092070341110227,0.62316405773162842,0,1
donor_withdrawal,5739,V32P-A039706,0,0.56571240425109859,0.57735811471939091,0,0
donor_withdrawal,5740,V32P-A039707,0,0.46897376775741578,0.48659990429878236,0,0
donor_withdrawal,5741,V32P-A039708,0,0.22384865283966066,0.23756535053253175,0,0
donor_withdrawal,5742,V32P-A039739,0,0.67333741188049312,0.66959189176559453,1,1
donor_withdrawal,5743,V32P-A039740,0,0.6744255900382996,0.67000871896743774,1,1
donor_withdrawal,5744,V32P-A039741,0,0.69491788148880007,0.69004533290863035,1,1
donor_withdrawal,5745,V32P-A039742,0,0.63890846967697146,0.63402212858200069,1,1
donor_withdrawal,5746,V32P-A039743,0,0.58989414572715759,0.58684255480766301,0,0
donor_withdrawal,5747,V32P-A039744,0,0.36038191616535187,0.36377106010913851,0,0
donor_withdrawal,5748,V32P-A039769,0,0.69074536561965938,0.69098259210586543,1,1
donor_withdrawal,5749,V32P-A039770,0,0.64743063449859617,0.65084702968597408,1,1
donor_withdrawal,5750,V32P-A039771,0,0.61309676170349126,0.62288212776184082,0,1
donor_withdrawal,5751,V32P-A039772,0,0.56628900170326235,0.57507128119468687,0,0
donor_withdrawal,5752,V32P-A039773,0,0.4948743522167206,0.50577064156532292,0,0
donor_withdrawal,5753,V32P-A039774,0,0.22792111635208129,0.23858070671558379,0,0
donor_withdrawal,5754,V32P-A039811,0,0.54007767438888554,0.5303509116172791,0,0
donor_withdrawal,5755,V32P-A039812,0,0.5323259770870209,0.52405696511268618,0,0
donor_withdrawal,5756,V32P-A039813,0,0.49389904141426089,0.48954468965530396,0,0
donor_withdrawal,5757,V32P-A039814,1,0.55724681019783018,0.55703384280204771,0,0
donor_withdrawal,5758,V32P-A039815,0,0.058826009556651113,0.060528348013758657,0,0
donor_withdrawal,5759,V32P-A039816,0,0.024902808852493762,0.026063391380012034,0,0
donor_withdrawal,5760,V32P-A039841,0,0.59548090696334843,0.6049364328384399,0,0
donor_withdrawal,5761,V32P-A039842,0,0.48282608389854431,0.49177044034004214,0,0
donor_withdrawal,5762,V32P-A039843,0,0.44601469039916991,0.45827124714851381,0,0
donor_withdrawal,5763,V32P-A039844,0,0.37724593877792356,0.39415564537048342,0,0
donor_withdrawal,5764,V32P-A039845,0,0.29939340054988861,0.31688832938671113,0,0
donor_withdrawal,5765,V32P-A039846,0,0.14018624275922775,0.15095036327838898,0,0
donor_withdrawal,5766,V32P-A039859,0,0.40178654789924623,0.39930992126464843,0,0
donor_withdrawal,5767,V32P-A039860,0,0.41113063097000124,0.41019328236579894,0,0
donor_withdrawal,5768,V32P-A039861,0,0.38640294075012205,0.38887805938720704,0,0
donor_withdrawal,5769,V32P-A039862,0,0.32781905531883238,0.33249094486236574,0,0
donor_withdrawal,5770,V32P-A039863,0,0.25928516089916231,0.26643991768360137,0,0
donor_withdrawal,5771,V32P-A039864,0,0.11287540197372437,0.11845831871032715,0,0
donor_withdrawal,5772,V32P-A039877,0,0.78797075748443601,0.78090147972106938,1,1
donor_withdrawal,5773,V32P-A039878,0,0.68811513185501094,0.6786034941673279,1,1
donor_withdrawal,5774,V32P-A039879,0,0.62340192794799809,0.6122038841247559,1,0
donor_withdrawal,5775,V32P-A039880,0,0.57490290999412541,0.56402209401130676,0,0
donor_withdrawal,5776,V32P-A039881,0,0.54053118228912356,0.53030841350555424,0,0
donor_withdrawal,5777,V32P-A039882,0,0.28211267292499542,0.27828305065631864,0,0
donor_withdrawal,5778,V32P-A039895,0,0.49178498387336733,0.48368714451789857,0,0
donor_withdrawal,5779,V32P-A039896,0,0.56099409461021421,0.55673490166664119,0,0
donor_withdrawal,5780,V32P-A039897,0,0.54504035711288457,0.54167335033416752,0,0
donor_withdrawal,5781,V32P-A039898,0,0.48214573860168458,0.48071064949035647,0,0
donor_withdrawal,5782,V32P-A039899,0,0.37189561724662779,0.37190197706222533,0,0
donor_withdrawal,5783,V32P-A039900,0,0.16299780458211899,0.16781527251005174,0,0
donor_withdrawal,5784,V32P-A039901,0,0.34271445870399475,0.33288853764533999,0,0
donor_withdrawal,5785,V32P-A039902,0,0.34270785450935365,0.33254856467247007,0,0
donor_withdrawal,5786,V32P-A039903,0,0.36892487406730651,0.35764046907424929,0,0
donor_withdrawal,5787,V32P-A039904,0,0.2858177125453949,0.27577479481697081,0,0
donor_withdrawal,5788,V32P-A039905,0,0.20357727259397507,0.20113819092512131,0,0
donor_withdrawal,5789,V32P-A039906,0,0.10885556191205978,0.10789958685636521,0,0
donor_withdrawal,5790,V32P-A039907,0,0.7299371480941772,0.72766498327255247,1,1
donor_withdrawal,5791,V32P-A039908,0,0.60316407680511475,0.60122328996658325,0,0
donor_withdrawal,5792,V32P-A039909,0,0.53444828987121584,0.53190416693687437,0,0
donor_withdrawal,5793,V32P-A039910,0,0.52512845396995544,0.52205449938774107,0,0
donor_withdrawal,5794,V32P-A039911,0,0.35391834974288938,0.35165594816207885,0,0
donor_withdrawal,5795,V32P-A039912,0,0.1536061868071556,0.15463735014200211,0,0
donor_withdrawal,5796,V32P-A039931,0,0.36740549504756925,0.36120329797267914,0,0
donor_withdrawal,5797,V32P-A039932,0,0.46107062697410583,0.45742679238319395,0,0
donor_withdrawal,5798,V32P-A039933,0,0.4303189992904663,0.42506628036499022,0,0
donor_withdrawal,5799,V32P-A039934,0,0.36314699649810789,0.35735538601875305,0,0
donor_withdrawal,5800,V32P-A039935,1,0.28634962439537048,0.2807250738143921,0,0
donor_withdrawal,5801,V32P-A039936,0,0.02201482029631734,0.024495663959532975,0,0
donor_withdrawal,5802,V32P-A040003,0,0.46571407914161683,0.47007074952125549,0,0
donor_withdrawal,5803,V32P-A040004,0,0.54327131509780879,0.54894299507141109,0,0
donor_withdrawal,5804,V32P-A040005,0,0.52092108130455017,0.52976192831993107,0,0
donor_withdrawal,5805,V32P-A040006,0,0.42626070976257324,0.44288949370384217,0,0
donor_withdrawal,5806,V32P-A040007,0,0.33662193119525907,0.3575341612100601,0,0
donor_withdrawal,5807,V32P-A040008,0,0.14490453302860259,0.16012727469205856,0,0
donor_withdrawal,5808,V32P-A040099,0,0.46166005134582522,0.44798775315284728,0,0
donor_withdrawal,5809,V32P-A040100,0,0.48432323336601257,0.47343939542770386,0,0
donor_withdrawal,5810,V32P-A040101,0,0.37891678810119628,0.37177798748016355,0,0
donor_withdrawal,5811,V32P-A040102,0,0.31567249298095701,0.31101218461990354,0,0
donor_withdrawal,5812,V32P-A040103,0,0.25027377009391782,0.247738316655159,0,0
donor_withdrawal,5813,V32P-A040104,0,0.11516799479722976,0.11726507097482682,0,0
donor_withdrawal,5814,V32P-A040129,0,0.63545490503311153,0.63539664745330815,1,1
donor_withdrawal,5815,V32P-A040130,0,0.60457489490509031,0.60517064332962034,0,0
donor_withdrawal,5816,V32P-A040131,0,0.64649463891983028,0.64646186828613283,1,1
donor_withdrawal,5817,V32P-A040132,0,0.63009055852890017,0.63064064979553225,1,1
donor_withdrawal,5818,V32P-A040133,0,0.55304607152938845,0.55737539529800417,0,0
donor_withdrawal,5819,V32P-A040134,0,0.28976891338825228,0.30038307011127474,0,0
donor_withdrawal,5820,V32P-A040165,0,0.79409649372100832,0.78994766473770139,1,1
donor_withdrawal,5821,V32P-A040166,0,0.67533249855041499,0.67765576839447017,1,1
donor_withdrawal,5822,V32P-A040167,0,0.64624799489974971,0.63993310928344727,1,1
donor_withdrawal,5823,V32P-A040168,0,0.57836261987686155,0.56985175609588623,0,0
donor_withdrawal,5824,V32P-A040169,1,0.48950709700584411,0.47998910546302798,0,0
donor_withdrawal,5825,V32P-A040170,0,0.03956849109381437,0.040567159466445443,0,0
donor_withdrawal,5826,V32P-A040183,0,0.66880033016204832,0.67078652381896975,1,1
donor_withdrawal,5827,V32P-A040184,0,0.69295768737792973,0.69863127470016484,1,1
donor_withdrawal,5828,V32P-A040185,0,0.53712963461875918,0.53562262058258059,0,0
donor_withdrawal,5829,V32P-A040186,0,0.44185684919357299,0.43857795000076294,0,0
donor_withdrawal,5830,V32P-A040187,1,0.38589692711830137,0.38405359387397764,0,0
donor_withdrawal,5831,V32P-A040188,0,0.034771048557013275,0.035717753600329159,0,0
donor_withdrawal,5832,V32P-A040195,0,0.73561824560165401,0.73092284202575686,1,1
donor_withdrawal,5833,V32P-A040196,0,0.65238031148910525,0.64583429098129275,1,1
donor_withdrawal,5834,V32P-A040197,0,0.56264530420303349,0.55334063172340398,0,0
donor_withdrawal,5835,V32P-A040198,0,0.5137922465801239,0.50104121565818782,0,0
donor_withdrawal,5836,V32P-A040199,0,0.40493795275688171,0.40285481214523317,0,0
donor_withdrawal,5837,V32P-A040200,0,0.20989688038825988,0.20719020962715148,0,0
donor_withdrawal,5838,V32P-A040231,0,0.68511579036712644,0.68136084079742432,1,1
donor_withdrawal,5839,V32P-A040232,0,0.52760657668113708,0.52564285397529598,0,0
donor_withdrawal,5840,V32P-A040233,0,0.42743557393550874,0.4239656299352646,0,0
donor_withdrawal,5841,V32P-A040234,0,0.35167107582092283,0.3497187912464142,0,0
donor_withdrawal,5842,V32P-A040235,0,0.31802610754966737,0.31746028065681459,0,0
donor_withdrawal,5843,V32P-A040236,0,0.14080874919891356,0.144028639793396,0,0
donor_withdrawal,5844,V32P-A040237,0,0.3560226082801819,0.35008632540702822,0,0
donor_withdrawal,5845,V32P-A040238,0,0.3940001964569092,0.38863112926483157,0,0
donor_withdrawal,5846,V32P-A040239,0,0.39724559187889097,0.39302711486816405,0,0
donor_withdrawal,5847,V32P-A040240,0,0.38469043374061584,0.38052453398704528,0,0
donor_withdrawal,5848,V32P-A040241,1,0.30493403971195221,0.30446735918521883,0,0
donor_withdrawal,5849,V32P-A040242,0,0.024587693437933923,0.026712472736835479,0,0
donor_withdrawal,5850,V32P-A040255,0,0.40096750259399416,0.39451001882553099,0,0
donor_withdrawal,5851,V32P-A040256,0,0.41663011908531189,0.41097423434257507,0,0
donor_withdrawal,5852,V32P-A040257,0,0.40305314064025877,0.39896135926246645,0,0
donor_withdrawal,5853,V32P-A040258,0,0.34507706165313723,0.34439316391944885,0,0
donor_withdrawal,5854,V32P-A040259,0,0.27054929435253144,0.27300511300563812,0,0
donor_withdrawal,5855,V32P-A040260,0,0.12180451154708863,0.12565245777368544,0,0
donor_withdrawal,5856,V32P-A040297,0,0.65034853219985966,0.64426517486572266,1,1
donor_withdrawal,5857,V32P-A040298,0,0.43872715234756471,0.43250877857208253,0,0
donor_withdrawal,5858,V32P-A040299,0,0.32877230346202851,0.32343652546405793,0,0
donor_withdrawal,5859,V32P-A040300,0,0.24626098573207855,0.24058034121990204,0,0
donor_withdrawal,5860,V32P-A040301,0,0.23354289233684539,0.22851678431034089,0,0
donor_withdrawal,5861,V32P-A040302,0,0.094552960991859433,0.094793649017810816,0,0
donor_withdrawal,5862,V32P-A040315,1,0.76487119197845455,0.76830413341522219,1,1
donor_withdrawal,5863,V32P-A040316,1,0.77773908376693723,0.78451792001724241,1,1
donor_withdrawal,5864,V32P-A040317,1,0.58862431645393376,0.59413278102874756,0,0
donor_withdrawal,5865,V32P-A040318,0,0.161599949747324,0.1648308016359806,0,0
donor_withdrawal,5866,V32P-A040319,0,0.12463989481329918,0.12720086127519609,0,0
donor_withdrawal,5867,V32P-A040320,0,0.061077900044620034,0.062361092492938044,0,0
donor_withdrawal,5868,V32P-A040375,0,0.48718263506889342,0.48530240654945372,0,0
donor_withdrawal,5869,V32P-A040376,0,0.58375977873802187,0.58578981757164006,0,0
donor_withdrawal,5870,V32P-A040377,0,0.53325057625770567,0.53662521243095396,0,0
donor_withdrawal,5871,V32P-A040378,0,0.46488137841224669,0.47132554054260256,0,0
donor_withdrawal,5872,V32P-A040379,0,0.37566867470741272,0.38413701653480531,0,0
donor_withdrawal,5873,V32P-A040380,0,0.026248754374682902,0.028269793093204498,0,0
donor_withdrawal,5874,V32P-A040387,0,0.3970491111278534,0.38424230217933653,0,0
donor_withdrawal,5875,V32P-A040388,0,0.45816103816032411,0.44793490767478944,0,0
donor_withdrawal,5876,V32P-A040389,0,0.437365198135376,0.42753347754478455,0,0
donor_withdrawal,5877,V32P-A040390,0,0.38611181974411013,0.37586014866828921,0,0
donor_withdrawal,5878,V32P-A040391,0,0.32251420319080354,0.31316832602024081,0,0
donor_withdrawal,5879,V32P-A040392,0,0.15987493544816972,0.15726959854364395,0,0
donor_withdrawal,5880,V32P-A040477,0,0.48894842267036437,0.48692900538444517,0,0
donor_withdrawal,5881,V32P-A040478,0,0.53071419596672054,0.5300298869609833,0,0
donor_withdrawal,5882,V32P-A040479,0,0.51553145051002502,0.51517848372459407,0,0
donor_withdrawal,5883,V32P-A040480,0,0.4458304286003113,0.44502230882644656,0,0
donor_withdrawal,5884,V32P-A040481,0,0.38391586542129519,0.3829977810382843,0,0
donor_withdrawal,5885,V32P-A040482,0,0.19522427171468734,0.19802231937646866,0,0
donor_withdrawal,5886,V32P-A040525,1,0.6923963308334351,0.69410195350646975,1,1
donor_withdrawal,5887,V32P-A040526,1,0.62675659656524663,0.62665754556655884,1,1
donor_withdrawal,5888,V32P-A040527,1,0.55041169524192812,0.55124453902244563,0,0
donor_withdrawal,5889,V32P-A040528,0,0.081259343400597567,0.083629090711474424,0,0
donor_withdrawal,5890,V32P-A040529,0,0.059938776865601541,0.061948300525546077,0,0
donor_withdrawal,5891,V32P-A040530,0,0.026604995317757129,0.027677204459905624,0,0
donor_withdrawal,5892,V32P-A040597,0,0.70773599147796629,0.69985935688018797,1,1
donor_withdrawal,5893,V32P-A040598,0,0.71517181396484375,0.71299191713333132,1,1
donor_withdrawal,5894,V32P-A040599,0,0.66282742023468022,0.65750901699066167,1,1
donor_withdrawal,5895,V32P-A040600,0,0.57449979782104488,0.57092763185501094,0,0
donor_withdrawal,5896,V32P-A040601,0,0.48605117201805115,0.48594943881034852,0,0
donor_withdrawal,5897,V32P-A040602,0,0.23707042336463929,0.24164869487285615,0,0
donor_withdrawal,5898,V32P-A040609,0,0.33948612809181211,0.3327720105648041,0,0
donor_withdrawal,5899,V32P-A040610,0,0.32470022737979887,0.31819246709346771,0,0
donor_withdrawal,5900,V32P-A040611,0,0.28458017110824585,0.27827238440513613,0,0
donor_withdrawal,5901,V32P-A040612,0,0.23067457526922225,0.22587883323431016,0,0
donor_withdrawal,5902,V32P-A040613,0,0.17941089123487472,0.17620937973260881,0,0
donor_withdrawal,5903,V32P-A040614,0,0.084677686542272562,0.084275666624307632,0,0
donor_withdrawal,5904,V32P-A040711,1,0.54352076649665837,0.53628869652748112,0,0
donor_withdrawal,5905,V32P-A040712,1,0.51513925194740295,0.5110895454883575,0,0
donor_withdrawal,5906,V32P-A040713,0,0.083987171202898031,0.084064420312643051,0,0
donor_withdrawal,5907,V32P-A040714,0,0.073696346394717699,0.07467147391289472,0,0
donor_withdrawal,5908,V32P-A040715,0,0.052082171477377412,0.053420243598520753,0,0
donor_withdrawal,5909,V32P-A040716,0,0.024262757506221533,0.025472466181963683,0,0
donor_withdrawal,5910,V32P-A040753,0,0.59779875278472905,0.59448304176330569,0,0
donor_withdrawal,5911,V32P-A040754,0,0.45873284339904785,0.45889968872070314,0,0
donor_withdrawal,5912,V32P-A040755,0,0.38861294388771056,0.39178260564804079,0,0
donor_withdrawal,5913,V32P-A040756,0,0.42138866782188417,0.4212206959724426,0,0
donor_withdrawal,5914,V32P-A040757,0,0.32861105203628538,0.33424460887908936,0,0
donor_withdrawal,5915,V32P-A040758,0,0.16216300278902054,0.16863554269075393,0,0
donor_withdrawal,5916,V32P-A040867,0,0.41742814183235166,0.41936612725257871,0,0
donor_withdrawal,5917,V32P-A040868,0,0.41300248503685,0.41467183232307436,0,0
donor_withdrawal,5918,V32P-A040869,0,0.35173478126525881,0.35127096772193911,0,0
donor_withdrawal,5919,V32P-A040870,0,0.27052264511585233,0.26884724199771881,0,0
donor_withdrawal,5920,V32P-A040871,0,0.22214437127113343,0.22070821523666381,0,0
donor_withdrawal,5921,V32P-A040872,0,0.10810154750943184,0.10914486572146416,0,0
donor_withdrawal,5922,V32P-A040873,0,0.46704059839248657,0.46050681471824645,0,0
donor_withdrawal,5923,V32P-A040874,0,0.46942940950393675,0.462752503156662,0,0
donor_withdrawal,5924,V32P-A040875,0,0.3932584047317505,0.38309343457221984,0,0
donor_withdrawal,5925,V32P-A040876,0,0.30078558623790741,0.29093205630779267,0,0
donor_withdrawal,5926,V32P-A040877,0,0.24434474706649781,0.23488909602165223,0,0
donor_withdrawal,5927,V32P-A040878,0,0.11232149600982666,0.10913278460502625,0,0
donor_withdrawal,5928,V32P-A040885,1,0.59268339872360232,0.58445720672607426,0,0
donor_withdrawal,5929,V32P-A040886,1,0.43714308738708496,0.43121256232261657,0,0
donor_withdrawal,5930,V32P-A040887,1,0.36450743079185488,0.35914301872253418,0,0
donor_withdrawal,5931,V32P-A040888,0,0.084363072365522387,0.087714261561632159,0,0
donor_withdrawal,5932,V32P-A040889,0,0.049715077877044676,0.051934131234884259,0,0
donor_withdrawal,5933,V32P-A040890,0,0.021724869310855866,0.02286616452038288,0,0
donor_withdrawal,5934,V32P-A040963,0,0.81207524538040166,0.80975217819213863,1,1
donor_withdrawal,5935,V32P-A040964,0,0.70119620561599727,0.69976364374160771,1,1
donor_withdrawal,5936,V32P-A040965,0,0.62423667907714842,0.62258445024490361,1,1
donor_withdrawal,5937,V32P-A040966,0,0.53587924838066103,0.53447195887565613,0,0
donor_withdrawal,5938,V32P-A040967,0,0.43147231936454772,0.43034744858741758,0,0
donor_withdrawal,5939,V32P-A040968,0,0.18239043653011322,0.18448554873466491,0,0
donor_withdrawal,5940,V32P-A041011,0,0.46318638920783994,0.46409117579460146,0,0
donor_withdrawal,5941,V32P-A041012,0,0.45409668087959287,0.45677728056907652,0,0
donor_withdrawal,5942,V32P-A041013,0,0.43421368598937987,0.44028787016868592,0,0
donor_withdrawal,5943,V32P-A041014,1,0.37916805148124694,0.38738589882850649,0,0
donor_withdrawal,5944,V32P-A041015,0,0.056196056306362152,0.061389537155628206,0,0
donor_withdrawal,5945,V32P-A041016,0,0.024769648537039758,0.027422613650560378,0,0
donor_withdrawal,5946,V32P-A041035,1,0.76287450790405276,0.76626541614532473,1,1
donor_withdrawal,5947,V32P-A041036,1,0.58845621347427368,0.59411494731903081,0,0
donor_withdrawal,5948,V32P-A041037,1,0.53915775418281553,0.54648860096931462,0,0
donor_withdrawal,5949,V32P-A041038,0,0.085897985845804214,0.090494606643915176,0,0
donor_withdrawal,5950,V32P-A041039,0,0.065807570144534117,0.069328771904110909,0,0
donor_withdrawal,5951,V32P-A041040,0,0.029976598918437958,0.03166688922792673,0,0
donor_withdrawal,5952,V32P-A041119,0,0.62441872358322148,0.61875158548355103,1,0
donor_withdrawal,5953,V32P-A041120,0,0.58911453485488896,0.58717867136001589,0,0
donor_withdrawal,5954,V32P-A041121,0,0.5531735956668854,0.5529025018215179,0,0
donor_withdrawal,5955,V32P-A041122,0,0.47715540528297423,0.4797943949699402,0,0
donor_withdrawal,5956,V32P-A041123,0,0.36662096977233888,0.37326441407203675,0,0
donor_withdrawal,5957,V32P-A041124,0,0.15535470098257065,0.16249429136514665,0,0
donor_withdrawal,5958,V32P-A041143,0,0.68847274780273438,0.69068388938903813,1,1
donor_withdrawal,5959,V32P-A041144,0,0.60772836804389951,0.61745753288269045,0,0
donor_withdrawal,5960,V32P-A041145,0,0.65299136638641353,0.65522912740707395,1,1
donor_withdrawal,5961,V32P-A041146,0,0.62851612567901616,0.63246681690216067,1,1
donor_withdrawal,5962,V32P-A041147,0,0.59729063510894775,0.60233134031295776,0,0
donor_withdrawal,5963,V32P-A041148,0,0.053305932693183421,0.054974029958248141,0,0
donor_withdrawal,5964,V32P-A041155,0,0.53349303603172304,0.5385411322116852,0,0
donor_withdrawal,5965,V32P-A041156,0,0.57960095405578616,0.58573634624481197,0,0
donor_withdrawal,5966,V32P-A041157,0,0.57704267501831052,0.58386954069137575,0,0
donor_withdrawal,5967,V32P-A041158,0,0.53937250971794126,0.54838258624076841,0,0
donor_withdrawal,5968,V32P-A041159,0,0.48820948004722597,0.50016635060310366,0,0
donor_withdrawal,5969,V32P-A041160,0,0.27510380446910859,0.28936758339405061,0,0
donor_withdrawal,5970,V32P-A041263,1,0.75738996267318726,0.76302477121353152,1,1
donor_withdrawal,5971,V32P-A041264,1,0.75056697130203243,0.75688980817794804,1,1
donor_withdrawal,5972,V32P-A041265,1,0.802985155582428,0.80759650468826294,1,1
donor_withdrawal,5973,V32P-A041266,0,0.3153629392385483,0.3350941389799118,0,0
donor_withdrawal,5974,V32P-A041267,0,0.14883171245455742,0.15659325346350669,0,0
donor_withdrawal,5975,V32P-A041268,0,0.061243108287453649,0.063975338637828824,0,0
donor_withdrawal,5976,V32P-A041293,0,0.49967385530471803,0.48858468532562255,0,0
donor_withdrawal,5977,V32P-A041294,0,0.42387304306030271,0.41502444148063661,0,0
donor_withdrawal,5978,V32P-A041295,0,0.38912984728813171,0.38041208386421205,0,0
donor_withdrawal,5979,V32P-A041296,0,0.33080055713653567,0.32268614172935484,0,0
donor_withdrawal,5980,V32P-A041297,0,0.26641100645065308,0.25889680981636048,0,0
donor_withdrawal,5981,V32P-A041298,0,0.1248801440000534,0.12248957753181458,0,0
donor_withdrawal,5982,V32P-A041299,0,0.76575967073440554,0.76581434011459348,1,1
donor_withdrawal,5983,V32P-A041300,0,0.67814737558364868,0.67613676786422727,1,1
donor_withdrawal,5984,V32P-A041301,0,0.58140960931777952,0.57696621417999272,0,0
donor_withdrawal,5985,V32P-A041302,1,0.59909160137176509,0.59334049224853513,0,0
donor_withdrawal,5986,V32P-A041303,0,0.11831990331411361,0.12054914981126785,0,0
donor_withdrawal,5987,V32P-A041304,0,0.049055111967027186,0.050253767333924768,0,0
donor_withdrawal,5988,V32P-A041317,0,0.4747136175632477,0.4816271960735321,0,0
donor_withdrawal,5989,V32P-A041318,0,0.34953230321407319,0.35908825099468233,0,0
donor_withdrawal,5990,V32P-A041319,0,0.3136273741722107,0.32729808688163758,0,0
donor_withdrawal,5991,V32P-A041320,0,0.24703401327133179,0.26154224276542665,0,0
donor_withdrawal,5992,V32P-A041321,0,0.19730739444494247,0.21186349242925645,0,0
donor_withdrawal,5993,V32P-A041322,0,0.10027639120817185,0.10905909687280654,0,0
donor_withdrawal,5994,V32P-A041653,0,0.80400238037109373,0.80557309389114384,1,1
donor_withdrawal,5995,V32P-A041654,0,0.62598139643669126,0.63588056564331052,1,1
donor_withdrawal,5996,V32P-A041655,0,0.715763783454895,0.71846246719360352,1,1
donor_withdrawal,5997,V32P-A041656,0,0.69535051584243779,0.69943188428878789,1,1
donor_withdrawal,5998,V32P-A041657,0,0.59481559395790096,0.60519095063209538,0,0
donor_withdrawal,5999,V32P-A041658,0,0.048486301116645335,0.049973192438483235,0,0
donor_withdrawal,6000,V32P-A041665,0,0.4784268796443939,0.46361419558525085,0,0
donor_withdrawal,6001,V32P-A041666,0,0.43455606698989868,0.42173811197280886,0,0
donor_withdrawal,6002,V32P-A041667,0,0.37637968063354493,0.36443297863006591,0,0
donor_withdrawal,6003,V32P-A041668,0,0.31989093124866486,0.30755302608013152,0,0
donor_withdrawal,6004,V32P-A041669,0,0.3142578274011612,0.30257407128810881,0,0
donor_withdrawal,6005,V32P-A041670,0,0.15462891012430191,0.15196319371461869,0,0
donor_withdrawal,6006,V32P-A041701,0,0.61063089966773987,0.61232730746269226,0,0
donor_withdrawal,6007,V32P-A041702,0,0.54236997365951534,0.54428480863571171,0,0
donor_withdrawal,6008,V32P-A041703,0,0.43192175030708313,0.43433108329772951,0,0
donor_withdrawal,6009,V32P-A041704,0,0.37065560221672056,0.37496370673179624,0,0
donor_withdrawal,6010,V32P-A041705,1,0.31929319202899931,0.3256424993276596,0,0
donor_withdrawal,6011,V32P-A041706,0,0.031197875365614892,0.03349972367286682,0,0
donor_withdrawal,6012,V32P-A041773,0,0.66947267055511472,0.669486403465271,1,1
donor_withdrawal,6013,V32P-A041774,0,0.63310797214508052,0.63571735620498659,1,1
donor_withdrawal,6014,V32P-A041775,0,0.53535115718841553,0.55352338552474978,0,0
donor_withdrawal,6015,V32P-A041776,0,0.49555400013923645,0.50770263075828548,0,0
donor_withdrawal,6016,V32P-A041777,0,0.39314709901809691,0.41112206578254701,0,0
donor_withdrawal,6017,V32P-A041778,0,0.16055989414453506,0.18148179501295089,0,0
donor_withdrawal,6018,V32P-A041791,0,0.73506656885147093,0.73519104719161987,1,1
donor_withdrawal,6019,V32P-A041792,0,0.66703990697860716,0.66809823513031008,1,1
donor_withdrawal,6020,V32P-A041793,0,0.71075593233108525,0.71006672382354741,1,1
donor_withdrawal,6021,V32P-A041794,0,0.63772153854370117,0.63833990097045901,1,1
donor_withdrawal,6022,V32P-A041795,0,0.64744491577148433,0.64788360595703121,1,1
donor_withdrawal,6023,V32P-A041796,0,0.43791486322879791,0.44405957758426667,0,0
donor_withdrawal,6024,V32P-A041803,0,0.82921020984649663,0.82393373250961299,1,1
donor_withdrawal,6025,V32P-A041804,0,0.71329280138015749,0.7043962955474854,1,1
donor_withdrawal,6026,V32P-A041805,0,0.6168530285358429,0.60869763493537898,0,0
donor_withdrawal,6027,V32P-A041806,0,0.52351173758506775,0.51453924179077148,0,0
donor_withdrawal,6028,V32P-A041807,0,0.52001459598541255,0.51029104590415952,0,0
donor_withdrawal,6029,V32P-A041808,0,0.25071121752262115,0.24787619411945344,0,0
donor_withdrawal,6030,V32P-A041815,0,0.67173330783843999,0.67349501848220827,1,1
donor_withdrawal,6031,V32P-A041816,0,0.57861496210098262,0.58167244195938106,0,0
donor_withdrawal,6032,V32P-A041817,0,0.47107437849044798,0.47704480886459349,0,0
donor_withdrawal,6033,V32P-A041818,0,0.46337289214134214,0.46455952525138855,0,0
donor_withdrawal,6034,V32P-A041819,0,0.37692569494247435,0.38076868653297424,0,0
donor_withdrawal,6035,V32P-A041820,0,0.16706494688987733,0.17277546525001525,0,0
donor_withdrawal,6036,V32P-A041863,0,0.77812207937240596,0.77654621601104734,1,1
donor_withdrawal,6037,V32P-A041864,0,0.65084645748138426,0.64783096313476562,1,1
donor_withdrawal,6038,V32P-A041865,0,0.56545722484588623,0.56059780120849612,0,0
donor_withdrawal,6039,V32P-A041866,0,0.53129669427871706,0.52596997022628789,0,0
donor_withdrawal,6040,V32P-A041867,1,0.53534421324729919,0.53252921700477596,0,0
donor_withdrawal,6041,V32P-A041868,0,0.035539283603429797,0.036780001968145369,0,0
donor_withdrawal,6042,V32P-A041875,0,0.5406166076660156,0.54569528102874754,0,0
donor_withdrawal,6043,V32P-A041876,0,0.52276872992515566,0.5305788099765778,0,0
donor_withdrawal,6044,V32P-A041877,0,0.50562149882316587,0.51604871153831477,0,0
donor_withdrawal,6045,V32P-A041878,0,0.42029957175254823,0.43237984180450439,0,0
donor_withdrawal,6046,V32P-A041879,0,0.3500625342130661,0.36454569995403291,0,0
donor_withdrawal,6047,V32P-A041880,0,0.1569881707429886,0.16563880741596221,0,0
donor_withdrawal,6048,V32P-A041953,1,0.82632600069046025,0.82851076126098633,1,1
donor_withdrawal,6049,V32P-A041954,1,0.74662026166915896,0.75030946731567383,1,1
donor_withdrawal,6050,V32P-A041955,1,0.66869977712631223,0.6739078164100647,1,1
donor_withdrawal,6051,V32P-A041956,0,0.20695171505212784,0.21962678581476211,0,0
donor_withdrawal,6052,V32P-A041957,0,0.14398935511708261,0.1501158855855465,0,0
donor_withdrawal,6053,V32P-A041958,0,0.064401412755250936,0.066727802529931074,0,0
donor_withdrawal,6054,V32P-A041971,0,0.75380417108535769,0.76332415342330928,1,1
donor_withdrawal,6055,V32P-A041972,0,0.57189125418663023,0.58197011947631838,0,0
donor_withdrawal,6056,V32P-A041973,0,0.62600581645965581,0.64228149652481081,1,1
donor_withdrawal,6057,V32P-A041974,0,0.6166377067565918,0.62954130172729494,0,1
donor_withdrawal,6058,V32P-A041975,0,0.51104732751846316,0.5253633499145508,0,0
donor_withdrawal,6059,V32P-A041976,0,0.2640234798192978,0.27304846346378325,0,0
donor_withdrawal,6060,V32P-A041989,0,0.59098372459411619,0.60009796619415279,0,0
donor_withdrawal,6061,V32P-A041990,0,0.55350472927093508,0.56372607350349424,0,0
donor_withdrawal,6062,V32P-A041991,0,0.44970208406448364,0.4584724187850952,0,0
donor_withdrawal,6063,V32P-A041992,0,0.4782903790473938,0.49001997709274292,0,0
donor_withdrawal,6064,V32P-A041993,0,0.42792550921440126,0.45100464820861819,0,0
donor_withdrawal,6065,V32P-A041994,0,0.21936039626598358,0.23522765338420867,0,0
donor_withdrawal,6066,V32P-A042049,0,0.53569169044494624,0.53699096441268923,0,0
donor_withdrawal,6067,V32P-A042050,0,0.50815860033035276,0.50860248208045955,0,0
donor_withdrawal,6068,V32P-A042051,0,0.4752132833003998,0.47555361986160277,0,0
donor_withdrawal,6069,V32P-A042052,0,0.46484540700912474,0.46671889424324037,0,0
donor_withdrawal,6070,V32P-A042053,1,0.39738784432411195,0.39889111518859866,0,0
donor_withdrawal,6071,V32P-A042054,0,0.03719147890806198,0.03902227729558945,0,0
donor_withdrawal,6072,V32P-A042061,0,0.71039646863937378,0.71136056184768681,1,1
donor_withdrawal,6073,V32P-A042062,0,0.67206934690475462,0.67323267459869385,1,1
donor_withdrawal,6074,V32P-A042063,0,0.66683276891708376,0.66832163333892824,1,1
donor_withdrawal,6075,V32P-A042064,0,0.62636940479278569,0.63072341680526733,1,1
donor_withdrawal,6076,V32P-A042065,1,0.56862043738365176,0.57514814734458919,0,0
donor_withdrawal,6077,V32P-A042066,0,0.042166535928845408,0.044786396622657779,0,0
donor_withdrawal,6078,V32P-A042097,0,0.83665903806686404,0.83090875148773191,1,1
donor_withdrawal,6079,V32P-A042098,0,0.69621282815933228,0.69003489017486574,1,1
donor_withdrawal,6080,V32P-A042099,0,0.61276912689208984,0.60077530145645142,0,0
donor_withdrawal,6081,V32P-A042100,0,0.68483359813690181,0.67464026212692263,1,1
donor_withdrawal,6082,V32P-A042101,0,0.53105990886688237,0.51968919038772587,0,0
donor_withdrawal,6083,V32P-A042102,0,0.25175757855176928,0.24618649333715439,0,0
donor_withdrawal,6084,V32P-A042115,0,0.66871708631515503,0.67042711973190305,1,1
donor_withdrawal,6085,V32P-A042116,0,0.45309572219848632,0.45558010339736937,0,0
donor_withdrawal,6086,V32P-A042117,0,0.61212058067321773,0.61532522439956661,0,0
donor_withdrawal,6087,V32P-A042118,0,0.51842434406280513,0.52179652452468872,0,0
donor_withdrawal,6088,V32P-A042119,0,0.4651897192001343,0.47067551016807557,0,0
donor_withdrawal,6089,V32P-A042120,0,0.21881448924541474,0.22755776047706605,0,0
donor_withdrawal,6090,V32P-A042139,0,0.49254591464996339,0.48329408168792726,0,0
donor_withdrawal,6091,V32P-A042140,0,0.43928513526916502,0.43089332580566408,0,0
donor_withdrawal,6092,V32P-A042141,0,0.42219192981719972,0.41808738708496096,0,0
donor_withdrawal,6093,V32P-A042142,0,0.36011370718479158,0.36005222499370576,0,0
donor_withdrawal,6094,V32P-A042143,0,0.28439948260784148,0.29021287858486178,0,0
donor_withdrawal,6095,V32P-A042144,0,0.12619738802313804,0.13261252120137215,0,0
donor_withdrawal,6096,V32P-A042145,0,0.75531256198883057,0.75741605758666997,1,1
donor_withdrawal,6097,V32P-A042146,0,0.64497047662734985,0.64540649652481075,1,1
donor_withdrawal,6098,V32P-A042147,0,0.61770050525665288,0.61667674779891968,0,0
donor_withdrawal,6099,V32P-A042148,0,0.72537328004837032,0.72787827253341675,1,1
donor_withdrawal,6100,V32P-A042149,0,0.53524042963981633,0.53702966570854183,0,0
donor_withdrawal,6101,V32P-A042150,0,0.051487432047724727,0.053246647119522095,0,0
donor_withdrawal,6102,V32P-A042223,0,0.74579428434371953,0.74696341753005979,1,1
donor_withdrawal,6103,V32P-A042224,0,0.65680834054946902,0.66024096012115474,1,1
donor_withdrawal,6104,V32P-A042225,0,0.6584960460662842,0.66556681394577022,1,1
donor_withdrawal,6105,V32P-A042226,0,0.50242198705673213,0.51051622629165649,0,0
donor_withdrawal,6106,V32P-A042227,0,0.37888737916946413,0.38745984435081482,0,0
donor_withdrawal,6107,V32P-A042228,0,0.13998828679323197,0.14670620113611221,0,0
donor_withdrawal,6108,V32P-A042301,0,0.66926326751708987,0.66650561094284055,1,1
donor_withdrawal,6109,V32P-A042302,0,0.66086857318878178,0.660100269317627,1,1
donor_withdrawal,6110,V32P-A042303,0,0.62801171541213985,0.62953176498413088,1,1
donor_withdrawal,6111,V32P-A042304,0,0.56715037822723391,0.57275193929672241,0,0
donor_withdrawal,6112,V32P-A042305,0,0.4745890974998474,0.49393163323402406,0,0
donor_withdrawal,6113,V32P-A042306,0,0.31619290113449094,0.33132961392402649,0,0
donor_withdrawal,6114,V32P-A042397,0,0.46432288289070128,0.45335821509361268,0,0
donor_withdrawal,6115,V32P-A042398,0,0.61126104593276975,0.60623224973678591,0,0
donor_withdrawal,6116,V32P-A042399,0,0.61195844411849976,0.60835208892822268,0,0
donor_withdrawal,6117,V32P-A042400,0,0.56977005600929265,0.56447303891181944,0,0
donor_withdrawal,6118,V32P-A042401,1,0.49087246060371398,0.48848860263824462,0,0
donor_withdrawal,6119,V32P-A042402,0,0.04242535587400198,0.04414727259427309,0,0
donor_withdrawal,6120,V32P-A042409,0,0.63034828901290896,0.6234877228736877,1,1
donor_withdrawal,6121,V32P-A042410,0,0.61151182651519775,0.60663182735443111,0,0
donor_withdrawal,6122,V32P-A042411,0,0.57330953478813174,0.57266355752944942,0,0
donor_withdrawal,6123,V32P-A042412,0,0.51288102865219121,0.51870220899581909,0,0
donor_withdrawal,6124,V32P-A042413,0,0.49037327170372008,0.49936941266059875,0,0
donor_withdrawal,6125,V32P-A042414,0,0.2472824513912201,0.2592762976884842,0,0
donor_withdrawal,6126,V32P-A042421,0,0.63633820414543152,0.64049521088600159,1,1
donor_withdrawal,6127,V32P-A042422,0,0.6552133977413177,0.65977177023887634,1,1
donor_withdrawal,6128,V32P-A042423,0,0.65750994086265568,0.66223149895668032,1,1
donor_withdrawal,6129,V32P-A042424,0,0.61119951009750362,0.6178727984428406,0,0
donor_withdrawal,6130,V32P-A042425,0,0.54041280150413518,0.55270027518272402,0,0
donor_withdrawal,6131,V32P-A042426,0,0.32826941907405854,0.34738840162754059,0,0
donor_withdrawal,6132,V32P-A042433,0,0.59934843778610225,0.6021482586860657,0,0
donor_withdrawal,6133,V32P-A042434,0,0.49578107595443727,0.49936048984527587,0,0
donor_withdrawal,6134,V32P-A042435,0,0.60032727718353274,0.60462567806243894,0,0
donor_withdrawal,6135,V32P-A042436,0,0.5214601457118988,0.53097954392433167,0,0
donor_withdrawal,6136,V32P-A042437,0,0.45608547925949094,0.46897983551025391,0,0
donor_withdrawal,6137,V32P-A042438,0,0.2659435048699379,0.2832640543580055,0,0
donor_withdrawal,6138,V32P-A042481,0,0.41238882541656496,0.4040540039539337,0,0
donor_withdrawal,6139,V32P-A042482,0,0.40259621143341062,0.39535939097404482,0,0
donor_withdrawal,6140,V32P-A042483,0,0.46267077326774597,0.45813578963279722,0,0
donor_withdrawal,6141,V32P-A042484,1,0.41327108740806578,0.40886797904968264,0,0
donor_withdrawal,6142,V32P-A042485,0,0.058162173256278038,0.060497939214110376,0,0
donor_withdrawal,6143,V32P-A042486,0,0.025445521250367163,0.027083283290266991,0,0
donor_withdrawal,6144,V32P-A042577,1,0.69067313671112063,0.69868043661117551,1,1
donor_withdrawal,6145,V32P-A042578,1,0.63418701887130735,0.64850013256073002,1,1
donor_withdrawal,6146,V32P-A042579,1,0.39647701978683469,0.4072366416454315,0,0
donor_withdrawal,6147,V32P-A042580,0,0.078431218117475512,0.082624325156211847,0,0
donor_withdrawal,6148,V32P-A042581,0,0.059778811782598494,0.063073828816413879,0,0
donor_withdrawal,6149,V32P-A042582,0,0.026531514711678028,0.028131662122905254,0,0
donor_withdrawal,6150,V32P-A042685,0,0.71243306398391726,0.712214732170105,1,1
donor_withdrawal,6151,V32P-A042686,0,0.61599295139312749,0.61931781768798833,0,0
donor_withdrawal,6152,V32P-A042687,0,0.54428061842918396,0.56213522553443906,0,0
donor_withdrawal,6153,V32P-A042688,0,0.51313743591308592,0.52687010169029236,0,0
donor_withdrawal,6154,V32P-A042689,0,0.40945018529891969,0.4244167387485504,0,0
donor_withdrawal,6155,V32P-A042690,0,0.17841382026672364,0.18922149688005446,0,0
donor_withdrawal,6156,V32P-A042709,0,0.56842347383499148,0.56879347562789917,0,0
donor_withdrawal,6157,V32P-A042710,0,0.51942656040191648,0.52042344808578489,0,0
donor_withdrawal,6158,V32P-A042711,0,0.46384745836257935,0.46267737150192262,0,0
donor_withdrawal,6159,V32P-A042712,0,0.35105429887771605,0.34873850941658019,0,0
donor_withdrawal,6160,V32P-A042713,0,0.25969337224960326,0.25760903358459475,0,0
donor_withdrawal,6161,V32P-A042714,0,0.020331190992146732,0.021524811629205942,0,0
donor_withdrawal,6162,V32P-A042751,0,0.73035931587219238,0.73214167356491089,1,1
donor_withdrawal,6163,V32P-A042752,0,0.64257595539093015,0.64510977268218994,1,1
donor_withdrawal,6164,V32P-A042753,0,0.49303401708602906,0.5063044488430023,0,0
donor_withdrawal,6165,V32P-A042754,0,0.4802436649799347,0.4908858358860016,0,0
donor_withdrawal,6166,V32P-A042755,0,0.37668309509754183,0.39156396090984347,0,0
donor_withdrawal,6167,V32P-A042756,0,0.1550622045993805,0.16625476181507109,0,0
donor_withdrawal,6168,V32P-A042775,0,0.81422221660614014,0.81604871749877927,1,1
donor_withdrawal,6169,V32P-A042776,0,0.6874823689460754,0.69058318138122554,1,1
donor_withdrawal,6170,V32P-A042777,0,0.61757082939147945,0.6205807209014893,0,1
donor_withdrawal,6171,V32P-A042778,0,0.5530412912368774,0.55668636560440066,0,0
donor_withdrawal,6172,V32P-A042779,0,0.46150403618812563,0.46627584099769592,0,0
donor_withdrawal,6173,V32P-A042780,0,0.23085315525531769,0.2353263795375824,0,0
donor_withdrawal,6174,V32P-A042799,1,0.64599742889404299,0.63911126852035527,1,1
donor_withdrawal,6175,V32P-A042800,1,0.61389889717102053,0.6101600766181946,0,0
donor_withdrawal,6176,V32P-A042801,1,0.58687802553176882,0.58905177116394047,0,0
donor_withdrawal,6177,V32P-A042802,0,0.09174105450510979,0.098603308945894239,0,0
donor_withdrawal,6178,V32P-A042803,0,0.06663971021771431,0.072513926029205325,0,0
donor_withdrawal,6179,V32P-A042804,0,0.026967217028141022,0.029532038792967796,0,0
donor_withdrawal,6180,V32P-A042817,1,0.84421784877777095,0.84139610528945918,1,1
donor_withdrawal,6181,V32P-A042818,1,0.67693803310394285,0.67257375717163081,1,1
donor_withdrawal,6182,V32P-A042819,1,0.58928949832916255,0.58135825395584106,0,0
donor_withdrawal,6183,V32P-A042820,0,0.13367245346307755,0.13508584052324296,0,0
donor_withdrawal,6184,V32P-A042821,0,0.07684851139783859,0.078272397816181186,0,0
donor_withdrawal,6185,V32P-A042822,0,0.030965973995625971,0.031994039379060271,0,0
donor_withdrawal,6186,V32P-A042883,0,0.6367744922637939,0.63042008876800537,1,1
donor_withdrawal,6187,V32P-A042884,0,0.52228693366050716,0.51643981337547307,0,0
donor_withdrawal,6188,V32P-A042885,0,0.50956810116767881,0.50323528647422788,0,0
donor_withdrawal,6189,V32P-A042886,0,0.51174406409263606,0.50538548827171326,0,0
donor_withdrawal,6190,V32P-A042887,0,0.46556650400161742,0.45989158153533938,0,0
donor_withdrawal,6191,V32P-A042888,0,0.032559444382786754,0.034841507300734521,0,0
donor_withdrawal,6192,V32P-A043039,1,0.81904770135879512,0.81896936893463135,1,1
donor_withdrawal,6193,V32P-A043040,1,0.78603456020355222,0.78962775468826296,1,1
donor_withdrawal,6194,V32P-A043041,1,0.7052988648414612,0.70391672849655151,1,1
donor_withdrawal,6195,V32P-A043042,0,0.15011615306138992,0.15312353521585464,0,0
donor_withdrawal,6196,V32P-A043043,0,0.10879789739847183,0.11151788234710694,0,0
donor_withdrawal,6197,V32P-A043044,0,0.047054040245711803,0.048577180318534377,0,0
donor_withdrawal,6198,V32P-A043099,0,0.60483875274658205,0.60852770805358891,0,0
donor_withdrawal,6199,V32P-A043100,0,0.46132822036743165,0.46691269874572755,0,0
donor_withdrawal,6200,V32P-A043101,0,0.52858421206474304,0.53638420701026912,0,0
donor_withdrawal,6201,V32P-A043102,0,0.51283560991287236,0.51917196512222286,0,0
donor_withdrawal,6202,V32P-A043103,0,0.4424824297428131,0.45275831818580625,0,0
donor_withdrawal,6203,V32P-A043104,0,0.040977166406810282,0.043465576134622097,0,0
donor_withdrawal,6204,V32P-A043111,0,0.40647892951965331,0.40185708403587339,0,0
donor_withdrawal,6205,V32P-A043112,0,0.46843754649162295,0.46493776440620421,0,0
donor_withdrawal,6206,V32P-A043113,0,0.4504664123058319,0.44790009856224061,0,0
donor_withdrawal,6207,V32P-A043114,0,0.39303579926490784,0.3911516606807709,0,0
donor_withdrawal,6208,V32P-A043115,0,0.33328988552093508,0.33339464664459229,0,0
donor_withdrawal,6209,V32P-A043116,0,0.028541274741291998,0.030230262875556947,0,0
donor_withdrawal,6210,V32P-A043117,0,0.62006856799125676,0.6254311621189117,1,1
donor_withdrawal,6211,V32P-A043118,0,0.59759370088577268,0.60326772928237915,0,0
donor_withdrawal,6212,V32P-A043119,0,0.55233386754989622,0.56308116316795354,0,0
donor_withdrawal,6213,V32P-A043120,0,0.53781046867370608,0.54622913002967832,0,0
donor_withdrawal,6214,V32P-A043121,0,0.48158106803894041,0.49203799962997435,0,0
donor_withdrawal,6215,V32P-A043122,0,0.27205932438373565,0.28322324752807615,0,0
donor_withdrawal,6216,V32P-A043159,0,0.62766872644424443,0.62777161598205566,1,1
donor_withdrawal,6217,V32P-A043160,0,0.50615414381027224,0.50346797704696655,0,0
donor_withdrawal,6218,V32P-A043161,0,0.45196242928504943,0.4472428560256958,0,0
donor_withdrawal,6219,V32P-A043162,0,0.36886996030807495,0.36221150159835813,0,0
donor_withdrawal,6220,V32P-A043163,0,0.3618359327316284,0.35716486573219297,0,0
donor_withdrawal,6221,V32P-A043164,0,0.14407321065664291,0.14338756650686263,0,0
donor_withdrawal,6222,V32P-A043165,0,0.33162886798381808,0.32729142010211942,0,0
donor_withdrawal,6223,V32P-A043166,0,0.47672297358512877,0.47226113677024839,0,0
donor_withdrawal,6224,V32P-A043167,0,0.52023895382881169,0.51865162253379826,0,0
donor_withdrawal,6225,V32P-A043168,0,0.3919969856739044,0.39882072806358337,0,0
donor_withdrawal,6226,V32P-A043169,0,0.33301663398742676,0.33872845768928528,0,0
donor_withdrawal,6227,V32P-A043170,0,0.15175616443157197,0.15869227647781373,0,0
donor_withdrawal,6228,V32P-A043207,0,0.34129710793495177,0.34259538054466249,0,0
donor_withdrawal,6229,V32P-A043208,0,0.31774294674396514,0.32698498666286469,0,0
donor_withdrawal,6230,V32P-A043209,0,0.3137041747570038,0.31679784059524535,0,0
donor_withdrawal,6231,V32P-A043210,0,0.24651158452033997,0.25372786521911622,0,0
donor_withdrawal,6232,V32P-A043211,0,0.18455783724784852,0.1938087224960327,0,0
donor_withdrawal,6233,V32P-A043212,0,0.075274064391851428,0.080793979018926626,0,0
donor_withdrawal,6234,V32P-A043243,0,0.53298444151878355,0.53311558961868288,0,0
donor_withdrawal,6235,V32P-A043244,0,0.4384105086326599,0.43764972686767578,0,0
donor_withdrawal,6236,V32P-A043245,0,0.36099200844764712,0.35844048857688904,0,0
donor_withdrawal,6237,V32P-A043246,0,0.28651455342769622,0.28278509080410003,0,0
donor_withdrawal,6238,V32P-A043247,0,0.21805329024791717,0.21456244885921477,0,0
donor_withdrawal,6239,V32P-A043248,0,0.11218243390321732,0.11222759336233139,0,0
donor_withdrawal,6240,V32P-A043255,1,0.79965144395828247,0.7961823463439941,1,1
donor_withdrawal,6241,V32P-A043256,1,0.64833699464797978,0.64289244413375857,1,1
donor_withdrawal,6242,V32P-A043257,1,0.70649755001068115,0.70100358724594114,1,1
donor_withdrawal,6243,V32P-A043258,0,0.13617918044328689,0.13786187916994094,0,0
donor_withdrawal,6244,V32P-A043259,0,0.10559160895645618,0.10751992948353291,0,0
donor_withdrawal,6245,V32P-A043260,0,0.044137998297810552,0.046088894829154015,0,0
donor_withdrawal,6246,V32P-A043339,0,0.48384748101234437,0.47892280220985411,0,0
donor_withdrawal,6247,V32P-A043340,0,0.36920840740203859,0.37244600057601929,0,0
donor_withdrawal,6248,V32P-A043341,0,0.34881576299667361,0.34969653487205504,0,0
donor_withdrawal,6249,V32P-A043342,0,0.2982562780380249,0.30214214920997617,0,0
donor_withdrawal,6250,V32P-A043343,0,0.23306773006916046,0.23858266770839692,0,0
donor_withdrawal,6251,V32P-A043344,0,0.10409943908452987,0.1096621185541153,0,0
donor_withdrawal,6252,V32P-A043375,0,0.36886357665061953,0.365476930141449,0,0
donor_withdrawal,6253,V32P-A043376,0,0.40983043313026429,0.40885699391365049,0,0
donor_withdrawal,6254,V32P-A043377,0,0.40037592649459841,0.40025576353073122,0,0
donor_withdrawal,6255,V32P-A043378,0,0.34101074337959292,0.34148899912834169,0,0
donor_withdrawal,6256,V32P-A043379,0,0.28713318705558777,0.28869912028312683,0,0
donor_withdrawal,6257,V32P-A043380,0,0.14134459644556047,0.14673057943582535,0,0
donor_withdrawal,6258,V32P-A043405,0,0.55287441611289978,0.55094235539436343,0,0
donor_withdrawal,6259,V32P-A043406,0,0.57070134878158574,0.5689044237136841,0,0
donor_withdrawal,6260,V32P-A043407,0,0.56000028848648076,0.5580936074256897,0,0
donor_withdrawal,6261,V32P-A043408,0,0.56573005914688113,0.56390219926834106,0,0
donor_withdrawal,6262,V32P-A043409,0,0.48253496289253234,0.48853003382682803,0,0
donor_withdrawal,6263,V32P-A043410,0,0.233073890209198,0.23920841217041017,0,0
donor_withdrawal,6264,V32P-A043417,0,0.41384410262107851,0.41422192454338075,0,0
donor_withdrawal,6265,V32P-A043418,0,0.37680785655975341,0.37801152467727661,0,0
donor_withdrawal,6266,V32P-A043419,0,0.35105530023574827,0.35264464616775515,0,0
donor_withdrawal,6267,V32P-A043420,0,0.28420309126377108,0.28713617026805877,0,0
donor_withdrawal,6268,V32P-A043421,0,0.22205334901809692,0.22596032619476319,0,0
donor_withdrawal,6269,V32P-A043422,0,0.095723569393157959,0.10016337484121322,0,0
donor_withdrawal,6270,V32P-A043483,0,0.38274394273757933,0.37542161941528318,0,0
donor_withdrawal,6271,V32P-A043484,0,0.3827298045158386,0.37794634103775027,0,0
donor_withdrawal,6272,V32P-A043485,0,0.34144672751426697,0.33959494829177855,0,0
donor_withdrawal,6273,V32P-A043486,0,0.32056438028812406,0.32105164825916288,0,0
donor_withdrawal,6274,V32P-A043487,0,0.24901184737682341,0.25267692506313322,0,0
donor_withdrawal,6275,V32P-A043488,0,0.11559923738241196,0.12033950537443161,0,0
donor_withdrawal,6276,V32P-A043495,1,0.56920778155326845,0.56767488121986387,0,0
donor_withdrawal,6277,V32P-A043496,1,0.41898309290409086,0.41701952517032626,0,0
donor_withdrawal,6278,V32P-A043497,0,0.060822594910860062,0.063116458803415293,0,0
donor_withdrawal,6279,V32P-A043498,0,0.065752874314785006,0.069335326552391052,0,0
donor_withdrawal,6280,V32P-A043499,0,0.037223587743937969,0.038965967111289503,0,0
donor_withdrawal,6281,V32P-A043500,0,0.016250542225316168,0.017117390083149074,0,0
donor_withdrawal,6282,V32P-A043561,0,0.76930478811264036,0.76613912582397459,1,1
donor_withdrawal,6283,V32P-A043562,0,0.66357370615005495,0.65635292530059819,1,1
donor_withdrawal,6284,V32P-A043563,0,0.63469973802566526,0.62616820335388179,1,1
donor_withdrawal,6285,V32P-A043564,1,0.56818780899047849,0.55887798070907591,0,0
donor_withdrawal,6286,V32P-A043565,0,0.084709958732128138,0.085778492689132693,0,0
donor_withdrawal,6287,V32P-A043566,0,0.03339253142476082,0.034609556943178174,0,0
donor_withdrawal,6288,V32P-A043573,0,0.6731062173843384,0.67209711074829104,1,1
donor_withdrawal,6289,V32P-A043574,0,0.50341340899467468,0.49656554460525515,0,0
donor_withdrawal,6290,V32P-A043575,0,0.50128448605537412,0.50031468272209167,0,0
donor_withdrawal,6291,V32P-A043576,0,0.48794243335723875,0.50010346174240117,0,0
donor_withdrawal,6292,V32P-A043577,0,0.4979098618030548,0.50342056155204773,0,0
donor_withdrawal,6293,V32P-A043578,0,0.23450189530849458,0.24488806128501892,0,0
donor_withdrawal,6294,V32P-A043585,0,0.6490042924880981,0.64822009801864622,1,1
donor_withdrawal,6295,V32P-A043586,0,0.49507944583892821,0.49246311783790586,0,0
donor_withdrawal,6296,V32P-A043587,0,0.4234308421611786,0.41867601275444033,0,0
donor_withdrawal,6297,V32P-A043588,0,0.32009361088275912,0.31464610397815707,0,0
donor_withdrawal,6298,V32P-A043589,0,0.24539671242237091,0.24092114269733428,0,0
donor_withdrawal,6299,V32P-A043590,0,0.10673674121499062,0.10592885687947273,0,0
donor_withdrawal,6300,V32P-A043639,0,0.51684654355049131,0.5158966541290283,0,0
donor_withdrawal,6301,V32P-A043640,0,0.51041287183761597,0.5119214653968811,0,0
donor_withdrawal,6302,V32P-A043641,0,0.42523152828216554,0.4290948987007141,0,0
donor_withdrawal,6303,V32P-A043642,0,0.44786191582679746,0.45208442807197569,0,0
donor_withdrawal,6304,V32P-A043643,1,0.29404518306255339,0.30119804441928866,0,0
donor_withdrawal,6305,V32P-A043644,0,0.021694772411137819,0.02349682440981269,0,0
donor_withdrawal,6306,V32P-A043657,0,0.49379565715789797,0.48313476443290709,0,0
donor_withdrawal,6307,V32P-A043658,0,0.51337981224060059,0.50258255004882812,0,0
donor_withdrawal,6308,V32P-A043659,0,0.52545298337936397,0.51305960416793828,0,0
donor_withdrawal,6309,V32P-A043660,0,0.49635382294654845,0.48451681137084962,0,0
donor_withdrawal,6310,V32P-A043661,0,0.45269361734390257,0.44723619818687438,0,0
donor_withdrawal,6311,V32P-A043662,0,0.26267797350883482,0.25870750844478607,0,0
donor_withdrawal,6312,V32P-A043711,0,0.66473133563995357,0.66889971494674683,1,1
donor_withdrawal,6313,V32P-A043712,0,0.43034788966178894,0.45239223241806031,0,0
donor_withdrawal,6314,V32P-A043713,0,0.39511381983757021,0.41292959451675415,0,0
donor_withdrawal,6315,V32P-A043714,0,0.30520723760128021,0.3254710167646408,0,0
donor_withdrawal,6316,V32P-A043715,0,0.23652072250843048,0.25553415417671205,0,0
donor_withdrawal,6317,V32P-A043716,0,0.10609003454446793,0.11597971469163895,0,0
donor_withdrawal,6318,V32P-A043765,0,0.59801991581916814,0.59054349064826961,0,0
donor_withdrawal,6319,V32P-A043766,0,0.5489655673503876,0.54098044037818904,0,0
donor_withdrawal,6320,V32P-A043767,0,0.4398098111152649,0.43258517384529116,0,0
donor_withdrawal,6321,V32P-A043768,0,0.37145748734474182,0.36363721489906309,0,0
donor_withdrawal,6322,V32P-A043769,0,0.30308547914028167,0.29570736587047575,0,0
donor_withdrawal,6323,V32P-A043770,0,0.14273766502738,0.14012872204184532,0,0
donor_withdrawal,6324,V32P-A043783,0,0.69881032705307011,0.69453393220901494,1,1
donor_withdrawal,6325,V32P-A043784,0,0.49418598413467407,0.48430641889572146,0,0
donor_withdrawal,6326,V32P-A043785,0,0.41526376008987426,0.40404418110847473,0,0
donor_withdrawal,6327,V32P-A043786,0,0.42588929533958436,0.41328449249267579,0,0
donor_withdrawal,6328,V32P-A043787,0,0.30441603809595108,0.29259436279535295,0,0
donor_withdrawal,6329,V32P-A043788,0,0.14164518751204014,0.13730274476110935,0,0
donor_withdrawal,6330,V32P-A043849,0,0.81555665731430049,0.81494479179382329,1,1
donor_withdrawal,6331,V32P-A043850,0,0.6545863151550293,0.65628116130828862,1,1
donor_withdrawal,6332,V32P-A043851,0,0.62301976680755611,0.62407532930374143,1,1
donor_withdrawal,6333,V32P-A043852,0,0.64822074174880984,0.65170962810516353,1,1
donor_withdrawal,6334,V32P-A043853,0,0.58248528242111208,0.58676059246063228,0,0
donor_withdrawal,6335,V32P-A043854,0,0.32635776400566102,0.33434078991413119,0,0
donor_withdrawal,6336,V32P-A043891,0,0.72146903276443486,0.71580040454864502,1,1
donor_withdrawal,6337,V32P-A043892,0,0.65412366390228271,0.65162707567214961,1,1
donor_withdrawal,6338,V32P-A043893,0,0.53849114775657658,0.54873749613761902,0,0
donor_withdrawal,6339,V32P-A043894,0,0.57108249664306643,0.57411173582077024,0,0
donor_withdrawal,6340,V32P-A043895,0,0.56648405790328982,0.57142652869224553,0,0
donor_withdrawal,6341,V32P-A043896,0,0.35259117186069489,0.36445969641208648,0,0
donor_withdrawal,6342,V32P-A043897,0,0.6877156734466553,0.68892004489898684,1,1
donor_withdrawal,6343,V32P-A043898,0,0.48848816752433777,0.48440161943435667,0,0
donor_withdrawal,6344,V32P-A043899,0,0.59220534563064575,0.59179795980453487,0,0
donor_withdrawal,6345,V32P-A043900,0,0.5421190738677979,0.54105788469314575,0,0
donor_withdrawal,6346,V32P-A043901,0,0.38399100899696348,0.38288894891738889,0,0
donor_withdrawal,6347,V32P-A043902,0,0.17015603035688401,0.17189830690622329,0,0
donor_withdrawal,6348,V32P-A043903,0,0.44778230190277102,0.44138145446777344,0,0
donor_withdrawal,6349,V32P-A043904,0,0.45228826403617861,0.44839749336242674,0,0
donor_withdrawal,6350,V32P-A043905,0,0.41195364594459533,0.41116910576820376,0,0
donor_withdrawal,6351,V32P-A043906,0,0.33774221539497373,0.34044012427330017,0,0
donor_withdrawal,6352,V32P-A043907,0,0.2995786339044571,0.30432712733745576,0,0
donor_withdrawal,6353,V32P-A043908,0,0.14779701232910156,0.1544462412595749,0,0
donor_withdrawal,6354,V32P-A043933,0,0.48197941184043885,0.47939894795417787,0,0
donor_withdrawal,6355,V32P-A043934,0,0.51191294789314268,0.51010002493858342,0,0
donor_withdrawal,6356,V32P-A043935,0,0.52039251923561092,0.51892817616462705,0,0
donor_withdrawal,6357,V32P-A043936,0,0.45251348614692688,0.45103321671485902,0,0
donor_withdrawal,6358,V32P-A043937,0,0.37887180447578428,0.37959933280944824,0,0
donor_withdrawal,6359,V32P-A043938,0,0.18120769858360292,0.18647416234016417,0,0
donor_withdrawal,6360,V32P-A043987,0,0.62912158966064458,0.62561347484588625,1,1
donor_withdrawal,6361,V32P-A043988,0,0.50586599707603452,0.50628249049186702,0,0
donor_withdrawal,6362,V32P-A043989,0,0.39464152455329893,0.40063651800155642,0,0
donor_withdrawal,6363,V32P-A043990,0,0.34794755876064298,0.35350404083728793,0,0
donor_withdrawal,6364,V32P-A043991,0,0.32747423946857451,0.33308669030666349,0,0
donor_withdrawal,6365,V32P-A043992,0,0.17316385507583618,0.18262284994125366,0,0
donor_withdrawal,6366,V32P-A043993,0,0.60859384536743166,0.60578048229217529,0,0
donor_withdrawal,6367,V32P-A043994,0,0.59783034324646001,0.59506006240844722,0,0
donor_withdrawal,6368,V32P-A043995,0,0.64114302396774292,0.6387868285179138,1,1
donor_withdrawal,6369,V32P-A043996,0,0.58277779817581177,0.58103424310684204,0,0
donor_withdrawal,6370,V32P-A043997,0,0.52023729681968689,0.51970885396003719,0,0
donor_withdrawal,6371,V32P-A043998,0,0.29315319359302522,0.29851445257663728,0,0
donor_withdrawal,6372,V32P-A044035,0,0.6250036358833313,0.62414793968200688,1,1
donor_withdrawal,6373,V32P-A044036,0,0.64542845487594602,0.64547963142395015,1,1
donor_withdrawal,6374,V32P-A044037,0,0.55586040616035459,0.55890699028968815,0,0
donor_withdrawal,6375,V32P-A044038,0,0.55965371727943425,0.56538998484611513,0,0
donor_withdrawal,6376,V32P-A044039,0,0.50486815571784971,0.51368398666381831,0,0
donor_withdrawal,6377,V32P-A044040,0,0.26362309157848357,0.27548974156379702,0,0
donor_withdrawal,6378,V32P-A044077,0,0.44371162056922914,0.44511350989341736,0,0
donor_withdrawal,6379,V32P-A044078,0,0.43761923909187317,0.44165897369384766,0,0
donor_withdrawal,6380,V32P-A044079,0,0.3871916949748993,0.39300522208213806,0,0
donor_withdrawal,6381,V32P-A044080,0,0.32085660696029661,0.32822908759117125,0,0
donor_withdrawal,6382,V32P-A044081,0,0.25979886353015902,0.26892360746860505,0,0
donor_withdrawal,6383,V32P-A044082,0,0.11672507822513581,0.12868121266365051,0,0
donor_withdrawal,6384,V32P-A044095,0,0.56161663532257078,0.55639340877532961,0,0
donor_withdrawal,6385,V32P-A044096,0,0.47036626338958742,0.46739063858985902,0,0
donor_withdrawal,6386,V32P-A044097,0,0.40930256247520447,0.40946036577224731,0,0
donor_withdrawal,6387,V32P-A044098,0,0.42561318278312682,0.42546694874763491,0,0
donor_withdrawal,6388,V32P-A044099,0,0.34304547011852266,0.34489296972751615,0,0
donor_withdrawal,6389,V32P-A044100,0,0.14463371932506561,0.15123459994792937,0,0
donor_withdrawal,6390,V32P-A044167,0,0.44040574431419371,0.43455803394317627,0,0
donor_withdrawal,6391,V32P-A044168,0,0.44704453349113465,0.44239043593406679,0,0
donor_withdrawal,6392,V32P-A044169,0,0.39288094639778137,0.38870379328727722,0,0
donor_withdrawal,6393,V32P-A044170,0,0.31440902948379518,0.31215247511863708,0,0
donor_withdrawal,6394,V32P-A044171,0,0.24188544154167174,0.2420353889465332,0,0
donor_withdrawal,6395,V32P-A044172,0,0.099553324282169342,0.10271902680397034,0,0
donor_withdrawal,6396,V32P-A044185,0,0.48528816699981692,0.48130433559417723,0,0
donor_withdrawal,6397,V32P-A044186,0,0.39992385506629946,0.39340831041336061,0,0
donor_withdrawal,6398,V32P-A044187,0,0.35525730848312376,0.34800728559494021,0,0
donor_withdrawal,6399,V32P-A044188,0,0.29226413369178772,0.28530954122543334,0,0
donor_withdrawal,6400,V32P-A044189,0,0.22515926957130433,0.22048992514610291,0,0
donor_withdrawal,6401,V32P-A044190,0,0.095395562052726743,0.096025417745113376,0,0
donor_withdrawal,6402,V32P-A044209,0,0.4422967553138733,0.44941030144691468,0,0
donor_withdrawal,6403,V32P-A044210,0,0.43526117205619813,0.44495182037353515,0,0
donor_withdrawal,6404,V32P-A044211,0,0.40418303608894346,0.41662360429763795,0,0
donor_withdrawal,6405,V32P-A044212,0,0.33478571176528932,0.3507243752479553,0,0
donor_withdrawal,6406,V32P-A044213,0,0.27602177858352661,0.29384009242057801,0,0
donor_withdrawal,6407,V32P-A044214,0,0.12636923193931579,0.14174132347106932,0,0
donor_withdrawal,6408,V32P-A044251,0,0.71919258832931521,0.72203857898712154,1,1
donor_withdrawal,6409,V32P-A044252,0,0.61980711221694951,0.62248947620391848,0,1
donor_withdrawal,6410,V32P-A044253,0,0.55975227952003481,0.56097101569175722,0,0
donor_withdrawal,6411,V32P-A044254,0,0.49826937317848208,0.49964224696159365,0,0
donor_withdrawal,6412,V32P-A044255,0,0.42840657830238343,0.43042799830436707,0,0
donor_withdrawal,6413,V32P-A044256,0,0.20584636181592941,0.21084072440862656,0,0
donor_withdrawal,6414,V32P-A044263,0,0.56684227585792546,0.57058410048484798,0,0
donor_withdrawal,6415,V32P-A044264,0,0.67345165014266972,0.6769122958183289,1,1
donor_withdrawal,6416,V32P-A044265,0,0.41986050009727477,0.42234178781509402,0,0
donor_withdrawal,6417,V32P-A044266,1,0.35282736420631411,0.35495951175689699,0,0
donor_withdrawal,6418,V32P-A044267,0,0.059039087593555452,0.062241765856742862,0,0
donor_withdrawal,6419,V32P-A044268,0,0.027066901046782731,0.028529837448149919,0,0
donor_withdrawal,6420,V32P-A044413,0,0.53619851469993596,0.54557484984397886,0,0
donor_withdrawal,6421,V32P-A044414,0,0.4451893985271454,0.45323106646537781,0,0
donor_withdrawal,6422,V32P-A044415,0,0.39677973985671999,0.41109066009521483,0,0
donor_withdrawal,6423,V32P-A044416,0,0.32422176301479338,0.34278654754161836,0,0
donor_withdrawal,6424,V32P-A044417,0,0.24809246063232421,0.26851623058319091,0,0
donor_withdrawal,6425,V32P-A044418,0,0.1128396786749363,0.12528141364455223,0,0
donor_withdrawal,6426,V32P-A044437,0,0.62959980964660645,0.63276413679122923,1,1
donor_withdrawal,6427,V32P-A044438,0,0.6179003119468689,0.62128536701202397,0,1
donor_withdrawal,6428,V32P-A044439,0,0.64905154705047607,0.65200440883636479,1,1
donor_withdrawal,6429,V32P-A044440,0,0.63825836181640627,0.64294729232788084,1,1
donor_withdrawal,6430,V32P-A044441,0,0.50587292313575749,0.51139244437217712,0,0
donor_withdrawal,6431,V32P-A044442,0,0.30362032353878021,0.31388140320777891,0,0
donor_withdrawal,6432,V32P-A044473,0,0.57310991883277895,0.56672928929328914,0,0
donor_withdrawal,6433,V32P-A044474,0,0.46619992852211001,0.45642387866973877,0,0
donor_withdrawal,6434,V32P-A044475,0,0.53215826749801631,0.52865856885910034,0,0
donor_withdrawal,6435,V32P-A044476,0,0.35952959060668943,0.34899668097496034,0,0
donor_withdrawal,6436,V32P-A044477,0,0.28406388759613038,0.2765208840370178,0,0
donor_withdrawal,6437,V32P-A044478,0,0.146527449041605,0.14465033933520316,0,0
donor_withdrawal,6438,V32P-A044587,0,0.78149640560150146,0.77933636903762815,1,1
donor_withdrawal,6439,V32P-A044588,0,0.6349928498268127,0.62743209600448613,1,1
donor_withdrawal,6440,V32P-A044589,0,0.54861865043640134,0.53448387384414675,0,0
donor_withdrawal,6441,V32P-A044590,0,0.5929642915725708,0.58388588428497312,0,0
donor_withdrawal,6442,V32P-A044591,0,0.44363608956336975,0.42896722555160521,0,0
donor_withdrawal,6443,V32P-A044592,0,0.26488182246685027,0.25803824961185456,0,0
donor_withdrawal,6444,V32P-A044617,1,0.70142484903335567,0.70057648420333862,1,1
donor_withdrawal,6445,V32P-A044618,1,0.67738813161849976,0.67781642675399778,1,1
donor_withdrawal,6446,V32P-A044619,1,0.70476365089416504,0.70536159276962285,1,1
donor_withdrawal,6447,V32P-A044620,0,0.10268343687057495,0.10676943957805633,0,0
donor_withdrawal,6448,V32P-A044621,0,0.06883533596992493,0.072199496626853946,0,0
donor_withdrawal,6449,V32P-A044622,0,0.026083499193191528,0.027804336324334145,0,0
donor_withdrawal,6450,V32P-A044629,0,0.606244295835495,0.60711768269538879,0,0
donor_withdrawal,6451,V32P-A044630,0,0.41754187643527985,0.42520609200000764,0,0
donor_withdrawal,6452,V32P-A044631,0,0.52025715112686155,0.52138508558273311,0,0
donor_withdrawal,6453,V32P-A044632,0,0.41354789733886721,0.41765961647033689,0,0
donor_withdrawal,6454,V32P-A044633,1,0.27971906661987306,0.28714397549629211,0,0
donor_withdrawal,6455,V32P-A044634,0,0.019037275947630404,0.020767037943005561,0,0
donor_withdrawal,6456,V32P-A044641,0,0.68303190469741826,0.68157130479812622,1,1
donor_withdrawal,6457,V32P-A044642,0,0.63698602914810176,0.63851281404495241,1,1
donor_withdrawal,6458,V32P-A044643,0,0.61311242580413816,0.61691653728485107,0,0
donor_withdrawal,6459,V32P-A044644,1,0.5228877484798431,0.52899764180183406,0,0
donor_withdrawal,6460,V32P-A044645,0,0.064729802310466766,0.069480420649051661,0,0
donor_withdrawal,6461,V32P-A044646,0,0.027151959389448165,0.029481828957796097,0,0
donor_withdrawal,6462,V32P-A044647,0,0.60276816487312312,0.60140021443367009,0,0
donor_withdrawal,6463,V32P-A044648,0,0.50721721649169926,0.50336589813232424,0,0
donor_withdrawal,6464,V32P-A044649,0,0.45730049610137941,0.45224229693412782,0,0
donor_withdrawal,6465,V32P-A044650,0,0.39389228820800781,0.38775779604911803,0,0
donor_withdrawal,6466,V32P-A044651,0,0.32182446420192717,0.31613767743110655,0,0
donor_withdrawal,6467,V32P-A044652,0,0.17402718961238861,0.17247870564460754,0,0
donor_withdrawal,6468,V32P-A044665,0,0.44194022417068479,0.4381847858428955,0,0
donor_withdrawal,6469,V32P-A044666,0,0.41036071777343752,0.40641987323760986,0,0
donor_withdrawal,6470,V32P-A044667,0,0.38052328526973722,0.37700977027416227,0,0
donor_withdrawal,6471,V32P-A044668,0,0.30996800661087037,0.30800800323486327,0,0
donor_withdrawal,6472,V32P-A044669,0,0.23991377651691437,0.23970995247364044,0,0
donor_withdrawal,6473,V32P-A044670,0,0.10429360941052437,0.10754709914326668,0,0
donor_withdrawal,6474,V32P-A044695,0,0.6914640426635742,0.6890473008155823,1,1
donor_withdrawal,6475,V32P-A044696,0,0.58366003036499026,0.57715517282485962,0,0
donor_withdrawal,6476,V32P-A044697,0,0.52729483842849734,0.52034344077110295,0,0
donor_withdrawal,6477,V32P-A044698,1,0.49525877237319949,0.48735861182212831,0,0
donor_withdrawal,6478,V32P-A044699,0,0.078798343241214749,0.080670356750488281,0,0
donor_withdrawal,6479,V32P-A044700,0,0.036578747443854809,0.03777520935982466,0,0
donor_withdrawal,6480,V32P-A044731,1,0.83467602729797363,0.83711385726928711,1,1
donor_withdrawal,6481,V32P-A044732,1,0.64472426176071163,0.649001681804657,1,1
donor_withdrawal,6482,V32P-A044733,1,0.75779346227645872,0.76653288602828984,1,1
donor_withdrawal,6483,V32P-A044734,0,0.15985697060823439,0.16463669687509536,0,0
donor_withdrawal,6484,V32P-A044735,0,0.12400468960404396,0.12719705924391747,0,0
donor_withdrawal,6485,V32P-A044736,0,0.061134768649935722,0.06281035952270031,0,0
donor_withdrawal,6486,V32P-A044749,0,0.63596267700195308,0.63388205170631406,1,1
donor_withdrawal,6487,V32P-A044750,0,0.63072311878204346,0.62997772693634035,1,1
donor_withdrawal,6488,V32P-A044751,0,0.60385262966156006,0.60377989411354061,0,0
donor_withdrawal,6489,V32P-A044752,0,0.56723598837852474,0.56798129081726079,0,0
donor_withdrawal,6490,V32P-A044753,0,0.51066035628318784,0.51226666569709778,0,0
donor_withdrawal,6491,V32P-A044754,0,0.044691326469182967,0.046753720566630366,0,0
donor_withdrawal,6492,V32P-A044773,0,0.64265142679214482,0.63773410320281987,1,1
donor_withdrawal,6493,V32P-A044774,0,0.48563973307609559,0.47710253596305846,0,0
donor_withdrawal,6494,V32P-A044775,0,0.43580244779586791,0.42454935312271119,0,0
donor_withdrawal,6495,V32P-A044776,0,0.43603608608245847,0.42362738847732545,0,0
donor_withdrawal,6496,V32P-A044777,0,0.31595138609409334,0.30264590084552767,0,0
donor_withdrawal,6497,V32P-A044778,0,0.15808653980493545,0.15349239856004715,0,0
donor_withdrawal,6498,V32P-A044797,0,0.44736507534980774,0.45356143712997438,0,0
donor_withdrawal,6499,V32P-A044798,0,0.46209663748741148,0.46935821771621705,0,0
donor_withdrawal,6500,V32P-A044799,0,0.44913851618766787,0.45703843235969543,0,0
donor_withdrawal,6501,V32P-A044800,0,0.39628121852874754,0.4053288996219635,0,0
donor_withdrawal,6502,V32P-A044801,0,0.33954210281372071,0.34954848885536194,0,0
donor_withdrawal,6503,V32P-A044802,0,0.16990507841110231,0.17876091599464417,0,0
donor_withdrawal,6504,V32P-A044947,0,0.74676811695098877,0.74023014307022095,1,1
donor_withdrawal,6505,V32P-A044948,0,0.56884055137634282,0.56129301786422725,0,0
donor_withdrawal,6506,V32P-A044949,0,0.51859733462333679,0.51058169007301335,0,0
donor_withdrawal,6507,V32P-A044950,0,0.39813581705093382,0.3909544885158539,0,0
donor_withdrawal,6508,V32P-A044951,0,0.40933021306991579,0.40002353191375734,0,0
donor_withdrawal,6509,V32P-A044952,0,0.17194918692111968,0.1713812232017517,0,0
donor_withdrawal,6510,V32P-A045013,0,0.66635271310806277,0.66449531316757204,1,1
donor_withdrawal,6511,V32P-A045014,0,0.53283962607383728,0.52869856357574463,0,0
donor_withdrawal,6512,V32P-A045015,0,0.52661758065223696,0.52588760256767275,0,0
donor_withdrawal,6513,V32P-A045016,0,0.4673369824886322,0.46894884705543516,0,0
donor_withdrawal,6514,V32P-A045017,0,0.36927441358566282,0.37290498614311218,0,0
donor_withdrawal,6515,V32P-A045018,0,0.14954534769058228,0.15653109550476074,0,0
donor_withdrawal,6516,V32P-A045037,0,0.6295749425888062,0.62961258888244631,1,1
donor_withdrawal,6517,V32P-A045038,0,0.6244725823402405,0.62521735429763792,1,1
donor_withdrawal,6518,V32P-A045039,0,0.55069917440414429,0.55280128717422483,0,0
donor_withdrawal,6519,V32P-A045040,0,0.45625411272048949,0.463550466299057,0,0
donor_withdrawal,6520,V32P-A045041,0,0.37480658888816831,0.38761026859283448,0,0
donor_withdrawal,6521,V32P-A045042,0,0.14169294238090516,0.15257054865360259,0,0
donor_withdrawal,6522,V32P-A045043,0,0.68739988803863528,0.68066432476043703,1,1
donor_withdrawal,6523,V32P-A045044,0,0.51984174847602849,0.5095525920391083,0,0
donor_withdrawal,6524,V32P-A045045,0,0.42523784637451173,0.40888234376907351,0,0
donor_withdrawal,6525,V32P-A045046,0,0.28218325376510622,0.26795213222503661,0,0
donor_withdrawal,6526,V32P-A045047,0,0.19772807955741883,0.1875766098499298,0,0
donor_withdrawal,6527,V32P-A045048,0,0.07372869029641152,0.071067909151315695,0,0
donor_withdrawal,6528,V32P-A045085,0,0.46279991865158082,0.47078946828842161,0,0
donor_withdrawal,6529,V32P-A045086,0,0.41995211839675906,0.43533480167388916,0,0
donor_withdrawal,6530,V32P-A045087,0,0.41080918908119202,0.42316058874130247,0,0
donor_withdrawal,6531,V32P-A045088,0,0.33633830547332766,0.35053464174270632,0,0
donor_withdrawal,6532,V32P-A045089,0,0.27002499699592591,0.28903028964996336,0,0
donor_withdrawal,6533,V32P-A045090,0,0.12264809906482696,0.13301105052232742,0,0
donor_withdrawal,6534,V32P-A045163,0,0.6786661028862,0.68450742959976196,1,1
donor_withdrawal,6535,V32P-A045164,0,0.56455537080764773,0.5733446478843689,0,0
donor_withdrawal,6536,V32P-A045165,0,0.51680128574371342,0.5256384015083313,0,0
donor_withdrawal,6537,V32P-A045166,0,0.41987572908401488,0.43049060106277465,0,0
donor_withdrawal,6538,V32P-A045167,0,0.33651834130287173,0.34927597641944885,0,0
donor_withdrawal,6539,V32P-A045168,0,0.15145898759365081,0.15999400317668916,0,0
donor_withdrawal,6540,V32P-A045199,0,0.53139678835868831,0.52218690514564514,0,0
donor_withdrawal,6541,V32P-A045200,0,0.54818845391273496,0.54108943343162541,0,0
donor_withdrawal,6542,V32P-A045201,0,0.5150582075119019,0.50917868018150325,0,0
donor_withdrawal,6543,V32P-A045202,0,0.44127106666564941,0.43714686632156374,0,0
donor_withdrawal,6544,V32P-A045203,0,0.36134071052074435,0.35856815278530119,0,0
donor_withdrawal,6545,V32P-A045204,0,0.17117226421833037,0.17239139974117279,0,0
donor_withdrawal,6546,V32P-A045259,0,0.70146925449371333,0.70593812465667727,1,1
donor_withdrawal,6547,V32P-A045260,0,0.5572023212909698,0.56287022233009343,0,0
donor_withdrawal,6548,V32P-A045261,0,0.63762059211730959,0.64680987596511841,1,1
donor_withdrawal,6549,V32P-A045262,0,0.47706519961357119,0.48568353652954099,0,0
donor_withdrawal,6550,V32P-A045263,0,0.39255295097827914,0.40300517380237577,0,0
donor_withdrawal,6551,V32P-A045264,0,0.19201916158199311,0.20393997132778169,0,0
donor_withdrawal,6552,V32P-A045325,0,0.62768976688385014,0.63005138635635372,1,1
donor_withdrawal,6553,V32P-A045326,0,0.63844060897827148,0.64240856170654292,1,1
donor_withdrawal,6554,V32P-A045327,0,0.64945501089096069,0.65348348617553709,1,1
donor_withdrawal,6555,V32P-A045328,0,0.59495853185653691,0.60164749622344971,0,0
donor_withdrawal,6556,V32P-A045329,0,0.54106758832931523,0.55356314182281496,0,0
donor_withdrawal,6557,V32P-A045330,0,0.3305992126464844,0.35027441978454588,0,0
donor_withdrawal,6558,V32P-A045337,0,0.67388444542884829,0.6644443213939667,1,1
donor_withdrawal,6559,V32P-A045338,0,0.56564879417419434,0.55305036306381228,0,0
donor_withdrawal,6560,V32P-A045339,0,0.47078260779380798,0.45441014170646665,0,0
donor_withdrawal,6561,V32P-A045340,0,0.33857856392860414,0.31966470479965209,0,0
donor_withdrawal,6562,V32P-A045341,0,0.25527174174785616,0.23892608582973479,0,0
donor_withdrawal,6563,V32P-A045342,0,0.1119884666055441,0.10862517319619655,0,0
donor_withdrawal,6564,V32P-A045361,0,0.30658324062824249,0.30586657226085662,0,0
donor_withdrawal,6565,V32P-A045362,0,0.35441232323646543,0.35676739215850828,0,0
donor_withdrawal,6566,V32P-A045363,0,0.36546071767807009,0.37009375691413882,0,0
donor_withdrawal,6567,V32P-A045364,0,0.30487498641014099,0.31388988494873049,0,0
donor_withdrawal,6568,V32P-A045365,0,0.25088168382644654,0.26311873793601992,0,0
donor_withdrawal,6569,V32P-A045366,0,0.11542299985885621,0.12955144047737122,0,0
donor_withdrawal,6570,V32P-A045457,0,0.68991659879684453,0.69306483268737795,1,1
donor_withdrawal,6571,V32P-A045458,0,0.57604990005493162,0.58243931531906123,0,0
donor_withdrawal,6572,V32P-A045459,0,0.50700013041496272,0.51370424628257749,0,0
donor_withdrawal,6573,V32P-A045460,0,0.42913210988044737,0.43722344636917115,0,0
donor_withdrawal,6574,V32P-A045461,0,0.35314182043075559,0.36124406456947328,0,0
donor_withdrawal,6575,V32P-A045462,0,0.029909844137728216,0.031778978370130065,0,0
donor_withdrawal,6576,V32P-A045469,0,0.69550318717956539,0.70058600902557377,1,1
donor_withdrawal,6577,V32P-A045470,0,0.63833562135696409,0.64350090026855467,1,1
donor_withdrawal,6578,V32P-A045471,0,0.66775075197219846,0.67341881990432739,1,1
donor_withdrawal,6579,V32P-A045472,0,0.68714790344238286,0.69271556138992307,1,1
donor_withdrawal,6580,V32P-A045473,1,0.57703940272331233,0.59019011855125425,0,0
donor_withdrawal,6581,V32P-A045474,0,0.041555895842611788,0.043288569524884225,0,0
donor_withdrawal,6582,V32P-A045499,0,0.61939592361450191,0.61792873144149785,0,0
donor_withdrawal,6583,V32P-A045500,0,0.52958648204803471,0.527138352394104,0,0
donor_withdrawal,6584,V32P-A045501,0,0.46403295397758482,0.46186082363128661,0,0
donor_withdrawal,6585,V32P-A045502,0,0.3848637819290161,0.38489980101585386,0,0
donor_withdrawal,6586,V32P-A045503,1,0.36396393775939939,0.36576628088951113,0,0
donor_withdrawal,6587,V32P-A045504,0,0.028701826371252535,0.030986196734011172,0,0
donor_withdrawal,6588,V32P-A045523,0,0.4286171317100525,0.42423557639122011,0,0
donor_withdrawal,6589,V32P-A045524,0,0.40751117467880249,0.40393304228782656,0,0
donor_withdrawal,6590,V32P-A045525,0,0.38064826130867002,0.37800266742706301,0,0
donor_withdrawal,6591,V32P-A045526,0,0.31997432708740237,0.3192909896373749,0,0
donor_withdrawal,6592,V32P-A045527,0,0.25339565277099607,0.25430368781089785,0,0
donor_withdrawal,6593,V32P-A045528,0,0.1164748415350914,0.11985172182321549,0,0
donor_withdrawal,6594,V32P-A045583,0,0.4973915755748749,0.49998748898506162,0,0
donor_withdrawal,6595,V32P-A045584,0,0.44679169058799745,0.44983772635459901,0,0
donor_withdrawal,6596,V32P-A045585,0,0.46338741183280946,0.46746249794960021,0,0
donor_withdrawal,6597,V32P-A045586,0,0.414928138256073,0.42160521745681762,0,0
donor_withdrawal,6598,V32P-A045587,1,0.35136050879955294,0.36027087271213531,0,0
donor_withdrawal,6599,V32P-A045588,0,0.025757108256220816,0.029872316867113113,0,0
donor_withdrawal,6600,V32P-A045619,0,0.54596682786941531,0.54587383270263667,0,0
donor_withdrawal,6601,V32P-A045620,0,0.50901219844818113,0.51028101444244389,0,0
donor_withdrawal,6602,V32P-A045621,0,0.47729062438011172,0.47947939038276671,0,0
donor_withdrawal,6603,V32P-A045622,0,0.39260908365249636,0.39723882675170896,0,0
donor_withdrawal,6604,V32P-A045623,0,0.31649452745914458,0.32303152978420258,0,0
donor_withdrawal,6605,V32P-A045624,0,0.02344478163868189,0.025633394531905652,0,0
donor_withdrawal,6606,V32P-A045697,0,0.78918526172637937,0.79081400632858279,1,1
donor_withdrawal,6607,V32P-A045698,0,0.63288053274154665,0.6380744934082031,1,1
donor_withdrawal,6608,V32P-A045699,0,0.66431977748870852,0.66814367771148686,1,1
donor_withdrawal,6609,V32P-A045700,0,0.52361497282981873,0.53518571257591252,0,0
donor_withdrawal,6610,V32P-A045701,0,0.5375433743000031,0.54889531731605534,0,0
donor_withdrawal,6611,V32P-A045702,0,0.27290453314781188,0.29004296958446502,0,0
donor_withdrawal,6612,V32P-A045811,0,0.62139402627944951,0.61947009563446043,1,0
donor_withdrawal,6613,V32P-A045812,0,0.56279366016387944,0.56265822649002073,0,0
donor_withdrawal,6614,V32P-A045813,0,0.40861862897872925,0.41567611694335938,0,0
donor_withdrawal,6615,V32P-A045814,0,0.34453150928020476,0.3520264893770218,0,0
donor_withdrawal,6616,V32P-A045815,0,0.32333746552467346,0.33172298073768614,0,0
donor_withdrawal,6617,V32P-A045816,0,0.15546747297048569,0.16652524024248122,0,0
donor_withdrawal,6618,V32P-A045871,0,0.46313300728797913,0.4618260681629181,0,0
donor_withdrawal,6619,V32P-A045872,0,0.41856852769851682,0.41866928935050962,0,0
donor_withdrawal,6620,V32P-A045873,0,0.40702058672904967,0.41108950972557068,0,0
donor_withdrawal,6621,V32P-A045874,1,0.34369604587554931,0.34915972948074342,0,0
donor_withdrawal,6622,V32P-A045875,0,0.04965096488595009,0.053717412054538727,0,0
donor_withdrawal,6623,V32P-A045876,0,0.020141690038144588,0.02230537999421358,0,0
donor_withdrawal,6624,V32P-A045895,0,0.28405464589595797,0.27466520369052888,0,0
donor_withdrawal,6625,V32P-A045896,0,0.31737516522407533,0.31402706503868105,0,0
donor_withdrawal,6626,V32P-A045897,0,0.28402180671691896,0.28366832733154296,0,0
donor_withdrawal,6627,V32P-A045898,1,0.22732940912246705,0.22882997989654541,0,0
donor_withdrawal,6628,V32P-A045899,0,0.029641312733292579,0.032567509636282924,0,0
donor_withdrawal,6629,V32P-A045900,0,0.012987512350082397,0.01447169966995716,0,0
donor_withdrawal,6630,V32P-A045907,0,0.72101166248321535,0.72102223634719853,1,1
donor_withdrawal,6631,V32P-A045908,0,0.51595367789268498,0.51117229461669922,0,0
donor_withdrawal,6632,V32P-A045909,0,0.47489234209060671,0.47626423835754395,0,0
donor_withdrawal,6633,V32P-A045910,0,0.41593945622444151,0.42030298113822939,0,0
donor_withdrawal,6634,V32P-A045911,0,0.33490230739116666,0.3411813288927078,0,0
donor_withdrawal,6635,V32P-A045912,0,0.14950617104768754,0.1552738517522812,0,0
donor_withdrawal,6636,V32P-A045919,0,0.5097313463687897,0.50955968499183657,0,0
donor_withdrawal,6637,V32P-A045920,0,0.45742951631546019,0.45476428270339964,0,0
donor_withdrawal,6638,V32P-A045921,0,0.40174929201602938,0.39757047593593597,0,0
donor_withdrawal,6639,V32P-A045922,0,0.34784866869449615,0.34380913674831393,0,0
donor_withdrawal,6640,V32P-A045923,0,0.28035401105880736,0.27556141316890714,0,0
donor_withdrawal,6641,V32P-A045924,0,0.14517229571938514,0.14397444352507591,0,0
donor_withdrawal,6642,V32P-A046177,0,0.59787084460258488,0.59827753901481628,0,0
donor_withdrawal,6643,V32P-A046178,0,0.5481659889221191,0.54972029924392696,0,0
donor_withdrawal,6644,V32P-A046179,0,0.50787382721900942,0.51037319302558903,0,0
donor_withdrawal,6645,V32P-A046180,0,0.42132559418678284,0.42788580060005188,0,0
donor_withdrawal,6646,V32P-A046181,0,0.34729866385459901,0.3573489785194397,0,0
donor_withdrawal,6647,V32P-A046182,0,0.19347117245197296,0.20507533550262452,0,0
donor_withdrawal,6648,V32P-A046189,0,0.65405956506729124,0.65057116746902466,1,1
donor_withdrawal,6649,V32P-A046190,0,0.57883312702178957,0.57705971002578738,0,0
donor_withdrawal,6650,V32P-A046191,0,0.54326966404914856,0.54361624121665952,0,0
donor_withdrawal,6651,V32P-A046192,0,0.47039169669151304,0.47343924641609192,0,0
donor_withdrawal,6652,V32P-A046193,1,0.42936131954193113,0.43449359536170962,0,0
donor_withdrawal,6653,V32P-A046194,0,0.031804678216576579,0.034047547727823257,0,0
donor_withdrawal,6654,V32P-A046195,0,0.62341699600219724,0.61607068777084351,1,0
donor_withdrawal,6655,V32P-A046196,0,0.6085077047348022,0.59980968236923216,0,0
donor_withdrawal,6656,V32P-A046197,0,0.49280755519866942,0.47873364686965941,0,0
donor_withdrawal,6657,V32P-A046198,0,0.41141906976699827,0.39785135984420777,0,0
donor_withdrawal,6658,V32P-A046199,0,0.33509009778499604,0.32421188652515409,0,0
donor_withdrawal,6659,V32P-A046200,0,0.16641346812248231,0.16317939311265944,0,0
donor_withdrawal,6660,V32P-A046267,0,0.51409628391265871,0.52123376131057741,0,0
donor_withdrawal,6661,V32P-A046268,0,0.48036629855632784,0.49523019492626191,0,0
donor_withdrawal,6662,V32P-A046269,0,0.42033103108406067,0.43895512223243716,0,0
donor_withdrawal,6663,V32P-A046270,0,0.35492637753486633,0.37873789072036745,0,0
donor_withdrawal,6664,V32P-A046271,0,0.29066730588674544,0.31794290989637375,0,0
donor_withdrawal,6665,V32P-A046272,0,0.13376010023057461,0.15357058309018612,0,0
donor_withdrawal,6666,V32P-A046273,0,0.3487565040588379,0.33290557265281678,0,0
donor_withdrawal,6667,V32P-A046274,0,0.40459781885147095,0.39803711771965028,0,0
donor_withdrawal,6668,V32P-A046275,0,0.40595298409461977,0.39364528656005859,0,0
donor_withdrawal,6669,V32P-A046276,0,0.34931633472442625,0.33966771960258485,0,0
donor_withdrawal,6670,V32P-A046277,0,0.28580447733402253,0.27816995680332185,0,0
donor_withdrawal,6671,V32P-A046278,0,0.13333601951599122,0.13180866539478303,0,0
donor_withdrawal,6672,V32P-A046291,0,0.83376731872558596,0.83307298421859743,1,1
donor_withdrawal,6673,V32P-A046292,0,0.6846749067306519,0.68294523954391484,1,1
donor_withdrawal,6674,V32P-A046293,0,0.59843073487281795,0.59682270884513855,0,0
donor_withdrawal,6675,V32P-A046294,0,0.54809180498123167,0.54654409885406496,0,0
donor_withdrawal,6676,V32P-A046295,0,0.53832541108131404,0.53702512979507444,0,0
donor_withdrawal,6677,V32P-A046296,0,0.048664445988833904,0.050037664733827113,0,0
donor_withdrawal,6678,V32P-A046309,0,0.70055533647537227,0.69659545421600344,1,1
donor_withdrawal,6679,V32P-A046310,0,0.6433422446250916,0.63942600488662715,1,1
donor_withdrawal,6680,V32P-A046311,0,0.57123546600341801,0.56871504783630367,0,0
donor_withdrawal,6681,V32P-A046312,0,0.44338836669921877,0.4429990887641907,0,0
donor_withdrawal,6682,V32P-A046313,0,0.33853269219398496,0.34089015722274779,0,0
donor_withdrawal,6683,V32P-A046314,0,0.13694998621940613,0.14274369180202484,0,0
donor_withdrawal,6684,V32P-A046351,0,0.70467183589935301,0.70652208328247068,1,1
donor_withdrawal,6685,V32P-A046352,0,0.50783328413963313,0.50815139412879939,0,0
donor_withdrawal,6686,V32P-A046353,0,0.39187849760055543,0.39565255045890807,0,0
donor_withdrawal,6687,V32P-A046354,0,0.46755187511444091,0.46587743163108825,0,0
donor_withdrawal,6688,V32P-A046355,0,0.31894119381904601,0.31758813858032225,0,0
donor_withdrawal,6689,V32P-A046356,0,0.15839838981628418,0.15994874835014344,0,0
donor_withdrawal,6690,V32P-A046429,1,0.77562445402145386,0.77150950431823728,1,1
donor_withdrawal,6691,V32P-A046430,1,0.67815421819686894,0.67110693454742432,1,1
donor_withdrawal,6692,V32P-A046431,1,0.60680550336837769,0.5988786101341248,0,0
donor_withdrawal,6693,V32P-A046432,0,0.095589126273989675,0.096841543540358538,0,0
donor_withdrawal,6694,V32P-A046433,0,0.071090316399931908,0.072366660460829735,0,0
donor_withdrawal,6695,V32P-A046434,0,0.031990458630025385,0.032801245339214802,0,0
donor_withdrawal,6696,V32P-A046453,0,0.2704898238182068,0.26300745606422427,0,0
donor_withdrawal,6697,V32P-A046454,0,0.30280227065086363,0.29585022330284116,0,0
donor_withdrawal,6698,V32P-A046455,0,0.27584846317768097,0.2684482544660568,0,0
donor_withdrawal,6699,V32P-A046456,0,0.22953736186027526,0.22334211766719819,0,0
donor_withdrawal,6700,V32P-A046457,0,0.18162370324134827,0.17745085954666137,0,0
donor_withdrawal,6701,V32P-A046458,0,0.086785578727722162,0.087328135967254639,0,0
donor_withdrawal,6702,V32P-A046477,0,0.65611007213592532,0.65109254121780391,1,1
donor_withdrawal,6703,V32P-A046478,0,0.48517481088638303,0.47708632349967955,0,0
donor_withdrawal,6704,V32P-A046479,0,0.43908041715621948,0.43111990094184877,0,0
donor_withdrawal,6705,V32P-A046480,0,0.42989656925201414,0.42089693546295165,0,0
donor_withdrawal,6706,V32P-A046481,0,0.35768496990203857,0.34918093085289004,0,0
donor_withdrawal,6707,V32P-A046482,0,0.19204827547073364,0.18664963245391847,0,0
donor_withdrawal,6708,V32P-A046519,0,0.46307885050773623,0.45856947302818296,0,0
donor_withdrawal,6709,V32P-A046520,0,0.43617326021194458,0.43127487897872924,0,0
donor_withdrawal,6710,V32P-A046521,0,0.35948235392570493,0.35791454911231996,0,0
donor_withdrawal,6711,V32P-A046522,0,0.28478987216949464,0.28496367931365968,0,0
donor_withdrawal,6712,V32P-A046523,1,0.24967696368694306,0.2523667961359024,0,0
donor_withdrawal,6713,V32P-A046524,0,0.024344847397878767,0.025383788580074906,0,0
donor_withdrawal,6714,V32P-A046543,0,0.48855226635932925,0.47777984142303465,0,0
donor_withdrawal,6715,V32P-A046544,0,0.46038331985473635,0.45023040175437928,0,0
donor_withdrawal,6716,V32P-A046545,0,0.41644493937492372,0.40736203789711001,0,0
donor_withdrawal,6717,V32P-A046546,0,0.40217734575271608,0.38947342634201049,0,0
donor_withdrawal,6718,V32P-A046547,0,0.31745093762874604,0.31124494969844818,0,0
donor_withdrawal,6719,V32P-A046548,0,0.14094898998737335,0.13783877491950988,0,0
donor_withdrawal,6720,V32P-A046567,0,0.60763574242591856,0.60171871781349184,0,0
donor_withdrawal,6721,V32P-A046568,0,0.63399745225906368,0.62944673299789433,1,1
donor_withdrawal,6722,V32P-A046569,0,0.60922721624374387,0.60668382644653318,0,0
donor_withdrawal,6723,V32P-A046570,0,0.55930144190788267,0.55827117562294004,0,0
donor_withdrawal,6724,V32P-A046571,0,0.5003037571907043,0.50107998251914976,0,0
donor_withdrawal,6725,V32P-A046572,0,0.28570819795131686,0.29108369052410127,0,0
donor_withdrawal,6726,V32P-A046609,0,0.66339951753616333,0.66766729354858401,1,1
donor_withdrawal,6727,V32P-A046610,0,0.55979648828506468,0.56143957376480103,0,0
donor_withdrawal,6728,V32P-A046611,0,0.54973345994949341,0.55339978933334355,0,0
donor_withdrawal,6729,V32P-A046612,0,0.48427361845970152,0.49201583862304688,0,0
donor_withdrawal,6730,V32P-A046613,0,0.39199877977371217,0.40189656019210818,0,0
donor_withdrawal,6731,V32P-A046614,0,0.16658059060573577,0.17502402961254121,0,0
donor_withdrawal,6732,V32P-A046687,0,0.80514043569564819,0.80541964769363406,1,1
donor_withdrawal,6733,V32P-A046688,0,0.74145377874374385,0.74241429567337036,1,1
donor_withdrawal,6734,V32P-A046689,0,0.59055085182189937,0.59584040641784664,0,0
donor_withdrawal,6735,V32P-A046690,0,0.53421630859375002,0.54047076702117924,0,0
donor_withdrawal,6736,V32P-A046691,0,0.43077138066291809,0.43802104592323304,0,0
donor_withdrawal,6737,V32P-A046692,0,0.20122458338737487,0.20810236334800719,0,0
donor_withdrawal,6738,V32P-A046705,0,0.42094679474830626,0.42414367198944092,0,0
donor_withdrawal,6739,V32P-A046706,0,0.37003051042556762,0.37364780902862549,0,0
donor_withdrawal,6740,V32P-A046707,0,0.37388526797294619,0.37817265391349791,0,0
donor_withdrawal,6741,V32P-A046708,0,0.3263719230890274,0.33149567544460296,0,0
donor_withdrawal,6742,V32P-A046709,1,0.26559560596942899,0.27072014510631559,0,0
donor_withdrawal,6743,V32P-A046710,0,0.024134816508740185,0.026189143117517234,0,0
donor_withdrawal,6744,V32P-A046819,0,0.46666162014007567,0.45557539463043212,0,0
donor_withdrawal,6745,V32P-A046820,0,0.50718251466751096,0.50294978618621822,0,0
donor_withdrawal,6746,V32P-A046821,0,0.4755123734474182,0.47144051790237429,0,0
donor_withdrawal,6747,V32P-A046822,1,0.43743059635162351,0.43536399006843568,0,0
donor_withdrawal,6748,V32P-A046823,0,0.059281956031918527,0.061297980323433879,0,0
donor_withdrawal,6749,V32P-A046824,0,0.028214374743402004,0.029741046018898487,0,0
donor_withdrawal,6750,V32P-A046933,0,0.52669054865837095,0.51935469508171084,0,0
donor_withdrawal,6751,V32P-A046934,0,0.46661951541900637,0.4673393130302429,0,0
donor_withdrawal,6752,V32P-A046935,0,0.39168446660041811,0.39653019309043885,0,0
donor_withdrawal,6753,V32P-A046936,0,0.30451715886592867,0.31359197199344635,0,0
donor_withdrawal,6754,V32P-A046937,0,0.26266644895076752,0.27174775302410126,0,0
donor_withdrawal,6755,V32P-A046938,0,0.12071232050657273,0.12908738106489182,0,0
donor_withdrawal,6756,V32P-A046975,0,0.83659231662750244,0.83492764234542849,1,1
donor_withdrawal,6757,V32P-A046976,0,0.75077768564224245,0.74678095579147341,1,1
donor_withdrawal,6758,V32P-A046977,0,0.73657016754150395,0.73357236385345459,1,1
donor_withdrawal,6759,V32P-A046978,0,0.6831268191337585,0.67967061996459965,1,1
donor_withdrawal,6760,V32P-A046979,1,0.75183283090591435,0.75415431261062627,1,1
donor_withdrawal,6761,V32P-A046980,0,0.080059409514069563,0.081925394386053091,0,0
donor_withdrawal,6762,V32P-A047089,0,0.63137555122375488,0.63392076492309568,1,1
donor_withdrawal,6763,V32P-A047090,0,0.62586667537689211,0.63466125726699829,1,1
donor_withdrawal,6764,V32P-A047091,0,0.60385780334472661,0.60867236852645878,0,0
donor_withdrawal,6765,V32P-A047092,0,0.5968849301338196,0.6034818649291992,0,0
donor_withdrawal,6766,V32P-A047093,0,0.52719774246215823,0.53794039487838741,0,0
donor_withdrawal,6767,V32P-A047094,0,0.30606532692909239,0.31774925589561465,0,0
donor_withdrawal,6768,V32P-A047143,0,0.72028270959854124,0.72130415439605711,1,1
donor_withdrawal,6769,V32P-A047144,0,0.58963686227798462,0.58957808017730717,0,0
donor_withdrawal,6770,V32P-A047145,0,0.46946387290954589,0.46738906502723693,0,0
donor_withdrawal,6771,V32P-A047146,0,0.5302807092666626,0.53029888868331909,0,0
donor_withdrawal,6772,V32P-A047147,0,0.34729951620101929,0.34523347616195676,0,0
donor_withdrawal,6773,V32P-A047148,0,0.17725424319505692,0.17644694596529006,0,0
donor_withdrawal,6774,V32P-A047173,0,0.54513323903083799,0.54712285399436955,0,0
donor_withdrawal,6775,V32P-A047174,0,0.50870695114135744,0.51456981897354126,0,0
donor_withdrawal,6776,V32P-A047175,0,0.47343506217002868,0.48286808729171754,0,0
donor_withdrawal,6777,V32P-A047176,0,0.41124122738838198,0.42322996258735657,0,0
donor_withdrawal,6778,V32P-A047177,1,0.37025989890098571,0.38344601392745969,0,0
donor_withdrawal,6779,V32P-A047178,0,0.028925811313092707,0.031640856899321078,0,0
donor_withdrawal,6780,V32P-A047179,0,0.56834889650344844,0.55412342548370364,0,0
donor_withdrawal,6781,V32P-A047180,0,0.45912346243858337,0.44297221302986145,0,0
donor_withdrawal,6782,V32P-A047181,0,0.44609280824661257,0.43269167542457582,0,0
donor_withdrawal,6783,V32P-A047182,0,0.35891786217689514,0.34669185280799864,0,0
donor_withdrawal,6784,V32P-A047183,0,0.28135991692543028,0.27296406030654907,0,0
donor_withdrawal,6785,V32P-A047184,0,0.10972974896430969,0.10916634798049926,0,0
donor_withdrawal,6786,V32P-A047269,1,0.52199816703796387,0.50734508037567139,0,0
donor_withdrawal,6787,V32P-A047270,1,0.56953799128532412,0.55835534930229191,0,0
donor_withdrawal,6788,V32P-A047271,1,0.65662212371826167,0.64665758609771729,1,1
donor_withdrawal,6789,V32P-A047272,0,0.09946470707654953,0.10000360906124114,0,0
donor_withdrawal,6790,V32P-A047273,0,0.078600245714187625,0.079461039602756495,0,0
donor_withdrawal,6791,V32P-A047274,0,0.034728356078267096,0.0355268370360136,0,0
donor_withdrawal,6792,V32P-A047395,1,0.84161908626556392,0.84119710922241209,1,1
donor_withdrawal,6793,V32P-A047396,1,0.69557088613510132,0.69057154655456543,1,1
donor_withdrawal,6794,V32P-A047397,1,0.67371351718902583,0.66833771467208858,1,1
donor_withdrawal,6795,V32P-A047398,0,0.24353308528661727,0.2457679808139801,0,0
donor_withdrawal,6796,V32P-A047399,0,0.15855617299675942,0.16007998883724212,0,0
donor_withdrawal,6797,V32P-A047400,0,0.069742823019623756,0.070763175934553141,0,0
donor_withdrawal,6798,V32P-A047455,0,0.84450322389602661,0.8429702162742615,1,1
donor_withdrawal,6799,V32P-A047456,0,0.72717441320419307,0.72616986036300657,1,1
donor_withdrawal,6800,V32P-A047457,0,0.8207326292991638,0.8206879615783691,1,1
donor_withdrawal,6801,V32P-A047458,0,0.59063799381256099,0.59542191028594971,0,0
donor_withdrawal,6802,V32P-A047459,0,0.50324834585189815,0.50778902173042295,0,0
donor_withdrawal,6803,V32P-A047460,0,0.24352947771549224,0.24811340868473053,0,0
donor_withdrawal,6804,V32P-A047491,0,0.79293369054794316,0.79021812677383418,1,1
donor_withdrawal,6805,V32P-A047492,0,0.66506655216217037,0.65929443836212154,1,1
donor_withdrawal,6806,V32P-A047493,0,0.75665937662124638,0.75423940420150759,1,1
donor_withdrawal,6807,V32P-A047494,0,0.61321212053298946,0.60875651836395261,0,0
donor_withdrawal,6808,V32P-A047495,0,0.56664590239524837,0.56386429667472837,0,0
donor_withdrawal,6809,V32P-A047496,0,0.34891979098320008,0.34999330043792726,0,0
donor_withdrawal,6810,V32P-A047527,0,0.49191071987152102,0.49919978380203245,0,0
donor_withdrawal,6811,V32P-A047528,0,0.43188664615154265,0.43779559433460236,0,0
donor_withdrawal,6812,V32P-A047529,0,0.38956162631511687,0.394354447722435,0,0
donor_withdrawal,6813,V32P-A047530,0,0.32195111215114591,0.32590520083904267,0,0
donor_withdrawal,6814,V32P-A047531,1,0.25698614865541458,0.26058287173509598,0,0
donor_withdrawal,6815,V32P-A047532,0,0.026049215206876399,0.027268689544871449,0,0
donor_withdrawal,6816,V32P-A047533,0,0.65971695184707646,0.66451938152313228,1,1
donor_withdrawal,6817,V32P-A047534,0,0.56483058333396907,0.5714447677135468,0,0
donor_withdrawal,6818,V32P-A047535,0,0.54213305115699773,0.54864524006843562,0,0
donor_withdrawal,6819,V32P-A047536,1,0.47414633631706238,0.48269519209861755,0,0
donor_withdrawal,6820,V32P-A047537,0,0.067479113489389425,0.07278040423989296,0,0
donor_withdrawal,6821,V32P-A047538,0,0.032716271933168173,0.035860143136233091,0,0
donor_withdrawal,6822,V32P-A047539,0,0.71253113746643071,0.7115262627601624,1,1
donor_withdrawal,6823,V32P-A047540,0,0.59909584522247317,0.5954774856567383,0,0
donor_withdrawal,6824,V32P-A047541,0,0.53492324948310854,0.52802285552024841,0,0
donor_withdrawal,6825,V32P-A047542,0,0.4134253919124603,0.40326741337776184,0,0
donor_withdrawal,6826,V32P-A047543,0,0.32556522488594053,0.31667631268501284,0,0
donor_withdrawal,6827,V32P-A047544,0,0.14229729920625686,0.14153237491846085,0,0
donor_withdrawal,6828,V32P-A047569,0,0.72137386798858638,0.72162446975708006,1,1
donor_withdrawal,6829,V32P-A047570,0,0.5913782477378845,0.58946688175201412,0,0
donor_withdrawal,6830,V32P-A047571,0,0.53450227975845332,0.53198972940444944,0,0
donor_withdrawal,6831,V32P-A047572,0,0.47124644517898562,0.46943511366844176,0,0
donor_withdrawal,6832,V32P-A047573,0,0.44984458088874818,0.45077753663063047,0,0
donor_withdrawal,6833,V32P-A047574,0,0.20030192136764527,0.20502204298973084,0,0
donor_withdrawal,6834,V32P-A047713,0,0.33363150954246523,0.33339236974716185,0,0
donor_withdrawal,6835,V32P-A047714,0,0.43415491580963134,0.43788187503814696,0,0
donor_withdrawal,6836,V32P-A047715,0,0.44019588232040407,0.44397559165954592,0,0
donor_withdrawal,6837,V32P-A047716,0,0.35913820862770079,0.36177682876586914,0,0
donor_withdrawal,6838,V32P-A047717,0,0.27277349531650541,0.27727590501308441,0,0
donor_withdrawal,6839,V32P-A047718,0,0.12368147820234299,0.12906909734010696,0,0
donor_withdrawal,6840,V32P-A047731,1,0.51965531110763552,0.50514765977859499,0,0
donor_withdrawal,6841,V32P-A047732,1,0.37572208642959593,0.36239310503005984,0,0
donor_withdrawal,6842,V32P-A047733,1,0.36712682843208311,0.35391885042190552,0,0
donor_withdrawal,6843,V32P-A047734,0,0.067869482561945915,0.070286202058196065,0,0
donor_withdrawal,6844,V32P-A047735,0,0.04282041173428297,0.043865752778947352,0,0
donor_withdrawal,6845,V32P-A047736,0,0.016924569103866815,0.017605945374816655,0,0
donor_withdrawal,6846,V32P-A047743,0,0.58564438819885256,0.58575922250747681,0,0
donor_withdrawal,6847,V32P-A047744,0,0.53663811683654783,0.53633866310119627,0,0
donor_withdrawal,6848,V32P-A047745,0,0.51058218479156492,0.51090685129165647,0,0
donor_withdrawal,6849,V32P-A047746,0,0.44649452567100523,0.44882208108901978,0,0
donor_withdrawal,6850,V32P-A047747,1,0.35776725113391877,0.36884162127971648,0,0
donor_withdrawal,6851,V32P-A047748,0,0.029302471503615379,0.030654393881559373,0,0
donor_withdrawal,6852,V32P-A047815,0,0.66376346349716187,0.66307147741317751,1,1
donor_withdrawal,6853,V32P-A047816,0,0.59312135577201841,0.59876027107238772,0,0
donor_withdrawal,6854,V32P-A047817,0,0.59437522888183592,0.59633041620254512,0,0
donor_withdrawal,6855,V32P-A047818,0,0.57172409296035764,0.57508475780487056,0,0
donor_withdrawal,6856,V32P-A047819,0,0.54934213757514949,0.55401883125305174,0,0
donor_withdrawal,6857,V32P-A047820,0,0.29896295964717867,0.30889632999897004,0,0
donor_withdrawal,6858,V32P-A047827,0,0.71917967796325688,0.71976177692413335,1,1
donor_withdrawal,6859,V32P-A047828,0,0.61256892681121822,0.61188415288925169,0,0
donor_withdrawal,6860,V32P-A047829,0,0.53836109638214114,0.5360653340816498,0,0
donor_withdrawal,6861,V32P-A047830,0,0.45751473307609558,0.45342273712158204,0,0
donor_withdrawal,6862,V32P-A047831,0,0.38427720069885252,0.38017445802688599,0,0
donor_withdrawal,6863,V32P-A047832,0,0.19449353069067002,0.19413430541753768,0,0
donor_withdrawal,6864,V32P-A047833,0,0.37008367180824281,0.37389022707939146,0,0
donor_withdrawal,6865,V32P-A047834,0,0.43639179468154909,0.4446017026901245,0,0
donor_withdrawal,6866,V32P-A047835,0,0.4299512505531311,0.44008546471595766,0,0
donor_withdrawal,6867,V32P-A047836,0,0.36703423261642454,0.3795736491680145,0,0
donor_withdrawal,6868,V32P-A047837,0,0.29735121726989744,0.31341377496719358,0,0
donor_withdrawal,6869,V32P-A047838,0,0.12774230837821959,0.13896952271461488,0,0
donor_withdrawal,6870,V32P-A047869,0,0.82011040449142458,0.81893373727798457,1,1
donor_withdrawal,6871,V32P-A047870,0,0.7483836770057678,0.74730545282363892,1,1
donor_withdrawal,6872,V32P-A047871,0,0.73094034194946289,0.73282886743545528,1,1
donor_withdrawal,6873,V32P-A047872,0,0.72936860322952268,0.73312979936599731,1,1
donor_withdrawal,6874,V32P-A047873,0,0.71083238124847414,0.71707803010940552,1,1
donor_withdrawal,6875,V32P-A047874,0,0.48797181844711301,0.50300067067146303,0,0
donor_withdrawal,6876,V32P-A047875,0,0.44794185161590577,0.44395036101341245,0,0
donor_withdrawal,6877,V32P-A047876,0,0.47403990030288695,0.47486169338226319,0,0
donor_withdrawal,6878,V32P-A047877,0,0.43798251748085021,0.44445665478706359,0,0
donor_withdrawal,6879,V32P-A047878,0,0.36726441383361819,0.37900273799896239,0,0
donor_withdrawal,6880,V32P-A047879,0,0.28697419762611387,0.30089288949966431,0,0
donor_withdrawal,6881,V32P-A047880,0,0.12058632224798202,0.12837477922439575,0,0
donor_withdrawal,6882,V32P-A047905,0,0.49138441085815432,0.49561626911163331,0,0
donor_withdrawal,6883,V32P-A047906,0,0.52052710056304929,0.52679521441459654,0,0
donor_withdrawal,6884,V32P-A047907,0,0.50859109759330745,0.51800926327705388,0,0
donor_withdrawal,6885,V32P-A047908,0,0.44766424894332885,0.45952964425086973,0,0
donor_withdrawal,6886,V32P-A047909,0,0.37669345140457156,0.39179587364196777,0,0
donor_withdrawal,6887,V32P-A047910,0,0.18208580315113068,0.19811547100543975,0,0
donor_withdrawal,6888,V32P-A047935,1,0.68049495220184331,0.67459257841110232,1,1
donor_withdrawal,6889,V32P-A047936,1,0.55652913451194763,0.55103818774223323,0,0
donor_withdrawal,6890,V32P-A047937,1,0.42542434334754942,0.42253382802009581,0,0
donor_withdrawal,6891,V32P-A047938,0,0.06327430456876755,0.066390882432460788,0,0
donor_withdrawal,6892,V32P-A047939,0,0.044407571852207187,0.046906867623329164,0,0
donor_withdrawal,6893,V32P-A047940,0,0.019272555597126484,0.020547996647655963,0,0
donor_withdrawal,6894,V32P-A048001,1,0.70263592004775999,0.70101637840270992,1,1
donor_withdrawal,6895,V32P-A048002,1,0.6101734399795532,0.60880557298660276,0,0
donor_withdrawal,6896,V32P-A048003,0,0.11121402084827423,0.11377645134925843,0,0
donor_withdrawal,6897,V32P-A048004,0,0.12123522609472275,0.12574697136878968,0,0
donor_withdrawal,6898,V32P-A048005,0,0.062601156160235399,0.064156973734498024,0,0
donor_withdrawal,6899,V32P-A048006,0,0.028353104926645757,0.029249943606555463,0,0
donor_withdrawal,6900,V32P-A048025,0,0.46461372971534731,0.45953744053840639,0,0
donor_withdrawal,6901,V32P-A048026,0,0.46535032391548159,0.46252283453941345,0,0
donor_withdrawal,6902,V32P-A048027,0,0.38844469785690305,0.38579252958297727,0,0
donor_withdrawal,6903,V32P-A048028,0,0.282814222574234,0.28267587423324586,0,0
donor_withdrawal,6904,V32P-A048029,0,0.19363996684551238,0.19713858067989348,0,0
donor_withdrawal,6905,V32P-A048030,0,0.080635587871074679,0.08562179803848266,0,0
donor_withdrawal,6906,V32P-A048031,1,0.57190292477607729,0.56777137517929077,0,0
donor_withdrawal,6907,V32P-A048032,1,0.50307212471961971,0.4986165463924408,0,0
donor_withdrawal,6908,V32P-A048033,1,0.42204625904560089,0.41503948271274566,0,0
donor_withdrawal,6909,V32P-A048034,0,0.084448183141648772,0.085144873522222039,0,0
donor_withdrawal,6910,V32P-A048035,0,0.070399935543537143,0.071369978785514834,0,0
donor_withdrawal,6911,V32P-A048036,0,0.034512255806475878,0.035227540228515861,0,0
donor_withdrawal,6912,V32P-A048043,0,0.71030693054199223,0.71203062534332273,1,1
donor_withdrawal,6913,V32P-A048044,0,0.61176850795745852,0.61500533819198611,0,0
donor_withdrawal,6914,V32P-A048045,0,0.54232080578804021,0.54546981453895571,0,0
donor_withdrawal,6915,V32P-A048046,0,0.47036280632019045,0.47295119762420657,0,0
donor_withdrawal,6916,V32P-A048047,0,0.37848510742187502,0.38148173689842224,0,0
donor_withdrawal,6917,V32P-A048048,0,0.17327565252780913,0.17818258106708526,0,0
donor_withdrawal,6918,V32P-A048061,0,0.40662892758846281,0.38817268311977388,0,0
donor_withdrawal,6919,V32P-A048062,0,0.42028598189353944,0.40119822025299073,0,0
donor_withdrawal,6920,V32P-A048063,0,0.42723268270492554,0.40876803994178773,0,0
donor_withdrawal,6921,V32P-A048064,0,0.4008027255535126,0.38335862755775452,0,0
donor_withdrawal,6922,V32P-A048065,0,0.33684382140636443,0.31983175575733186,0,0
donor_withdrawal,6923,V32P-A048066,0,0.19407535046339036,0.18749789148569107,0,0
donor_withdrawal,6924,V32P-A048073,0,0.5579412162303925,0.55377418398857114,0,0
donor_withdrawal,6925,V32P-A048074,0,0.56079584360122681,0.55782431364059448,0,0
donor_withdrawal,6926,V32P-A048075,0,0.5488664329051971,0.54600349068641663,0,0
donor_withdrawal,6927,V32P-A048076,0,0.51488359570503239,0.51245161890983582,0,0
donor_withdrawal,6928,V32P-A048077,0,0.47071579098701477,0.46991087198257447,0,0
donor_withdrawal,6929,V32P-A048078,0,0.33587810695171355,0.33878181874752045,0,0
donor_withdrawal,6930,V32P-A048079,0,0.43101544976234435,0.43000406622886655,0,0
donor_withdrawal,6931,V32P-A048080,0,0.479240220785141,0.47989315390586851,0,0
donor_withdrawal,6932,V32P-A048081,0,0.38806667327880862,0.39360960125923156,0,0
donor_withdrawal,6933,V32P-A048082,0,0.28238855302333832,0.29141583740711213,0,0
donor_withdrawal,6934,V32P-A048083,0,0.20814969539642333,0.21798320114612579,0,0
donor_withdrawal,6935,V32P-A048084,0,0.087294032424688334,0.093179219216108319,0,0
donor_withdrawal,6936,V32P-A048127,0,0.54060736894607542,0.53515827655792236,0,0
donor_withdrawal,6937,V32P-A048128,0,0.4933532178401947,0.48816768527030946,0,0
donor_withdrawal,6938,V32P-A048129,0,0.43403201103210448,0.42968243956565855,0,0
donor_withdrawal,6939,V32P-A048130,0,0.40875846743583677,0.40551720261573793,0,0
donor_withdrawal,6940,V32P-A048131,0,0.28996945917606354,0.29017488658428192,0,0
donor_withdrawal,6941,V32P-A048132,0,0.13624454736709596,0.14141098856925965,0,0
donor_withdrawal,6942,V32P-A048181,0,0.81032109260559082,0.80705273151397705,1,1
donor_withdrawal,6943,V32P-A048182,0,0.6661638617515564,0.66308226585388186,1,1
donor_withdrawal,6944,V32P-A048183,0,0.59149281978607182,0.58717637062072758,0,0
donor_withdrawal,6945,V32P-A048184,0,0.71674213409423826,0.71241472959518437,1,1
donor_withdrawal,6946,V32P-A048185,0,0.56700651645660405,0.56316030025482178,0,0
donor_withdrawal,6947,V32P-A048186,0,0.048443314433097837,0.05052466616034508,0,0
donor_withdrawal,6948,V32P-A048187,0,0.53163114786148069,0.52225626707077022,0,0
donor_withdrawal,6949,V32P-A048188,0,0.50832074880599976,0.49997953772544862,0,0
donor_withdrawal,6950,V32P-A048189,0,0.45720046758651733,0.45101369619369508,0,0
donor_withdrawal,6951,V32P-A048190,0,0.47531939148902891,0.47129440307617188,0,0
donor_withdrawal,6952,V32P-A048191,0,0.31643322408199309,0.3152292877435684,0,0
donor_withdrawal,6953,V32P-A048192,0,0.15150620192289352,0.15388419181108476,0,0
donor_withdrawal,6954,V32P-A048253,0,0.50029172897338869,0.49569291472434995,0,0
donor_withdrawal,6955,V32P-A048254,0,0.42949842810630801,0.42348579764366151,0,0
donor_withdrawal,6956,V32P-A048255,0,0.39311636686325074,0.39042606949806213,0,0
donor_withdrawal,6957,V32P-A048256,0,0.327333003282547,0.32696835398674012,0,0
donor_withdrawal,6958,V32P-A048257,0,0.26932199597358703,0.27076918184757232,0,0
donor_withdrawal,6959,V32P-A048258,0,0.12789289355278016,0.13160052299499511,0,0
donor_withdrawal,6960,V32P-A048361,0,0.56009217500686648,0.56836526393890385,0,0
donor_withdrawal,6961,V32P-A048362,0,0.4559513986110687,0.46411901712417603,0,0
donor_withdrawal,6962,V32P-A048363,0,0.41007090806961061,0.41732656955718994,0,0
donor_withdrawal,6963,V32P-A048364,0,0.37949491143226621,0.38612615466117861,0,0
donor_withdrawal,6964,V32P-A048365,0,0.32058119773864746,0.32801458835601804,0,0
donor_withdrawal,6965,V32P-A048366,0,0.14906495809555054,0.15570576190948487,0,0
donor_withdrawal,6966,V32P-A048409,0,0.6377372145652771,0.62804707288742068,1,1
donor_withdrawal,6967,V32P-A048410,0,0.54955670833587644,0.53746004104614253,0,0
donor_withdrawal,6968,V32P-A048411,0,0.45498612523078918,0.4398233234882355,0,0
donor_withdrawal,6969,V32P-A048412,0,0.34168488681316378,0.3255485028028488,0,0
donor_withdrawal,6970,V32P-A048413,0,0.2593076229095459,0.24318483471870422,0,0
donor_withdrawal,6971,V32P-A048414,0,0.098661272972822192,0.094914975017309194,0,0
donor_withdrawal,6972,V32P-A048517,0,0.54937307834625249,0.55039961338043208,0,0
donor_withdrawal,6973,V32P-A048518,0,0.48750568628311158,0.48739717006683347,0,0
donor_withdrawal,6974,V32P-A048519,0,0.50292355418205259,0.50465617775917049,0,0
donor_withdrawal,6975,V32P-A048520,0,0.39868460297584535,0.39989247918128967,0,0
donor_withdrawal,6976,V32P-A048521,1,0.38377826213836669,0.38704466819763184,0,0
donor_withdrawal,6977,V32P-A048522,0,0.033673723228275776,0.03559841047972441,0,0
donor_withdrawal,6978,V32P-A048559,0,0.68000242710113523,0.6777878999710083,1,1
donor_withdrawal,6979,V32P-A048560,0,0.63971828222274785,0.63756319284439089,1,1
donor_withdrawal,6980,V32P-A048561,0,0.58044441938400271,0.57852740287780757,0,0
donor_withdrawal,6981,V32P-A048562,0,0.52159473299980164,0.52088297605514522,0,0
donor_withdrawal,6982,V32P-A048563,1,0.44321420192718508,0.44386805891990661,0,0
donor_withdrawal,6983,V32P-A048564,0,0.031271794252097605,0.033780804462730886,0,0
donor_withdrawal,6984,V32P-A048577,0,0.72612330913543699,0.72726589441299438,1,1
donor_withdrawal,6985,V32P-A048578,0,0.65668692588806155,0.65786566734313967,1,1
donor_withdrawal,6986,V32P-A048579,0,0.60537977218627925,0.61745992898941038,0,0
donor_withdrawal,6987,V32P-A048580,0,0.57210687994956966,0.57827328443527226,0,0
donor_withdrawal,6988,V32P-A048581,0,0.50336257219314573,0.50984231829643245,0,0
donor_withdrawal,6989,V32P-A048582,0,0.26352633833885192,0.26892772018909455,0,0
donor_withdrawal,6990,V32P-A048685,0,0.7435694813728333,0.7432109475135803,1,1
donor_withdrawal,6991,V32P-A048686,0,0.55090159773826597,0.54913493990898132,0,0
donor_withdrawal,6992,V32P-A048687,0,0.43894643187522886,0.43505454659461973,0,0
donor_withdrawal,6993,V32P-A048688,0,0.48892611861228941,0.48577736020088197,0,0
donor_withdrawal,6994,V32P-A048689,0,0.33675937056541444,0.3345918834209442,0,0
donor_withdrawal,6995,V32P-A048690,0,0.17554198801517487,0.17727894783020021,0,0
donor_withdrawal,6996,V32P-A048907,0,0.48813272118568418,0.49158919453620908,0,0
donor_withdrawal,6997,V32P-A048908,0,0.48948595523834226,0.49644159078598021,0,0
donor_withdrawal,6998,V32P-A048909,0,0.46219449043273925,0.47224479317665102,0,0
donor_withdrawal,6999,V32P-A048910,0,0.39452567100524905,0.40641728639602659,0,0
donor_withdrawal,7000,V32P-A048911,0,0.33408527970314028,0.34755977392196657,0,0
donor_withdrawal,7001,V32P-A048912,0,0.16636249870061875,0.18163495808839797,0,0
donor_withdrawal,7002,V32P-A048925,0,0.60538855791091917,0.60509335994720459,0,0
donor_withdrawal,7003,V32P-A048926,0,0.59146733283996578,0.59447563886642452,0,0
donor_withdrawal,7004,V32P-A048927,0,0.54169873595237727,0.54811643958091738,0,0
donor_withdrawal,7005,V32P-A048928,1,0.49135027527809144,0.50230426192283628,0,0
donor_withdrawal,7006,V32P-A048929,0,0.073447123914957044,0.083910725265741351,0,0
donor_withdrawal,7007,V32P-A048930,0,0.032937229424715039,0.037126589566469193,0,0
donor_withdrawal,7008,V32P-A048943,0,0.39388430714607237,0.39517194032669067,0,0
donor_withdrawal,7009,V32P-A048944,0,0.38313525319099428,0.38448761701583861,0,0
donor_withdrawal,7010,V32P-A048945,0,0.35170598626136779,0.35283183455467226,0,0
donor_withdrawal,7011,V32P-A048946,0,0.28174811005592348,0.28202579617500306,0,0
donor_withdrawal,7012,V32P-A048947,0,0.22323637008666991,0.22392677664756774,0,0
donor_withdrawal,7013,V32P-A048948,0,0.10524498149752617,0.10758230015635491,0,0
donor_withdrawal,7014,V32P-A049039,0,0.44695629179477692,0.44553196728229522,0,0
donor_withdrawal,7015,V32P-A049040,0,0.53006102442741398,0.53053855299949648,0,0
donor_withdrawal,7016,V32P-A049041,0,0.53807877302169804,0.53936948776245119,0,0
donor_withdrawal,7017,V32P-A049042,0,0.38616251647472383,0.39230935871601103,0,0
donor_withdrawal,7018,V32P-A049043,0,0.27986931949853899,0.28617708235979078,0,0
donor_withdrawal,7019,V32P-A049044,0,0.11809232532978058,0.12163892686367035,0,0
donor_withdrawal,7020,V32P-A049045,0,0.398658949136734,0.39751146435737611,0,0
donor_withdrawal,7021,V32P-A049046,0,0.39461863636970518,0.39447425007820131,0,0
donor_withdrawal,7022,V32P-A049047,0,0.36607124805450442,0.36618447303771973,0,0
donor_withdrawal,7023,V32P-A049048,0,0.32002449929714205,0.32044596970081329,0,0
donor_withdrawal,7024,V32P-A049049,0,0.25777505040168763,0.25895470380783081,0,0
donor_withdrawal,7025,V32P-A049050,0,0.12684117257595062,0.12951657176017761,0,0
donor_withdrawal,7026,V32P-A049081,0,0.77675504684448238,0.77040559053421021,1,1
donor_withdrawal,7027,V32P-A049082,0,0.60512653589248655,0.60133137106895451,0,0
donor_withdrawal,7028,V32P-A049083,0,0.56676156520843501,0.55622069835662846,0,0
donor_withdrawal,7029,V32P-A049084,0,0.5030286371707916,0.49191939234733584,0,0
donor_withdrawal,7030,V32P-A049085,0,0.42971456646919248,0.41869161128997801,0,0
donor_withdrawal,7031,V32P-A049086,0,0.21032883524894713,0.20497498214244841,0,0
donor_withdrawal,7032,V32P-A049099,0,0.61911211013793943,0.62216559648513792,0,1
donor_withdrawal,7033,V32P-A049100,0,0.53022162914276127,0.53215893507003786,0,0
donor_withdrawal,7034,V32P-A049101,0,0.42000707387924197,0.42062270641326904,0,0
donor_withdrawal,7035,V32P-A049102,0,0.35320895910263062,0.35400454401969911,0,0
donor_withdrawal,7036,V32P-A049103,0,0.27851786315441129,0.27951166927814486,0,0
donor_withdrawal,7037,V32P-A049104,0,0.15371796935796739,0.15654121190309525,0,0
donor_withdrawal,7038,V32P-A049171,0,0.51224009990692143,0.51164571046829221,0,0
donor_withdrawal,7039,V32P-A049172,0,0.48993267416954039,0.49018210768699644,0,0
donor_withdrawal,7040,V32P-A049173,0,0.47717217206954954,0.47809088826179502,0,0
donor_withdrawal,7041,V32P-A049174,0,0.388795804977417,0.39101281166076662,0,0
donor_withdrawal,7042,V32P-A049175,0,0.29907692670822145,0.30288366079330442,0,0
donor_withdrawal,7043,V32P-A049176,0,0.12573928087949754,0.13067696839571,0,0
donor_withdrawal,7044,V32P-A049177,0,0.73835574388504033,0.73825275897979736,1,1
donor_withdrawal,7045,V32P-A049178,0,0.66309218406677251,0.66364140510559078,1,1
donor_withdrawal,7046,V32P-A049179,0,0.56948788166046138,0.57049087285995481,0,0
donor_withdrawal,7047,V32P-A049180,0,0.49196345806121827,0.49179489612579347,0,0
donor_withdrawal,7048,V32P-A049181,0,0.46231451034545901,0.4665220558643341,0,0
donor_withdrawal,7049,V32P-A049182,0,0.18753376305103303,0.19132539927959441,0,0
donor_withdrawal,7050,V32P-A049261,0,0.60044413208961489,0.59672790169715884,0,0
donor_withdrawal,7051,V32P-A049262,0,0.50615707635879514,0.5077503561973572,0,0
donor_withdrawal,7052,V32P-A049263,0,0.42607873678207397,0.43334634304046632,0,0
donor_withdrawal,7053,V32P-A049264,0,0.28614879548549654,0.29920324385166169,0,0
donor_withdrawal,7054,V32P-A049265,0,0.28814916908740995,0.30552137792110445,0,0
donor_withdrawal,7055,V32P-A049266,0,0.099292153120040888,0.10960807353258133,0,0
donor_withdrawal,7056,V32P-A049321,0,0.46896955966949461,0.46919256448745728,0,0
donor_withdrawal,7057,V32P-A049322,0,0.47288696467876434,0.4741916388273239,0,0
donor_withdrawal,7058,V32P-A049323,0,0.46393465399742129,0.47033126950263976,0,0
donor_withdrawal,7059,V32P-A049324,0,0.4112606942653656,0.41697323322296143,0,0
donor_withdrawal,7060,V32P-A049325,0,0.33279927372932433,0.34119073152542112,0,0
donor_withdrawal,7061,V32P-A049326,0,0.14614841789007188,0.15383188724517821,0,0
donor_withdrawal,7062,V32P-A049375,0,0.72582160234451298,0.72374320030212402,1,1
donor_withdrawal,7063,V32P-A049376,0,0.6362907886505127,0.63376975059509277,1,1
donor_withdrawal,7064,V32P-A049377,0,0.59613072872161865,0.59331263303756709,0,0
donor_withdrawal,7065,V32P-A049378,0,0.51860348582267757,0.51497761607170101,0,0
donor_withdrawal,7066,V32P-A049379,1,0.44074663519859314,0.43800470829010008,0,0
donor_withdrawal,7067,V32P-A049380,0,0.035366804338991642,0.036451759748160839,0,0
donor_withdrawal,7068,V32P-A049381,0,0.73690130710601809,0.73722594976425171,1,1
donor_withdrawal,7069,V32P-A049382,0,0.54537903070449834,0.54578555822372432,0,0
donor_withdrawal,7070,V32P-A049383,0,0.49585239291191102,0.50037626624107356,0,0
donor_withdrawal,7071,V32P-A049384,0,0.42152771949768064,0.42907424569129943,0,0
donor_withdrawal,7072,V32P-A049385,0,0.38058156967163087,0.39137359857559206,0,0
donor_withdrawal,7073,V32P-A049386,0,0.13710347712039947,0.14403180480003358,0,0
donor_withdrawal,7074,V32P-A049399,0,0.78276487588882449,0.77798310518264768,1,1
donor_withdrawal,7075,V32P-A049400,0,0.63429304361343386,0.62841120958328245,1,1
donor_withdrawal,7076,V32P-A049401,0,0.58922130465507505,0.58228381276130681,0,0
donor_withdrawal,7077,V32P-A049402,0,0.51511368751525877,0.50707375407218935,0,0
donor_withdrawal,7078,V32P-A049403,0,0.44044013023376466,0.43283696770668029,0,0
donor_withdrawal,7079,V32P-A049404,0,0.2400415062904358,0.23883197903633119,0,0
donor_withdrawal,7080,V32P-A049501,0,0.7426058888435364,0.73946764469146731,1,1
donor_withdrawal,7081,V32P-A049502,0,0.53641301393508911,0.52918210029602053,0,0
donor_withdrawal,7082,V32P-A049503,0,0.60742894411087034,0.60354884862899782,0,0
donor_withdrawal,7083,V32P-A049504,0,0.55940911769866941,0.54960654973983769,0,0
donor_withdrawal,7084,V32P-A049505,0,0.42638379335403442,0.41910189390182495,0,0
donor_withdrawal,7085,V32P-A049506,0,0.20683670341968535,0.20576993525028228,0,0
donor_withdrawal,7086,V32P-A049513,0,0.78644969463348391,0.77986948490142827,1,1
donor_withdrawal,7087,V32P-A049514,0,0.72032641172409062,0.70711780786514278,1,1
donor_withdrawal,7088,V32P-A049515,0,0.6664147257804871,0.65223413705825806,1,1
donor_withdrawal,7089,V32P-A049516,0,0.61730078458786009,0.60743432044982915,0,0
donor_withdrawal,7090,V32P-A049517,0,0.54941771626472469,0.5429520308971405,0,0
donor_withdrawal,7091,V32P-A049518,0,0.30632519423961641,0.30644141435623168,0,0
donor_withdrawal,7092,V32P-A049585,1,0.79278739690780642,0.78887498378753662,1,1
donor_withdrawal,7093,V32P-A049586,1,0.72780369520187382,0.72108731269836424,1,1
donor_withdrawal,7094,V32P-A049587,1,0.69761644601821904,0.69073044061660771,1,1
donor_withdrawal,7095,V32P-A049588,0,0.30460446029901506,0.31399001032114027,0,0
donor_withdrawal,7096,V32P-A049589,0,0.1816340520977974,0.18475752025842668,0,0
donor_withdrawal,7097,V32P-A049590,0,0.072967362031340605,0.07456527091562748,0,0
donor_withdrawal,7098,V32P-A049633,0,0.55465416312217708,0.55971413254737856,0,0
donor_withdrawal,7099,V32P-A049634,0,0.41500403881073,0.42558770179748534,0,0
donor_withdrawal,7100,V32P-A049635,0,0.36647034287452696,0.37871637344360354,0,0
donor_withdrawal,7101,V32P-A049636,0,0.36208552122116089,0.37403582930564883,0,0
donor_withdrawal,7102,V32P-A049637,0,0.29446342885494231,0.31069770753383635,0,0
donor_withdrawal,7103,V32P-A049638,0,0.131071138381958,0.1475206881761551,0,0
donor_withdrawal,7104,V32P-A049705,0,0.64277805089950557,0.63665593862533565,1,1
donor_withdrawal,7105,V32P-A049706,0,0.62442687749862669,0.61871995925903323,1,0
donor_withdrawal,7106,V32P-A049707,0,0.57024968862533565,0.56652067899703984,0,0
donor_withdrawal,7107,V32P-A049708,0,0.51567448973655705,0.51497035622596743,0,0
donor_withdrawal,7108,V32P-A049709,0,0.45741798877716067,0.4661821722984314,0,0
donor_withdrawal,7109,V32P-A049710,0,0.17216074764728545,0.17696292400360109,0,0
donor_withdrawal,7110,V32P-A049777,1,0.82051016092300411,0.81881841421127322,1,1
donor_withdrawal,7111,V32P-A049778,1,0.6862573981285095,0.6825695157051086,1,1
donor_withdrawal,7112,V32P-A049779,1,0.62820315361022949,0.62396544218063354,1,1
donor_withdrawal,7113,V32P-A049780,0,0.11852120012044906,0.12130597829818726,0,0
donor_withdrawal,7114,V32P-A049781,0,0.11209461688995362,0.11558096259832382,0,0
donor_withdrawal,7115,V32P-A049782,0,0.046178819611668587,0.047774139046669009,0,0
donor_withdrawal,7116,V32P-A049789,0,0.72641543149948118,0.72712180614471433,1,1
donor_withdrawal,7117,V32P-A049790,0,0.56108734011650085,0.56434116959571834,0,0
donor_withdrawal,7118,V32P-A049791,0,0.45945737957954408,0.46181943416595461,0,0
donor_withdrawal,7119,V32P-A049792,0,0.50119073987007146,0.5044677793979645,0,0
donor_withdrawal,7120,V32P-A049793,0,0.46487191915512083,0.47088617086410522,0,0
donor_withdrawal,7121,V32P-A049794,0,0.2035880133509636,0.20970159620046616,0,0
donor_withdrawal,7122,V32P-A049807,0,0.51477835178375242,0.51806819438934326,0,0
donor_withdrawal,7123,V32P-A049808,0,0.44841349124908447,0.45037329792976377,0,0
donor_withdrawal,7124,V32P-A049809,0,0.40210142135620119,0.40225127339363098,0,0
donor_withdrawal,7125,V32P-A049810,0,0.34119418263435364,0.34223026037216187,0,0
donor_withdrawal,7126,V32P-A049811,0,0.2674259513616562,0.26852328479290011,0,0
donor_withdrawal,7127,V32P-A049812,0,0.026747554913163184,0.028121253475546837,0,0
donor_withdrawal,7128,V32P-A049855,0,0.39345211982727052,0.39599048495292666,0,0
donor_withdrawal,7129,V32P-A049856,0,0.39180492758750918,0.39985014796257018,0,0
donor_withdrawal,7130,V32P-A049857,0,0.34305655360221865,0.35478042364120482,0,0
donor_withdrawal,7131,V32P-A049858,0,0.28369815945625304,0.29782807230949404,0,0
donor_withdrawal,7132,V32P-A049859,0,0.22042723000049591,0.2349114865064621,0,0
donor_withdrawal,7133,V32P-A049860,0,0.099441039562225345,0.11068060547113419,0,0
donor_withdrawal,7134,V32P-A049921,0,0.58488106727600098,0.57840104103088374,0,0
donor_withdrawal,7135,V32P-A049922,0,0.60603659749031069,0.59919574856758118,0,0
donor_withdrawal,7136,V32P-A049923,0,0.52710168361663823,0.52274069786071775,0,0
donor_withdrawal,7137,V32P-A049924,0,0.46441873311996462,0.4614463746547699,0,0
donor_withdrawal,7138,V32P-A049925,0,0.38476396203041074,0.38455593585968018,0,0
donor_withdrawal,7139,V32P-A049926,0,0.17139472514390947,0.17567235678434373,0,0
donor_withdrawal,7140,V32P-A049927,0,0.45593887567520142,0.45263475179672241,0,0
donor_withdrawal,7141,V32P-A049928,0,0.4870757281780243,0.48593999743461608,0,0
donor_withdrawal,7142,V32P-A049929,0,0.45655857324600219,0.456459641456604,0,0
donor_withdrawal,7143,V32P-A049930,0,0.39108715057373045,0.39367389678955078,0,0
donor_withdrawal,7144,V32P-A049931,0,0.33171954751014709,0.33626236915588381,0,0
donor_withdrawal,7145,V32P-A049932,0,0.1518057480454445,0.15966327339410782,0,0
donor_withdrawal,7146,V32P-A049933,0,0.44691486954689025,0.44062846302986147,0,0
donor_withdrawal,7147,V32P-A049934,0,0.4725750148296356,0.4696630001068115,0,0
donor_withdrawal,7148,V32P-A049935,0,0.53378788232803343,0.53399996757507329,0,0
donor_withdrawal,7149,V32P-A049936,0,0.46614832878112794,0.46744344830513002,0,0
donor_withdrawal,7150,V32P-A049937,0,0.40368638634681703,0.41223633289337158,0,0
donor_withdrawal,7151,V32P-A049938,0,0.17745692729949952,0.18315280973911285,0,0
donor_withdrawal,7152,V32P-A049957,0,0.69489136934280393,0.69380496740341191,1,1
donor_withdrawal,7153,V32P-A049958,0,0.58414462804794309,0.5825619101524353,0,0
donor_withdrawal,7154,V32P-A049959,0,0.51224178075790405,0.50957602858543394,0,0
donor_withdrawal,7155,V32P-A049960,0,0.47474937438964843,0.47393507361412046,0,0
donor_withdrawal,7156,V32P-A049961,0,0.32903151512145995,0.32630368471145632,0,0
donor_withdrawal,7157,V32P-A049962,0,0.15456384271383286,0.15519747287034988,0,0
donor_withdrawal,7158,V32P-A049987,1,0.85708525180816653,0.85395369529724119,1,1
donor_withdrawal,7159,V32P-A049988,1,0.76123739480972286,0.75625616312026978,1,1
donor_withdrawal,7160,V32P-A049989,1,0.69163526296615596,0.68603096008300779,1,1
donor_withdrawal,7161,V32P-A049990,0,0.14645327478647233,0.14929597526788713,0,0
donor_withdrawal,7162,V32P-A049991,0,0.10059882998466492,0.10316113382577896,0,0
donor_withdrawal,7163,V32P-A049992,0,0.040250421687960627,0.041962172091007235,0,0
donor_withdrawal,7164,V32P-A050071,0,0.34517281055450438,0.33835588693618773,0,0
donor_withdrawal,7165,V32P-A050072,0,0.41445083022117613,0.4107588529586792,0,0
donor_withdrawal,7166,V32P-A050073,0,0.43152990341186526,0.42935078144073485,0,0
donor_withdrawal,7167,V32P-A050074,0,0.37347303032875062,0.37305548787117004,0,0
donor_withdrawal,7168,V32P-A050075,1,0.31442393660545348,0.31594273447990417,0,0
donor_withdrawal,7169,V32P-A050076,0,0.025586673617362977,0.028305614739656447,0,0
donor_withdrawal,7170,V32P-A050179,0,0.48092544078826904,0.47015281319618224,0,0
donor_withdrawal,7171,V32P-A050180,0,0.45961528420448305,0.46207916140556338,0,0
donor_withdrawal,7172,V32P-A050181,0,0.45660071372985839,0.45542595982551576,0,0
donor_withdrawal,7173,V32P-A050182,0,0.41990646719932556,0.42092478871345518,0,0
donor_withdrawal,7174,V32P-A050183,0,0.36843861937522887,0.3709391117095947,0,0
donor_withdrawal,7175,V32P-A050184,0,0.18358975350856782,0.18900734484195708,0,0
donor_withdrawal,7176,V32P-A050311,0,0.46801748275756838,0.45835096240043638,0,0
donor_withdrawal,7177,V32P-A050312,0,0.45607489347457886,0.45318551063537599,0,0
donor_withdrawal,7178,V32P-A050313,0,0.50103423595428465,0.50006453990936284,0,0
donor_withdrawal,7179,V32P-A050314,1,0.36316217780113219,0.35873599648475646,0,0
donor_withdrawal,7180,V32P-A050315,0,0.051992986723780631,0.054568430408835411,0,0
donor_withdrawal,7181,V32P-A050316,0,0.020904761459678411,0.022425721492618324,0,0
donor_withdrawal,7182,V32P-A050317,0,0.43779829144477844,0.43879718184471128,0,0
donor_withdrawal,7183,V32P-A050318,0,0.4243489742279053,0.42572380304336549,0,0
donor_withdrawal,7184,V32P-A050319,0,0.38470502495765685,0.38647580742835996,0,0
donor_withdrawal,7185,V32P-A050320,0,0.30496236979961394,0.30794251263141631,0,0
donor_withdrawal,7186,V32P-A050321,1,0.22800674438476562,0.23316940665245056,0,0
donor_withdrawal,7187,V32P-A050322,0,0.014976332802325487,0.016548444982618093,0,0
donor_withdrawal,7188,V32P-A050329,1,0.72197693586349487,0.71428657770156856,1,1
donor_withdrawal,7189,V32P-A050330,1,0.70018838644027714,0.69267221689224245,1,1
donor_withdrawal,7190,V32P-A050331,1,0.70871983766555791,0.70256731510162351,1,1
donor_withdrawal,7191,V32P-A050332,0,0.20289151072502137,0.20465933978557588,0,0
donor_withdrawal,7192,V32P-A050333,0,0.15857833921909331,0.16111161261796952,0,0
donor_withdrawal,7193,V32P-A050334,0,0.077347688004374499,0.079311707243323329,0,0
donor_withdrawal,7194,V32P-A050359,0,0.41575573086738588,0.41638187170028684,0,0
donor_withdrawal,7195,V32P-A050360,0,0.38295744657516478,0.38180910944938662,0,0
donor_withdrawal,7196,V32P-A050361,0,0.39581727385520937,0.40398815870285032,0,0
donor_withdrawal,7197,V32P-A050362,0,0.35073884725570681,0.35315010547637937,0,0
donor_withdrawal,7198,V32P-A050363,0,0.27990665435791018,0.28416618108749392,0,0
donor_withdrawal,7199,V32P-A050364,0,0.029564567841589451,0.030797009728848933,0,0
donor_withdrawal,7200,V32P-A050377,0,0.64122365713119511,0.63682827949523924,1,1
donor_withdrawal,7201,V32P-A050378,0,0.57522680163383488,0.57194086909294128,0,0
donor_withdrawal,7202,V32P-A050379,0,0.45773864388465879,0.45515677332878113,0,0
donor_withdrawal,7203,V32P-A050380,0,0.31284252405166624,0.31298136711120605,0,0
donor_withdrawal,7204,V32P-A050381,0,0.22466115057468414,0.22698453962802886,0,0
donor_withdrawal,7205,V32P-A050382,0,0.086828131973743436,0.091458466649055478,0,0
donor_withdrawal,7206,V32P-A050413,0,0.74385353326797488,0.74723328351974483,1,1
donor_withdrawal,7207,V32P-A050414,0,0.60015233755111697,0.60483944416046143,0,0
donor_withdrawal,7208,V32P-A050415,0,0.52126395106315615,0.52415961027145386,0,0
donor_withdrawal,7209,V32P-A050416,0,0.43912336826324461,0.44279056191444399,0,0
donor_withdrawal,7210,V32P-A050417,0,0.4936107575893402,0.50973398685455318,0,0
donor_withdrawal,7211,V32P-A050418,0,0.15681190937757492,0.16179104149341583,0,0
donor_withdrawal,7212,V32P-A050431,0,0.70456508398056028,0.70674479007720947,1,1
donor_withdrawal,7213,V32P-A050432,0,0.64687428474426267,0.64887874126434331,1,1
donor_withdrawal,7214,V32P-A050433,0,0.61733515262603755,0.61998536586761477,0,0
donor_withdrawal,7215,V32P-A050434,0,0.55553798675537114,0.55874155759811406,0,0
donor_withdrawal,7216,V32P-A050435,0,0.42885205149650574,0.44219574928283689,0,0
donor_withdrawal,7217,V32P-A050436,0,0.22090100347995759,0.2312174767255783,0,0
donor_withdrawal,7218,V32P-A050545,0,0.72472865581512447,0.72718300819396975,1,1
donor_withdrawal,7219,V32P-A050546,0,0.69423232078552244,0.69578307867050171,1,1
donor_withdrawal,7220,V32P-A050547,0,0.65631029605865476,0.65649452209472658,1,1
donor_withdrawal,7221,V32P-A050548,1,0.59115169048309324,0.5908933639526367,0,0
donor_withdrawal,7222,V32P-A050549,0,0.096489119529724124,0.098708227276802063,0,0
donor_withdrawal,7223,V32P-A050550,0,0.043833108246326448,0.04515482150018215,0,0
donor_withdrawal,7224,V32P-A050581,0,0.40387617945671084,0.39878511428833008,0,0
donor_withdrawal,7225,V32P-A050582,0,0.39388731718063352,0.38926516175270082,0,0
donor_withdrawal,7226,V32P-A050583,0,0.32731131315231321,0.32283377647399902,0,0
donor_withdrawal,7227,V32P-A050584,0,0.26114314794540405,0.25800874233245852,0,0
donor_withdrawal,7228,V32P-A050585,0,0.20206579566001892,0.20085526108741761,0,0
donor_withdrawal,7229,V32P-A050586,0,0.085593606531620028,0.087713967263698581,0,0
donor_withdrawal,7230,V32P-A050755,0,0.61624974012374878,0.61212518215179446,0,0
donor_withdrawal,7231,V32P-A050756,0,0.51724103093147278,0.52438651919364931,0,0
donor_withdrawal,7232,V32P-A050757,0,0.5543865919113159,0.55335688591003418,0,0
donor_withdrawal,7233,V32P-A050758,0,0.50325436592102046,0.50627498030662532,0,0
donor_withdrawal,7234,V32P-A050759,0,0.48432705998420716,0.48950213193893433,0,0
donor_withdrawal,7235,V32P-A050760,0,0.21894534826278686,0.22427153289318086,0,0
donor_withdrawal,7236,V32P-A050773,0,0.63837155103683474,0.64645854234695432,1,1
donor_withdrawal,7237,V32P-A050774,0,0.53205221891403198,0.54239597320556643,0,0
donor_withdrawal,7238,V32P-A050775,0,0.46674727201461791,0.47685062885284424,0,0
donor_withdrawal,7239,V32P-A050776,0,0.38892547488212587,0.39966695904731753,0,0
donor_withdrawal,7240,V32P-A050777,0,0.31767510175704955,0.32856325507164003,0,0
donor_withdrawal,7241,V32P-A050778,0,0.14305291026830674,0.15124173611402511,0,0
donor_withdrawal,7242,V32P-A050809,0,0.28125782310962677,0.26723825037479398,0,0
donor_withdrawal,7243,V32P-A050810,0,0.27074663937091825,0.25477955639362337,0,0
donor_withdrawal,7244,V32P-A050811,0,0.27926380038261411,0.25890640616416932,0,0
donor_withdrawal,7245,V32P-A050812,0,0.22230262160301209,0.20638179183006286,0,0
donor_withdrawal,7246,V32P-A050813,0,0.17519136369228364,0.16291658878326415,0,0
donor_withdrawal,7247,V32P-A050814,0,0.082248459756374362,0.079650120437145228,0,0
donor_withdrawal,7248,V32P-A050911,0,0.39599384665489196,0.39127329587936399,0,0
donor_withdrawal,7249,V32P-A050912,0,0.45626346468925477,0.45510780215263369,0,0
donor_withdrawal,7250,V32P-A050913,0,0.45253803133964537,0.45212288498878478,0,0
donor_withdrawal,7251,V32P-A050914,0,0.38613942265510559,0.38514170646667478,0,0
donor_withdrawal,7252,V32P-A050915,0,0.30236108005046847,0.3034517914056778,0,0
donor_withdrawal,7253,V32P-A050916,0,0.13603299409151076,0.1395614117383957,0,0
donor_withdrawal,7254,V32P-A050953,0,0.52430202364921574,0.52421303391456608,0,0
donor_withdrawal,7255,V32P-A050954,0,0.51612769961357119,0.51744174361228945,0,0
donor_withdrawal,7256,V32P-A050955,0,0.48516737222671508,0.48815428018569945,0,0
donor_withdrawal,7257,V32P-A050956,0,0.42727991938591003,0.43219885826110838,0,0
donor_withdrawal,7258,V32P-A050957,0,0.32945426702499392,0.34776633381843569,0,0
donor_withdrawal,7259,V32P-A050958,0,0.16444722712039947,0.17283000648021699,0,0
donor_withdrawal,7260,V32P-A051031,0,0.48842591047286987,0.48906763792037966,0,0
donor_withdrawal,7261,V32P-A051032,0,0.44521002769470214,0.44708884954452516,0,0
donor_withdrawal,7262,V32P-A051033,0,0.38062698245048521,0.38442304730415344,0,0
donor_withdrawal,7263,V32P-A051034,0,0.29320896863937379,0.30379865169525144,0,0
donor_withdrawal,7264,V32P-A051035,0,0.21952350437641144,0.23285681307315825,0,0
donor_withdrawal,7265,V32P-A051036,0,0.086906628310680384,0.096260698139667505,0,0
donor_withdrawal,7266,V32P-A051067,0,0.82262593507766724,0.82060450315475464,1,1
donor_withdrawal,7267,V32P-A051068,0,0.69537545442581172,0.69226411581039426,1,1
donor_withdrawal,7268,V32P-A051069,0,0.60063825845718388,0.59870136976242061,0,0
donor_withdrawal,7269,V32P-A051070,0,0.49122800230979918,0.48422359824180605,0,0
donor_withdrawal,7270,V32P-A051071,0,0.41616110801696776,0.40887120962142942,0,0
donor_withdrawal,7271,V32P-A051072,0,0.18251292705535888,0.18049632608890534,0,0
donor_withdrawal,7272,V32P-A051073,0,0.4888600170612335,0.49696482419967652,0,0
donor_withdrawal,7273,V32P-A051074,0,0.49092472791671754,0.5010761022567749,0,0
donor_withdrawal,7274,V32P-A051075,0,0.4437485933303833,0.45914009213447571,0,0
donor_withdrawal,7275,V32P-A051076,0,0.34847581088542939,0.37716348469257355,0,0
donor_withdrawal,7276,V32P-A051077,0,0.30482136309146879,0.32309130728244784,0,0
donor_withdrawal,7277,V32P-A051078,0,0.13401018679141999,0.14669438153505326,0,0
donor_withdrawal,7278,V32P-A051079,0,0.37102833986282346,0.36167964339256287,0,0
donor_withdrawal,7279,V32P-A051080,0,0.4893357276916504,0.48078523874282836,0,0
donor_withdrawal,7280,V32P-A051081,0,0.53235964179038997,0.52687686085700991,0,0
donor_withdrawal,7281,V32P-A051082,0,0.50843518376350405,0.50503250956535339,0,0
donor_withdrawal,7282,V32P-A051083,0,0.4054068148136139,0.4086743712425232,0,0
donor_withdrawal,7283,V32P-A051084,0,0.037098973803222177,0.03855774383991957,0,0
donor_withdrawal,7284,V32P-A051259,0,0.6811573266983032,0.68214734792709353,1,1
donor_withdrawal,7285,V32P-A051260,0,0.59918271303176884,0.60242607593536379,0,0
donor_withdrawal,7286,V32P-A051261,0,0.52570788860321049,0.53246731758117671,0,0
donor_withdrawal,7287,V32P-A051262,0,0.42368264794349669,0.4338814914226532,0,0
donor_withdrawal,7288,V32P-A051263,0,0.34572580456733704,0.35756449699401854,0,0
donor_withdrawal,7289,V32P-A051264,0,0.17064886838197707,0.17995847612619401,0,0
donor_withdrawal,7290,V32P-A051301,0,0.3946107029914856,0.39403989315032961,0,0
donor_withdrawal,7291,V32P-A051302,0,0.3474242091178894,0.34699671864509585,0,0
donor_withdrawal,7292,V32P-A051303,0,0.31456408202648162,0.31380322873592376,0,0
donor_withdrawal,7293,V32P-A051304,0,0.25655156075954438,0.25602189600467684,0,0
donor_withdrawal,7294,V32P-A051305,0,0.20237978100776671,0.20277544260025024,0,0
donor_withdrawal,7295,V32P-A051306,0,0.097068539261817938,0.099129033088684079,0,0
donor_withdrawal,7296,V32P-A051307,0,0.52965782880783085,0.53031220436096194,0,0
donor_withdrawal,7297,V32P-A051308,0,0.55651005506515505,0.557053554058075,0,0
donor_withdrawal,7298,V32P-A051309,0,0.52726778388023376,0.52993376851081853,0,0
donor_withdrawal,7299,V32P-A051310,0,0.47977591753005983,0.4836852729320526,0,0
donor_withdrawal,7300,V32P-A051311,0,0.40307102203369138,0.40868740081787108,0,0
donor_withdrawal,7301,V32P-A051312,0,0.18957216739654542,0.19599838554859161,0,0
donor_withdrawal,7302,V32P-A051325,0,0.72309501171112056,0.71729655265808101,1,1
donor_withdrawal,7303,V32P-A051326,0,0.66175063848495486,0.6566057682037354,1,1
donor_withdrawal,7304,V32P-A051327,0,0.59590126276016231,0.59307576417922969,0,0
donor_withdrawal,7305,V32P-A051328,0,0.51323117017745967,0.51171762943267818,0,0
donor_withdrawal,7306,V32P-A051329,0,0.39687200188636779,0.39843676090240476,0,0
donor_withdrawal,7307,V32P-A051330,0,0.18646245747804641,0.19164388924837111,0,0
donor_withdrawal,7308,V32P-A051457,0,0.69707942008972168,0.69075068235397341,1,1
donor_withdrawal,7309,V32P-A051458,0,0.66051992177963259,0.65592870712280271,1,1
donor_withdrawal,7310,V32P-A051459,0,0.60116051435470585,0.59782843589782719,0,0
donor_withdrawal,7311,V32P-A051460,0,0.54719969034194949,0.54443598985671993,0,0
donor_withdrawal,7312,V32P-A051461,1,0.45850935578346252,0.4577662765979767,0,0
donor_withdrawal,7313,V32P-A051462,0,0.027738341875374318,0.030855355598032475,0,0
donor_withdrawal,7314,V32P-A051493,0,0.74439556598663326,0.74411433935165405,1,1
donor_withdrawal,7315,V32P-A051494,0,0.72093334197998049,0.72029155492782593,1,1
donor_withdrawal,7316,V32P-A051495,0,0.72927256822586062,0.72840108871459963,1,1
donor_withdrawal,7317,V32P-A051496,0,0.66152925491333003,0.66157872676849361,1,1
donor_withdrawal,7318,V32P-A051497,0,0.57202697396278379,0.5707136213779449,0,0
donor_withdrawal,7319,V32P-A051498,0,0.30847827196121214,0.30958636701107023,0,0
donor_withdrawal,7320,V32P-A051499,0,0.72288706302642824,0.71137038469314573,1,1
donor_withdrawal,7321,V32P-A051500,0,0.61000134348869328,0.59701371192932129,0,0
donor_withdrawal,7322,V32P-A051501,0,0.54572762250900264,0.53342065811157224,0,0
donor_withdrawal,7323,V32P-A051502,0,0.48455072045326231,0.47282786965370177,0,0
donor_withdrawal,7324,V32P-A051503,0,0.41311628818511964,0.40209146142005919,0,0
donor_withdrawal,7325,V32P-A051504,0,0.24619074165821075,0.23933679163455962,0,0
donor_withdrawal,7326,V32P-A051511,0,0.5721022427082062,0.57444440722465517,0,0
donor_withdrawal,7327,V32P-A051512,0,0.6323134660720825,0.63722374439239504,1,1
donor_withdrawal,7328,V32P-A051513,0,0.63688250780105593,0.64483921527862553,1,1
donor_withdrawal,7329,V32P-A051514,0,0.61241796016693117,0.62316603660583492,0,1
donor_withdrawal,7330,V32P-A051515,1,0.49363589286804199,0.51802895069122312,0,0
donor_withdrawal,7331,V32P-A051516,0,0.04148783087730408,0.044114130362868306,0,0
donor_withdrawal,7332,V32P-A051547,1,0.68263043165206905,0.68523650169372563,1,1
donor_withdrawal,7333,V32P-A051548,1,0.67751437425613403,0.6792247533798218,1,1
donor_withdrawal,7334,V32P-A051549,1,0.76836117506027224,0.76943552494049072,1,1
donor_withdrawal,7335,V32P-A051550,0,0.10412367582321166,0.10755065530538559,0,0
donor_withdrawal,7336,V32P-A051551,0,0.14762768000364304,0.15783147513866425,0,0
donor_withdrawal,7337,V32P-A051552,0,0.043068671785295012,0.044607592932879928,0,0
donor_withdrawal,7338,V32P-A051679,0,0.42859595417976382,0.42035525441169741,0,0
donor_withdrawal,7339,V32P-A051680,0,0.57607976198196409,0.57648752927780156,0,0
donor_withdrawal,7340,V32P-A051681,0,0.59198210239410398,0.59276965856552122,0,0
donor_withdrawal,7341,V32P-A051682,0,0.49426403045654299,0.4957405090332031,0,0
donor_withdrawal,7342,V32P-A051683,0,0.38519054651260376,0.3885250210762024,0,0
donor_withdrawal,7343,V32P-A051684,0,0.16324505805969239,0.17223216891288756,0,0
donor_withdrawal,7344,V32P-A051697,0,0.47420162558555601,0.4625896751880646,0,0
donor_withdrawal,7345,V32P-A051698,0,0.47070289850234986,0.46049157977104188,0,0
donor_withdrawal,7346,V32P-A051699,0,0.45033934712409973,0.44083098173141477,0,0
donor_withdrawal,7347,V32P-A051700,0,0.38267086744308471,0.37341836690902708,0,0
donor_withdrawal,7348,V32P-A051701,0,0.29140940308570862,0.28686103224754333,0,0
donor_withdrawal,7349,V32P-A051702,0,0.14718748778104782,0.14492898732423781,0,0
donor_withdrawal,7350,V32P-A051721,0,0.6457284688949585,0.64230597019195557,1,1
donor_withdrawal,7351,V32P-A051722,0,0.53791711330413816,0.53770319223403928,0,0
donor_withdrawal,7352,V32P-A051723,0,0.44234301447868346,0.4449815094470978,0,0
donor_withdrawal,7353,V32P-A051724,1,0.36341736912727357,0.36689931154251099,0,0
donor_withdrawal,7354,V32P-A051725,0,0.055106751993298529,0.059536632522940634,0,0
donor_withdrawal,7355,V32P-A051726,0,0.018294281326234341,0.01991655435413122,0,0
donor_withdrawal,7356,V32P-A051751,0,0.71549930572509768,0.71775053739547734,1,1
donor_withdrawal,7357,V32P-A051752,0,0.63858618736267092,0.64411559104919436,1,1
donor_withdrawal,7358,V32P-A051753,0,0.6017750144004822,0.60966528654098506,0,0
donor_withdrawal,7359,V32P-A051754,1,0.53369301557540894,0.54804509282112124,0,0
donor_withdrawal,7360,V32P-A051755,0,0.077807650715112683,0.082286877185106272,0,0
donor_withdrawal,7361,V32P-A051756,0,0.035958312451839447,0.037879661843180659,0,0
donor_withdrawal,7362,V32P-A051757,0,0.51477780342102053,0.5214021563529968,0,0
donor_withdrawal,7363,V32P-A051758,0,0.52684994339942937,0.53981114029884336,0,0
donor_withdrawal,7364,V32P-A051759,0,0.51548593640327456,0.52344751954078672,0,0
donor_withdrawal,7365,V32P-A051760,0,0.39319728016853334,0.40350573062896727,0,0
donor_withdrawal,7366,V32P-A051761,0,0.2961826831102371,0.30661500394344332,0,0
donor_withdrawal,7367,V32P-A051762,0,0.13533467054367065,0.14137797206640243,0,0
donor_withdrawal,7368,V32P-A051769,0,0.5931834876537323,0.5892805933952332,0,0
donor_withdrawal,7369,V32P-A051770,0,0.57178903222084043,0.57219758629798889,0,0
donor_withdrawal,7370,V32P-A051771,0,0.535315477848053,0.54016857743263247,0,0
donor_withdrawal,7371,V32P-A051772,0,0.47126176357269289,0.47899613380432127,0,0
donor_withdrawal,7372,V32P-A051773,0,0.35741618275642395,0.37640863656997681,0,0
donor_withdrawal,7373,V32P-A051774,0,0.18753086328506469,0.20033832192420958,0,0
donor_withdrawal,7374,V32P-A051781,0,0.77701965570449827,0.78133063316345219,1,1
donor_withdrawal,7375,V32P-A051782,0,0.62234479188919067,0.63381407260894773,1,1
donor_withdrawal,7376,V32P-A051783,0,0.52553250789642336,0.54099414348602293,0,0
donor_withdrawal,7377,V32P-A051784,0,0.56792372465133667,0.57841153144836421,0,0
donor_withdrawal,7378,V32P-A051785,1,0.56436765789985655,0.57680532336235046,0,0
donor_withdrawal,7379,V32P-A051786,0,0.04425283037126064,0.047737608104944228,0,0
donor_withdrawal,7380,V32P-A051787,0,0.34883894622325895,0.35164844691753389,0,0
donor_withdrawal,7381,V32P-A051788,0,0.34001017212867735,0.3465412139892578,0,0
donor_withdrawal,7382,V32P-A051789,0,0.28926493525505065,0.2994776487350464,0,0
donor_withdrawal,7383,V32P-A051790,0,0.23464186191558839,0.24645832180976868,0,0
donor_withdrawal,7384,V32P-A051791,0,0.17634223252534867,0.18774891048669815,0,0
donor_withdrawal,7385,V32P-A051792,0,0.078723105788230899,0.084537477791309351,0,0
donor_withdrawal,7386,V32P-A051811,0,0.70016106367111208,0.69643756151199343,1,1
donor_withdrawal,7387,V32P-A051812,0,0.56668291091918943,0.56206011772155762,0,0
donor_withdrawal,7388,V32P-A051813,0,0.67220528125762935,0.66718544960021975,1,1
donor_withdrawal,7389,V32P-A051814,0,0.60066592693328857,0.59250477552413938,0,0
donor_withdrawal,7390,V32P-A051815,0,0.44335063099861144,0.4356628954410553,0,0
donor_withdrawal,7391,V32P-A051816,0,0.19712495058774948,0.19560592323541642,0,0
donor_withdrawal,7392,V32P-A051823,0,0.65461813211441044,0.64511574506759639,1,1
donor_withdrawal,7393,V32P-A051824,0,0.62628637552261357,0.62147830724716191,1,1
donor_withdrawal,7394,V32P-A051825,0,0.57846487760543819,0.57725514173507686,0,0
donor_withdrawal,7395,V32P-A051826,1,0.45895048975944519,0.4605016767978668,0,0
donor_withdrawal,7396,V32P-A051827,0,0.055784508213400842,0.058618019893765451,0,0
donor_withdrawal,7397,V32P-A051828,0,0.024338774941861631,0.025877472758293153,0,0
donor_withdrawal,7398,V32P-A051859,0,0.72594830989837644,0.72915613651275635,1,1
donor_withdrawal,7399,V32P-A051860,0,0.50725267529487605,0.50912615656852722,0,0
donor_withdrawal,7400,V32P-A051861,0,0.44634692668914794,0.44811164140701293,0,0
donor_withdrawal,7401,V32P-A051862,0,0.45704185962677002,0.46022726297378541,0,0
donor_withdrawal,7402,V32P-A051863,0,0.30451229214668274,0.30765808224678037,0,0
donor_withdrawal,7403,V32P-A051864,0,0.14002653211355209,0.1436212494969368,0,0
donor_withdrawal,7404,V32P-A052057,0,0.44439398050308226,0.43285965919494629,0,0
donor_withdrawal,7405,V32P-A052058,0,0.45920489430427552,0.44942335486412049,0,0
donor_withdrawal,7406,V32P-A052059,0,0.43488055467605591,0.42481853961944582,0,0
donor_withdrawal,7407,V32P-A052060,0,0.35467828810214996,0.34954386651515962,0,0
donor_withdrawal,7408,V32P-A052061,0,0.30448266267776491,0.29670211672782898,0,0
donor_withdrawal,7409,V32P-A052062,0,0.023130711819976568,0.024159384053200485,0,0
donor_withdrawal,7410,V32P-A052135,0,0.72468258142471309,0.72520788908004763,1,1
donor_withdrawal,7411,V32P-A052136,0,0.60348448753356931,0.60363914966583254,0,0
donor_withdrawal,7412,V32P-A052137,0,0.47263080477714536,0.47784041762351992,0,0
donor_withdrawal,7413,V32P-A052138,0,0.42509323358535767,0.4244233310222626,0,0
donor_withdrawal,7414,V32P-A052139,0,0.32104253768920898,0.32076907157897949,0,0
donor_withdrawal,7415,V32P-A052140,0,0.14505003839731218,0.14680059105157853,0,0
donor_withdrawal,7416,V32P-A052147,0,0.76733399629592891,0.77124122381210325,1,1
donor_withdrawal,7417,V32P-A052148,0,0.56861053705215459,0.58087799549102781,0,0
donor_withdrawal,7418,V32P-A052149,0,0.45285209417343142,0.45881632566452024,0,0
donor_withdrawal,7419,V32P-A052150,0,0.47347487807273864,0.48237056136131284,0,0
donor_withdrawal,7420,V32P-A052151,0,0.32913776636123659,0.33963516354560852,0,0
donor_withdrawal,7421,V32P-A052152,0,0.14090968817472457,0.14739657193422318,0,0
donor_withdrawal,7422,V32P-A052159,0,0.71642770767211916,0.71302365064620976,1,1
donor_withdrawal,7423,V32P-A052160,0,0.65643554925918579,0.65211195945739742,1,1
donor_withdrawal,7424,V32P-A052161,0,0.55011471509933474,0.54071763157844543,0,0
donor_withdrawal,7425,V32P-A052162,0,0.47587029337882997,0.46439726948738097,0,0
donor_withdrawal,7426,V32P-A052163,0,0.36955625116825103,0.35928210914134978,0,0
donor_withdrawal,7427,V32P-A052164,0,0.17137133032083512,0.16738818734884262,0,0
donor_withdrawal,7428,V32P-A052195,0,0.64122251272201536,0.63872138261795042,1,1
donor_withdrawal,7429,V32P-A052196,0,0.58730981349945066,0.58192508220672612,0,0
donor_withdrawal,7430,V32P-A052197,0,0.50508795976638798,0.49565212726593016,0,0
donor_withdrawal,7431,V32P-A052198,0,0.43570370078086851,0.42719420194625857,0,0
donor_withdrawal,7432,V32P-A052199,0,0.37029971480369567,0.3633298188447952,0,0
donor_withdrawal,7433,V32P-A052200,0,0.039614285714924334,0.040100636705756185,0,0
donor_withdrawal,7434,V32P-A052231,0,0.50275002717971806,0.50936846733093266,0,0
donor_withdrawal,7435,V32P-A052232,0,0.50851240754127502,0.51656091809272764,0,0
donor_withdrawal,7436,V32P-A052233,0,0.47207844853401182,0.48270528316497802,0,0
donor_withdrawal,7437,V32P-A052234,0,0.3933949828147888,0.40542660951614379,0,0
donor_withdrawal,7438,V32P-A052235,0,0.27803108096122742,0.29862017631530763,0,0
donor_withdrawal,7439,V32P-A052236,0,0.13464883118867874,0.14558903425931929,0,0
donor_withdrawal,7440,V32P-A052267,0,0.67065439224243162,0.66665955781936648,1,1
donor_withdrawal,7441,V32P-A052268,0,0.46757549047470093,0.45544407367706297,0,0
donor_withdrawal,7442,V32P-A052269,0,0.39468010663986208,0.38334895968437194,0,0
donor_withdrawal,7443,V32P-A052270,0,0.32217576801776887,0.31401043236255644,0,0
donor_withdrawal,7444,V32P-A052271,0,0.30545162558555605,0.30470510125160216,0,0
donor_withdrawal,7445,V32P-A052272,0,0.11959062218666076,0.11895109117031097,0,0
donor_withdrawal,7446,V32P-A052321,0,0.62830216884613033,0.62973088026046753,1,1
donor_withdrawal,7447,V32P-A052322,0,0.52087074518203735,0.51880644559860234,0,0
donor_withdrawal,7448,V32P-A052323,0,0.49126710295677184,0.49453762173652649,0,0
donor_withdrawal,7449,V32P-A052324,0,0.40946145057678224,0.41825067400932314,0,0
donor_withdrawal,7450,V32P-A052325,0,0.35611773133277891,0.36625965833663943,0,0
donor_withdrawal,7451,V32P-A052326,0,0.12750242501497269,0.13370499908924102,0,0
donor_withdrawal,7452,V32P-A052345,0,0.79241012334823613,0.7881359815597534,1,1
donor_withdrawal,7453,V32P-A052346,0,0.66029947996139526,0.65427721738815303,1,1
donor_withdrawal,7454,V32P-A052347,0,0.62678363323211672,0.61906238794326784,1,0
donor_withdrawal,7455,V32P-A052348,1,0.52323935031890867,0.51341526508331303,0,0
donor_withdrawal,7456,V32P-A052349,0,0.077798156440258032,0.079129670560359952,0,0
donor_withdrawal,7457,V32P-A052350,0,0.034712557494640348,0.036017716675996778,0,0
donor_withdrawal,7458,V32P-A052453,0,0.63109703063964839,0.6288481473922729,1,1
donor_withdrawal,7459,V32P-A052454,0,0.58477084636688237,0.58161203861236577,0,0
donor_withdrawal,7460,V32P-A052455,0,0.53811093568801882,0.53517379164695744,0,0
donor_withdrawal,7461,V32P-A052456,0,0.48489046692848203,0.48224698901176455,0,0
donor_withdrawal,7462,V32P-A052457,0,0.41026773750782014,0.4091110795736313,0,0
donor_withdrawal,7463,V32P-A052458,0,0.19984214454889299,0.20368581861257554,0,0
donor_withdrawal,7464,V32P-A052501,0,0.71827903985977171,0.71777143478393557,1,1
donor_withdrawal,7465,V32P-A052502,0,0.60276021361351018,0.60574761033058167,0,0
donor_withdrawal,7466,V32P-A052503,0,0.53848258256912229,0.54499435424804688,0,0
donor_withdrawal,7467,V32P-A052504,0,0.45519075393676756,0.47069079875946046,0,0
donor_withdrawal,7468,V32P-A052505,0,0.36632140874862673,0.38854597806930541,0,0
donor_withdrawal,7469,V32P-A052506,0,0.20211426913738251,0.22360210120677948,0,0
donor_withdrawal,7470,V32P-A052537,0,0.61354676485061643,0.6116618394851685,0,0
donor_withdrawal,7471,V32P-A052538,0,0.58348002433776858,0.58191275596618652,0,0
donor_withdrawal,7472,V32P-A052539,0,0.56608796119689941,0.56896003484725954,0,0
donor_withdrawal,7473,V32P-A052540,0,0.50552591681480408,0.51112591028213505,0,0
donor_withdrawal,7474,V32P-A052541,0,0.41066849827766416,0.42049967050552367,0,0
donor_withdrawal,7475,V32P-A052542,0,0.17257015258073807,0.18380704373121262,0,0
donor_withdrawal,7476,V32P-A052603,0,0.73395212888717654,0.73937709331512447,1,1
donor_withdrawal,7477,V32P-A052604,0,0.57773796916007991,0.59358742833137512,0,0
donor_withdrawal,7478,V32P-A052605,0,0.4968384265899658,0.52675939798355098,0,0
donor_withdrawal,7479,V32P-A052606,0,0.44039883017539977,0.46542855501174929,0,0
donor_withdrawal,7480,V32P-A052607,0,0.34087376892566679,0.365472087264061,0,0
donor_withdrawal,7481,V32P-A052608,0,0.1564669817686081,0.16728487759828567,0,0
donor_withdrawal,7482,V32P-A052675,1,0.54246720075607302,0.5420238137245178,0,0
donor_withdrawal,7483,V32P-A052676,1,0.44935963153839109,0.44842989444732667,0,0
donor_withdrawal,7484,V32P-A052677,1,0.41833939552307131,0.41762801408767702,0,0
donor_withdrawal,7485,V32P-A052678,0,0.074427992850542066,0.078208202868700033,0,0
donor_withdrawal,7486,V32P-A052679,0,0.057780522480607034,0.061084849014878276,0,0
donor_withdrawal,7487,V32P-A052680,0,0.027599186822772025,0.029412886127829552,0,0
donor_withdrawal,7488,V32P-A052681,0,0.78665815591812138,0.78692086935043337,1,1
donor_withdrawal,7489,V32P-A052682,0,0.56439632773399351,0.562755960226059,0,0
donor_withdrawal,7490,V32P-A052683,0,0.55660083293914797,0.5586910724639893,0,0
donor_withdrawal,7491,V32P-A052684,0,0.50930719375610356,0.5145659804344177,0,0
donor_withdrawal,7492,V32P-A052685,0,0.42259334921836855,0.43044236302375793,0,0
donor_withdrawal,7493,V32P-A052686,0,0.23382717669010161,0.24759174287319183,0,0
donor_withdrawal,7494,V32P-A052687,0,0.68941798210144045,0.68649080991744993,1,1
donor_withdrawal,7495,V32P-A052688,0,0.55832748413085942,0.55616213083267207,0,0
donor_withdrawal,7496,V32P-A052689,0,0.45498780608177186,0.45077806115150454,0,0
donor_withdrawal,7497,V32P-A052690,0,0.36056798696517944,0.3549297869205475,0,0
donor_withdrawal,7498,V32P-A052691,0,0.27759132385253904,0.2733620345592499,0,0
donor_withdrawal,7499,V32P-A052692,0,0.13220243155956268,0.13189123570919037,0,0
donor_withdrawal,7500,V32P-A052747,0,0.76984027624130247,0.77378215789794924,1,1
donor_withdrawal,7501,V32P-A052748,0,0.55428806543350218,0.56038134098052983,0,0
donor_withdrawal,7502,V32P-A052749,0,0.54637818932533266,0.55342586636543278,0,0
donor_withdrawal,7503,V32P-A052750,0,0.64072387218475346,0.64685742855072026,1,1
donor_withdrawal,7504,V32P-A052751,0,0.3869616687297821,0.39930176734924316,0,0
donor_withdrawal,7505,V32P-A052752,0,0.17605988830327987,0.18297095298767091,0,0
donor_withdrawal,7506,V32P-A052849,0,0.55846303105354311,0.55357416272163396,0,0
donor_withdrawal,7507,V32P-A052850,0,0.55538393855094914,0.5510348379611969,0,0
donor_withdrawal,7508,V32P-A052851,0,0.53282073736190794,0.52855095863342283,0,0
donor_withdrawal,7509,V32P-A052852,0,0.39164417386054995,0.38808762431144717,0,0
donor_withdrawal,7510,V32P-A052853,0,0.29537252783775331,0.29189935326576233,0,0
donor_withdrawal,7511,V32P-A052854,0,0.14013309478759767,0.14041370749473572,0,0
donor_withdrawal,7512,V32P-A052873,0,0.62378747463226314,0.6164417147636414,1,0
donor_withdrawal,7513,V32P-A052874,0,0.63312599658966062,0.62768211364746096,1,1
donor_withdrawal,7514,V32P-A052875,0,0.65281274318695071,0.65076650381088252,1,1
donor_withdrawal,7515,V32P-A052876,0,0.6166404008865356,0.61629163026809697,0,0
donor_withdrawal,7516,V32P-A052877,0,0.56368152499198909,0.56432383656501772,0,0
donor_withdrawal,7517,V32P-A052878,0,0.050562899187207223,0.053506102040410043,0,0
donor_withdrawal,7518,V32P-A052999,0,0.51396482586860659,0.50565593838691714,0,0
donor_withdrawal,7519,V32P-A053000,0,0.49087577462196352,0.48355581164360045,0,0
donor_withdrawal,7520,V32P-A053001,0,0.4681499660015106,0.46207340359687804,0,0
donor_withdrawal,7521,V32P-A053002,0,0.42581387162208556,0.42307423353195189,0,0
donor_withdrawal,7522,V32P-A053003,0,0.35382577478885652,0.35251913368701937,0,0
donor_withdrawal,7523,V32P-A053004,0,0.15761439204216005,0.16119843721389771,0,0
donor_withdrawal,7524,V32P-A053023,0,0.56530709266662593,0.56022061705589299,0,0
donor_withdrawal,7525,V32P-A053024,0,0.45572017431259154,0.44757481217384337,0,0
donor_withdrawal,7526,V32P-A053025,0,0.38578889966011048,0.37545360922813414,0,0
donor_withdrawal,7527,V32P-A053026,0,0.311652147769928,0.30051700472831727,0,0
donor_withdrawal,7528,V32P-A053027,0,0.24135950207710266,0.23188090324401855,0,0
donor_withdrawal,7529,V32P-A053028,0,0.11236661225557328,0.10769312828779221,0,0
donor_withdrawal,7530,V32P-A053101,0,0.5620320320129395,0.55474367141723635,0,0
donor_withdrawal,7531,V32P-A053102,0,0.47256534695625307,0.46577678322792054,0,0
donor_withdrawal,7532,V32P-A053103,0,0.45082697868347166,0.44403882026672364,0,0
donor_withdrawal,7533,V32P-A053104,0,0.37165305614471433,0.36503053903579713,0,0
donor_withdrawal,7534,V32P-A053105,0,0.30462979972362519,0.29992238581180575,0,0
donor_withdrawal,7535,V32P-A053106,0,0.13012936264276503,0.13120712488889694,0,0
donor_withdrawal,7536,V32P-A053113,0,0.77900476455688472,0.77920058965682981,1,1
donor_withdrawal,7537,V32P-A053114,0,0.59219994544982912,0.59542703628540039,0,0
donor_withdrawal,7538,V32P-A053115,0,0.53694968819618227,0.54080879092216494,0,0
donor_withdrawal,7539,V32P-A053116,0,0.56982710957527161,0.57298331856727602,0,0
donor_withdrawal,7540,V32P-A053117,0,0.53683396577835085,0.54182252883911131,0,0
donor_withdrawal,7541,V32P-A053118,0,0.29586499631404878,0.31336927115917207,0,0
donor_withdrawal,7542,V32P-A053125,0,0.77103310823440552,0.77193771600723271,1,1
donor_withdrawal,7543,V32P-A053126,0,0.60274597406387331,0.6040473103523254,0,0
donor_withdrawal,7544,V32P-A053127,0,0.52756050229072571,0.53525364995002744,0,0
donor_withdrawal,7545,V32P-A053128,0,0.486909818649292,0.48887475132942199,0,0
donor_withdrawal,7546,V32P-A053129,0,0.38307852149009702,0.38675094842910768,0,0
donor_withdrawal,7547,V32P-A053130,0,0.17104420065879822,0.17636142671108246,0,0
donor_withdrawal,7548,V32P-A053233,0,0.73680341243743896,0.73987264633178706,1,1
donor_withdrawal,7549,V32P-A053234,0,0.56798481941223145,0.57752505540847776,0,0
donor_withdrawal,7550,V32P-A053235,0,0.62762740850448606,0.63248785734176638,1,1
donor_withdrawal,7551,V32P-A053236,0,0.62566715478897095,0.63404059410095215,1,1
donor_withdrawal,7552,V32P-A053237,0,0.54273552894592281,0.55962501168251033,0,0
donor_withdrawal,7553,V32P-A053238,0,0.24430472254753113,0.25658926069736482,0,0
donor_withdrawal,7554,V32P-A053263,0,0.63132879734039304,0.63093801140785222,1,1
donor_withdrawal,7555,V32P-A053264,0,0.67314430475234988,0.67424894571304317,1,1
donor_withdrawal,7556,V32P-A053265,0,0.65284653902053835,0.65801280736923218,1,1
donor_withdrawal,7557,V32P-A053266,0,0.57535160779952998,0.57594262361526494,0,0
donor_withdrawal,7558,V32P-A053267,1,0.46938164830207824,0.46956384181976318,0,0
donor_withdrawal,7559,V32P-A053268,0,0.045031100325286386,0.046543420664966105,0,0
donor_withdrawal,7560,V32P-A053359,0,0.60249065756797793,0.6020260751247406,0,0
donor_withdrawal,7561,V32P-A053360,0,0.49286608695983886,0.49345762729644777,0,0
donor_withdrawal,7562,V32P-A053361,0,0.45167427659034731,0.45312431454658508,0,0
donor_withdrawal,7563,V32P-A053362,0,0.36193088293075559,0.36481758952140808,0,0
donor_withdrawal,7564,V32P-A053363,0,0.28969098925590514,0.29541950225830077,0,0
donor_withdrawal,7565,V32P-A053364,0,0.12639535516500472,0.13222663849592209,0,0
donor_withdrawal,7566,V32P-A053377,0,0.86753439903259277,0.86219072341918945,1,1
donor_withdrawal,7567,V32P-A053378,0,0.7522929310798645,0.7438572764396667,1,1
donor_withdrawal,7568,V32P-A053379,0,0.82610241174697874,0.82343170642852781,1,1
donor_withdrawal,7569,V32P-A053380,0,0.68982840776443477,0.68033479452133183,1,1
donor_withdrawal,7570,V32P-A053381,1,0.62229175567626949,0.61293549537658687,1,0
donor_withdrawal,7571,V32P-A053382,0,0.03921252116560936,0.040278845652937892,0,0
donor_withdrawal,7572,V32P-A053389,0,0.69439692497253414,0.69284359216690061,1,1
donor_withdrawal,7573,V32P-A053390,0,0.57630519270896907,0.5749825179576874,0,0
donor_withdrawal,7574,V32P-A053391,0,0.5522717952728271,0.55120195150375362,0,0
donor_withdrawal,7575,V32P-A053392,0,0.44160320162773131,0.44254649281501768,0,0
donor_withdrawal,7576,V32P-A053393,0,0.32321541309356688,0.32798207402229307,0,0
donor_withdrawal,7577,V32P-A053394,0,0.12097322940826416,0.1278973937034607,0,0
donor_withdrawal,7578,V32P-A053395,0,0.58332884311676025,0.58028616905212405,0,0
donor_withdrawal,7579,V32P-A053396,0,0.49474034309387205,0.49124065637588499,0,0
donor_withdrawal,7580,V32P-A053397,0,0.45890595912933352,0.45547795295715332,0,0
donor_withdrawal,7581,V32P-A053398,0,0.42006347477436068,0.41717094480991362,0,0
donor_withdrawal,7582,V32P-A053399,0,0.35987617075443268,0.35792596042156222,0,0
donor_withdrawal,7583,V32P-A053400,0,0.033684929925948383,0.035936185438185927,0,0
donor_withdrawal,7584,V32P-A053407,1,0.83825712203979497,0.83700101375579838,1,1
donor_withdrawal,7585,V32P-A053408,1,0.69794802665710454,0.69678575992584224,1,1
donor_withdrawal,7586,V32P-A053409,0,0.36229317784309389,0.36812115311622617,0,0
donor_withdrawal,7587,V32P-A053410,0,0.15172916352748872,0.15587979406118393,0,0
donor_withdrawal,7588,V32P-A053411,0,0.12629570662975312,0.13030541837215423,0,0
donor_withdrawal,7589,V32P-A053412,0,0.048637724295258519,0.050644887983798979,0,0
donor_withdrawal,7590,V32P-A053437,1,0.69270631074905398,0.68288451433181763,1,1
donor_withdrawal,7591,V32P-A053438,1,0.57758450508117676,0.56749429702758791,0,0
donor_withdrawal,7592,V32P-A053439,0,0.15692055821418763,0.15959521830081941,0,0
donor_withdrawal,7593,V32P-A053440,0,0.1190432883799076,0.12161459103226661,0,0
donor_withdrawal,7594,V32P-A053441,0,0.10259463787078857,0.1047805093228817,0,0
donor_withdrawal,7595,V32P-A053442,0,0.041522563993930818,0.042440179176628588,0,0
donor_withdrawal,7596,V32P-A053461,0,0.42197224497795105,0.42103657722473142,0,0
donor_withdrawal,7597,V32P-A053462,0,0.51956977248191838,0.52771534919738772,0,0
donor_withdrawal,7598,V32P-A053463,0,0.52683277130126949,0.54082574844360354,0,0
donor_withdrawal,7599,V32P-A053464,0,0.47420666217803953,0.49220320582389832,0,0
donor_withdrawal,7600,V32P-A053465,1,0.40755566954612732,0.42638844847679136,0,0
donor_withdrawal,7601,V32P-A053466,0,0.032892215065658092,0.035464421100914481,0,0
donor_withdrawal,7602,V32P-A053467,0,0.52019734978675847,0.50599290132522579,0,0
donor_withdrawal,7603,V32P-A053468,0,0.48961475491523743,0.47596051096916198,0,0
donor_withdrawal,7604,V32P-A053469,0,0.75166592597961424,0.74574885368347166,1,1
donor_withdrawal,7605,V32P-A053470,0,0.36272926926612853,0.35012600421905515,0,0
donor_withdrawal,7606,V32P-A053471,1,0.37568293511867523,0.36267468035221101,0,0
donor_withdrawal,7607,V32P-A053472,0,0.040321553871035573,0.040610177814960478,0,0
donor_withdrawal,7608,V32P-A053491,0,0.52606006264686589,0.52674481272697449,0,0
donor_withdrawal,7609,V32P-A053492,0,0.42242206931114196,0.42376580238342287,0,0
donor_withdrawal,7610,V32P-A053493,0,0.45917903184890746,0.46103531122207642,0,0
donor_withdrawal,7611,V32P-A053494,0,0.46231743693351746,0.46549614071846007,0,0
donor_withdrawal,7612,V32P-A053495,0,0.38408975601196288,0.39072389006614683,0,0
donor_withdrawal,7613,V32P-A053496,0,0.2278285264968872,0.24147491455078124,0,0
donor_withdrawal,7614,V32P-A053497,0,0.64698352813720705,0.64418576955795293,1,1
donor_withdrawal,7615,V32P-A053498,0,0.64272814989089966,0.63940578699111938,1,1
donor_withdrawal,7616,V32P-A053499,0,0.63223911523818965,0.62833672761917114,1,1
donor_withdrawal,7617,V32P-A053500,0,0.64958299398422237,0.64491213560104366,1,1
donor_withdrawal,7618,V32P-A053501,0,0.5910839796066284,0.58515484333038326,0,0
donor_withdrawal,7619,V32P-A053502,0,0.35944998264312744,0.35109137296676635,0,0
donor_withdrawal,7620,V32P-A053527,0,0.75299303531646733,0.75193077325820923,1,1
donor_withdrawal,7621,V32P-A053528,0,0.72555872201919558,0.72379420995712285,1,1
donor_withdrawal,7622,V32P-A053529,0,0.75255733728408813,0.75133737325668337,1,1
donor_withdrawal,7623,V32P-A053530,0,0.74335175752639771,0.74374175071716309,1,1
donor_withdrawal,7624,V32P-A053531,0,0.69589489698410034,0.69901390075683589,1,1
donor_withdrawal,7625,V32P-A053532,0,0.48058697581291199,0.48967131972312927,0,0
donor_withdrawal,7626,V32P-A053575,0,0.56122590303421016,0.55423836708068852,0,0
donor_withdrawal,7627,V32P-A053576,0,0.54405025839805599,0.53786275386810301,0,0
donor_withdrawal,7628,V32P-A053577,0,0.60978922843933103,0.60722362995147705,0,0
donor_withdrawal,7629,V32P-A053578,0,0.58320369720458987,0.58142791986465459,0,0
donor_withdrawal,7630,V32P-A053579,0,0.48326188325881958,0.48296292424201964,0,0
donor_withdrawal,7631,V32P-A053580,0,0.037740061432123183,0.040498728305101393,0,0
donor_withdrawal,7632,V32P-A053617,0,0.73483421802520754,0.72858587503433225,1,1
donor_withdrawal,7633,V32P-A053618,0,0.7438113331794739,0.73817181587219238,1,1
donor_withdrawal,7634,V32P-A053619,0,0.77283875942230229,0.76506801843643191,1,1
donor_withdrawal,7635,V32P-A053620,0,0.5935528159141541,0.58130755424499514,0,0
donor_withdrawal,7636,V32P-A053621,0,0.52606164813041689,0.51167907118797307,0,0
donor_withdrawal,7637,V32P-A053622,0,0.23067809939384459,0.2249597728252411,0,0
donor_withdrawal,7638,V32P-A053635,0,0.6076274693012238,0.60407493114471433,0,0
donor_withdrawal,7639,V32P-A053636,0,0.60189165472984318,0.6003580510616302,0,0
donor_withdrawal,7640,V32P-A053637,0,0.58354984521865849,0.5829494297504425,0,0
donor_withdrawal,7641,V32P-A053638,0,0.56598668098449711,0.56877130866050718,0,0
donor_withdrawal,7642,V32P-A053639,0,0.50474965572357178,0.50883715748786928,0,0
donor_withdrawal,7643,V32P-A053640,0,0.28496835231781004,0.29032249450683595,0,0
donor_withdrawal,7644,V32P-A053647,1,0.61481537818908694,0.61816452741622929,0,0
donor_withdrawal,7645,V32P-A053648,1,0.58164634704589846,0.58451750278472903,0,0
donor_withdrawal,7646,V32P-A053649,1,0.53278869986534116,0.53494984507560728,0,0
donor_withdrawal,7647,V32P-A053650,0,0.092773903906345365,0.095889179408550268,0,0
donor_withdrawal,7648,V32P-A053651,0,0.066221918910741806,0.069157845526933673,0,0
donor_withdrawal,7649,V32P-A053652,0,0.026589542627334595,0.028195565193891527,0,0
donor_withdrawal,7650,V32P-A053659,1,0.61805063486099243,0.61255512237548826,0,0
donor_withdrawal,7651,V32P-A053660,1,0.51118526458740232,0.5079874634742737,0,0
donor_withdrawal,7652,V32P-A053661,1,0.43997460603713989,0.43952473998069763,0,0
donor_withdrawal,7653,V32P-A053662,0,0.068010795116424563,0.070952696353197092,0,0
donor_withdrawal,7654,V32P-A053663,0,0.050109783560037612,0.052695472538471219,0,0
donor_withdrawal,7655,V32P-A053664,0,0.020326353423297406,0.021696038357913495,0,0
donor_withdrawal,7656,V32P-A053779,0,0.72297618389129636,0.72231390476226809,1,1
donor_withdrawal,7657,V32P-A053780,0,0.65286115407943723,0.65193208456039431,1,1
donor_withdrawal,7658,V32P-A053781,0,0.62540522813796995,0.62410546541213985,1,1
donor_withdrawal,7659,V32P-A053782,0,0.53809086680412288,0.53714472651481626,0,0
donor_withdrawal,7660,V32P-A053783,0,0.43522102236747739,0.43643044829368594,0,0
donor_withdrawal,7661,V32P-A053784,0,0.036800372228026387,0.038132518529891968,0,0
donor_withdrawal,7662,V32P-A053797,1,0.79057381153106687,0.78830293416976926,1,1
donor_withdrawal,7663,V32P-A053798,1,0.72823692560195918,0.72529749870300297,1,1
donor_withdrawal,7664,V32P-A053799,1,0.65683193206787105,0.65150994062423706,1,1
donor_withdrawal,7665,V32P-A053800,0,0.13676167875528336,0.13827446848154068,0,0
donor_withdrawal,7666,V32P-A053801,0,0.10333304107189178,0.10475826114416123,0,0
donor_withdrawal,7667,V32P-A053802,0,0.045138168707489969,0.046253528073430063,0,0
donor_withdrawal,7668,V32P-A053851,1,0.76795252561569216,0.76879309415817265,1,1
donor_withdrawal,7669,V32P-A053852,1,0.67170994281768803,0.67132556438446045,1,1
donor_withdrawal,7670,V32P-A053853,1,0.7641173124313354,0.76906883716583252,1,1
donor_withdrawal,7671,V32P-A053854,0,0.14160301983356477,0.14332394674420357,0,0
donor_withdrawal,7672,V32P-A053855,0,0.10150288790464401,0.10312673449516296,0,0
donor_withdrawal,7673,V32P-A053856,0,0.045749077759683135,0.046773937344551084,0,0
donor_withdrawal,7674,V32P-A053887,1,0.74727709293365474,0.74231948852539065,1,1
donor_withdrawal,7675,V32P-A053888,1,0.63003463745117183,0.62362751960754392,1,1
donor_withdrawal,7676,V32P-A053889,1,0.516458660364151,0.50770973563194277,0,0
donor_withdrawal,7677,V32P-A053890,0,0.071543344482779506,0.072416466847062114,0,0
donor_withdrawal,7678,V32P-A053891,0,0.052889202535152433,0.053823758661746976,0,0
donor_withdrawal,7679,V32P-A053892,0,0.024400530569255351,0.025025171227753162,0,0
donor_withdrawal,7680,V32P-A053965,0,0.57450007200241093,0.57489459514617924,0,0
donor_withdrawal,7681,V32P-A053966,0,0.50407730937004092,0.50397161841392513,0,0
donor_withdrawal,7682,V32P-A053967,0,0.44051809906959533,0.43808739185333251,0,0
donor_withdrawal,7683,V32P-A053968,0,0.35425835251808169,0.34979846477508547,0,0
donor_withdrawal,7684,V32P-A053969,0,0.26810750961303709,0.26392339468002318,0,0
donor_withdrawal,7685,V32P-A053970,0,0.11746385172009469,0.11752802804112435,0,0
donor_withdrawal,7686,V32P-A053971,0,0.52609962821006773,0.50877322554588322,0,0
donor_withdrawal,7687,V32P-A053972,0,0.63945147395133972,0.62852665781974792,1,1
donor_withdrawal,7688,V32P-A053973,0,0.63726812601089478,0.62742439508438108,1,1
donor_withdrawal,7689,V32P-A053974,0,0.52818564772605892,0.5184864938259125,0,0
donor_withdrawal,7690,V32P-A053975,0,0.42802740931510924,0.4185309112071991,0,0
donor_withdrawal,7691,V32P-A053976,0,0.22396352589130403,0.22156341969966889,0,0
donor_withdrawal,7692,V32P-A054025,0,0.79016339778900146,0.79669861793518071,1,1
donor_withdrawal,7693,V32P-A054026,0,0.64655235409736633,0.65557076930999758,1,1
donor_withdrawal,7694,V32P-A054027,0,0.72380774021148686,0.73770133256912229,1,1
donor_withdrawal,7695,V32P-A054028,0,0.59609632492065434,0.60709570646286015,0,0
donor_withdrawal,7696,V32P-A054029,0,0.50910224318504338,0.51603902578353877,0,0
donor_withdrawal,7697,V32P-A054030,0,0.051387453079223634,0.052955591306090358,0,0
donor_withdrawal,7698,V32P-A054037,0,0.66871635913848881,0.66976165771484375,1,1
donor_withdrawal,7699,V32P-A054038,0,0.46270315051078797,0.46586660146713255,0,0
donor_withdrawal,7700,V32P-A054039,0,0.63509342074394226,0.63863572478294373,1,1
donor_withdrawal,7701,V32P-A054040,0,0.37504213452339175,0.38183908462524413,0,0
donor_withdrawal,7702,V32P-A054041,0,0.2837763547897339,0.28771279156208041,0,0
donor_withdrawal,7703,V32P-A054042,0,0.022067696228623389,0.02319994680583477,0,0
donor_withdrawal,7704,V32P-A054043,0,0.56260160207748411,0.56970793604850767,0,0
donor_withdrawal,7705,V32P-A054044,0,0.5809528589248657,0.58581943511962886,0,0
donor_withdrawal,7706,V32P-A054045,0,0.49126952290534975,0.49500678777694701,0,0
donor_withdrawal,7707,V32P-A054046,0,0.3903944969177246,0.39286700487136839,0,0
donor_withdrawal,7708,V32P-A054047,1,0.31226437687873843,0.3128331243991852,0,0
donor_withdrawal,7709,V32P-A054048,0,0.037622156925499438,0.038525877892971037,0,0
donor_withdrawal,7710,V32P-A054097,0,0.81843385696411131,0.81125235557556152,1,1
donor_withdrawal,7711,V32P-A054098,0,0.67741055488586421,0.65984061956405637,1,1
donor_withdrawal,7712,V32P-A054099,0,0.79492391347885127,0.78557959794998167,1,1
donor_withdrawal,7713,V32P-A054100,0,0.77148488759994505,0.75933675765991215,1,1
donor_withdrawal,7714,V32P-A054101,0,0.68928176164627075,0.67195160388946529,1,1
donor_withdrawal,7715,V32P-A054102,0,0.43531196415424345,0.41892135441303252,0,0
donor_withdrawal,7716,V32P-A054133,1,0.69925763607025149,0.69670728445053098,1,1
donor_withdrawal,7717,V32P-A054134,1,0.59921877384185795,0.59602771997451787,0,0
donor_withdrawal,7718,V32P-A054135,1,0.5086709797382355,0.50434767603874209,0,0
donor_withdrawal,7719,V32P-A054136,0,0.10148701518774032,0.10401869118213654,0,0
donor_withdrawal,7720,V32P-A054137,0,0.07157450877130031,0.073589381948113444,0,0
donor_withdrawal,7721,V32P-A054138,0,0.032124197576195002,0.033218941558152436,0,0
donor_withdrawal,7722,V32P-A054157,0,0.5751376748085022,0.58261591196060181,0,0
donor_withdrawal,7723,V32P-A054158,0,0.63583765029907224,0.64518948793411257,1,1
donor_withdrawal,7724,V32P-A054159,0,0.63306170701980591,0.64504231214523311,1,1
donor_withdrawal,7725,V32P-A054160,1,0.60344045162200932,0.6204240202903748,0,1
donor_withdrawal,7726,V32P-A054161,0,0.090684066712856296,0.096435438841581345,0,0
donor_withdrawal,7727,V32P-A054162,0,0.044546034745872022,0.04713638499379158,0,0
donor_withdrawal,7728,V32P-A054175,0,0.6913301944732666,0.69293226003646846,1,1
donor_withdrawal,7729,V32P-A054176,0,0.5718292832374573,0.57314518690109251,0,0
donor_withdrawal,7730,V32P-A054177,0,0.56837978959083557,0.5683089673519135,0,0
donor_withdrawal,7731,V32P-A054178,0,0.54331206679344179,0.54275750517845156,0,0
donor_withdrawal,7732,V32P-A054179,0,0.45290894508361818,0.45516122579574586,0,0
donor_withdrawal,7733,V32P-A054180,0,0.20518014281988145,0.21253686100244523,0,0
donor_withdrawal,7734,V32P-A054307,0,0.40645074248313906,0.40978378653526304,0,0
donor_withdrawal,7735,V32P-A054308,0,0.44347718358039856,0.44717957377433776,0,0
donor_withdrawal,7736,V32P-A054309,0,0.43972133398056029,0.4449371576309204,0,0
donor_withdrawal,7737,V32P-A054310,0,0.39392100572586058,0.40157525539398192,0,0
donor_withdrawal,7738,V32P-A054311,0,0.32821315228939058,0.33899425566196439,0,0
donor_withdrawal,7739,V32P-A054312,0,0.029188271798193454,0.031537279300391671,0,0
donor_withdrawal,7740,V32P-A054391,0,0.6229505062103271,0.6287445664405823,1,1
donor_withdrawal,7741,V32P-A054392,0,0.56793736219406132,0.57449645996093746,0,0
donor_withdrawal,7742,V32P-A054393,0,0.59520987868309017,0.60525385737419124,0,0
donor_withdrawal,7743,V32P-A054394,0,0.39303083419799806,0.40418391823768618,0,0
donor_withdrawal,7744,V32P-A054395,1,0.32423914670944215,0.3347627341747284,0,0
donor_withdrawal,7745,V32P-A054396,0,0.027720895316451787,0.029262505006045103,0,0
donor_withdrawal,7746,V32P-A054475,1,0.59665371179580684,0.60657980442047121,0,0
donor_withdrawal,7747,V32P-A054476,1,0.61944212913513186,0.63451939821243286,0,1
donor_withdrawal,7748,V32P-A054477,0,0.16136536300182341,0.17452642023563386,0,0
donor_withdrawal,7749,V32P-A054478,0,0.10577152073383331,0.11192629411816597,0,0
donor_withdrawal,7750,V32P-A054479,0,0.075661005452275276,0.079715359583497042,0,0
donor_withdrawal,7751,V32P-A054480,0,0.034232010878622529,0.036170082725584508,0,0
donor_withdrawal,7752,V32P-A054535,0,0.71859154701232908,0.71204855442047121,1,1
donor_withdrawal,7753,V32P-A054536,0,0.64693394899368284,0.64141039848327641,1,1
donor_withdrawal,7754,V32P-A054537,0,0.62725082635879514,0.624128270149231,1,1
donor_withdrawal,7755,V32P-A054538,0,0.68427487611770632,0.68242743015289309,1,1
donor_withdrawal,7756,V32P-A054539,1,0.631561279296875,0.63094449043273926,1,1
donor_withdrawal,7757,V32P-A054540,0,0.035188997164368629,0.0373033806681633,0,0
donor_withdrawal,7758,V32P-A054547,0,0.71759454011917112,0.71866856813430791,1,1
donor_withdrawal,7759,V32P-A054548,0,0.57919273972511287,0.57929541468620305,0,0
donor_withdrawal,7760,V32P-A054549,0,0.65831260681152348,0.66368849277496333,1,1
donor_withdrawal,7761,V32P-A054550,0,0.6348478436470032,0.63553279638290405,1,1
donor_withdrawal,7762,V32P-A054551,0,0.48375715017318727,0.48432756662368776,0,0
donor_withdrawal,7763,V32P-A054552,0,0.21839830577373504,0.22111079692840577,0,0
donor_withdrawal,7764,V32P-A054643,1,0.62527774572372441,0.62351365089416499,1,1
donor_withdrawal,7765,V32P-A054644,1,0.38496852517127989,0.38264411687850952,0,0
donor_withdrawal,7766,V32P-A054645,0,0.08204762265086174,0.084394254535436627,0,0
donor_withdrawal,7767,V32P-A054646,0,0.072021111845970154,0.074567583203315732,0,0
donor_withdrawal,7768,V32P-A054647,0,0.058301737532019615,0.060598821565508845,0,0
donor_withdrawal,7769,V32P-A054648,0,0.028129872400313616,0.029268737789243458,0,0
donor_withdrawal,7770,V32P-A054751,0,0.39667246639728548,0.38247019648551939,0,0
donor_withdrawal,7771,V32P-A054752,0,0.41074160039424895,0.3963378518819809,0,0
donor_withdrawal,7772,V32P-A054753,0,0.33160794377326963,0.32065443992614745,0,0
donor_withdrawal,7773,V32P-A054754,0,0.28297860324382784,0.273235359787941,0,0
donor_withdrawal,7774,V32P-A054755,0,0.24027691930532455,0.23157562464475631,0,0
donor_withdrawal,7775,V32P-A054756,0,0.12010372653603554,0.11578867360949516,0,0
donor_withdrawal,7776,V32P-A054775,0,0.68922965526580815,0.68950651884078984,1,1
donor_withdrawal,7777,V32P-A054776,0,0.66406648159027104,0.66472181081771853,1,1
donor_withdrawal,7778,V32P-A054777,0,0.69099525213241575,0.69190019369125366,1,1
donor_withdrawal,7779,V32P-A054778,0,0.63988689184188841,0.64208242893218992,1,1
donor_withdrawal,7780,V32P-A054779,0,0.59809359312057497,0.60128259658813477,0,0
donor_withdrawal,7781,V32P-A054780,0,0.40169479846954348,0.41335457563400269,0,0
donor_withdrawal,7782,V32P-A054937,0,0.72716411352157595,0.72635647058486941,1,1
donor_withdrawal,7783,V32P-A054938,0,0.61108044385910032,0.61191463470458984,0,0
donor_withdrawal,7784,V32P-A054939,0,0.58823401927947994,0.58929439783096316,0,0
donor_withdrawal,7785,V32P-A054940,1,0.63688638210296633,0.63686821460723875,1,1
donor_withdrawal,7786,V32P-A054941,0,0.12707192003726958,0.13167416453361511,0,0
donor_withdrawal,7787,V32P-A054942,0,0.047900007292628291,0.049842252582311633,0,0
donor_withdrawal,7788,V32P-A054991,0,0.59279925823211665,0.60087126493453979,0,0
donor_withdrawal,7789,V32P-A054992,0,0.56058928370475769,0.57148353457450862,0,0
donor_withdrawal,7790,V32P-A054993,0,0.53626562952995305,0.55109440088272099,0,0
donor_withdrawal,7791,V32P-A054994,0,0.4648843467235565,0.48449772596359253,0,0
donor_withdrawal,7792,V32P-A054995,0,0.39810134470462799,0.4208648532629013,0,0
donor_withdrawal,7793,V32P-A054996,0,0.2101406767964363,0.22544153481721879,0,0
donor_withdrawal,7794,V32P-A055045,0,0.4602856397628784,0.4475364089012146,0,0
donor_withdrawal,7795,V32P-A055046,0,0.46553338170051572,0.45326499938964843,0,0
donor_withdrawal,7796,V32P-A055047,0,0.44801068305969238,0.43861735463142393,0,0
donor_withdrawal,7797,V32P-A055048,0,0.5273907482624054,0.52171676754951479,0,0
donor_withdrawal,7798,V32P-A055049,0,0.35657949149608614,0.34924959838390351,0,0
donor_withdrawal,7799,V32P-A055050,0,0.18210149109363555,0.18146274983882904,0,0
donor_withdrawal,7800,V32P-A055129,0,0.75270142555236819,0.75589276552200313,1,1
donor_withdrawal,7801,V32P-A055130,0,0.63027967214584346,0.63533781766891484,1,1
donor_withdrawal,7802,V32P-A055131,0,0.6567480087280273,0.65987309217453005,1,1
donor_withdrawal,7803,V32P-A055132,0,0.62748874425888057,0.63325806856155398,1,1
donor_withdrawal,7804,V32P-A055133,0,0.48697943091392515,0.49857960939407348,0,0
donor_withdrawal,7805,V32P-A055134,0,0.24465871751308441,0.25669770538806913,0,0
donor_withdrawal,7806,V32P-A055171,1,0.6591014981269836,0.66196827888488774,1,1
donor_withdrawal,7807,V32P-A055172,1,0.52556991577148438,0.5341036319732666,0,0
donor_withdrawal,7808,V32P-A055173,1,0.47190573811531067,0.48503220677375791,0,0
donor_withdrawal,7809,V32P-A055174,0,0.073829205334186548,0.081388343870639798,0,0
donor_withdrawal,7810,V32P-A055175,0,0.05254920795559883,0.057958973199129106,0,0
donor_withdrawal,7811,V32P-A055176,0,0.02282169759273529,0.025288851000368595,0,0
donor_withdrawal,7812,V32P-A055177,0,0.77099541425704954,0.77447408437728882,1,1
donor_withdrawal,7813,V32P-A055178,0,0.75288025140762327,0.75758273601531978,1,1
donor_withdrawal,7814,V32P-A055179,0,0.78503199815750124,0.78882030248641966,1,1
donor_withdrawal,7815,V32P-A055180,0,0.64797773957252502,0.65862991809844973,1,1
donor_withdrawal,7816,V32P-A055181,0,0.57585688829421999,0.58716588020324711,0,0
donor_withdrawal,7817,V32P-A055182,0,0.31813366115093233,0.32526491880416869,0,0
donor_withdrawal,7818,V32P-A055183,0,0.42658329010009766,0.42007500529289243,0,0
donor_withdrawal,7819,V32P-A055184,0,0.51943632960319519,0.51830154061317446,0,0
donor_withdrawal,7820,V32P-A055185,0,0.52556518912315364,0.52584126591682434,0,0
donor_withdrawal,7821,V32P-A055186,0,0.45615863204002383,0.45796149373054507,0,0
donor_withdrawal,7822,V32P-A055187,0,0.32905506491661074,0.34334984421730042,0,0
donor_withdrawal,7823,V32P-A055188,0,0.18908050060272216,0.19877583384513856,0,0
donor_withdrawal,7824,V32P-A055195,0,0.62894166707992549,0.61514469385147097,1,0
donor_withdrawal,7825,V32P-A055196,0,0.45502225160598753,0.44342204928398132,0,0
donor_withdrawal,7826,V32P-A055197,0,0.35462585687637327,0.34188676476478574,0,0
donor_withdrawal,7827,V32P-A055198,0,0.30390819609165193,0.29050367474555971,0,0
donor_withdrawal,7828,V32P-A055199,0,0.26006968915462492,0.24818567335605621,0,0
donor_withdrawal,7829,V32P-A055200,0,0.12816291302442551,0.12542497366666794,0,0
donor_withdrawal,7830,V32P-A055327,0,0.70937303304672239,0.70589685440063477,1,1
donor_withdrawal,7831,V32P-A055328,0,0.57333233952522278,0.56697542071342466,0,0
donor_withdrawal,7832,V32P-A055329,0,0.48213579654693606,0.46995748877525328,0,0
donor_withdrawal,7833,V32P-A055330,0,0.37207641303539274,0.35540467798709868,0,0
donor_withdrawal,7834,V32P-A055331,0,0.3333269000053406,0.32071255445480346,0,0
donor_withdrawal,7835,V32P-A055332,0,0.12710973247885704,0.12364063188433647,0,0
donor_withdrawal,7836,V32P-A055423,0,0.5875626802444458,0.58696607351303098,0,0
donor_withdrawal,7837,V32P-A055424,0,0.51701185703277586,0.51818073987960811,0,0
donor_withdrawal,7838,V32P-A055425,0,0.45166839957237243,0.45495681166648866,0,0
donor_withdrawal,7839,V32P-A055426,0,0.39420461654663086,0.40211638212203982,0,0
donor_withdrawal,7840,V32P-A055427,0,0.3117682307958603,0.32110671103000643,0,0
donor_withdrawal,7841,V32P-A055428,0,0.12973190695047379,0.13937095552682877,0,0
donor_withdrawal,7842,V32P-A055543,0,0.3502441167831421,0.33628013134002688,0,0
donor_withdrawal,7843,V32P-A055544,0,0.44085818529129028,0.42673581838607788,0,0
donor_withdrawal,7844,V32P-A055545,0,0.42733585238456728,0.41316671371459962,0,0
donor_withdrawal,7845,V32P-A055546,0,0.36106565594673157,0.34705287218093872,0,0
donor_withdrawal,7846,V32P-A055547,0,0.29300982654094698,0.28012204468250274,0,0
donor_withdrawal,7847,V32P-A055548,0,0.13264086842536926,0.12805883288383485,0,0
donor_withdrawal,7848,V32P-A055633,0,0.60209403634071346,0.59691717028617863,0,0
donor_withdrawal,7849,V32P-A055634,0,0.50793951749801636,0.51168017983436587,0,0
donor_withdrawal,7850,V32P-A055635,0,0.44542500972747801,0.44872608780860901,0,0
donor_withdrawal,7851,V32P-A055636,0,0.44963296651840212,0.45265403985977171,0,0
donor_withdrawal,7852,V32P-A055637,0,0.38024790883064269,0.3850996196269989,0,0
donor_withdrawal,7853,V32P-A055638,0,0.17765321433544159,0.18388300836086274,0,0
donor_withdrawal,7854,V32P-A055669,0,0.71013318300247197,0.70723938941955566,1,1
donor_withdrawal,7855,V32P-A055670,0,0.55992766022682194,0.55585189461708073,0,0
donor_withdrawal,7856,V32P-A055671,0,0.45093887448310854,0.44687321782112122,0,0
donor_withdrawal,7857,V32P-A055672,0,0.37364359498023986,0.36743319630622862,0,0
donor_withdrawal,7858,V32P-A055673,0,0.30130351185798643,0.29539037942886354,0,0
donor_withdrawal,7859,V32P-A055674,0,0.124248968064785,0.1247013732790947,0,0
donor_withdrawal,7860,V32P-A055735,0,0.72126233577728271,0.72608060836791988,1,1
donor_withdrawal,7861,V32P-A055736,0,0.67128745317459104,0.6785480737686157,1,1
donor_withdrawal,7862,V32P-A055737,0,0.65755947828292849,0.66386348009109497,1,1
donor_withdrawal,7863,V32P-A055738,0,0.66351450681686397,0.66944800615310673,1,1
donor_withdrawal,7864,V32P-A055739,0,0.48022764921188354,0.48867961764335632,0,0
donor_withdrawal,7865,V32P-A055740,0,0.038438718207180499,0.040118484757840633,0,0
donor_withdrawal,7866,V32P-A055741,0,0.77384539842605593,0.77012425661087036,1,1
donor_withdrawal,7867,V32P-A055742,0,0.56831449866294859,0.56493429541587825,0,0
donor_withdrawal,7868,V32P-A055743,0,0.47307307720184327,0.47256563305854798,0,0
donor_withdrawal,7869,V32P-A055744,0,0.56486879587173466,0.55852240324020386,0,0
donor_withdrawal,7870,V32P-A055745,0,0.50090890526771548,0.49468241333961488,0,0
donor_withdrawal,7871,V32P-A055746,0,0.20860670506954193,0.20912864506244661,0,0
donor_withdrawal,7872,V32P-A055771,0,0.59127110242843628,0.58758393526077268,0,0
donor_withdrawal,7873,V32P-A055772,0,0.51717284917831419,0.51801049709320068,0,0
donor_withdrawal,7874,V32P-A055773,0,0.55638127326965336,0.55268634557723995,0,0
donor_withdrawal,7875,V32P-A055774,0,0.41882265806198121,0.4157188653945923,0,0
donor_withdrawal,7876,V32P-A055775,0,0.32752807140350343,0.32275285720825198,0,0
donor_withdrawal,7877,V32P-A055776,0,0.13845259547233582,0.13992603719234467,0,0
donor_withdrawal,7878,V32P-A055795,0,0.68684788942337038,0.67847568988800044,1,1
donor_withdrawal,7879,V32P-A055796,0,0.61081452965736394,0.59876967072486875,0,0
donor_withdrawal,7880,V32P-A055797,0,0.57501279115676884,0.56057595014572148,0,0
donor_withdrawal,7881,V32P-A055798,0,0.56993049979209898,0.5567357003688812,0,0
donor_withdrawal,7882,V32P-A055799,0,0.53120290040969853,0.51902636885643005,0,0
donor_withdrawal,7883,V32P-A055800,0,0.044180471450090408,0.045495624840259555,0,0
donor_withdrawal,7884,V32P-A055861,0,0.57794411778450017,0.57230327725410457,0,0
donor_withdrawal,7885,V32P-A055862,0,0.55843734145164492,0.5533368647098541,0,0
donor_withdrawal,7886,V32P-A055863,0,0.47654669880867007,0.47410530447959898,0,0
donor_withdrawal,7887,V32P-A055864,0,0.40320925712585448,0.40442417860031127,0,0
donor_withdrawal,7888,V32P-A055865,0,0.37080602049827577,0.37305970191955568,0,0
donor_withdrawal,7889,V32P-A055866,0,0.022367348987609149,0.024070474598556758,0,0
donor_withdrawal,7890,V32P-A055885,0,0.41035598516464233,0.41356826424598692,0,0
donor_withdrawal,7891,V32P-A055886,0,0.39622759222984316,0.41821281909942626,0,0
donor_withdrawal,7892,V32P-A055887,0,0.40443882942199705,0.41764366030693056,0,0
donor_withdrawal,7893,V32P-A055888,0,0.33086787462234496,0.34518252611160277,0,0
donor_withdrawal,7894,V32P-A055889,0,0.27028385698795321,0.28553293645381927,0,0
donor_withdrawal,7895,V32P-A055890,0,0.13680762201547622,0.14801989495754242,0,0
donor_withdrawal,7896,V32P-A055897,0,0.64242913722991946,0.64042670726776119,1,1
donor_withdrawal,7897,V32P-A055898,0,0.66046141386032109,0.65962326526641846,1,1
donor_withdrawal,7898,V32P-A055899,0,0.6635728001594543,0.66339495182037356,1,1
donor_withdrawal,7899,V32P-A055900,0,0.63173763751983647,0.63310514688491826,1,1
donor_withdrawal,7900,V32P-A055901,0,0.5945448040962219,0.60272992849349971,0,0
donor_withdrawal,7901,V32P-A055902,0,0.41492435634136199,0.42483907639980317,0,0
donor_withdrawal,7902,V32P-A055921,0,0.5700766265392303,0.56607845425605774,0,0
donor_withdrawal,7903,V32P-A055922,0,0.47713418006896974,0.47511709928512574,0,0
donor_withdrawal,7904,V32P-A055923,0,0.3888624906539917,0.39676998257637025,0,0
donor_withdrawal,7905,V32P-A055924,0,0.35188778042793273,0.35569352507591245,0,0
donor_withdrawal,7906,V32P-A055925,0,0.27389900684356688,0.28125612139701844,0,0
donor_withdrawal,7907,V32P-A055926,0,0.11779157668352128,0.12879192978143691,0,0
donor_withdrawal,7908,V32P-A055939,0,0.68255033493041994,0.6818525910377502,1,1
donor_withdrawal,7909,V32P-A055940,0,0.46976774334907534,0.46855599880218507,0,0
donor_withdrawal,7910,V32P-A055941,0,0.3415265679359436,0.33860635161399844,0,0
donor_withdrawal,7911,V32P-A055942,0,0.29586837291717527,0.29222049713134768,0,0
donor_withdrawal,7912,V32P-A055943,0,0.26927295029163362,0.26531649529933932,0,0
donor_withdrawal,7913,V32P-A055944,0,0.13031181544065476,0.13215548843145369,0,0
donor_withdrawal,7914,V32P-A055957,0,0.49994853138923645,0.48689717650413511,0,0
donor_withdrawal,7915,V32P-A055958,0,0.4796618938446045,0.46578832268714904,0,0
donor_withdrawal,7916,V32P-A055959,0,0.44985020160675049,0.43638566732406614,0,0
donor_withdrawal,7917,V32P-A055960,0,0.3925910949707031,0.38081471323966981,0,0
donor_withdrawal,7918,V32P-A055961,0,0.33812577724456788,0.32946688532829282,0,0
donor_withdrawal,7919,V32P-A055962,0,0.16905643641948701,0.16720052957534789,0,0
donor_withdrawal,7920,V32P-A055993,0,0.62762368917465206,0.62960140705108647,1,1
donor_withdrawal,7921,V32P-A055994,0,0.62781337499618528,0.63416075706481934,1,1
donor_withdrawal,7922,V32P-A055995,0,0.51351394653320315,0.52012625932693479,0,0
donor_withdrawal,7923,V32P-A055996,0,0.43033491373062133,0.44238730669021609,0,0
donor_withdrawal,7924,V32P-A055997,0,0.3275707423686981,0.34302772879600524,0,0
donor_withdrawal,7925,V32P-A055998,0,0.12540817707777024,0.13664141148328782,0,0
donor_withdrawal,7926,V32P-A056023,0,0.5442865788936615,0.54515987038612368,0,0
donor_withdrawal,7927,V32P-A056024,0,0.63916338086128233,0.64041309952735903,1,1
donor_withdrawal,7928,V32P-A056025,0,0.73233875036239626,0.73376078605651851,1,1
donor_withdrawal,7929,V32P-A056026,1,0.68990941047668453,0.69193067550659182,1,1
donor_withdrawal,7930,V32P-A056027,0,0.070603772625327105,0.075365925207734108,0,0
donor_withdrawal,7931,V32P-A056028,0,0.027312094159424306,0.029070495255291463,0,0
donor_withdrawal,7932,V32P-A056047,0,0.5447522044181824,0.54398609399795528,0,0
donor_withdrawal,7933,V32P-A056048,0,0.48598440289497374,0.48498572707176207,0,0
donor_withdrawal,7934,V32P-A056049,0,0.43648763895034792,0.43499937057495119,0,0
donor_withdrawal,7935,V32P-A056050,0,0.35516079068183898,0.35488294959068301,0,0
donor_withdrawal,7936,V32P-A056051,0,0.28079799115657805,0.28380885422229768,0,0
donor_withdrawal,7937,V32P-A056052,0,0.12198144793510438,0.12715982198715209,0,0
donor_withdrawal,7938,V32P-A056065,0,0.73398647308349607,0.73258365392684932,1,1
donor_withdrawal,7939,V32P-A056066,0,0.58502674102783203,0.58323721885681157,0,0
donor_withdrawal,7940,V32P-A056067,0,0.5170635521411896,0.51982912421226501,0,0
donor_withdrawal,7941,V32P-A056068,0,0.44817896485328673,0.45473254919052125,0,0
donor_withdrawal,7942,V32P-A056069,0,0.35840445160865786,0.36847569346427916,0,0
donor_withdrawal,7943,V32P-A056070,0,0.16909816116094589,0.17856057435274125,0,0
donor_withdrawal,7944,V32P-A056101,0,0.618189525604248,0.61356426477432247,0,0
donor_withdrawal,7945,V32P-A056102,0,0.67063210010528562,0.67007294893264768,1,1
donor_withdrawal,7946,V32P-A056103,0,0.66696637868881226,0.66665306091308596,1,1
donor_withdrawal,7947,V32P-A056104,0,0.65048112869262698,0.65195622444152834,1,1
donor_withdrawal,7948,V32P-A056105,0,0.59754420518875118,0.6004696369171143,0,0
donor_withdrawal,7949,V32P-A056106,0,0.35769626498222351,0.36656545996665957,0,0
donor_withdrawal,7950,V32P-A056167,0,0.40250935256481168,0.40262811481952665,0,0
donor_withdrawal,7951,V32P-A056168,0,0.44247361421585085,0.44415959119796755,0,0
donor_withdrawal,7952,V32P-A056169,0,0.39596861004829409,0.40027273297309873,0,0
donor_withdrawal,7953,V32P-A056170,0,0.31880491971969604,0.32607928514480589,0,0
donor_withdrawal,7954,V32P-A056171,0,0.23513843417167662,0.24587231874465942,0,0
donor_withdrawal,7955,V32P-A056172,0,0.094224303960800171,0.10265630781650543,0,0
donor_withdrawal,7956,V32P-A056209,0,0.70526118278503414,0.70605227947235105,1,1
donor_withdrawal,7957,V32P-A056210,0,0.62961946725845341,0.63088383674621584,1,1
donor_withdrawal,7958,V32P-A056211,0,0.56603652238845825,0.56756140589714055,0,0
donor_withdrawal,7959,V32P-A056212,0,0.50094229578971861,0.50355276465415955,0,0
donor_withdrawal,7960,V32P-A056213,0,0.42562199831008912,0.430370432138443,0,0
donor_withdrawal,7961,V32P-A056214,0,0.19451642036437988,0.20209555327892303,0,0
donor_withdrawal,7962,V32P-A056287,1,0.48017750978469848,0.48997448086738588,0,0
donor_withdrawal,7963,V32P-A056288,1,0.42521885633468626,0.43220497965812682,0,0
donor_withdrawal,7964,V32P-A056289,1,0.37135804295539854,0.38014580607414244,0,0
donor_withdrawal,7965,V32P-A056290,0,0.065066632255911833,0.069173962995409968,0,0
donor_withdrawal,7966,V32P-A056291,0,0.068187851831316953,0.072397791221737867,0,0
donor_withdrawal,7967,V32P-A056292,0,0.021819097455590963,0.02300214720889926,0,0
donor_withdrawal,7968,V32P-A056299,0,0.60489372014999387,0.60572937726974485,0,0
donor_withdrawal,7969,V32P-A056300,0,0.61770821809768672,0.61911622285842893,0,0
donor_withdrawal,7970,V32P-A056301,0,0.50307501554489131,0.50155633091926577,0,0
donor_withdrawal,7971,V32P-A056302,0,0.43271231651306152,0.431571364402771,0,0
donor_withdrawal,7972,V32P-A056303,0,0.35410932302474973,0.3531563699245453,0,0
donor_withdrawal,7973,V32P-A056304,0,0.15112318396568297,0.15284344255924226,0,0
donor_withdrawal,7974,V32P-A056305,0,0.82321661710739136,0.8211575865745544,1,1
donor_withdrawal,7975,V32P-A056306,0,0.72263566255569456,0.71884133815765383,1,1
donor_withdrawal,7976,V32P-A056307,0,0.75156563520431519,0.75004059076309204,1,1
donor_withdrawal,7977,V32P-A056308,0,0.61925427913665776,0.61279274225234981,0,0
donor_withdrawal,7978,V32P-A056309,0,0.55115918517112727,0.54239460229873659,0,0
donor_withdrawal,7979,V32P-A056310,0,0.27371947169303895,0.27253154516220091,0,0
donor_withdrawal,7980,V32P-A056341,0,0.65021011829376218,0.65012099742889407,1,1
donor_withdrawal,7981,V32P-A056342,0,0.53058573603630066,0.52900832295417788,0,0
donor_withdrawal,7982,V32P-A056343,0,0.65117678642272947,0.65139375925064091,1,1
donor_withdrawal,7983,V32P-A056344,0,0.4127209484577179,0.41451460719108579,0,0
donor_withdrawal,7984,V32P-A056345,1,0.29989384710788725,0.30279448926448821,0,0
donor_withdrawal,7985,V32P-A056346,0,0.020320064201951028,0.021786143630743028,0,0
donor_withdrawal,7986,V32P-A056353,0,0.51424911022186282,0.51697506904602053,0,0
donor_withdrawal,7987,V32P-A056354,0,0.50206201076507573,0.50534558296203613,0,0
donor_withdrawal,7988,V32P-A056355,0,0.46996071934700012,0.47313838601112368,0,0
donor_withdrawal,7989,V32P-A056356,0,0.43314329385757444,0.43717219829559328,0,0
donor_withdrawal,7990,V32P-A056357,0,0.36188955307006837,0.36793510913848876,0,0
donor_withdrawal,7991,V32P-A056358,0,0.16917125284671783,0.17610085308551787,0,0
donor_withdrawal,7992,V32P-A056377,1,0.75317150354385376,0.74879477024078367,1,1
donor_withdrawal,7993,V32P-A056378,1,0.65578824281692505,0.64545592069625857,1,1
donor_withdrawal,7994,V32P-A056379,1,0.63742784261703489,0.62789117097854619,1,1
donor_withdrawal,7995,V32P-A056380,0,0.1200028233230114,0.11855520233511925,0,0
donor_withdrawal,7996,V32P-A056381,0,0.085354965925216672,0.085571277141571048,0,0
donor_withdrawal,7997,V32P-A056382,0,0.036646734923124313,0.03747170642018318,0,0
donor_withdrawal,7998,V32P-A056419,0,0.5236259818077087,0.51783168315887451,0,0
donor_withdrawal,7999,V32P-A056420,0,0.50509657263755803,0.49831722378730775,0,0
donor_withdrawal,8000,V32P-A056421,0,0.44190796017646788,0.43557475209236146,0,0
donor_withdrawal,8001,V32P-A056422,0,0.34720396697521211,0.3419339507818222,0,0
donor_withdrawal,8002,V32P-A056423,0,0.31968991458415985,0.32122901380062102,0,0
donor_withdrawal,8003,V32P-A056424,0,0.13662343993782997,0.13751594796776773,0,0
donor_withdrawal,8004,V32P-A056701,0,0.52641351222991939,0.51646549701690669,0,0
donor_withdrawal,8005,V32P-A056702,0,0.54500302076339724,0.53669553995132446,0,0
donor_withdrawal,8006,V32P-A056703,0,0.50448275208473203,0.50249572396278386,0,0
donor_withdrawal,8007,V32P-A056704,0,0.3871825635433197,0.38081050515174864,0,0
donor_withdrawal,8008,V32P-A056705,0,0.30913721621036527,0.30327917039394381,0,0
donor_withdrawal,8009,V32P-A056706,0,0.14220349043607711,0.141812564432621,0,0
donor_withdrawal,8010,V32P-A056761,0,0.5128989696502686,0.51689202785491939,0,0
donor_withdrawal,8011,V32P-A056762,0,0.53910397887229922,0.54364408850669865,0,0
donor_withdrawal,8012,V32P-A056763,0,0.51758923530578616,0.52277919054031374,0,0
donor_withdrawal,8013,V32P-A056764,0,0.4693052411079407,0.47720024585723875,0,0
donor_withdrawal,8014,V32P-A056765,0,0.39622173905372621,0.40795043110847473,0,0
donor_withdrawal,8015,V32P-A056766,0,0.030168103799223901,0.033009699359536168,0,0
donor_withdrawal,8016,V32P-A056779,0,0.63334196805953979,0.6286976099014282,1,1
donor_withdrawal,8017,V32P-A056780,0,0.62253261804580684,0.61682493686676021,1,0
donor_withdrawal,8018,V32P-A056781,0,0.69775739908218382,0.69224520921707156,1,1
donor_withdrawal,8019,V32P-A056782,0,0.47068399786949155,0.4608257830142975,0,0
donor_withdrawal,8020,V32P-A056783,0,0.40128063559532168,0.39305748343467711,0,0
donor_withdrawal,8021,V32P-A056784,0,0.21267806291580199,0.20784445405006408,0,0
donor_withdrawal,8022,V32P-A056821,0,0.36279554367065431,0.3554240047931671,0,0
donor_withdrawal,8023,V32P-A056822,0,0.41829758286476137,0.4144682824611664,0,0
donor_withdrawal,8024,V32P-A056823,0,0.40774746537208556,0.40452960133552551,0,0
donor_withdrawal,8025,V32P-A056824,0,0.35045540928840635,0.34736620187759398,0,0
donor_withdrawal,8026,V32P-A056825,0,0.28344116210937498,0.28084159493446348,0,0
donor_withdrawal,8027,V32P-A056826,0,0.13246871083974837,0.13358940929174423,0,0
donor_withdrawal,8028,V32P-A056857,0,0.4155902534723282,0.40755304396152497,0,0
donor_withdrawal,8029,V32P-A056858,0,0.45667104125022889,0.45166341662406922,0,0
donor_withdrawal,8030,V32P-A056859,0,0.42775552868843081,0.42323974370956419,0,0
donor_withdrawal,8031,V32P-A056860,0,0.37814547121524811,0.3758511930704117,0,0
donor_withdrawal,8032,V32P-A056861,0,0.31490584909915925,0.31499913632869719,0,0
donor_withdrawal,8033,V32P-A056862,0,0.15672525912523269,0.15927145183086394,0,0
donor_withdrawal,8034,V32P-A056887,0,0.56625082492828371,0.56167621016502378,0,0
donor_withdrawal,8035,V32P-A056888,0,0.57798380851745601,0.57850483655929563,0,0
donor_withdrawal,8036,V32P-A056889,0,0.56018955707550044,0.56536523699760433,0,0
donor_withdrawal,8037,V32P-A056890,0,0.57703551054000857,0.58527567982673645,0,0
donor_withdrawal,8038,V32P-A056891,0,0.44356979727745055,0.45590693950653077,0,0
donor_withdrawal,8039,V32P-A056892,0,0.037871078588068485,0.040257466211915019,0,0
donor_withdrawal,8040,V32P-A056947,0,0.73371186256408694,0.73286302089691158,1,1
donor_withdrawal,8041,V32P-A056948,0,0.63258728981018064,0.63263062238693235,1,1
donor_withdrawal,8042,V32P-A056949,0,0.58847981095314028,0.59103683829307552,0,0
donor_withdrawal,8043,V32P-A056950,0,0.6334303617477417,0.63676704168319698,1,1
donor_withdrawal,8044,V32P-A056951,0,0.5485840976238251,0.55702963471412659,0,0
donor_withdrawal,8045,V32P-A056952,0,0.04436148889362812,0.047824895381927489,0,0
donor_withdrawal,8046,V32P-A056953,0,0.73418712615966797,0.7342950701713562,1,1
donor_withdrawal,8047,V32P-A056954,0,0.56473674178123479,0.56653118133544922,0,0
donor_withdrawal,8048,V32P-A056955,0,0.6550076365470886,0.65654957294464111,1,1
donor_withdrawal,8049,V32P-A056956,1,0.40318071842193604,0.40706825852394102,0,0
donor_withdrawal,8050,V32P-A056957,0,0.070530690997838971,0.07335978969931603,0,0
donor_withdrawal,8051,V32P-A056958,0,0.033085085637867453,0.03454142566770315,0,0
donor_withdrawal,8052,V32P-A057043,0,0.74995435476303096,0.74757434129714961,1,1
donor_withdrawal,8053,V32P-A057044,0,0.67260996103286741,0.66873466968536377,1,1
donor_withdrawal,8054,V32P-A057045,0,0.58421264886856084,0.57972744703292844,0,0
donor_withdrawal,8055,V32P-A057046,0,0.53320498466491695,0.52913402318954472,0,0
donor_withdrawal,8056,V32P-A057047,0,0.60700041055679321,0.61274905204772945,0,0
donor_withdrawal,8057,V32P-A057048,0,0.25246031880378722,0.25217663049697875,0,0
donor_withdrawal,8058,V32P-A057265,0,0.42436343431472778,0.41736246347427369,0,0
donor_withdrawal,8059,V32P-A057266,0,0.46507743597030637,0.46362460851669313,0,0
donor_withdrawal,8060,V32P-A057267,0,0.40920590758323672,0.40999441146850585,0,0
donor_withdrawal,8061,V32P-A057268,0,0.33672047257423399,0.3496642053127289,0,0
donor_withdrawal,8062,V32P-A057269,0,0.28499493002891541,0.29214001297950742,0,0
donor_withdrawal,8063,V32P-A057270,0,0.11128201335668564,0.11833655387163163,0,0
donor_withdrawal,8064,V32P-A057295,0,0.71510311365127566,0.71939463615417476,1,1
donor_withdrawal,8065,V32P-A057296,0,0.57580025792121892,0.58384325504302981,0,0
donor_withdrawal,8066,V32P-A057297,0,0.49930379390716551,0.51379721760749819,0,0
donor_withdrawal,8067,V32P-A057298,0,0.52495043873786928,0.53296907544136052,0,0
donor_withdrawal,8068,V32P-A057299,0,0.46511095166206362,0.47465704083442689,0,0
donor_withdrawal,8069,V32P-A057300,0,0.23883562684059143,0.24907483756542206,0,0
donor_withdrawal,8070,V32P-A057343,0,0.60743603110313416,0.59854403138160706,0,0
donor_withdrawal,8071,V32P-A057344,0,0.47941732108592988,0.46720059812068937,0,0
donor_withdrawal,8072,V32P-A057345,0,0.37862469255924225,0.36999991834163665,0,0
donor_withdrawal,8073,V32P-A057346,0,0.30111954510211947,0.29597840011119841,0,0
donor_withdrawal,8074,V32P-A057347,0,0.23408722877502441,0.23280328512191772,0,0
donor_withdrawal,8075,V32P-A057348,0,0.1263732798397541,0.12938256338238716,0,0
donor_withdrawal,8076,V32P-A057355,0,0.36269975602626803,0.35418016016483306,0,0
donor_withdrawal,8077,V32P-A057356,0,0.38055835068225863,0.37138992249965669,0,0
donor_withdrawal,8078,V32P-A057357,0,0.31858921945095064,0.30981224477291108,0,0
donor_withdrawal,8079,V32P-A057358,0,0.26195962727069855,0.25393410325050353,0,0
donor_withdrawal,8080,V32P-A057359,0,0.20437622666358948,0.1985505074262619,0,0
donor_withdrawal,8081,V32P-A057360,0,0.09315884746611118,0.09150750823318958,0,0
donor_withdrawal,8082,V32P-A057385,1,0.6400378942489624,0.63425343036651616,1,1
donor_withdrawal,8083,V32P-A057386,1,0.70967957973480222,0.70453648567199711,1,1
donor_withdrawal,8084,V32P-A057387,0,0.37365941405296327,0.3734184205532074,0,0
donor_withdrawal,8085,V32P-A057388,0,0.15068174302577972,0.15123163312673568,0,0
donor_withdrawal,8086,V32P-A057389,0,0.11505106166005134,0.11596491560339928,0,0
donor_withdrawal,8087,V32P-A057390,0,0.053797164931893349,0.054905940964818004,0,0
donor_withdrawal,8088,V32P-A057439,0,0.60633425712585454,0.60267540216445925,0,0
donor_withdrawal,8089,V32P-A057440,0,0.63179821968078609,0.6317455649375916,1,1
donor_withdrawal,8090,V32P-A057441,0,0.57950330972671504,0.58306533098220825,0,0
donor_withdrawal,8091,V32P-A057442,0,0.5228779077529907,0.53105785846710207,0,0
donor_withdrawal,8092,V32P-A057443,0,0.44815776348114011,0.45929319262504575,0,0
donor_withdrawal,8093,V32P-A057444,0,0.20162166953086852,0.21167640984058381,0,0
donor_withdrawal,8094,V32P-A057481,0,0.36592565178871156,0.35820834636688231,0,0
donor_withdrawal,8095,V32P-A057482,0,0.4660954475402832,0.46143707633018494,0,0
donor_withdrawal,8096,V32P-A057483,0,0.42772649526596068,0.42519487738609313,0,0
donor_withdrawal,8097,V32P-A057484,0,0.3029578596353531,0.29853818714618685,0,0
donor_withdrawal,8098,V32P-A057485,0,0.23793530166149141,0.23448245525360106,0,0
donor_withdrawal,8099,V32P-A057486,0,0.1023889347910881,0.10275010466575622,0,0
donor_withdrawal,8100,V32P-A057499,0,0.67585797309875484,0.67154839038848879,1,1
donor_withdrawal,8101,V32P-A057500,0,0.60547651052474971,0.60149136781692503,0,0
donor_withdrawal,8102,V32P-A057501,0,0.54099053144454956,0.5384712815284729,0,0
donor_withdrawal,8103,V32P-A057502,0,0.44949470758438109,0.44838209152221681,0,0
donor_withdrawal,8104,V32P-A057503,0,0.35019149482250211,0.35245523750782015,0,0
donor_withdrawal,8105,V32P-A057504,0,0.16106107532978059,0.16497849822044372,0,0
donor_withdrawal,8106,V32P-A057511,0,0.76609950065612797,0.76847931146621706,1,1
donor_withdrawal,8107,V32P-A057512,0,0.46174461245536802,0.47015545964241029,0,0
donor_withdrawal,8108,V32P-A057513,0,0.62608326673507686,0.63152582645416255,1,1
donor_withdrawal,8109,V32P-A057514,0,0.58313118219375615,0.58933985233306885,0,0
donor_withdrawal,8110,V32P-A057515,0,0.4911243259906769,0.50330085158348081,0,0
donor_withdrawal,8111,V32P-A057516,0,0.25180712938308714,0.26918830871582033,0,0
donor_withdrawal,8112,V32P-A057529,0,0.51107392609119418,0.50827238857746126,0,0
donor_withdrawal,8113,V32P-A057530,0,0.51749652922153477,0.51761671602725978,0,0
donor_withdrawal,8114,V32P-A057531,0,0.48784913420677184,0.4909899175167084,0,0
donor_withdrawal,8115,V32P-A057532,0,0.4300717979669571,0.4357024818658829,0,0
donor_withdrawal,8116,V32P-A057533,0,0.35873996615409853,0.36706280708312988,0,0
donor_withdrawal,8117,V32P-A057534,0,0.17536595836281776,0.18380065336823465,0,0
donor_withdrawal,8118,V32P-A057541,0,0.65682629346847532,0.65014113187789913,1,1
donor_withdrawal,8119,V32P-A057542,0,0.58482688069343569,0.57774927020072941,0,0
donor_withdrawal,8120,V32P-A057543,0,0.4939884305000305,0.48552741408348082,0,0
donor_withdrawal,8121,V32P-A057544,0,0.44210133552551267,0.43473132848739626,0,0
donor_withdrawal,8122,V32P-A057545,0,0.38934726417064669,0.38347835838794708,0,0
donor_withdrawal,8123,V32P-A057546,0,0.030747609212994576,0.032469085231423375,0,0
donor_withdrawal,8124,V32P-A057601,0,0.44462143778800967,0.4383402645587921,0,0
donor_withdrawal,8125,V32P-A057602,0,0.39341685771942136,0.39184271097183226,0,0
donor_withdrawal,8126,V32P-A057603,0,0.35898586511611941,0.35190865993499754,0,0
donor_withdrawal,8127,V32P-A057604,0,0.26854860186576845,0.26427258253097535,0,0
donor_withdrawal,8128,V32P-A057605,0,0.20148376226425171,0.20025983452796936,0,0
donor_withdrawal,8129,V32P-A057606,0,0.089193972200155264,0.091135225445032123,0,0
donor_withdrawal,8130,V32P-A057685,0,0.84692909717559817,0.84080631732940669,1,1
donor_withdrawal,8131,V32P-A057686,0,0.70904747247695921,0.70004439353942871,1,1
donor_withdrawal,8132,V32P-A057687,0,0.71269708871841431,0.70584472417831423,1,1
donor_withdrawal,8133,V32P-A057688,0,0.72540385723114009,0.71966981887817383,1,1
donor_withdrawal,8134,V32P-A057689,1,0.67570756673812871,0.67025408744812009,1,1
donor_withdrawal,8135,V32P-A057690,0,0.083582139015197759,0.085162385925650591,0,0
donor_withdrawal,8136,V32P-A057697,0,0.60470312833786011,0.59851409196853633,0,0
donor_withdrawal,8137,V32P-A057698,0,0.48980231881141661,0.48476020693778993,0,0
donor_withdrawal,8138,V32P-A057699,0,0.40560356974601747,0.40408145785331728,0,0
donor_withdrawal,8139,V32P-A057700,0,0.42292632460594176,0.41972089409828184,0,0
donor_withdrawal,8140,V32P-A057701,0,0.29050655961036681,0.28921077251434324,0,0
donor_withdrawal,8141,V32P-A057702,0,0.11469365954399109,0.11669162809848785,0,0
donor_withdrawal,8142,V32P-A057715,0,0.59783216714859011,0.59620075225830083,0,0
donor_withdrawal,8143,V32P-A057716,0,0.54820784330368044,0.54464660882949834,0,0
donor_withdrawal,8144,V32P-A057717,0,0.51174854636192324,0.51112295985221867,0,0
donor_withdrawal,8145,V32P-A057718,0,0.4689328670501709,0.47098542451858522,0,0
donor_withdrawal,8146,V32P-A057719,0,0.45026694536209105,0.45428292751312255,0,0
donor_withdrawal,8147,V32P-A057720,0,0.029989354312419891,0.032250624150037766,0,0
donor_withdrawal,8148,V32P-A057793,0,0.68808200359344485,0.69080004692077634,1,1
donor_withdrawal,8149,V32P-A057794,0,0.59075092077255253,0.59196097850799556,0,0
donor_withdrawal,8150,V32P-A057795,0,0.57511149644851689,0.57822597026824951,0,0
donor_withdrawal,8151,V32P-A057796,0,0.54333267807960506,0.54847542643547054,0,0
donor_withdrawal,8152,V32P-A057797,0,0.52285699248313899,0.52997687458992004,0,0
donor_withdrawal,8153,V32P-A057798,0,0.25606625080108641,0.27150219678878784,0,0
donor_withdrawal,8154,V32P-A057883,0,0.55765994191169743,0.5578387558460236,0,0
donor_withdrawal,8155,V32P-A057884,0,0.38180701136589051,0.38374975919723509,0,0
donor_withdrawal,8156,V32P-A057885,0,0.38638117313385012,0.387140816450119,0,0
donor_withdrawal,8157,V32P-A057886,0,0.32850778698921201,0.32983355522155761,0,0
donor_withdrawal,8158,V32P-A057887,0,0.29271801710128786,0.29311348199844361,0,0
donor_withdrawal,8159,V32P-A057888,0,0.12248391807079315,0.12579111456871034,0,0
donor_withdrawal,8160,V32P-A057937,0,0.68769444227218623,0.68657567501068117,1,1
donor_withdrawal,8161,V32P-A057938,0,0.56264030933380127,0.56473472118377688,0,0
donor_withdrawal,8162,V32P-A057939,0,0.46587727665901185,0.48065522313117981,0,0
donor_withdrawal,8163,V32P-A057940,0,0.40038387775421141,0.40826861262321473,0,0
donor_withdrawal,8164,V32P-A057941,0,0.30725238323211668,0.31770001649856566,0,0
donor_withdrawal,8165,V32P-A057942,0,0.12021875083446502,0.12682734578847885,0,0
donor_withdrawal,8166,V32P-A057967,0,0.3639743387699127,0.36693666577339173,0,0
donor_withdrawal,8167,V32P-A057968,0,0.44179505109786987,0.44835439324378967,0,0
donor_withdrawal,8168,V32P-A057969,0,0.4174270212650299,0.4245979070663452,0,0
donor_withdrawal,8169,V32P-A057970,0,0.36923559904098513,0.37794895768165587,0,0
donor_withdrawal,8170,V32P-A057971,0,0.31127169132232668,0.32187563180923462,0,0
donor_withdrawal,8171,V32P-A057972,0,0.14629697948694229,0.15717117339372635,0,0
donor_withdrawal,8172,V32P-A057973,0,0.42261344790458677,0.41821839213371276,0,0
donor_withdrawal,8173,V32P-A057974,0,0.52276749014854429,0.52501527667045589,0,0
donor_withdrawal,8174,V32P-A057975,0,0.54263652563095088,0.54790333509445188,0,0
donor_withdrawal,8175,V32P-A057976,0,0.48780181407928469,0.49567804336547849,0,0
donor_withdrawal,8176,V32P-A057977,0,0.37357673943042757,0.39353854358196261,0,0
donor_withdrawal,8177,V32P-A057978,0,0.22405605316162108,0.23819452822208403,0,0
donor_withdrawal,8178,V32P-A057985,0,0.63065297603607173,0.62583854198455813,1,1
donor_withdrawal,8179,V32P-A057986,0,0.62564175128936772,0.62540643215179448,1,1
donor_withdrawal,8180,V32P-A057987,0,0.55221623182296753,0.55545229911804195,0,0
donor_withdrawal,8181,V32P-A057988,0,0.48270126581192019,0.49146203994750975,0,0
donor_withdrawal,8182,V32P-A057989,0,0.37137785255908967,0.38484734594821929,0,0
donor_withdrawal,8183,V32P-A057990,0,0.1495371714234352,0.16375171095132829,0,0
donor_withdrawal,8184,V32P-A057991,0,0.69772635698318486,0.70058797597885136,1,1
donor_withdrawal,8185,V32P-A057992,0,0.60152769088745117,0.61091504096984861,0,0
donor_withdrawal,8186,V32P-A057993,0,0.68722740411758421,0.69047144651412962,1,1
donor_withdrawal,8187,V32P-A057994,0,0.54061207175254822,0.54814758896827698,0,0
donor_withdrawal,8188,V32P-A057995,0,0.46209846735000609,0.47222986221313479,0,0
donor_withdrawal,8189,V32P-A057996,0,0.2045815646648407,0.21813718676567079,0,0
donor_withdrawal,8190,V32P-A058009,0,0.56570206284523006,0.56554836630821226,0,0
donor_withdrawal,8191,V32P-A058010,0,0.47677281498908997,0.47325704693794252,0,0
donor_withdrawal,8192,V32P-A058011,0,0.51383492946624754,0.51195929050445554,0,0
donor_withdrawal,8193,V32P-A058012,0,0.45934916138648985,0.45383327603340151,0,0
donor_withdrawal,8194,V32P-A058013,0,0.39040513634681701,0.38165333271026614,0,0
donor_withdrawal,8195,V32P-A058014,0,0.033439110405743121,0.03426628317683935,0,0
donor_withdrawal,8196,V32P-A058033,0,0.67617378234863279,0.67349541187286377,1,1
donor_withdrawal,8197,V32P-A058034,0,0.63405630588531492,0.63167216777801516,1,1
donor_withdrawal,8198,V32P-A058035,0,0.56415553092956539,0.56298538446426394,0,0
donor_withdrawal,8199,V32P-A058036,0,0.4925084888935089,0.49314187169075013,0,0
donor_withdrawal,8200,V32P-A058037,0,0.38282350301742551,0.38710214495658873,0,0
donor_withdrawal,8201,V32P-A058038,0,0.025233538448810579,0.026904175989329815,0,0
donor_withdrawal,8202,V32P-A058051,0,0.67461119890213017,0.67346181869506838,1,1
donor_withdrawal,8203,V32P-A058052,0,0.49585809707641604,0.4981386661529541,0,0
donor_withdrawal,8204,V32P-A058053,0,0.43810399770736697,0.44126650094985964,0,0
donor_withdrawal,8205,V32P-A058054,0,0.43885447978973391,0.44256078004837035,0,0
donor_withdrawal,8206,V32P-A058055,0,0.32839638888835909,0.33801748454570768,0,0
donor_withdrawal,8207,V32P-A058056,0,0.14863034784793855,0.16251968443393708,0,0
donor_withdrawal,8208,V32P-A058069,0,0.46333441138267517,0.45586144924163818,0,0
donor_withdrawal,8209,V32P-A058070,0,0.46005829572677615,0.45469395518302919,0,0
donor_withdrawal,8210,V32P-A058071,0,0.39553279876708985,0.39214974045753481,0,0
donor_withdrawal,8211,V32P-A058072,0,0.37313534021377565,0.37221389412879946,0,0
donor_withdrawal,8212,V32P-A058073,0,0.2312542200088501,0.23440660238265992,0,0
donor_withdrawal,8213,V32P-A058074,0,0.099425396323204046,0.10331973731517792,0,0
donor_withdrawal,8214,V32P-A058123,0,0.63358446359634402,0.63376731872558589,1,1
donor_withdrawal,8215,V32P-A058124,0,0.60829131603240971,0.60968688726425169,0,0
donor_withdrawal,8216,V32P-A058125,0,0.57589210271835323,0.57827793359756474,0,0
donor_withdrawal,8217,V32P-A058126,0,0.57412075996398926,0.57718083858489988,0,0
donor_withdrawal,8218,V32P-A058127,0,0.51940111517906185,0.52475548386573789,0,0
donor_withdrawal,8219,V32P-A058128,0,0.046649742126464847,0.051394096761941913,0,0
donor_withdrawal,8220,V32P-A058147,0,0.6371712207794189,0.63545367717742918,1,1
donor_withdrawal,8221,V32P-A058148,0,0.51031140089035032,0.50706100463867188,0,0
donor_withdrawal,8222,V32P-A058149,0,0.36457366943359376,0.36301504373550414,0,0
donor_withdrawal,8223,V32P-A058150,0,0.30860092639923098,0.30080345869064329,0,0
donor_withdrawal,8224,V32P-A058151,0,0.20544365048408508,0.2005218118429184,0,0
donor_withdrawal,8225,V32P-A058152,0,0.085450490564107889,0.085539922863245008,0,0
donor_withdrawal,8226,V32P-A058267,0,0.56179995536804195,0.5616097688674927,0,0
donor_withdrawal,8227,V32P-A058268,0,0.55420841574668889,0.55475668311119075,0,0
donor_withdrawal,8228,V32P-A058269,0,0.49249878525733948,0.49430918097496035,0,0
donor_withdrawal,8229,V32P-A058270,0,0.38607026338577272,0.39160770177841187,0,0
donor_withdrawal,8230,V32P-A058271,0,0.29843934476375578,0.3054701894521713,0,0
donor_withdrawal,8231,V32P-A058272,0,0.12484234124422074,0.13154098689556121,0,0
donor_withdrawal,8232,V32P-A058273,1,0.80528869628906252,0.80264087915420534,1,1
donor_withdrawal,8233,V32P-A058274,1,0.74376956224441526,0.74126186370849612,1,1
donor_withdrawal,8234,V32P-A058275,1,0.71642729043960574,0.71392178535461426,1,1
donor_withdrawal,8235,V32P-A058276,0,0.19122501462697983,0.19799832850694657,0,0
donor_withdrawal,8236,V32P-A058277,0,0.12272506207227707,0.12841001152992249,0,0
donor_withdrawal,8237,V32P-A058278,0,0.049312297999858853,0.052653887122869489,0,0
donor_withdrawal,8238,V32P-A058285,0,0.75076425075531006,0.74726740121841428,1,1
donor_withdrawal,8239,V32P-A058286,0,0.73862934112548828,0.73458014726638798,1,1
donor_withdrawal,8240,V32P-A058287,0,0.74528172016143801,0.74126536846160884,1,1
donor_withdrawal,8241,V32P-A058288,0,0.75695769786834721,0.75344945192337032,1,1
donor_withdrawal,8242,V32P-A058289,0,0.71714164018630977,0.71302729845046997,1,1
donor_withdrawal,8243,V32P-A058290,0,0.52951806187629702,0.52968632578849795,0,0
donor_withdrawal,8244,V32P-A058375,0,0.41404545903205869,0.40676704049110413,0,0
donor_withdrawal,8245,V32P-A058376,0,0.37620771527290342,0.37791004180908205,0,0
donor_withdrawal,8246,V32P-A058377,0,0.37184445261955262,0.3700582027435303,0,0
donor_withdrawal,8247,V32P-A058378,0,0.35757135748863222,0.3571990430355072,0,0
donor_withdrawal,8248,V32P-A058379,0,0.23647793531417846,0.23881820142269133,0,0
donor_withdrawal,8249,V32P-A058380,0,0.09703760445117951,0.099850778281688687,0,0
donor_withdrawal,8250,V32P-A058423,0,0.63863289356231689,0.63477255105972286,1,1
donor_withdrawal,8251,V32P-A058424,0,0.34846985340118408,0.34407888650894164,0,0
donor_withdrawal,8252,V32P-A058425,0,0.52571156024932864,0.51915485858917232,0,0
donor_withdrawal,8253,V32P-A058426,0,0.40745340585708617,0.40154620409011843,0,0
donor_withdrawal,8254,V32P-A058427,0,0.27934441566467283,0.27488955855369568,0,0
donor_withdrawal,8255,V32P-A058428,0,0.11836199909448623,0.11807653158903123,0,0
donor_withdrawal,8256,V32P-A058507,0,0.59854468107223513,0.59935026168823247,0,0
donor_withdrawal,8257,V32P-A058508,0,0.60331667661666866,0.60452795028686523,0,0
donor_withdrawal,8258,V32P-A058509,0,0.59785058498382571,0.60027345418930056,0,0
donor_withdrawal,8259,V32P-A058510,0,0.55566890239715572,0.55934154987335205,0,0
donor_withdrawal,8260,V32P-A058511,0,0.49889425635337831,0.50450917482376101,0,0
donor_withdrawal,8261,V32P-A058512,0,0.044783362001180646,0.046341631188988687,0,0
donor_withdrawal,8262,V32P-A058525,0,0.47643802762031556,0.46945268511772154,0,0
donor_withdrawal,8263,V32P-A058526,0,0.47345831394195559,0.46834669709205629,0,0
donor_withdrawal,8264,V32P-A058527,0,0.46571587920188906,0.46182453632354736,0,0
donor_withdrawal,8265,V32P-A058528,0,0.40507287383079527,0.40353187322616579,0,0
donor_withdrawal,8266,V32P-A058529,1,0.33467436432838438,0.334888756275177,0,0
donor_withdrawal,8267,V32P-A058530,0,0.031332938931882381,0.032727576978504661,0,0
donor_withdrawal,8268,V32P-A058561,0,0.68271810412406919,0.67119823098182674,1,1
donor_withdrawal,8269,V32P-A058562,0,0.56296568512916567,0.54660405516624455,0,0
donor_withdrawal,8270,V32P-A058563,0,0.50845128893852232,0.49595709443092345,0,0
donor_withdrawal,8271,V32P-A058564,0,0.35524867773056029,0.33420106768608093,0,0
donor_withdrawal,8272,V32P-A058565,0,0.24546793699264527,0.22944904565811158,0,0
donor_withdrawal,8273,V32P-A058566,0,0.09459876492619515,0.091531514376401904,0,0
donor_withdrawal,8274,V32P-A058585,0,0.6167934656143188,0.60859295129776003,0,0
donor_withdrawal,8275,V32P-A058586,0,0.53215189576148991,0.52100707888603215,0,0
donor_withdrawal,8276,V32P-A058587,0,0.53059126734733586,0.52076053619384766,0,0
donor_withdrawal,8277,V32P-A058588,0,0.47292433381080629,0.46615852117538453,0,0
donor_withdrawal,8278,V32P-A058589,0,0.40364208221435549,0.39975882768630983,0,0
donor_withdrawal,8279,V32P-A058590,0,0.19702458679676055,0.19868250489234923,0,0
donor_withdrawal,8280,V32P-A058603,0,0.39713616967201232,0.396225643157959,0,0
donor_withdrawal,8281,V32P-A058604,0,0.41056828498840331,0.41141104102134707,0,0
donor_withdrawal,8282,V32P-A058605,0,0.37361990213394164,0.37595148682594298,0,0
donor_withdrawal,8283,V32P-A058606,0,0.32328735589981078,0.32713024020195008,0,0
donor_withdrawal,8284,V32P-A058607,0,0.26931493580341337,0.27413096725940705,0,0
donor_withdrawal,8285,V32P-A058608,0,0.12226428538560867,0.12728833854198457,0,0
donor_withdrawal,8286,V32P-A058621,0,0.58268923759460445,0.57900394201278682,0,0
donor_withdrawal,8287,V32P-A058622,0,0.57108460068702693,0.56713495850563045,0,0
donor_withdrawal,8288,V32P-A058623,0,0.5919950008392334,0.58953953981399532,0,0
donor_withdrawal,8289,V32P-A058624,0,0.5706037223339081,0.56953893899917607,0,0
donor_withdrawal,8290,V32P-A058625,0,0.52064782381057739,0.52090130448341365,0,0
donor_withdrawal,8291,V32P-A058626,0,0.049973342195153238,0.051702096685767175,0,0
donor_withdrawal,8292,V32P-A058657,0,0.6489695072174072,0.64628493785858154,1,1
donor_withdrawal,8293,V32P-A058658,0,0.51597835421562199,0.5122983038425446,0,0
donor_withdrawal,8294,V32P-A058659,0,0.47108827233314515,0.4679818034172058,0,0
donor_withdrawal,8295,V32P-A058660,0,0.40190803408622744,0.40041461586952209,0,0
donor_withdrawal,8296,V32P-A058661,0,0.30828814506530761,0.30915161967277527,0,0
donor_withdrawal,8297,V32P-A058662,0,0.12766993939876556,0.13159070014953614,0,0
donor_withdrawal,8298,V32P-A058729,0,0.77166343927383418,0.77140595912933352,1,1
donor_withdrawal,8299,V32P-A058730,0,0.70594251155853271,0.70618226528167727,1,1
donor_withdrawal,8300,V32P-A058731,0,0.63140769004821773,0.63260616064071651,1,1
donor_withdrawal,8301,V32P-A058732,0,0.54783003926277163,0.5479630053043365,0,0
donor_withdrawal,8302,V32P-A058733,0,0.51921758651733396,0.52137391567230229,0,0
donor_withdrawal,8303,V32P-A058734,0,0.03446274120360613,0.035633775219321248,0,0
donor_withdrawal,8304,V32P-A058735,0,0.44731715917587278,0.43810991048812864,0,0
donor_withdrawal,8305,V32P-A058736,0,0.40017216205596923,0.39438675642013549,0,0
donor_withdrawal,8306,V32P-A058737,0,0.44550160169601438,0.4403020441532135,0,0
donor_withdrawal,8307,V32P-A058738,0,0.38636218607425687,0.38357168138027192,0,0
donor_withdrawal,8308,V32P-A058739,0,0.31404564976692201,0.31452964544296264,0,0
donor_withdrawal,8309,V32P-A058740,0,0.14425604343414306,0.14927307665348052,0,0
donor_withdrawal,8310,V32P-A058789,0,0.53932366967201228,0.51914588809013362,0,0
donor_withdrawal,8311,V32P-A058790,0,0.51836756467819212,0.50289954543113713,0,0
donor_withdrawal,8312,V32P-A058791,0,0.47595336437225344,0.46282785534858706,0,0
donor_withdrawal,8313,V32P-A058792,0,0.51556983590126038,0.50515618920326233,0,0
donor_withdrawal,8314,V32P-A058793,0,0.44894863963127135,0.43994271755218506,0,0
donor_withdrawal,8315,V32P-A058794,0,0.23103769570589067,0.22944971472024916,0,0
donor_withdrawal,8316,V32P-A058807,0,0.57246781587600704,0.57106233835220332,0,0
donor_withdrawal,8317,V32P-A058808,0,0.50488741397857662,0.50709671378135679,0,0
donor_withdrawal,8318,V32P-A058809,0,0.46731824874877931,0.47253885865211487,0,0
donor_withdrawal,8319,V32P-A058810,1,0.39309213161468504,0.40109598040580752,0,0
donor_withdrawal,8320,V32P-A058811,0,0.056374462693929671,0.060901366919279096,0,0
donor_withdrawal,8321,V32P-A058812,0,0.022576642595231532,0.024991626851260662,0,0
donor_withdrawal,8322,V32P-A058849,0,0.41026315689086912,0.39577465057373046,0,0
donor_withdrawal,8323,V32P-A058850,0,0.41361671686172485,0.40067963004112245,0,0
donor_withdrawal,8324,V32P-A058851,0,0.37357336878776548,0.36427140235900879,0,0
donor_withdrawal,8325,V32P-A058852,0,0.50930821895599365,0.50412008762359617,0,0
donor_withdrawal,8326,V32P-A058853,0,0.26138991713523863,0.25658416152000429,0,0
donor_withdrawal,8327,V32P-A058854,0,0.029662737250328065,0.030590939335525036,0,0
donor_withdrawal,8328,V32P-A058921,0,0.77890216112136845,0.7771283864974976,1,1
donor_withdrawal,8329,V32P-A058922,0,0.77268890142440794,0.77066775560379031,1,1
donor_withdrawal,8330,V32P-A058923,0,0.7664371132850647,0.76395392417907715,1,1
donor_withdrawal,8331,V32P-A058924,0,0.73792865276336672,0.73469544649124141,1,1
donor_withdrawal,8332,V32P-A058925,0,0.68680615425109859,0.68132673501968388,1,1
donor_withdrawal,8333,V32P-A058926,0,0.49728718101978303,0.49232735335826872,0,0
donor_withdrawal,8334,V32P-A058999,0,0.81169712543487549,0.81018573045730591,1,1
donor_withdrawal,8335,V32P-A059000,0,0.59770106077194218,0.60044016838073733,0,0
donor_withdrawal,8336,V32P-A059001,0,0.50164099931716921,0.50283423662185667,0,0
donor_withdrawal,8337,V32P-A059002,0,0.53016192913055415,0.53052612543106081,0,0
donor_withdrawal,8338,V32P-A059003,0,0.40485326647758485,0.40762564539909363,0,0
donor_withdrawal,8339,V32P-A059004,0,0.19299380630254745,0.19600807875394821,0,0
donor_withdrawal,8340,V32P-A059005,0,0.60723142623901372,0.60739911794662471,0,0
donor_withdrawal,8341,V32P-A059006,0,0.53208013176918034,0.53536630868911739,0,0
donor_withdrawal,8342,V32P-A059007,0,0.53741472363471987,0.53388588428497319,0,0
donor_withdrawal,8343,V32P-A059008,0,0.45631678700447081,0.45146210193634034,0,0
donor_withdrawal,8344,V32P-A059009,0,0.38006832003593444,0.37506069540977477,0,0
donor_withdrawal,8345,V32P-A059010,0,0.19467908442020415,0.19337548017501832,0,0
donor_withdrawal,8346,V32P-A059011,0,0.39123446345329282,0.3850795805454254,0,0
donor_withdrawal,8347,V32P-A059012,0,0.42407318353652956,0.41853641867637636,0,0
donor_withdrawal,8348,V32P-A059013,0,0.38677021265029909,0.38303309082984927,0,0
donor_withdrawal,8349,V32P-A059014,0,0.3121153235435486,0.31082836985588075,0,0
donor_withdrawal,8350,V32P-A059015,0,0.23804954588413238,0.23899925649166107,0,0
donor_withdrawal,8351,V32P-A059016,0,0.1032591238617897,0.1066622257232666,0,0
donor_withdrawal,8352,V32P-A059023,0,0.8149988055229187,0.81374063491821291,1,1
donor_withdrawal,8353,V32P-A059024,0,0.72632396221160889,0.72505674362182615,1,1
donor_withdrawal,8354,V32P-A059025,0,0.62808672189712522,0.62638082504272463,1,1
donor_withdrawal,8355,V32P-A059026,0,0.57923552989959715,0.57964106798171999,0,0
donor_withdrawal,8356,V32P-A059027,0,0.54601730108261104,0.54768108129501347,0,0
donor_withdrawal,8357,V32P-A059028,0,0.30606822669506073,0.31294383406639098,0,0
donor_withdrawal,8358,V32P-A059041,0,0.48772076368331907,0.47656762003898623,0,0
donor_withdrawal,8359,V32P-A059042,0,0.5196959793567657,0.51221522688865662,0,0
donor_withdrawal,8360,V32P-A059043,0,0.57745085358619686,0.57126480937004087,0,0
donor_withdrawal,8361,V32P-A059044,0,0.53251518011093135,0.52579746246337888,0,0
donor_withdrawal,8362,V32P-A059045,0,0.44915584921836854,0.44345736503601074,0,0
donor_withdrawal,8363,V32P-A059046,0,0.21744369268417357,0.21821316480636596,0,0
donor_withdrawal,8364,V32P-A059131,0,0.60224450826644893,0.60397616624832151,0,0
donor_withdrawal,8365,V32P-A059132,0,0.5020935714244843,0.49945202469825745,0,0
donor_withdrawal,8366,V32P-A059133,0,0.45320379734039307,0.44776492118835448,0,0
donor_withdrawal,8367,V32P-A059134,0,0.39125365018844604,0.38267439007759096,0,0
donor_withdrawal,8368,V32P-A059135,0,0.31811202168464658,0.30860783457756041,0,0
donor_withdrawal,8369,V32P-A059136,0,0.16935328692197799,0.16473132520914077,0,0
donor_withdrawal,8370,V32P-A059185,0,0.69424017667770388,0.68999619483947749,1,1
donor_withdrawal,8371,V32P-A059186,0,0.5967498183250427,0.5906077980995178,0,0
donor_withdrawal,8372,V32P-A059187,0,0.53089130520820615,0.52102069854736333,0,0
donor_withdrawal,8373,V32P-A059188,0,0.5184326589107513,0.50955169796943667,0,0
donor_withdrawal,8374,V32P-A059189,0,0.39971499443054198,0.39069074988365171,0,0
donor_withdrawal,8375,V32P-A059190,0,0.20167639255523681,0.2005203753709793,0,0
donor_withdrawal,8376,V32P-A059197,0,0.66907716989517207,0.65863824486732481,1,1
donor_withdrawal,8377,V32P-A059198,0,0.62349500656127932,0.61307267546653743,1,0
donor_withdrawal,8378,V32P-A059199,0,0.58892689943313603,0.58131704926490779,0,0
donor_withdrawal,8379,V32P-A059200,0,0.49230793714523313,0.48641310930252074,0,0
donor_withdrawal,8380,V32P-A059201,0,0.40788256525993349,0.40475006103515626,0,0
donor_withdrawal,8381,V32P-A059202,0,0.17168120294809341,0.1736231878399849,0,0
donor_withdrawal,8382,V32P-A059221,0,0.60470757484436033,0.59760193824768071,0,0
donor_withdrawal,8383,V32P-A059222,0,0.62299612760543821,0.61883709430694578,1,0
donor_withdrawal,8384,V32P-A059223,0,0.59585285186767578,0.59248390197753908,0,0
donor_withdrawal,8385,V32P-A059224,0,0.54294022917747498,0.5412964880466461,0,0
donor_withdrawal,8386,V32P-A059225,0,0.45985530018806459,0.4622171401977539,0,0
donor_withdrawal,8387,V32P-A059226,0,0.22867700159549714,0.23505284786224365,0,0
donor_withdrawal,8388,V32P-A059257,1,0.68068598508834843,0.68353376388549802,1,1
donor_withdrawal,8389,V32P-A059258,1,0.57997038960456848,0.58140930533409119,0,0
donor_withdrawal,8390,V32P-A059259,1,0.54925842285156246,0.55127084851264951,0,0
donor_withdrawal,8391,V32P-A059260,0,0.10802090018987656,0.11067944318056107,0,0
donor_withdrawal,8392,V32P-A059261,0,0.083429983258247381,0.085774402320384982,0,0
donor_withdrawal,8393,V32P-A059262,0,0.038189499266445638,0.039580788277089593,0,0
donor_withdrawal,8394,V32P-A059269,0,0.69613915681838989,0.68979082107543943,1,1
donor_withdrawal,8395,V32P-A059270,0,0.58759613037109371,0.57501398324966435,0,0
donor_withdrawal,8396,V32P-A059271,0,0.49501575827598571,0.47893636226654052,0,0
donor_withdrawal,8397,V32P-A059272,0,0.41325279474258425,0.39836336970329284,0,0
donor_withdrawal,8398,V32P-A059273,0,0.32650313377380369,0.31497287452220918,0,0
donor_withdrawal,8399,V32P-A059274,0,0.16380441486835479,0.16022550463676452,0,0
donor_withdrawal,8400,V32P-A059317,0,0.65948545932769775,0.65743170976638798,1,1
donor_withdrawal,8401,V32P-A059318,0,0.56207282543182369,0.55575742125511174,0,0
donor_withdrawal,8402,V32P-A059319,0,0.52091659307479854,0.51596154570579533,0,0
donor_withdrawal,8403,V32P-A059320,0,0.5525648713111877,0.55033829212188723,0,0
donor_withdrawal,8404,V32P-A059321,0,0.46523166894912721,0.46341691613197328,0,0
donor_withdrawal,8405,V32P-A059322,0,0.23005169332027436,0.23217271268367767,0,0
donor_withdrawal,8406,V32P-A059323,0,0.77059435844421387,0.76771664619445801,1,1
donor_withdrawal,8407,V32P-A059324,0,0.60801698565483098,0.60424820780754085,0,0
donor_withdrawal,8408,V32P-A059325,0,0.4938952147960663,0.48766075968742373,0,0
donor_withdrawal,8409,V32P-A059326,0,0.36161768138408662,0.35469185411930082,0,0
donor_withdrawal,8410,V32P-A059327,0,0.28051639199256895,0.27480544447898864,0,0
donor_withdrawal,8411,V32P-A059328,0,0.11343031525611877,0.11315681934356689,0,0
donor_withdrawal,8412,V32P-A059449,0,0.70926539897918706,0.70964001417160039,1,1
donor_withdrawal,8413,V32P-A059450,0,0.58032394647598262,0.58067349195480344,0,0
donor_withdrawal,8414,V32P-A059451,0,0.50941817760467534,0.50623027086257932,0,0
donor_withdrawal,8415,V32P-A059452,0,0.39623979926109315,0.39246102571487429,0,0
donor_withdrawal,8416,V32P-A059453,0,0.31200975179672241,0.30949209928512572,0,0
donor_withdrawal,8417,V32P-A059454,0,0.135633884370327,0.1362691566348076,0,0
donor_withdrawal,8418,V32P-A059641,0,0.47195992469787595,0.46392279863357544,0,0
donor_withdrawal,8419,V32P-A059642,0,0.45820745229721072,0.45298370122909548,0,0
donor_withdrawal,8420,V32P-A059643,0,0.46752464771270752,0.46689559221267701,0,0
donor_withdrawal,8421,V32P-A059644,0,0.38933427929878234,0.39145144820213318,0,0
donor_withdrawal,8422,V32P-A059645,1,0.32666105926036837,0.33281845152378081,0,0
donor_withdrawal,8423,V32P-A059646,0,0.0284612693823874,0.030634148884564637,0,0
donor_withdrawal,8424,V32P-A059653,0,0.61762253046035764,0.62108705043792722,0,1
donor_withdrawal,8425,V32P-A059654,0,0.57009060382843013,0.57665232419967649,0,0
donor_withdrawal,8426,V32P-A059655,0,0.5030845642089844,0.51343614459037779,0,0
donor_withdrawal,8427,V32P-A059656,0,0.43835647702217101,0.45240676403045654,0,0
donor_withdrawal,8428,V32P-A059657,0,0.35766081809997557,0.37263277769088743,0,0
donor_withdrawal,8429,V32P-A059658,0,0.16194305568933487,0.17405609339475631,0,0
donor_withdrawal,8430,V32P-A059677,0,0.809443187713623,0.80243459939956663,1,1
donor_withdrawal,8431,V32P-A059678,0,0.74044419527053829,0.73132001161575322,1,1
donor_withdrawal,8432,V32P-A059679,0,0.70668742656707761,0.69880256652832029,1,1
donor_withdrawal,8433,V32P-A059680,0,0.67736192941665652,0.66980376243591311,1,1
donor_withdrawal,8434,V32P-A059681,0,0.60871269702911379,0.60354415178298948,0,0
donor_withdrawal,8435,V32P-A059682,0,0.33041920065879821,0.33077158331871032,0,0
donor_withdrawal,8436,V32P-A059689,0,0.74689655303955083,0.75155649185180662,1,1
donor_withdrawal,8437,V32P-A059690,0,0.67719919681549068,0.6822031497955322,1,1
donor_withdrawal,8438,V32P-A059691,0,0.61441563367843632,0.62188802957534794,0,1
donor_withdrawal,8439,V32P-A059692,0,0.52519717812538147,0.5414406538009644,0,0
donor_withdrawal,8440,V32P-A059693,1,0.4412392318248749,0.46090387105941771,0,0
donor_withdrawal,8441,V32P-A059694,0,0.040091338567435741,0.042029629647731784,0,0
donor_withdrawal,8442,V32P-A059761,0,0.71999310255050664,0.72463755607604985,1,1
donor_withdrawal,8443,V32P-A059762,0,0.66564946174621586,0.67095625400543213,1,1
donor_withdrawal,8444,V32P-A059763,0,0.62739512920379636,0.63312698602676387,1,1
donor_withdrawal,8445,V32P-A059764,0,0.56862645745277407,0.57596775889396667,0,0
donor_withdrawal,8446,V32P-A059765,1,0.48803510069847106,0.49882453083992007,0,0
donor_withdrawal,8447,V32P-A059766,0,0.038202833384275436,0.040447605028748515,0,0
donor_withdrawal,8448,V32P-A059779,0,0.54809961318969724,0.5385223507881165,0,0
donor_withdrawal,8449,V32P-A059780,0,0.51992532014846804,0.51107160449028011,0,0
donor_withdrawal,8450,V32P-A059781,0,0.50040242075920105,0.49008952379226683,0,0
donor_withdrawal,8451,V32P-A059782,0,0.42519528269767759,0.41341393589973452,0,0
donor_withdrawal,8452,V32P-A059783,0,0.33280213773250578,0.32290869653224946,0,0
donor_withdrawal,8453,V32P-A059784,0,0.1533259242773056,0.15021351873874664,0,0
donor_withdrawal,8454,V32P-A059785,0,0.31390892267227172,0.30065242052078245,0,0
donor_withdrawal,8455,V32P-A059786,0,0.35718326568603515,0.34326059818267823,0,0
donor_withdrawal,8456,V32P-A059787,0,0.33555842041969297,0.32399113178253175,0,0
donor_withdrawal,8457,V32P-A059788,0,0.25033526122570038,0.24076566398143767,0,0
donor_withdrawal,8458,V32P-A059789,0,0.20577416121959685,0.1985893428325653,0,0
donor_withdrawal,8459,V32P-A059790,0,0.099187481403350833,0.097945268452167514,0,0
donor_withdrawal,8460,V32P-A059845,0,0.59159600734710693,0.59667967557907109,0,0
donor_withdrawal,8461,V32P-A059846,0,0.55168763399124143,0.55687499046325684,0,0
donor_withdrawal,8462,V32P-A059847,0,0.51287105679512024,0.5195997536182404,0,0
donor_withdrawal,8463,V32P-A059848,0,0.42864627242088316,0.43634698987007142,0,0
donor_withdrawal,8464,V32P-A059849,0,0.34429475665092468,0.35461798310279846,0,0
donor_withdrawal,8465,V32P-A059850,0,0.15132296383380889,0.15807255655527114,0,0
donor_withdrawal,8466,V32P-A059881,1,0.57096828818321232,0.57456741929054256,0,0
donor_withdrawal,8467,V32P-A059882,1,0.57646874785423274,0.5813431441783905,0,0
donor_withdrawal,8468,V32P-A059883,1,0.59096571207046511,0.59739679098129272,0,0
donor_withdrawal,8469,V32P-A059884,0,0.15777431726455687,0.16974254995584487,0,0
donor_withdrawal,8470,V32P-A059885,0,0.087897741794586176,0.091907288879156113,0,0
donor_withdrawal,8471,V32P-A059886,0,0.041966809332370757,0.044250595569610598,0,0
donor_withdrawal,8472,V32P-A059905,0,0.60595338344573979,0.58976241350173952,0,0
donor_withdrawal,8473,V32P-A059906,0,0.58907159566879275,0.57825417518615718,0,0
donor_withdrawal,8474,V32P-A059907,0,0.53874995708465578,0.52953633069992068,0,0
donor_withdrawal,8475,V32P-A059908,0,0.49288250207901002,0.48724029064178465,0,0
donor_withdrawal,8476,V32P-A059909,0,0.40413925647735593,0.40263520479202269,0,0
donor_withdrawal,8477,V32P-A059910,0,0.17280267179012299,0.17486550211906432,0,0
donor_withdrawal,8478,V32P-A059917,0,0.59806529283523557,0.59343409538269043,0,0
donor_withdrawal,8479,V32P-A059918,0,0.48261029720306398,0.47682495117187501,0,0
donor_withdrawal,8480,V32P-A059919,0,0.40280073285102846,0.39538540840148928,0,0
donor_withdrawal,8481,V32P-A059920,0,0.31657943427562713,0.30895617902278899,0,0
donor_withdrawal,8482,V32P-A059921,1,0.24147490859031678,0.23573637902736663,0,0
donor_withdrawal,8483,V32P-A059922,0,0.022623520437628032,0.023170864116400479,0,0
donor_withdrawal,8484,V32P-A059941,0,0.74111980199813843,0.7314566969871521,1,1
donor_withdrawal,8485,V32P-A059942,0,0.64264982938766479,0.63376499414443965,1,1
donor_withdrawal,8486,V32P-A059943,0,0.61457313895225529,0.60688360333442692,0,0
donor_withdrawal,8487,V32P-A059944,0,0.54607886075973511,0.54052906632423403,0,0
donor_withdrawal,8488,V32P-A059945,0,0.45453393459320068,0.45178121924400327,0,0
donor_withdrawal,8489,V32P-A059946,0,0.038271777145564553,0.039857567660510539,0,0
donor_withdrawal,8490,V32P-A059971,0,0.50659698247909546,0.49302641153335569,0,0
donor_withdrawal,8491,V32P-A059972,0,0.44618150591850281,0.43518699407577516,0,0
donor_withdrawal,8492,V32P-A059973,0,0.35531064271926882,0.34579254984855651,0,0
donor_withdrawal,8493,V32P-A059974,0,0.28949034214019775,0.2814590811729431,0,0
donor_withdrawal,8494,V32P-A059975,0,0.26862946152687073,0.26072777509689332,0,0
donor_withdrawal,8495,V32P-A059976,0,0.12380855679512023,0.122662153840065,0,0
hospital_removal,0,V32P-A000025,0,0.64196459054946897,0.67605940103530882,1,1
hospital_removal,1,V32P-A000026,0,0.54580625891685486,0.58300120234489439,0,0
hospital_removal,2,V32P-A000027,0,0.45527541637420654,0.48861604928970337,0,0
hospital_removal,3,V32P-A000028,0,0.47681547999382018,0.50417391061782835,0,0
hospital_removal,4,V32P-A000029,0,0.31462445259094241,0.3320397287607193,0,0
hospital_removal,5,V32P-A000030,0,0.038141265418380497,0.039853322412818672,0,0
hospital_removal,6,V32P-A000055,0,0.7662831783294678,0.76939342021942136,1,1
hospital_removal,7,V32P-A000056,0,0.65519660711288452,0.6617790579795837,1,1
hospital_removal,8,V32P-A000057,0,0.55095632076263423,0.56103644371032713,0,0
hospital_removal,9,V32P-A000058,0,0.62380927801132202,0.63114616870880125,1,1
hospital_removal,10,V32P-A000059,0,0.42977386713027954,0.44577708244323733,0,0
hospital_removal,11,V32P-A000060,0,0.17423627376556397,0.18138889968395233,0,0
hospital_removal,12,V32P-A000133,1,0.66907008886337282,0.68220515251159664,1,1
hospital_removal,13,V32P-A000134,1,0.60441773533821108,0.62116466164588924,0,1
hospital_removal,14,V32P-A000135,1,0.53488787412643435,0.54917232990264897,0,0
hospital_removal,15,V32P-A000136,0,0.07007151991128921,0.080436672270298007,0,0
hospital_removal,16,V32P-A000137,0,0.050932205840945245,0.057332812622189519,0,0
hospital_removal,17,V32P-A000138,0,0.020815097820013763,0.023213219176977874,0,0
hospital_removal,18,V32P-A000151,0,0.4802298307418823,0.47933868169784544,0,0
hospital_removal,19,V32P-A000152,0,0.31345358490943909,0.31509608626365659,0,0
hospital_removal,20,V32P-A000153,0,0.27060325443744659,0.28255838453769683,0,0
hospital_removal,21,V32P-A000154,0,0.25513446033000947,0.26314513981342313,0,0
hospital_removal,22,V32P-A000155,0,0.1863671898841858,0.19196268022060395,0,0
hospital_removal,23,V32P-A000156,0,0.086802083998918533,0.086795847862958908,0,0
hospital_removal,24,V32P-A000175,1,0.81364271640777586,0.80633604526519775,1,1
hospital_removal,25,V32P-A000176,1,0.66830750703811648,0.66867324113845827,1,1
hospital_removal,26,V32P-A000177,1,0.74108881950378414,0.73233159780502322,1,1
hospital_removal,27,V32P-A000178,0,0.13470991998910903,0.13511565178632737,0,0
hospital_removal,28,V32P-A000179,0,0.1005596674978733,0.10088038891553879,0,0
hospital_removal,29,V32P-A000180,0,0.043079922348260878,0.043549563363194467,0,0
hospital_removal,30,V32P-A000253,0,0.63338264226913454,0.63147894144058225,1,1
hospital_removal,31,V32P-A000254,0,0.59867467880249026,0.59507195949554448,0,0
hospital_removal,32,V32P-A000255,0,0.63411530256271365,0.62435363531112675,1,1
hospital_removal,33,V32P-A000256,1,0.60749281644821163,0.59545212984085083,0,0
hospital_removal,34,V32P-A000257,0,0.10723498389124871,0.11179015710949898,0,0
hospital_removal,35,V32P-A000258,0,0.05866676643490791,0.062170382589101791,0,0
hospital_removal,36,V32P-A000283,0,0.67715648412704466,0.68381600379943852,1,1
hospital_removal,37,V32P-A000284,0,0.5112620532512665,0.52225368618965151,0,0
hospital_removal,38,V32P-A000285,0,0.47270198464393615,0.47856984734535218,0,0
hospital_removal,39,V32P-A000286,0,0.3635817587375641,0.36666960120201109,0,0
hospital_removal,40,V32P-A000287,0,0.33036087453365326,0.33788399994373319,0,0
hospital_removal,41,V32P-A000288,0,0.12582589834928512,0.12814305275678634,0,0
hospital_removal,42,V32P-A000301,0,0.76935782432556155,0.7800113439559937,1,1
hospital_removal,43,V32P-A000302,0,0.66773656606674192,0.682602870464325,1,1
hospital_removal,44,V32P-A000303,0,0.59090530276298525,0.60733794569969179,0,0
hospital_removal,45,V32P-A000304,0,0.54285869002342224,0.5551460921764374,0,0
hospital_removal,46,V32P-A000305,0,0.45511153340339661,0.46048007011413572,0,0
hospital_removal,47,V32P-A000306,0,0.21196887791156768,0.21900614500045776,0,0
hospital_removal,48,V32P-A000307,1,0.55317733883857723,0.57168093323707581,0,0
hospital_removal,49,V32P-A000308,1,0.56885576844215391,0.58391204476356506,0,0
hospital_removal,50,V32P-A000309,1,0.55909919738769531,0.57060759067535405,0,0
hospital_removal,51,V32P-A000310,0,0.087644403427839274,0.092915729433298108,0,0
hospital_removal,52,V32P-A000311,0,0.067176416516304016,0.071153728663921362,0,0
hospital_removal,53,V32P-A000312,0,0.030575655214488507,0.032348743639886379,0,0
hospital_removal,54,V32P-A000313,1,0.61686277389526367,0.63596913814544676,0,1
hospital_removal,55,V32P-A000314,1,0.62566457986831669,0.63792304992675786,1,1
hospital_removal,56,V32P-A000315,1,0.54573091268539431,0.5502626895904541,0,0
hospital_removal,57,V32P-A000316,0,0.078995821624994272,0.082936980575323102,0,0
hospital_removal,58,V32P-A000317,0,0.059819506853818892,0.063162676990032196,0,0
hospital_removal,59,V32P-A000318,0,0.024684707075357436,0.026384467072784901,0,0
hospital_removal,60,V32P-A000385,0,0.5940270721912384,0.58445145487785344,0,0
hospital_removal,61,V32P-A000386,0,0.51156868338584904,0.50218580365180965,0,0
hospital_removal,62,V32P-A000387,0,0.55435971021652219,0.53692078590393066,0,0
hospital_removal,63,V32P-A000388,0,0.48722062110900877,0.46972123384475706,0,0
hospital_removal,64,V32P-A000389,0,0.39751036167144777,0.3879806876182556,0,0
hospital_removal,65,V32P-A000390,0,0.17962228059768676,0.18054398894309998,0,0
hospital_removal,66,V32P-A000505,0,0.40282809138298037,0.4060332953929901,0,0
hospital_removal,67,V32P-A000506,0,0.42570905089378358,0.42529284358024599,0,0
hospital_removal,68,V32P-A000507,0,0.40180680155754089,0.39729959368705747,0,0
hospital_removal,69,V32P-A000508,0,0.3385697603225708,0.33004322648048401,0,0
hospital_removal,70,V32P-A000509,0,0.27491993606090548,0.2669625788927078,0,0
hospital_removal,71,V32P-A000510,0,0.12452323138713836,0.12067285776138306,0,0
hospital_removal,72,V32P-A000595,0,0.69363397359848022,0.70488833189010625,1,1
hospital_removal,73,V32P-A000596,0,0.61326445341110225,0.63014692068099976,0,1
hospital_removal,74,V32P-A000597,0,0.55624698996543886,0.57283022999763489,0,0
hospital_removal,75,V32P-A000598,0,0.47436484694480896,0.48549919724464419,0,0
hospital_removal,76,V32P-A000599,0,0.46565389633178711,0.47533470392227173,0,0
hospital_removal,77,V32P-A000600,0,0.22660112380981445,0.22933685779571533,0,0
hospital_removal,78,V32P-A000631,0,0.35442115962505338,0.37621504962444308,0,0
hospital_removal,79,V32P-A000632,0,0.4237193763256073,0.44144489169120787,0,0
hospital_removal,80,V32P-A000633,0,0.37804747223854063,0.39344729185104371,0,0
hospital_removal,81,V32P-A000634,0,0.31083613336086274,0.32757908403873442,0,0
hospital_removal,82,V32P-A000635,0,0.24839633405208589,0.26180429756641388,0,0
hospital_removal,83,V32P-A000636,0,0.018583244364708661,0.020988113339990379,0,0
hospital_removal,84,V32P-A000685,0,0.46635974049568174,0.48167955279350283,0,0
hospital_removal,85,V32P-A000686,0,0.47904475927352907,0.48575765490531919,0,0
hospital_removal,86,V32P-A000687,0,0.42209690809249878,0.42390337586402893,0,0
hospital_removal,87,V32P-A000688,0,0.45922012925148009,0.45725071430206299,0,0
hospital_removal,88,V32P-A000689,0,0.35228869020938874,0.35441862046718597,0,0
hospital_removal,89,V32P-A000690,0,0.032635345123708248,0.03490940760821104,0,0
hospital_removal,90,V32P-A000703,0,0.8269545793533325,0.82624596357345581,1,1
hospital_removal,91,V32P-A000704,0,0.84731440544128422,0.84613676071166988,1,1
hospital_removal,92,V32P-A000705,0,0.87427866458892822,0.87357053756713865,1,1
hospital_removal,93,V32P-A000706,0,0.74787431955337524,0.74837561845779421,1,1
hospital_removal,94,V32P-A000707,1,0.61796449422836308,0.61757705211639402,0,0
hospital_removal,95,V32P-A000708,0,0.063759598135948184,0.065916850417852405,0,0
hospital_removal,96,V32P-A000793,0,0.73406701087951665,0.73375155925750735,1,1
hospital_removal,97,V32P-A000794,0,0.6397982597351074,0.63942694664001465,1,1
hospital_removal,98,V32P-A000795,0,0.60804705619812016,0.59919730424880979,0,0
hospital_removal,99,V32P-A000796,0,0.48298515677452086,0.47328355312347414,0,0
hospital_removal,100,V32P-A000797,0,0.43525897860527041,0.42394727468490601,0,0
hospital_removal,101,V32P-A000798,0,0.16734732389450074,0.16759553849697112,0,0
hospital_removal,102,V32P-A000823,0,0.53424145579338078,0.53998760581016536,0,0
hospital_removal,103,V32P-A000824,0,0.47137195467948911,0.4739815890789032,0,0
hospital_removal,104,V32P-A000825,0,0.40009005665779113,0.40384265780448914,0,0
hospital_removal,105,V32P-A000826,0,0.35945431590080262,0.36243196129798888,0,0
hospital_removal,106,V32P-A000827,0,0.28158844411373141,0.28355645239353178,0,0
hospital_removal,107,V32P-A000828,0,0.12691233456134796,0.13263640999794007,0,0
hospital_removal,108,V32P-A000835,0,0.69524428844451902,0.70854020118713379,1,1
hospital_removal,109,V32P-A000836,0,0.73205002546310427,0.73440576791763301,1,1
hospital_removal,110,V32P-A000837,0,0.76602933406829832,0.76948087215423588,1,1
hospital_removal,111,V32P-A000838,0,0.75668982267379759,0.75869841575622554,1,1
hospital_removal,112,V32P-A000839,1,0.70993820428848264,0.71349718570709231,1,1
hospital_removal,113,V32P-A000840,0,0.069703712314367297,0.07253603041172027,0,0
hospital_removal,114,V32P-A000841,0,0.47689735293388369,0.48814392685890196,0,0
hospital_removal,115,V32P-A000842,0,0.46355682015419009,0.47295945286750796,0,0
hospital_removal,116,V32P-A000843,0,0.43989791274070739,0.44635742306709292,0,0
hospital_removal,117,V32P-A000844,0,0.38814433813095095,0.39368232488632204,0,0
hospital_removal,118,V32P-A000845,1,0.32721944451332091,0.33060653805732726,0,0
hospital_removal,119,V32P-A000846,0,0.025377197563648222,0.02967880219221115,0,0
hospital_removal,120,V32P-A000865,0,0.50820101499557491,0.50742590427398682,0,0
hospital_removal,121,V32P-A000866,0,0.5341369152069092,0.53212624788284302,0,0
hospital_removal,122,V32P-A000867,0,0.46391258239746092,0.4647239685058594,0,0
hospital_removal,123,V32P-A000868,0,0.44078563451766967,0.43528792262077332,0,0
hospital_removal,124,V32P-A000869,0,0.36980617344379424,0.36235680878162385,0,0
hospital_removal,125,V32P-A000870,0,0.16598979830741883,0.16394071280956268,0,0
hospital_removal,126,V32P-A000901,0,0.51399408578872685,0.53067973852157591,0,0
hospital_removal,127,V32P-A000902,0,0.53078427314758303,0.54344550371170042,0,0
hospital_removal,128,V32P-A000903,0,0.49858161807060242,0.50972533822059629,0,0
hospital_removal,129,V32P-A000904,0,0.46599304676055908,0.48138473629951478,0,0
hospital_removal,130,V32P-A000905,0,0.37998404204845426,0.40008182227611544,0,0
hospital_removal,131,V32P-A000906,0,0.17508004903793334,0.19886301159858705,0,0
hospital_removal,132,V32P-A000985,0,0.44770550131797793,0.44690334200859072,0,0
hospital_removal,133,V32P-A000986,0,0.46634162068367002,0.45952224135398867,0,0
hospital_removal,134,V32P-A000987,0,0.41881088614463807,0.41119007468223573,0,0
hospital_removal,135,V32P-A000988,0,0.34536088705062867,0.33814361691474915,0,0
hospital_removal,136,V32P-A000989,0,0.26183221042156218,0.25742292106151582,0,0
hospital_removal,137,V32P-A000990,0,0.11000665724277496,0.11353942006826401,0,0
hospital_removal,138,V32P-A001021,0,0.3813913345336914,0.37047066390514372,0,0
hospital_removal,139,V32P-A001022,0,0.42707443237304688,0.40813913345336916,0,0
hospital_removal,140,V32P-A001023,0,0.39945326447486879,0.3781170189380646,0,0
hospital_removal,141,V32P-A001024,0,0.37751774191856385,0.35988109111785888,0,0
hospital_removal,142,V32P-A001025,1,0.3121606707572937,0.30792635381221772,0,0
hospital_removal,143,V32P-A001026,0,0.02769757490605116,0.028998525813221931,0,0
hospital_removal,144,V32P-A001045,0,0.22652143836021424,0.2282501757144928,0,0
hospital_removal,145,V32P-A001046,0,0.31232826709747313,0.32066667079925537,0,0
hospital_removal,146,V32P-A001047,0,0.28968666195869447,0.29637712240219116,0,0
hospital_removal,147,V32P-A001048,0,0.23708249330520631,0.24351801872253417,0,0
hospital_removal,148,V32P-A001049,0,0.18678943514823915,0.19207281470298768,0,0
hospital_removal,149,V32P-A001050,0,0.085132873058319097,0.089650684595108027,0,0
hospital_removal,150,V32P-A001051,0,0.59880909919738767,0.60229970216751094,0,0
hospital_removal,151,V32P-A001052,0,0.57418878078460689,0.57099670171737671,0,0
hospital_removal,152,V32P-A001053,0,0.54315474629402161,0.53552599549293523,0,0
hospital_removal,153,V32P-A001054,1,0.47917137145996092,0.47021921873092654,0,0
hospital_removal,154,V32P-A001055,0,0.080414929986000055,0.080502772331237787,0,0
hospital_removal,155,V32P-A001056,0,0.033008613437414167,0.033605859801173213,0,0
hospital_removal,156,V32P-A001069,0,0.76341285705566408,0.76479183435440068,1,1
hospital_removal,157,V32P-A001070,0,0.56992943286895748,0.57256928682327268,0,0
hospital_removal,158,V32P-A001071,0,0.49816913008689878,0.49517099261283876,0,0
hospital_removal,159,V32P-A001072,0,0.49421527385711672,0.49077168703079221,0,0
hospital_removal,160,V32P-A001073,0,0.42258700728416443,0.42060349583625795,0,0
hospital_removal,161,V32P-A001074,0,0.16944733262062073,0.17337279915809631,0,0
hospital_removal,162,V32P-A001075,0,0.70791112184524541,0.70177890062332149,1,1
hospital_removal,163,V32P-A001076,0,0.54128009676933286,0.53335648775100708,0,0
hospital_removal,164,V32P-A001077,0,0.43137245774269106,0.42602975964546203,0,0
hospital_removal,165,V32P-A001078,0,0.40337086319923399,0.39496456980705263,0,0
hospital_removal,166,V32P-A001079,0,0.3711400032043457,0.36339638829231263,0,0
hospital_removal,167,V32P-A001080,0,0.18158216178417205,0.18198169767856598,0,0
hospital_removal,168,V32P-A001207,0,0.56630830764770512,0.57583316564559939,0,0
hospital_removal,169,V32P-A001208,0,0.47598040103912354,0.48958463668823243,0,0
hospital_removal,170,V32P-A001209,0,0.47814387679100034,0.48663908839225767,0,0
hospital_removal,171,V32P-A001210,0,0.42334024310112001,0.43030435442924497,0,0
hospital_removal,172,V32P-A001211,0,0.33776573538780214,0.35184480547904967,0,0
hospital_removal,173,V32P-A001212,0,0.17060689628124237,0.17698624432086946,0,0
hospital_removal,174,V32P-A001273,0,0.36339149475097654,0.37983367443084715,0,0
hospital_removal,175,V32P-A001274,0,0.46533071398735049,0.47564157843589783,0,0
hospital_removal,176,V32P-A001275,0,0.44413897991180418,0.44295581579208376,0,0
hospital_removal,177,V32P-A001276,0,0.3764055848121643,0.37041267156600954,0,0
hospital_removal,178,V32P-A001277,0,0.30235656797885896,0.29531017243862151,0,0
hospital_removal,179,V32P-A001278,0,0.12631162106990815,0.12784180045127869,0,0
hospital_removal,180,V32P-A001285,0,0.36870201230049132,0.35878914594650269,0,0
hospital_removal,181,V32P-A001286,0,0.35854617357254026,0.3380425810813904,0,0
hospital_removal,182,V32P-A001287,0,0.31717353463172915,0.29847078323364257,0,0
hospital_removal,183,V32P-A001288,0,0.25275432765483857,0.24022333323955536,0,0
hospital_removal,184,V32P-A001289,0,0.19435904324054717,0.18678623735904692,0,0
hospital_removal,185,V32P-A001290,0,0.082048158347606662,0.08118808716535568,0,0
hospital_removal,186,V32P-A001375,0,0.6107490062713623,0.60971317291259763,0,0
hospital_removal,187,V32P-A001376,0,0.59939473867416382,0.5916181206703186,0,0
hospital_removal,188,V32P-A001377,0,0.58198263645172121,0.56628668308258057,0,0
hospital_removal,189,V32P-A001378,0,0.53089336156845091,0.50952131152153013,0,0
hospital_removal,190,V32P-A001379,0,0.50577720403671267,0.48197844624519348,0,0
hospital_removal,191,V32P-A001380,0,0.2812043994665146,0.27437090873718262,0,0
hospital_removal,192,V32P-A001393,0,0.7528433561325073,0.74683369398117061,1,1
hospital_removal,193,V32P-A001394,0,0.77086366415023799,0.76398397684097286,1,1
hospital_removal,194,V32P-A001395,0,0.62805564403533931,0.6151129364967346,1,0
hospital_removal,195,V32P-A001396,0,0.56320298910140987,0.54692127704620364,0,0
hospital_removal,196,V32P-A001397,0,0.44576854109764097,0.43543236255645751,0,0
hospital_removal,197,V32P-A001398,0,0.21026773154735565,0.20862304866313935,0,0
hospital_removal,198,V32P-A001441,0,0.47222425341606139,0.5010006785392761,0,0
hospital_removal,199,V32P-A001442,0,0.47050016522407534,0.49244710206985476,0,0
hospital_removal,200,V32P-A001443,0,0.42800483703613279,0.44330093264579773,0,0
hospital_removal,201,V32P-A001444,0,0.33708738088607787,0.35052645206451416,0,0
hospital_removal,202,V32P-A001445,0,0.25236440598964693,0.26591776311397552,0,0
hospital_removal,203,V32P-A001446,0,0.10755635201930999,0.11882871091365814,0,0
hospital_removal,204,V32P-A001483,1,0.51550105214118958,0.52962215542793278,0,0
hospital_removal,205,V32P-A001484,1,0.58341966867446904,0.59243501424789424,0,0
hospital_removal,206,V32P-A001485,1,0.62652711868286137,0.62967637777328489,1,1
hospital_removal,207,V32P-A001486,0,0.15940920859575272,0.1698132947087288,0,0
hospital_removal,208,V32P-A001487,0,0.11953032165765762,0.12499475479125977,0,0
hospital_removal,209,V32P-A001488,0,0.054716236889362335,0.056815927475690843,0,0
hospital_removal,210,V32P-A001495,0,0.61084514856338501,0.5996151447296143,0,0
hospital_removal,211,V32P-A001496,0,0.44443625211715698,0.4280595898628235,0,0
hospital_removal,212,V32P-A001497,0,0.35235737562179564,0.34414149522781373,0,0
hospital_removal,213,V32P-A001498,0,0.29490059614181519,0.28936253786087035,0,0
hospital_removal,214,V32P-A001499,0,0.27569379806518557,0.27115402817726136,0,0
hospital_removal,215,V32P-A001500,0,0.11748635470867157,0.12138534039258957,0,0
hospital_removal,216,V32P-A001531,0,0.71186968088150027,0.71709738969802861,1,1
hospital_removal,217,V32P-A001532,0,0.66488353013992307,0.66869630813598635,1,1
hospital_removal,218,V32P-A001533,0,0.63516050577163696,0.63180854320526125,1,1
hospital_removal,219,V32P-A001534,0,0.59318915605545042,0.58562624454498291,0,0
hospital_removal,220,V32P-A001535,0,0.53305268883705137,0.5226206421852112,0,0
hospital_removal,221,V32P-A001536,0,0.2539191782474518,0.24830303490161895,0,0
hospital_removal,222,V32P-A001543,0,0.60241648554801941,0.60301317572593693,0,0
hospital_removal,223,V32P-A001544,0,0.40385270714759824,0.42225359082221986,0,0
hospital_removal,224,V32P-A001545,0,0.35954103767871859,0.37605151236057283,0,0
hospital_removal,225,V32P-A001546,0,0.34578704237937929,0.35524134635925292,0,0
hospital_removal,226,V32P-A001547,0,0.26734339594841006,0.27761649489402773,0,0
hospital_removal,227,V32P-A001548,0,0.024213672801852226,0.02765701189637184,0,0
hospital_removal,228,V32P-A001609,0,0.60920507907867427,0.61450562477111814,0,0
hospital_removal,229,V32P-A001610,0,0.56459053158760075,0.55642595887184143,0,0
hospital_removal,230,V32P-A001611,0,0.50707571506500249,0.49768281579017637,0,0
hospital_removal,231,V32P-A001612,0,0.46573998332023619,0.45911753177642822,0,0
hospital_removal,232,V32P-A001613,0,0.45353848338127134,0.4467263877391815,0,0
hospital_removal,233,V32P-A001614,0,0.22730989754199982,0.22757603526115416,0,0
hospital_removal,234,V32P-A001615,0,0.74191153049468994,0.73146785497665401,1,1
hospital_removal,235,V32P-A001616,0,0.55447670221328738,0.56074774265289307,0,0
hospital_removal,236,V32P-A001617,0,0.67599167823791506,0.67565932273864748,1,1
hospital_removal,237,V32P-A001618,0,0.50882276892662048,0.51589205265045168,0,0
hospital_removal,238,V32P-A001619,0,0.42972991466522215,0.4317488193511963,0,0
hospital_removal,239,V32P-A001620,0,0.235362908244133,0.23570759296417237,0,0
hospital_removal,240,V32P-A001645,0,0.57389662265777586,0.57391204833984377,0,0
hospital_removal,241,V32P-A001646,0,0.54104135036468504,0.53838595151901247,0,0
hospital_removal,242,V32P-A001647,0,0.49688331484794618,0.49232309460639956,0,0
hospital_removal,243,V32P-A001648,0,0.51548393964767458,0.50759613513946533,0,0
hospital_removal,244,V32P-A001649,0,0.42731707096099852,0.42717777490615844,0,0
hospital_removal,245,V32P-A001650,0,0.14761431515216827,0.15451757907867431,0,0
hospital_removal,246,V32P-A001663,0,0.74190235137939453,0.75905756950378422,1,1
hospital_removal,247,V32P-A001664,0,0.63984488248825078,0.66352806091308592,1,1
hospital_removal,248,V32P-A001665,0,0.5335847079753876,0.55529361963272095,0,0
hospital_removal,249,V32P-A001666,0,0.45905565619468691,0.47781305909156802,0,0
hospital_removal,250,V32P-A001667,0,0.40952440500259402,0.42392616868019106,0,0
hospital_removal,251,V32P-A001668,0,0.055163808166980743,0.05773175284266472,0,0
hospital_removal,252,V32P-A001693,0,0.65860999822616573,0.66249877214431763,1,1
hospital_removal,253,V32P-A001694,0,0.61691789031028743,0.61253857016563418,0,0
hospital_removal,254,V32P-A001695,0,0.59913890361785893,0.58407862782478337,0,0
hospital_removal,255,V32P-A001696,0,0.49567960500717162,0.48097015619277955,0,0
hospital_removal,256,V32P-A001697,0,0.41226053237915039,0.39754155278205872,0,0
hospital_removal,257,V32P-A001698,0,0.18270244300365449,0.17880275398492812,0,0
hospital_removal,258,V32P-A001723,0,0.46310582756996155,0.47094660401344302,0,0
hospital_removal,259,V32P-A001724,0,0.38097426295280457,0.4016194701194763,0,0
hospital_removal,260,V32P-A001725,0,0.38948495984077453,0.39098016619682313,0,0
hospital_removal,261,V32P-A001726,0,0.30938799381256105,0.30912736058235168,0,0
hospital_removal,262,V32P-A001727,1,0.23683771193027497,0.23604000508785247,0,0
hospital_removal,263,V32P-A001728,0,0.018336363136768341,0.018809572234749793,0,0
hospital_removal,264,V32P-A001747,0,0.60205925107002256,0.60808340907096858,0,0
hospital_removal,265,V32P-A001748,0,0.48779756426811216,0.49993202090263367,0,0
hospital_removal,266,V32P-A001749,0,0.46126729249954224,0.46910033226013181,0,0
hospital_removal,267,V32P-A001750,0,0.39754096865653993,0.39876247048377989,0,0
hospital_removal,268,V32P-A001751,0,0.32484565377235414,0.3366421699523926,0,0
hospital_removal,269,V32P-A001752,0,0.15328875035047532,0.1539725199341774,0,0
hospital_removal,270,V32P-A001759,0,0.2762769550085068,0.28497010171413423,0,0
hospital_removal,271,V32P-A001760,0,0.29018560945987704,0.29211725294589996,0,0
hospital_removal,272,V32P-A001761,0,0.27551851570606234,0.27658276855945585,0,0
hospital_removal,273,V32P-A001762,0,0.22634280920028688,0.23048532605171204,0,0
hospital_removal,274,V32P-A001763,0,0.17850461155176162,0.18240508586168289,0,0
hospital_removal,275,V32P-A001764,0,0.078984338790178299,0.086708939820528033,0,0
hospital_removal,276,V32P-A001885,0,0.50876307487487793,0.5112167954444885,0,0
hospital_removal,277,V32P-A001886,0,0.64764503240585325,0.64354242086410518,1,1
hospital_removal,278,V32P-A001887,0,0.60235153436660771,0.59792593717575071,0,0
hospital_removal,279,V32P-A001888,0,0.42501457333564757,0.42404276132583618,0,0
hospital_removal,280,V32P-A001889,1,0.28659965693950651,0.28647666275501249,0,0
hospital_removal,281,V32P-A001890,0,0.024457702971994878,0.026026994548738004,0,0
hospital_removal,282,V32P-A001909,0,0.78875169754028318,0.78420157432556148,1,1
hospital_removal,283,V32P-A001910,0,0.70179585218429563,0.70457441806793208,1,1
hospital_removal,284,V32P-A001911,0,0.62505322694778442,0.62567615509033203,1,1
hospital_removal,285,V32P-A001912,0,0.65379328727722164,0.64808042049407955,1,1
hospital_removal,286,V32P-A001913,0,0.59968920946121218,0.59694784879684448,0,0
hospital_removal,287,V32P-A001914,0,0.30355674326419829,0.31335147619247439,0,0
hospital_removal,288,V32P-A001915,0,0.52819711565971372,0.55794246196746822,0,0
hospital_removal,289,V32P-A001916,0,0.50858445167541499,0.53530380725860593,0,0
hospital_removal,290,V32P-A001917,0,0.49133318066596987,0.51051365137100224,0,0
hospital_removal,291,V32P-A001918,0,0.42745886445045472,0.44315863251686094,0,0
hospital_removal,292,V32P-A001919,0,0.34820740818977358,0.35848034024238584,0,0
hospital_removal,293,V32P-A001920,0,0.15457552224397658,0.16014757305383681,0,0
hospital_removal,294,V32P-A001945,0,0.80202749967575071,0.80197247266769411,1,1
hospital_removal,295,V32P-A001946,0,0.65383772850036626,0.66536383628845219,1,1
hospital_removal,296,V32P-A001947,0,0.77293363809585569,0.77698656320571902,1,1
hospital_removal,297,V32P-A001948,0,0.59883773326873779,0.6126176118850708,0,0
hospital_removal,298,V32P-A001949,0,0.55663342475891109,0.56860406398773189,0,0
hospital_removal,299,V32P-A001950,0,0.32514527440071106,0.33667555451393127,0,0
hospital_removal,300,V32P-A002041,0,0.35087300539016725,0.35142384767532348,0,0
hospital_removal,301,V32P-A002042,0,0.28666165173053743,0.29714198410511017,0,0
hospital_removal,302,V32P-A002043,0,0.27837767004966735,0.27618184685707092,0,0
hospital_removal,303,V32P-A002044,0,0.22169157266616821,0.21922646760940551,0,0
hospital_removal,304,V32P-A002045,0,0.16426690518856049,0.16273607015609742,0,0
hospital_removal,305,V32P-A002046,0,0.070127583295106891,0.071178790181875229,0,0
hospital_removal,306,V32P-A002089,0,0.7538784265518188,0.75907843112945561,1,1
hospital_removal,307,V32P-A002090,0,0.6010792016983032,0.61463326215744019,0,0
hospital_removal,308,V32P-A002091,0,0.5268149852752686,0.5335410356521606,0,0
hospital_removal,309,V32P-A002092,0,0.48241212368011477,0.48732604384422301,0,0
hospital_removal,310,V32P-A002093,0,0.49181069135665895,0.4937811315059662,0,0
hospital_removal,311,V32P-A002094,0,0.23877271115779877,0.23681970238685607,0,0
hospital_removal,312,V32P-A002095,0,0.47555451989173891,0.46184452176094054,0,0
hospital_removal,313,V32P-A002096,0,0.4346650719642639,0.42227447032928467,0,0
hospital_removal,314,V32P-A002097,0,0.40176988840103151,0.3868593215942383,0,0
hospital_removal,315,V32P-A002098,0,0.33608816266059877,0.32267737090587617,0,0
hospital_removal,316,V32P-A002099,0,0.27114332020282744,0.26102327108383178,0,0
hospital_removal,317,V32P-A002100,0,0.12980465590953827,0.12832084149122239,0,0
hospital_removal,318,V32P-A002113,1,0.75138243436813357,0.73763777017593379,1,1
hospital_removal,319,V32P-A002114,1,0.66047033071517947,0.65510901212692263,1,1
hospital_removal,320,V32P-A002115,0,0.19736829549074172,0.20043873637914658,0,0
hospital_removal,321,V32P-A002116,0,0.18838281333446502,0.19181835055351257,0,0
hospital_removal,322,V32P-A002117,0,0.10778202265501022,0.11116838902235031,0,0
hospital_removal,323,V32P-A002118,0,0.045776675641536715,0.047860247269272807,0,0
hospital_removal,324,V32P-A002131,0,0.4307952642440796,0.45976003408432009,0,0
hospital_removal,325,V32P-A002132,0,0.45697892308235166,0.48191850781440737,0,0
hospital_removal,326,V32P-A002133,0,0.39782399535179136,0.42078836560249328,0,0
hospital_removal,327,V32P-A002134,0,0.38216650485992432,0.39789267182350158,0,0
hospital_removal,328,V32P-A002135,1,0.32543457448482516,0.33994530737400053,0,0
hospital_removal,329,V32P-A002136,0,0.03554114606231451,0.038238483853638171,0,0
hospital_removal,330,V32P-A002221,0,0.52676931023597717,0.52108458876609798,0,0
hospital_removal,331,V32P-A002222,0,0.48538171052932738,0.48180758953094482,0,0
hospital_removal,332,V32P-A002223,0,0.45122172236442565,0.44637034535408021,0,0
hospital_removal,333,V32P-A002224,0,0.39402357339859007,0.3855506658554077,0,0
hospital_removal,334,V32P-A002225,0,0.33487522006034853,0.32234525084495547,0,0
hospital_removal,335,V32P-A002226,0,0.17504103183746339,0.16760678589344025,0,0
hospital_removal,336,V32P-A002239,0,0.60499740242958067,0.62367665171623232,0,1
hospital_removal,337,V32P-A002240,0,0.59491686820983891,0.60221761465072632,0,0
hospital_removal,338,V32P-A002241,0,0.56305072307586668,0.56498833894729616,0,0
hospital_removal,339,V32P-A002242,0,0.44070341587066653,0.43656179904937742,0,0
hospital_removal,340,V32P-A002243,0,0.34853374361991885,0.34442057609558108,0,0
hospital_removal,341,V32P-A002244,0,0.13869649916887283,0.14132712334394454,0,0
hospital_removal,342,V32P-A002281,0,0.62105449438095095,0.63677886724472044,1,1
hospital_removal,343,V32P-A002282,0,0.57051689624786373,0.58697681427001958,0,0
hospital_removal,344,V32P-A002283,0,0.51917032599449153,0.53554705977439876,0,0
hospital_removal,345,V32P-A002284,1,0.50232352614402775,0.51518339514732359,0,0
hospital_removal,346,V32P-A002285,0,0.061914823949337006,0.070342370867729181,0,0
hospital_removal,347,V32P-A002286,0,0.026340806111693382,0.029647909104824066,0,0
hospital_removal,348,V32P-A002299,0,0.84537013769149782,0.85183979272842403,1,1
hospital_removal,349,V32P-A002300,0,0.75937423706054685,0.78244812488555904,1,1
hospital_removal,350,V32P-A002301,0,0.66409212350845337,0.7066851139068604,1,1
hospital_removal,351,V32P-A002302,0,0.59161964058876038,0.63270555734634404,0,1
hospital_removal,352,V32P-A002303,0,0.52822929024696352,0.56635374426841734,0,0
hospital_removal,353,V32P-A002304,0,0.054809764400124548,0.058032147586345673,0,0
hospital_removal,354,V32P-A002305,1,0.68663898706436155,0.68350473642349241,1,1
hospital_removal,355,V32P-A002306,1,0.55833987593650813,0.55780645012855534,0,0
hospital_removal,356,V32P-A002307,1,0.49422833919525144,0.49446605443954467,0,0
hospital_removal,357,V32P-A002308,0,0.10016762614250183,0.10122307240962983,0,0
hospital_removal,358,V32P-A002309,0,0.062687861174345022,0.063372322916984553,0,0
hospital_removal,359,V32P-A002310,0,0.025446337275207044,0.026269158534705638,0,0
hospital_removal,360,V32P-A002317,0,0.78378194570541382,0.78626611232757571,1,1
hospital_removal,361,V32P-A002318,0,0.67961285114288328,0.6873939037322998,1,1
hospital_removal,362,V32P-A002319,0,0.63209671974182124,0.63983414173126218,1,1
hospital_removal,363,V32P-A002320,0,0.76285878419876096,0.76011202335357664,1,1
hospital_removal,364,V32P-A002321,0,0.60327526926994324,0.6103492736816406,0,0
hospital_removal,365,V32P-A002322,0,0.056452025100588797,0.058817313238978389,0,0
hospital_removal,366,V32P-A002335,0,0.61560633182525637,0.61506084203720091,0,0
hospital_removal,367,V32P-A002336,0,0.56105680465698238,0.55028752088546751,0,0
hospital_removal,368,V32P-A002337,0,0.5094445586204529,0.495228111743927,0,0
hospital_removal,369,V32P-A002338,0,0.44907274246215823,0.4367351233959198,0,0
hospital_removal,370,V32P-A002339,0,0.33887410163879395,0.333258593082428,0,0
hospital_removal,371,V32P-A002340,0,0.14056159406900406,0.14239491820335387,0,0
hospital_removal,372,V32P-A002359,1,0.71452144384384153,0.69941309690475462,1,1
hospital_removal,373,V32P-A002360,1,0.65448534488677979,0.64417726993560787,1,1
hospital_removal,374,V32P-A002361,1,0.70538777112960815,0.69661408662796021,1,1
hospital_removal,375,V32P-A002362,0,0.10047744512557984,0.10251242518424988,0,0
hospital_removal,376,V32P-A002363,0,0.074197410047054296,0.076107514649629587,0,0
hospital_removal,377,V32P-A002364,0,0.032653446123003957,0.033946904540061953,0,0
hospital_removal,378,V32P-A002395,0,0.63599197864532475,0.63790137767791744,1,1
hospital_removal,379,V32P-A002396,0,0.5942093074321747,0.59002653956413265,0,0
hospital_removal,380,V32P-A002397,0,0.55273095369338987,0.54324678778648372,0,0
hospital_removal,381,V32P-A002398,0,0.48678773045539858,0.47811003327369689,0,0
hospital_removal,382,V32P-A002399,0,0.40594059228897095,0.39693400263786316,0,0
hospital_removal,383,V32P-A002400,0,0.19518902003765107,0.19145291447639465,0,0
hospital_removal,384,V32P-A002503,0,0.65966423749923708,0.65954033136367796,1,1
hospital_removal,385,V32P-A002504,0,0.67726495265960696,0.6784743070602417,1,1
hospital_removal,386,V32P-A002505,0,0.68841135501861572,0.69033154249191286,1,1
hospital_removal,387,V32P-A002506,0,0.6757300972938538,0.67735311985015867,1,1
hospital_removal,388,V32P-A002507,0,0.63288736343383789,0.6368872284889221,1,1
hospital_removal,389,V32P-A002508,0,0.39524534344673157,0.40606538057327268,0,0
hospital_removal,390,V32P-A002545,1,0.84846142530441282,0.85449419021606443,1,1
hospital_removal,391,V32P-A002546,1,0.7857110261917114,0.80058332681655886,1,1
hospital_removal,392,V32P-A002547,1,0.63901140689849856,0.6569831371307373,1,1
hospital_removal,393,V32P-A002548,0,0.16857483685016633,0.18633631765842437,0,0
hospital_removal,394,V32P-A002549,0,0.15363970398902893,0.1693049743771553,0,0
hospital_removal,395,V32P-A002550,0,0.058286233618855474,0.06165376007556915,0,0
hospital_removal,396,V32P-A002593,0,0.6424564480781555,0.64954689741134641,1,1
hospital_removal,397,V32P-A002594,0,0.59227272868156433,0.59985315203666689,0,0
hospital_removal,398,V32P-A002595,0,0.58205244541168211,0.5854833722114563,0,0
hospital_removal,399,V32P-A002596,0,0.53116528391838069,0.53198915123939516,0,0
hospital_removal,400,V32P-A002597,0,0.45581530928611758,0.45551578402519227,0,0
hospital_removal,401,V32P-A002598,0,0.24808037877082825,0.24634381532669067,0,0
hospital_removal,402,V32P-A002629,1,0.74763966798782344,0.77899682521820068,1,1
hospital_removal,403,V32P-A002630,1,0.74523537158966069,0.76765645742416377,1,1
hospital_removal,404,V32P-A002631,1,0.71342487335205074,0.72800127267837522,1,1
hospital_removal,405,V32P-A002632,0,0.16616197377443315,0.17239893674850465,0,0
hospital_removal,406,V32P-A002633,0,0.11151251494884491,0.11434955298900604,0,0
hospital_removal,407,V32P-A002634,0,0.045028676092624662,0.046578380092978475,0,0
hospital_removal,408,V32P-A002635,0,0.73075600862503054,0.7387804388999939,1,1
hospital_removal,409,V32P-A002636,0,0.63450483083724973,0.63830643892288208,1,1
hospital_removal,410,V32P-A002637,0,0.58377200961112974,0.58527428507804868,0,0
hospital_removal,411,V32P-A002638,0,0.54189221858978276,0.54509481191635134,0,0
hospital_removal,412,V32P-A002639,0,0.46062944531440736,0.46507714986801146,0,0
hospital_removal,413,V32P-A002640,0,0.23032639920711517,0.23499996960163116,0,0
hospital_removal,414,V32P-A002695,0,0.5434399485588074,0.54918481707572941,0,0
hospital_removal,415,V32P-A002696,0,0.55769235491752622,0.55921768546104433,0,0
hospital_removal,416,V32P-A002697,0,0.53451336026191709,0.53005897402763369,0,0
hospital_removal,417,V32P-A002698,0,0.46984500288963316,0.46044564843177793,0,0
hospital_removal,418,V32P-A002699,0,0.38309596180915834,0.37300953865051267,0,0
hospital_removal,419,V32P-A002700,0,0.16244138479232789,0.16075365245342255,0,0
hospital_removal,420,V32P-A002767,0,0.61679944992065427,0.63470356464385991,0,1
hospital_removal,421,V32P-A002768,0,0.58887610435485838,0.60111095905303957,0,0
hospital_removal,422,V32P-A002769,0,0.52474489212036135,0.53102025985717771,0,0
hospital_removal,423,V32P-A002770,0,0.45018216967582703,0.44872278571128843,0,0
hospital_removal,424,V32P-A002771,0,0.37199935615062713,0.36947565972805024,0,0
hospital_removal,425,V32P-A002772,0,0.16479447782039641,0.16680182814598082,0,0
hospital_removal,426,V32P-A002839,0,0.67889959812164302,0.67911046743392944,1,1
hospital_removal,427,V32P-A002840,0,0.61450333595275874,0.60504093170166018,0,0
hospital_removal,428,V32P-A002841,0,0.55645661950111391,0.53662420511245723,0,0
hospital_removal,429,V32P-A002842,0,0.43794990777969361,0.41225057244300845,0,0
hospital_removal,430,V32P-A002843,0,0.35328862369060515,0.33225025236606598,0,0
hospital_removal,431,V32P-A002844,0,0.16530764400959014,0.16091398298740386,0,0
hospital_removal,432,V32P-A002863,0,0.46319455504417417,0.49187890291213987,0,0
hospital_removal,433,V32P-A002864,0,0.53127505183219914,0.54910158514976504,0,0
hospital_removal,434,V32P-A002865,0,0.54132310152053831,0.55444586277008057,0,0
hospital_removal,435,V32P-A002866,1,0.48141298294067381,0.49655163884162901,0,0
hospital_removal,436,V32P-A002867,0,0.08291566781699658,0.088819568231701854,0,0
hospital_removal,437,V32P-A002868,0,0.041826916113495829,0.044816045090556145,0,0
hospital_removal,438,V32P-A002881,0,0.67885053157806396,0.68901059627532957,1,1
hospital_removal,439,V32P-A002882,0,0.52507655620574956,0.53904507160186765,0,0
hospital_removal,440,V32P-A002883,0,0.47063360810279847,0.47084403634071348,0,0
hospital_removal,441,V32P-A002884,0,0.4854184091091156,0.48188633322715757,0,0
hospital_removal,442,V32P-A002885,0,0.33585158884525301,0.3368374675512314,0,0
hospital_removal,443,V32P-A002886,0,0.14032359123229982,0.14203841388225555,0,0
hospital_removal,444,V32P-A003085,1,0.81307888031005859,0.81945393085479734,1,1
hospital_removal,445,V32P-A003086,1,0.72050174474716189,0.73970249891281126,1,1
hospital_removal,446,V32P-A003087,0,0.2022305741906166,0.21435612440109253,0,0
hospital_removal,447,V32P-A003088,0,0.22813720405101776,0.23636320233345032,0,0
hospital_removal,448,V32P-A003089,0,0.13413992002606392,0.14061482697725297,0,0
hospital_removal,449,V32P-A003090,0,0.055559368804097176,0.057323937863111497,0,0
hospital_removal,450,V32P-A003103,0,0.42524473667144774,0.45754022002220152,0,0
hospital_removal,451,V32P-A003104,0,0.42726510763168335,0.44940860271453859,0,0
hospital_removal,452,V32P-A003105,0,0.41094428896903989,0.4238877773284912,0,0
hospital_removal,453,V32P-A003106,0,0.33656976222991941,0.34251989722251891,0,0
hospital_removal,454,V32P-A003107,0,0.2560335099697113,0.25889459848403928,0,0
hospital_removal,455,V32P-A003108,0,0.12305648177862168,0.12242914885282516,0,0
hospital_removal,456,V32P-A003235,0,0.45924503803253175,0.47706265449523927,0,0
hospital_removal,457,V32P-A003236,0,0.47377946972846985,0.48537009358406069,0,0
hospital_removal,458,V32P-A003237,0,0.44179118275642393,0.45096513628959656,0,0
hospital_removal,459,V32P-A003238,0,0.36087094545364379,0.36820431947708132,0,0
hospital_removal,460,V32P-A003239,0,0.28259305953979491,0.28925973773002622,0,0
hospital_removal,461,V32P-A003240,0,0.12273155152797699,0.12687747776508332,0,0
hospital_removal,462,V32P-A003331,0,0.60593992471694946,0.58707529306411743,0,0
hospital_removal,463,V32P-A003332,0,0.44583804011344907,0.42011440396308897,0,0
hospital_removal,464,V32P-A003333,0,0.3664462625980377,0.34354839920997621,0,0
hospital_removal,465,V32P-A003334,0,0.37134562134742738,0.35207574367523192,0,0
hospital_removal,466,V32P-A003335,0,0.2527746081352234,0.24063976407051085,0,0
hospital_removal,467,V32P-A003336,0,0.13404810801148415,0.13191820159554482,0,0
hospital_removal,468,V32P-A003343,0,0.86697126626968379,0.87144049406051638,1,1
hospital_removal,469,V32P-A003344,0,0.7739355802536011,0.78979153633117671,1,1
hospital_removal,470,V32P-A003345,0,0.86719570159912107,0.87083214521408081,1,1
hospital_removal,471,V32P-A003346,0,0.72205171585083006,0.74131611585617063,1,1
hospital_removal,472,V32P-A003347,0,0.6234073162078857,0.64275060892105107,1,1
hospital_removal,473,V32P-A003348,0,0.085226745158433911,0.08928778357803821,0,0
hospital_removal,474,V32P-A003481,0,0.64216934442520146,0.66596888303756718,1,1
hospital_removal,475,V32P-A003482,0,0.53609111309051516,0.549740606546402,0,0
hospital_removal,476,V32P-A003483,0,0.50787081122398381,0.51619142889976499,0,0
hospital_removal,477,V32P-A003484,0,0.46074958443641661,0.46490408778190612,0,0
hospital_removal,478,V32P-A003485,0,0.36636552214622498,0.36845741271972654,0,0
hospital_removal,479,V32P-A003486,0,0.16233581304550171,0.16387351900339125,0,0
hospital_removal,480,V32P-A003493,0,0.51343076825141909,0.51752750277519222,0,0
hospital_removal,481,V32P-A003494,0,0.46385242342948912,0.46556910872459412,0,0
hospital_removal,482,V32P-A003495,0,0.43628448843955991,0.43175403475761415,0,0
hospital_removal,483,V32P-A003496,0,0.35692437291145324,0.34346051812171935,0,0
hospital_removal,484,V32P-A003497,0,0.27447039186954497,0.26171686351299284,0,0
hospital_removal,485,V32P-A003498,0,0.11611251384019852,0.11554175019264221,0,0
hospital_removal,486,V32P-A003517,1,0.65974122881889341,0.68009105920791624,1,1
hospital_removal,487,V32P-A003518,1,0.5273833215236664,0.53531469702720647,0,0
hospital_removal,488,V32P-A003519,1,0.42358146905899047,0.42323696017265322,0,0
hospital_removal,489,V32P-A003520,0,0.086227626353502271,0.08817271217703819,0,0
hospital_removal,490,V32P-A003521,0,0.066987866163253779,0.068704255670309064,0,0
hospital_removal,491,V32P-A003522,0,0.034056660532951352,0.035338371247053149,0,0
hospital_removal,492,V32P-A003595,0,0.48473453521728516,0.47398906350135805,0,0
hospital_removal,493,V32P-A003596,0,0.35897662043571471,0.36099090576171877,0,0
hospital_removal,494,V32P-A003597,0,0.36240315437316895,0.35455183386802674,0,0
hospital_removal,495,V32P-A003598,0,0.28437066674232481,0.27945484519004821,0,0
hospital_removal,496,V32P-A003599,0,0.22044235169887544,0.21803567111492156,0,0
hospital_removal,497,V32P-A003600,0,0.098827394843101504,0.10015098601579667,0,0
hospital_removal,498,V32P-A003715,1,0.69232428073883057,0.68062672615051267,1,1
hospital_removal,499,V32P-A003716,1,0.57508788108825681,0.59007796049118044,0,0
hospital_removal,500,V32P-A003717,1,0.57713379859924319,0.57053859233856197,0,0
hospital_removal,501,V32P-A003718,0,0.10119681432843208,0.10883575156331063,0,0
hospital_removal,502,V32P-A003719,0,0.076168958097696304,0.082568271458148962,0,0
hospital_removal,503,V32P-A003720,0,0.033730574324727057,0.037115106731653212,0,0
hospital_removal,504,V32P-A003829,0,0.6872696161270142,0.68644483089447017,1,1
hospital_removal,505,V32P-A003830,0,0.6367157459259033,0.63617177009582515,1,1
hospital_removal,506,V32P-A003831,0,0.60239005088806152,0.59681158065795903,0,0
hospital_removal,507,V32P-A003832,0,0.54905040860176091,0.53969854712486265,0,0
hospital_removal,508,V32P-A003833,1,0.45706472992897035,0.44707978367805479,0,0
hospital_removal,509,V32P-A003834,0,0.039752076379954815,0.040476541407406329,0,0
hospital_removal,510,V32P-A003955,0,0.68708188533782955,0.69297931194305418,1,1
hospital_removal,511,V32P-A003956,0,0.62313346862792973,0.63215944766998289,1,1
hospital_removal,512,V32P-A003957,0,0.61585166454315188,0.61605482101440434,0,0
hospital_removal,513,V32P-A003958,0,0.54078883528709409,0.53599497675895691,0,0
hospital_removal,514,V32P-A003959,0,0.45895794034004211,0.45179049372673036,0,0
hospital_removal,515,V32P-A003960,0,0.21867585480213164,0.21986595690250396,0,0
hospital_removal,516,V32P-A003973,0,0.57979364395141597,0.58948156833648679,0,0
hospital_removal,517,V32P-A003974,0,0.49076035022735598,0.49464596509933473,0,0
hospital_removal,518,V32P-A003975,0,0.4067437410354614,0.40044882297515871,0,0
hospital_removal,519,V32P-A003976,0,0.3388896048069,0.33068885803222658,0,0
hospital_removal,520,V32P-A003977,0,0.25331895053386688,0.248135107755661,0,0
hospital_removal,521,V32P-A003978,0,0.10682712644338607,0.10841437429189682,0,0
hospital_removal,522,V32P-A003997,1,0.6744291424751282,0.65715557336807251,1,1
hospital_removal,523,V32P-A003998,1,0.59121161699295044,0.57661846280097961,0,0
hospital_removal,524,V32P-A003999,1,0.54305953383445738,0.53077704906463619,0,0
hospital_removal,525,V32P-A004000,0,0.11478438302874565,0.11939074173569679,0,0
hospital_removal,526,V32P-A004001,0,0.092037996649742132,0.096746372431516653,0,0
hospital_removal,527,V32P-A004002,0,0.038370490074157715,0.040509713441133501,0,0
hospital_removal,528,V32P-A004033,0,0.63572504520416262,0.65717660188674931,1,1
hospital_removal,529,V32P-A004034,0,0.59897784590721126,0.6251557052135468,0,1
hospital_removal,530,V32P-A004035,0,0.60582227706909175,0.63137784004211428,0,1
hospital_removal,531,V32P-A004036,0,0.56576725840568542,0.59250286221504211,0,0
hospital_removal,532,V32P-A004037,0,0.49857596755027772,0.53420340418815615,0,0
hospital_removal,533,V32P-A004038,0,0.28976783156394958,0.32958734035491943,0,0
hospital_removal,534,V32P-A004081,0,0.8014773845672607,0.7972661972045898,1,1
hospital_removal,535,V32P-A004082,0,0.66273801922798159,0.67765581011772158,1,1
hospital_removal,536,V32P-A004083,0,0.7270408987998962,0.74143315553665157,1,1
hospital_removal,537,V32P-A004084,1,0.59673239588737492,0.62116964459419255,0,1
hospital_removal,538,V32P-A004085,0,0.13859252557158469,0.15099077597260474,0,0
hospital_removal,539,V32P-A004086,0,0.077763809822499752,0.081357773765921598,0,0
hospital_removal,540,V32P-A004183,0,0.5505460381507874,0.54665604829788206,0,0
hospital_removal,541,V32P-A004184,0,0.46298558115959165,0.46039943099021913,0,0
hospital_removal,542,V32P-A004185,0,0.51280044913291933,0.50470481514930721,0,0
hospital_removal,543,V32P-A004186,0,0.4607664108276367,0.44958242177963259,0,0
hospital_removal,544,V32P-A004187,0,0.39197340607643127,0.3787896752357483,0,0
hospital_removal,545,V32P-A004188,0,0.1857164204120636,0.1828730136156082,0,0
hospital_removal,546,V32P-A004255,0,0.71356791257858276,0.72098507881164553,1,1
hospital_removal,547,V32P-A004256,0,0.60541421175003052,0.61289627552032466,0,0
hospital_removal,548,V32P-A004257,0,0.55794013142585752,0.56570519804954533,0,0
hospital_removal,549,V32P-A004258,0,0.54836446642875669,0.55241122841835022,0,0
hospital_removal,550,V32P-A004259,0,0.40392663478851321,0.41018401384353637,0,0
hospital_removal,551,V32P-A004260,0,0.20511039197444916,0.20845506191253663,0,0
hospital_removal,552,V32P-A004273,0,0.3650639235973358,0.36010710000991819,0,0
hospital_removal,553,V32P-A004274,0,0.41983596086502073,0.4131195366382599,0,0
hospital_removal,554,V32P-A004275,0,0.38603156805038452,0.37813830375671387,0,0
hospital_removal,555,V32P-A004276,0,0.31081169843673706,0.30585132241249086,0,0
hospital_removal,556,V32P-A004277,0,0.24703549742698669,0.24254691898822783,0,0
hospital_removal,557,V32P-A004278,0,0.12307512164115905,0.12271686792373657,0,0
hospital_removal,558,V32P-A004291,0,0.52843509912490849,0.54790458679199217,0,0
hospital_removal,559,V32P-A004292,0,0.53918489813804626,0.55013664364814763,0,0
hospital_removal,560,V32P-A004293,0,0.45979651808738708,0.4610573947429657,0,0
hospital_removal,561,V32P-A004294,0,0.45082569122314453,0.4504605233669281,0,0
hospital_removal,562,V32P-A004295,0,0.33338308930397031,0.33572692871093751,0,0
hospital_removal,563,V32P-A004296,0,0.12304139733314515,0.12614597231149674,0,0
hospital_removal,564,V32P-A004399,0,0.5901263952255249,0.59176203012466433,0,0
hospital_removal,565,V32P-A004400,0,0.62088435888290405,0.61819784641265874,1,0
hospital_removal,566,V32P-A004401,0,0.62515304088592527,0.61914368867874148,1,0
hospital_removal,567,V32P-A004402,0,0.59508904218673708,0.58661526441574097,0,0
hospital_removal,568,V32P-A004403,0,0.5337677001953125,0.52430130243301387,0,0
hospital_removal,569,V32P-A004404,0,0.28062652349472045,0.27354237139225007,0,0
hospital_removal,570,V32P-A004411,1,0.65296069383621214,0.65254657268524174,1,1
hospital_removal,571,V32P-A004412,1,0.46048163175582885,0.47356306314468383,0,0
hospital_removal,572,V32P-A004413,1,0.40577516555786131,0.4187366724014282,0,0
hospital_removal,573,V32P-A004414,0,0.073457914590835574,0.080327070504426959,0,0
hospital_removal,574,V32P-A004415,0,0.05202411487698555,0.055817703157663344,0,0
hospital_removal,575,V32P-A004416,0,0.024593005329370497,0.026199064031243325,0,0
hospital_removal,576,V32P-A004423,0,0.6046026349067688,0.59035514593124394,0,0
hospital_removal,577,V32P-A004424,0,0.39081877470016479,0.38057969212532045,0,0
hospital_removal,578,V32P-A004425,0,0.49518492817878723,0.48250995278358461,0,0
hospital_removal,579,V32P-A004426,0,0.40935410857200621,0.39433553814888,0,0
hospital_removal,580,V32P-A004427,0,0.34781164228916167,0.33422040641307832,0,0
hospital_removal,581,V32P-A004428,0,0.16938612163066863,0.1714631736278534,0,0
hospital_removal,582,V32P-A004453,0,0.64451253414154053,0.66849930286407466,1,1
hospital_removal,583,V32P-A004454,0,0.59876272082328796,0.62786080241203313,0,1
hospital_removal,584,V32P-A004455,0,0.61469471454620361,0.63267740011215212,0,1
hospital_removal,585,V32P-A004456,0,0.62691255807876589,0.64050600528717039,1,1
hospital_removal,586,V32P-A004457,0,0.57059025764465332,0.58310724496841426,0,0
hospital_removal,587,V32P-A004458,0,0.31057175993919373,0.33574773669242858,0,0
hospital_removal,588,V32P-A004603,0,0.41610045433044435,0.40966348648071288,0,0
hospital_removal,589,V32P-A004604,0,0.41708008646965028,0.40933513045310976,0,0
hospital_removal,590,V32P-A004605,0,0.37381912469863893,0.36501528620719909,0,0
hospital_removal,591,V32P-A004606,0,0.28300248086452484,0.28079303801059724,0,0
hospital_removal,592,V32P-A004607,0,0.23271479904651643,0.23387126624584198,0,0
hospital_removal,593,V32P-A004608,0,0.10902432054281234,0.11200447231531144,0,0
hospital_removal,594,V32P-A004651,0,0.82171810865402217,0.82831674814224243,1,1
hospital_removal,595,V32P-A004652,0,0.82297370433807371,0.82913891077041624,1,1
hospital_removal,596,V32P-A004653,0,0.69605293273925783,0.7004274368286133,1,1
hospital_removal,597,V32P-A004654,0,0.58442367911338811,0.58543720841407776,0,0
hospital_removal,598,V32P-A004655,0,0.51685226559638975,0.51516386866569519,0,0
hospital_removal,599,V32P-A004656,0,0.041608534939587119,0.044574327953159812,0,0
hospital_removal,600,V32P-A004663,0,0.67315328121185303,0.67880394458770754,1,1
hospital_removal,601,V32P-A004664,0,0.68434249162673955,0.68753504753112793,1,1
hospital_removal,602,V32P-A004665,0,0.68874402046203609,0.68932993412017818,1,1
hospital_removal,603,V32P-A004666,0,0.5946403443813324,0.60090808868408208,0,0
hospital_removal,604,V32P-A004667,0,0.49162330627441408,0.49923908710479736,0,0
hospital_removal,605,V32P-A004668,0,0.24718156456947327,0.2508997768163681,0,0
hospital_removal,606,V32P-A004675,1,0.58310450315475459,0.58794814348220825,0,0
hospital_removal,607,V32P-A004676,1,0.54257112145423891,0.54522119164466853,0,0
hospital_removal,608,V32P-A004677,0,0.11760756522417068,0.1177997425198555,0,0
hospital_removal,609,V32P-A004678,0,0.088131216168403623,0.088431574404239655,0,0
hospital_removal,610,V32P-A004679,0,0.065986808389425278,0.066896451264619822,0,0
hospital_removal,611,V32P-A004680,0,0.027328023687005043,0.028342651203274727,0,0
hospital_removal,612,V32P-A004717,0,0.61544169783592229,0.6184203445911407,0,0
hospital_removal,613,V32P-A004718,0,0.48013238310813905,0.49842758774757384,0,0
hospital_removal,614,V32P-A004719,0,0.49795092940330504,0.51204486489295964,0,0
hospital_removal,615,V32P-A004720,1,0.46679383516311646,0.48171399831771849,0,0
hospital_removal,616,V32P-A004721,0,0.071166165918111798,0.079513701051473623,0,0
hospital_removal,617,V32P-A004722,0,0.031079561356455086,0.035204382333904508,0,0
hospital_removal,618,V32P-A004729,0,0.78286994695663448,0.7888095021247864,1,1
hospital_removal,619,V32P-A004730,0,0.75311188697814946,0.76307830810546873,1,1
hospital_removal,620,V32P-A004731,0,0.61710451841354375,0.63954137563705449,0,1
hospital_removal,621,V32P-A004732,0,0.55349895954132078,0.57488758563995357,0,0
hospital_removal,622,V32P-A004733,0,0.46634966135025024,0.4832293212413788,0,0
hospital_removal,623,V32P-A004734,0,0.044507659645751117,0.047636146144941452,0,0
hospital_removal,624,V32P-A004789,0,0.72628573179244993,0.71752762794494629,1,1
hospital_removal,625,V32P-A004790,0,0.51340562105178833,0.51969819068908696,0,0
hospital_removal,626,V32P-A004791,0,0.51554477214813232,0.52259610891342168,0,0
hospital_removal,627,V32P-A004792,0,0.3907733976840973,0.38663282990455627,0,0
hospital_removal,628,V32P-A004793,0,0.31816563010215759,0.31292011737823489,0,0
hospital_removal,629,V32P-A004794,0,0.14655943512916564,0.14586947262287139,0,0
hospital_removal,630,V32P-A004855,1,0.55974639654159541,0.56818363666534422,0,0
hospital_removal,631,V32P-A004856,1,0.57847096323966984,0.58583510518074033,0,0
hospital_removal,632,V32P-A004857,1,0.59204503297805788,0.59619030952453611,0,0
hospital_removal,633,V32P-A004858,0,0.083305617421865458,0.088112974911928182,0,0
hospital_removal,634,V32P-A004859,0,0.064074093103408808,0.067242087423801417,0,0
hospital_removal,635,V32P-A004860,0,0.029693604819476603,0.031195967644453048,0,0
hospital_removal,636,V32P-A004873,0,0.46061945855617525,0.49328787028789522,0,0
hospital_removal,637,V32P-A004874,0,0.45465027987957002,0.48655795753002168,0,0
hospital_removal,638,V32P-A004875,0,0.45744082033634187,0.4917159229516983,0,0
hospital_removal,639,V32P-A004876,0,0.46707176268100736,0.49663204252719878,0,0
hospital_removal,640,V32P-A004877,0,0.43809139132499697,0.46926056742668154,0,0
hospital_removal,641,V32P-A004878,0,0.059964909125119446,0.066187694016844031,0,0
hospital_removal,642,V32P-A004903,0,0.75994869470596316,0.76163786649703979,1,1
hospital_removal,643,V32P-A004904,0,0.69173926115036011,0.6932071805000305,1,1
hospital_removal,644,V32P-A004905,0,0.66932599544525151,0.66417171955108645,1,1
hospital_removal,645,V32P-A004906,0,0.7031948924064636,0.69421917200088501,1,1
hospital_removal,646,V32P-A004907,0,0.68713836669921879,0.67829267978668217,1,1
hospital_removal,647,V32P-A004908,0,0.43839938938617706,0.42590223252773285,0,0
hospital_removal,648,V32P-A004909,0,0.60067182779312134,0.62223212718963627,0,1
hospital_removal,649,V32P-A004910,0,0.52545450329780574,0.54559041857719426,0,0
hospital_removal,650,V32P-A004911,0,0.51731486916542058,0.52624408602714534,0,0
hospital_removal,651,V32P-A004912,1,0.49810734391212463,0.50572295784950261,0,0
hospital_removal,652,V32P-A004913,0,0.060824000090360639,0.063555766642093656,0,0
hospital_removal,653,V32P-A004914,0,0.027738297916948797,0.029102129675447942,0,0
hospital_removal,654,V32P-A004981,0,0.5871687173843384,0.58998624086380003,0,0
hospital_removal,655,V32P-A004982,0,0.50173504948616032,0.50369530320167544,0,0
hospital_removal,656,V32P-A004983,0,0.43807432651519773,0.4308224618434906,0,0
hospital_removal,657,V32P-A004984,0,0.34099139571189879,0.33239278793334959,0,0
hospital_removal,658,V32P-A004985,0,0.27492660284042358,0.26930939555168154,0,0
hospital_removal,659,V32P-A004986,0,0.12084110826253891,0.12158534824848174,0,0
hospital_removal,660,V32P-A004987,0,0.52152130007743835,0.52013990879058836,0,0
hospital_removal,661,V32P-A004988,0,0.50424681305885311,0.50008519291877751,0,0
hospital_removal,662,V32P-A004989,0,0.47921745777130126,0.47064802050590515,0,0
hospital_removal,663,V32P-A004990,0,0.42286533117294312,0.41286474466323853,0,0
hospital_removal,664,V32P-A004991,0,0.33840923905372622,0.33093047738075254,0,0
hospital_removal,665,V32P-A004992,0,0.027756417728960515,0.029482375271618365,0,0
hospital_removal,666,V32P-A005077,0,0.5509411096572876,0.56097944974899294,0,0
hospital_removal,667,V32P-A005078,0,0.5246637761592865,0.5278472483158112,0,0
hospital_removal,668,V32P-A005079,0,0.57188169360160823,0.57263943552970886,0,0
hospital_removal,669,V32P-A005080,1,0.50012101531028752,0.50007774233818059,0,0
hospital_removal,670,V32P-A005081,0,0.068417824059724811,0.076355340331792837,0,0
hospital_removal,671,V32P-A005082,0,0.029329540766775609,0.033199469931423663,0,0
hospital_removal,672,V32P-A005113,1,0.74607625007629397,0.73848217725753784,1,1
hospital_removal,673,V32P-A005114,1,0.5947431683540344,0.59577233791351314,0,0
hospital_removal,674,V32P-A005115,0,0.1764993466436863,0.18768816366791724,0,0
hospital_removal,675,V32P-A005116,0,0.074404308944940573,0.078846260160207751,0,0
hospital_removal,676,V32P-A005117,0,0.05846993625164032,0.061917985230684279,0,0
hospital_removal,677,V32P-A005118,0,0.027076157927513122,0.02910444587469101,0,0
hospital_removal,678,V32P-A005119,0,0.7415897130966187,0.74472738504409786,1,1
hospital_removal,679,V32P-A005120,0,0.60379705429077146,0.6022857546806335,0,0
hospital_removal,680,V32P-A005121,0,0.56688612103462221,0.55664005279541018,0,0
hospital_removal,681,V32P-A005122,0,0.4493322014808655,0.44035245776176452,0,0
hospital_removal,682,V32P-A005123,0,0.3783311605453491,0.37251630425453186,0,0
hospital_removal,683,V32P-A005124,0,0.14646408706903458,0.14973656237125396,0,0
hospital_removal,684,V32P-A005131,0,0.53154230713844297,0.53807315230369568,0,0
hospital_removal,685,V32P-A005132,0,0.59224102497100828,0.58896948099136348,0,0
hospital_removal,686,V32P-A005133,0,0.57388007044792178,0.56668029427528377,0,0
hospital_removal,687,V32P-A005134,0,0.50446299910545345,0.4950647711753845,0,0
hospital_removal,688,V32P-A005135,0,0.4225057899951935,0.41263878941535947,0,0
hospital_removal,689,V32P-A005136,0,0.20674215108156205,0.20415398031473159,0,0
hospital_removal,690,V32P-A005149,0,0.3914131224155426,0.39966849088668821,0,0
hospital_removal,691,V32P-A005150,0,0.44229778051376345,0.44455835819244383,0,0
hospital_removal,692,V32P-A005151,0,0.41357116103172303,0.41318000555038453,0,0
hospital_removal,693,V32P-A005152,0,0.34932923316955566,0.34823185205459595,0,0
hospital_removal,694,V32P-A005153,0,0.28366931080818175,0.28284971714019774,0,0
hospital_removal,695,V32P-A005154,0,0.12864830195903779,0.12950879186391831,0,0
hospital_removal,696,V32P-A005197,0,0.74463566541671755,0.73460351228713994,1,1
hospital_removal,697,V32P-A005198,0,0.57163010835647587,0.56456226110458374,0,0
hospital_removal,698,V32P-A005199,0,0.45937215089797973,0.45164623856544495,0,0
hospital_removal,699,V32P-A005200,0,0.40885940790176389,0.40340205430984499,0,0
hospital_removal,700,V32P-A005201,0,0.37821497619152067,0.37336170375347139,0,0
hospital_removal,701,V32P-A005202,0,0.15627314448356627,0.15580734908580779,0,0
hospital_removal,702,V32P-A005209,0,0.72779945135116575,0.73662036657333374,1,1
hospital_removal,703,V32P-A005210,0,0.62663317322731016,0.64661366343498228,1,1
hospital_removal,704,V32P-A005211,0,0.63917710185050969,0.65231209397315981,1,1
hospital_removal,705,V32P-A005212,0,0.6272580206394196,0.63518787026405332,1,1
hospital_removal,706,V32P-A005213,0,0.59634433984756474,0.60684341192245483,0,0
hospital_removal,707,V32P-A005214,0,0.31734414696693419,0.34358612895011903,0,0
hospital_removal,708,V32P-A005257,1,0.859316098690033,0.85969839096069334,1,1
hospital_removal,709,V32P-A005258,1,0.87172366380691524,0.87502837181091309,1,1
hospital_removal,710,V32P-A005259,1,0.74343491792678829,0.74908345937728882,1,1
hospital_removal,711,V32P-A005260,0,0.13281578198075294,0.13899704292416573,0,0
hospital_removal,712,V32P-A005261,0,0.084918529540300366,0.087862674891948697,0,0
hospital_removal,713,V32P-A005262,0,0.038562999479472636,0.039774565584957601,0,0
hospital_removal,714,V32P-A005299,0,0.58476166725158696,0.60766780376434326,0,0
hospital_removal,715,V32P-A005300,0,0.57659859657287593,0.59640530347824094,0,0
hospital_removal,716,V32P-A005301,0,0.53649135231971745,0.55460653901100154,0,0
hospital_removal,717,V32P-A005302,0,0.44947193264961244,0.46707078218460085,0,0
hospital_removal,718,V32P-A005303,0,0.33749153017997741,0.35122166872024535,0,0
hospital_removal,719,V32P-A005304,0,0.13772587776184081,0.14279030859470368,0,0
hospital_removal,720,V32P-A005329,0,0.76973258256912236,0.78117343187332156,1,1
hospital_removal,721,V32P-A005330,0,0.71605505943298342,0.73393172025680542,1,1
hospital_removal,722,V32P-A005331,0,0.67500084638595581,0.69400218725204466,1,1
hospital_removal,723,V32P-A005332,0,0.62396599054336543,0.64438153505325313,1,1
hospital_removal,724,V32P-A005333,1,0.56257669925689702,0.57933365702629092,0,0
hospital_removal,725,V32P-A005334,0,0.055799092724919321,0.060384923592209816,0,0
hospital_removal,726,V32P-A005347,0,0.56923447847366337,0.57623875141143799,0,0
hospital_removal,727,V32P-A005348,0,0.4278779923915863,0.43657832741737368,0,0
hospital_removal,728,V32P-A005349,0,0.34790533781051636,0.35252256393432618,0,0
hospital_removal,729,V32P-A005350,0,0.27751539051532748,0.28552273213863372,0,0
hospital_removal,730,V32P-A005351,0,0.21634633541107179,0.22161769866943359,0,0
hospital_removal,731,V32P-A005352,0,0.097473190724849695,0.098738631606101995,0,0
hospital_removal,732,V32P-A005425,0,0.71743720769882202,0.70377471446990969,1,1
hospital_removal,733,V32P-A005426,0,0.56934701204299931,0.55797320008277895,0,0
hospital_removal,734,V32P-A005427,0,0.58043006658554075,0.56438175439834593,0,0
hospital_removal,735,V32P-A005428,0,0.62004022598266606,0.60317883491516111,1,0
hospital_removal,736,V32P-A005429,0,0.47233827114105226,0.46441094279289247,0,0
hospital_removal,737,V32P-A005430,0,0.23467154502868653,0.23375010192394258,0,0
hospital_removal,738,V32P-A005479,0,0.49722053408622741,0.51349899172782898,0,0
hospital_removal,739,V32P-A005480,0,0.54958381652832033,0.55980315208435061,0,0
hospital_removal,740,V32P-A005481,0,0.55587735772132874,0.56144297719001768,0,0
hospital_removal,741,V32P-A005482,0,0.49766496419906614,0.49737756252288817,0,0
hospital_removal,742,V32P-A005483,0,0.42968046069145205,0.42791174054145814,0,0
hospital_removal,743,V32P-A005484,0,0.22018635272979736,0.21362840831279756,0,0
hospital_removal,744,V32P-A005515,0,0.61271554231643677,0.61567358970642094,0,0
hospital_removal,745,V32P-A005516,0,0.50983744859695435,0.5201080799102783,0,0
hospital_removal,746,V32P-A005517,0,0.43799452781677245,0.4470562279224396,0,0
hospital_removal,747,V32P-A005518,0,0.41993243694305421,0.4232452869415283,0,0
hospital_removal,748,V32P-A005519,0,0.37661240100860593,0.37590646743774414,0,0
hospital_removal,749,V32P-A005520,0,0.1929330348968506,0.20174494981765748,0,0
hospital_removal,750,V32P-A005527,0,0.54076296091079712,0.56920373439788818,0,0
hospital_removal,751,V32P-A005528,0,0.52268826365470888,0.54949281811714168,0,0
hospital_removal,752,V32P-A005529,0,0.43333336114883425,0.45678660273551941,0,0
hospital_removal,753,V32P-A005530,0,0.36293584704399107,0.38400907516479493,0,0
hospital_removal,754,V32P-A005531,0,0.26403898894786837,0.28328112065792083,0,0
hospital_removal,755,V32P-A005532,0,0.10012178122997284,0.11014373153448105,0,0
hospital_removal,756,V32P-A005569,0,0.76782085895538332,0.78795467615127568,1,1
hospital_removal,757,V32P-A005570,0,0.66831055879592893,0.69646737575531004,1,1
hospital_removal,758,V32P-A005571,0,0.6092607200145721,0.63245943188667297,0,1
hospital_removal,759,V32P-A005572,0,0.65552930235862727,0.66968263983726506,1,1
hospital_removal,760,V32P-A005573,0,0.63014666438102718,0.64677677750587459,1,1
hospital_removal,761,V32P-A005574,0,0.40884148776531221,0.4411656051874161,0,0
hospital_removal,762,V32P-A005581,0,0.72902288436889651,0.73869806528091431,1,1
hospital_removal,763,V32P-A005582,0,0.53045666813850401,0.5653599619865417,0,0
hospital_removal,764,V32P-A005583,0,0.44097749590873719,0.47226551175117493,0,0
hospital_removal,765,V32P-A005584,0,0.4009652376174927,0.42357962131500243,0,0
hospital_removal,766,V32P-A005585,0,0.3569230020046234,0.37751488089561464,0,0
hospital_removal,767,V32P-A005586,0,0.21022400707006456,0.22310294061899186,0,0
hospital_removal,768,V32P-A005623,1,0.74383491277694702,0.75625846385955808,1,1
hospital_removal,769,V32P-A005624,1,0.63706446290016172,0.65349311232566831,1,1
hospital_removal,770,V32P-A005625,1,0.57499525547027586,0.58857898712158208,0,0
hospital_removal,771,V32P-A005626,0,0.1151166208088398,0.12836819067597388,0,0
hospital_removal,772,V32P-A005627,0,0.11568612828850747,0.12680675461888313,0,0
hospital_removal,773,V32P-A005628,0,0.036461823992431162,0.039381580241024491,0,0
hospital_removal,774,V32P-A005665,0,0.5213523387908936,0.51418105363845823,0,0
hospital_removal,775,V32P-A005666,0,0.54456975460052492,0.53874049186706541,0,0
hospital_removal,776,V32P-A005667,0,0.57173221111297612,0.56054743528366091,0,0
hospital_removal,777,V32P-A005668,0,0.54473434686660771,0.54064351320266724,0,0
hospital_removal,778,V32P-A005669,0,0.37982206344604491,0.38409267663955687,0,0
hospital_removal,779,V32P-A005670,0,0.15475896000862122,0.1587207943201065,0,0
hospital_removal,780,V32P-A005671,0,0.43618462681770326,0.43265456557273863,0,0
hospital_removal,781,V32P-A005672,0,0.4793765187263489,0.47622789144515992,0,0
hospital_removal,782,V32P-A005673,0,0.45075006484985353,0.44551378488540649,0,0
hospital_removal,783,V32P-A005674,0,0.38449383974075318,0.37800252437591553,0,0
hospital_removal,784,V32P-A005675,0,0.30595101714134215,0.2977242350578308,0,0
hospital_removal,785,V32P-A005676,0,0.1323486864566803,0.12754105329513549,0,0
hospital_removal,786,V32P-A005677,0,0.71883689165115361,0.69780346155166628,1,1
hospital_removal,787,V32P-A005678,0,0.62215887308120732,0.60110002756118774,1,0
hospital_removal,788,V32P-A005679,0,0.54238487482070918,0.53362842798233034,0,0
hospital_removal,789,V32P-A005680,0,0.51987127065658567,0.49890836477279665,0,0
hospital_removal,790,V32P-A005681,0,0.44678251743316649,0.43136425614356994,0,0
hospital_removal,791,V32P-A005682,0,0.21915017366409301,0.21817469894886016,0,0
hospital_removal,792,V32P-A005701,0,0.59691638350486753,0.59955303668975835,0,0
hospital_removal,793,V32P-A005702,0,0.59927141666412354,0.59528851509094238,0,0
hospital_removal,794,V32P-A005703,0,0.55962934494018557,0.5509362518787384,0,0
hospital_removal,795,V32P-A005704,0,0.50734375119209285,0.49508216977119446,0,0
hospital_removal,796,V32P-A005705,0,0.43837751746177672,0.42963330149650575,0,0
hospital_removal,797,V32P-A005706,0,0.033513800986111161,0.035046999715268611,0,0
hospital_removal,798,V32P-A005821,0,0.55640327930450439,0.56013989448547363,0,0
hospital_removal,799,V32P-A005822,0,0.55728144049644468,0.55433675646781921,0,0
hospital_removal,800,V32P-A005823,0,0.5325186550617218,0.52673729658126833,0,0
hospital_removal,801,V32P-A005824,0,0.466228187084198,0.45672907233238219,0,0
hospital_removal,802,V32P-A005825,0,0.38250997960567473,0.37619534134864807,0,0
hospital_removal,803,V32P-A005826,0,0.18018694818019867,0.18080163300037383,0,0
hospital_removal,804,V32P-A005833,0,0.57830440402030947,0.58580754399299617,0,0
hospital_removal,805,V32P-A005834,0,0.50286956429481511,0.50278339982032771,0,0
hospital_removal,806,V32P-A005835,0,0.47267504930496218,0.47249708175659177,0,0
hospital_removal,807,V32P-A005836,0,0.46201003789901735,0.46048956513404848,0,0
hospital_removal,808,V32P-A005837,0,0.4114322543144226,0.40781407356262206,0,0
hospital_removal,809,V32P-A005838,0,0.19583037048578261,0.19445260614156723,0,0
hospital_removal,810,V32P-A005893,0,0.59135563373565669,0.60113817453384399,0,0
hospital_removal,811,V32P-A005894,0,0.57087396383285527,0.57291063070297243,0,0
hospital_removal,812,V32P-A005895,0,0.53584324121475224,0.53294584155082703,0,0
hospital_removal,813,V32P-A005896,0,0.45237261056900024,0.44362962245941162,0,0
hospital_removal,814,V32P-A005897,0,0.36575185656547549,0.35515010356903076,0,0
hospital_removal,815,V32P-A005898,0,0.15891025364398956,0.15595323145389556,0,0
hospital_removal,816,V32P-A005899,0,0.60210787057876591,0.60173612833023071,0,0
hospital_removal,817,V32P-A005900,0,0.54658711552619932,0.54345092773437498,0,0
hospital_removal,818,V32P-A005901,0,0.49669471383094788,0.49445467591285708,0,0
hospital_removal,819,V32P-A005902,0,0.42399872541427613,0.42215180397033691,0,0
hospital_removal,820,V32P-A005903,0,0.37754606008529662,0.37803653478622434,0,0
hospital_removal,821,V32P-A005904,0,0.15333727300167083,0.15709240734577179,0,0
hospital_removal,822,V32P-A005977,0,0.54658021926879885,0.54074013233184814,0,0
hospital_removal,823,V32P-A005978,0,0.42945070862770079,0.42651650309562683,0,0
hospital_removal,824,V32P-A005979,0,0.29689607322216033,0.30173324048519135,0,0
hospital_removal,825,V32P-A005980,0,0.28462328314781188,0.28352417349815368,0,0
hospital_removal,826,V32P-A005981,0,0.21679180860519409,0.21603357791900635,0,0
hospital_removal,827,V32P-A005982,0,0.09164393469691276,0.098247347027063364,0,0
hospital_removal,828,V32P-A006061,0,0.62189925909042354,0.64127795696258549,1,1
hospital_removal,829,V32P-A006062,0,0.61116499900817867,0.62610679864883423,0,1
hospital_removal,830,V32P-A006063,0,0.56610937714576726,0.57709023356437683,0,0
hospital_removal,831,V32P-A006064,0,0.48441924452781676,0.49000526070594785,0,0
hospital_removal,832,V32P-A006065,0,0.39020812213420869,0.39057181775569916,0,0
hospital_removal,833,V32P-A006066,0,0.18334800899028778,0.18501881659030914,0,0
hospital_removal,834,V32P-A006115,0,0.56741639375686648,0.56977533102035527,0,0
hospital_removal,835,V32P-A006116,0,0.60580482482910158,0.60563662052154543,0,0
hospital_removal,836,V32P-A006117,0,0.55817427039146428,0.55891719460487366,0,0
hospital_removal,837,V32P-A006118,0,0.48788185119628907,0.48817746043205262,0,0
hospital_removal,838,V32P-A006119,1,0.39713900685310366,0.40128404498100279,0,0
hospital_removal,839,V32P-A006120,0,0.027231203764677046,0.029951078817248344,0,0
hospital_removal,840,V32P-A006145,0,0.81859878301620481,0.81728504896163945,1,1
hospital_removal,841,V32P-A006146,0,0.65919933319091795,0.66699064970016475,1,1
hospital_removal,842,V32P-A006147,0,0.58062291145324707,0.5974586009979248,0,0
hospital_removal,843,V32P-A006148,0,0.48870034217834474,0.49037231802940368,0,0
hospital_removal,844,V32P-A006149,0,0.38078294992446898,0.38025605082511904,0,0
hospital_removal,845,V32P-A006150,0,0.17057940363883972,0.17174225300550461,0,0
hospital_removal,846,V32P-A006295,1,0.71022803783416744,0.71114735603332524,1,1
hospital_removal,847,V32P-A006296,1,0.60657932758331301,0.61122018098831177,0,0
hospital_removal,848,V32P-A006297,1,0.54538902044296267,0.54768532514572144,0,0
hospital_removal,849,V32P-A006298,0,0.083524482697248464,0.087748932093381887,0,0
hospital_removal,850,V32P-A006299,0,0.06085726544260979,0.06447917446494103,0,0
hospital_removal,851,V32P-A006300,0,0.023910926282405855,0.026068227738142012,0,0
hospital_removal,852,V32P-A006331,0,0.72063301801681523,0.70852265357971189,1,1
hospital_removal,853,V32P-A006332,0,0.47237032651901245,0.4742909550666809,0,0
hospital_removal,854,V32P-A006333,0,0.40978882312774656,0.40933841466903687,0,0
hospital_removal,855,V32P-A006334,0,0.41384836435317995,0.412260103225708,0,0
hospital_removal,856,V32P-A006335,0,0.36230446100234986,0.3603109657764435,0,0
hospital_removal,857,V32P-A006336,0,0.16675478518009185,0.17174789607524871,0,0
hospital_removal,858,V32P-A006379,0,0.7046043872833252,0.69511601924896238,1,1
hospital_removal,859,V32P-A006380,0,0.56589056253433223,0.55726097822189335,0,0
hospital_removal,860,V32P-A006381,0,0.46248604655265807,0.46428501009941103,0,0
hospital_removal,861,V32P-A006382,0,0.44159337878227234,0.42664958834648131,0,0
hospital_removal,862,V32P-A006383,0,0.35934066176414492,0.34530104994773864,0,0
hospital_removal,863,V32P-A006384,0,0.16576969772577285,0.16124301105737687,0,0
hospital_removal,864,V32P-A006487,0,0.56068645715713505,0.55487841367721558,0,0
hospital_removal,865,V32P-A006488,0,0.48615764379501342,0.47451554536819457,0,0
hospital_removal,866,V32P-A006489,0,0.43851130008697509,0.42550964355468751,0,0
hospital_removal,867,V32P-A006490,0,0.39913177490234375,0.38741999864578247,0,0
hospital_removal,868,V32P-A006491,0,0.33816422224044801,0.32758936882019041,0,0
hospital_removal,869,V32P-A006492,0,0.14667062610387802,0.14350727051496506,0,0
hospital_removal,870,V32P-A006493,0,0.6411710739135742,0.62953516244888308,1,1
hospital_removal,871,V32P-A006494,0,0.56994695067405698,0.55973130464553833,0,0
hospital_removal,872,V32P-A006495,0,0.51687461137771606,0.5077393651008606,0,0
hospital_removal,873,V32P-A006496,0,0.49349027276039126,0.48100230693817136,0,0
hospital_removal,874,V32P-A006497,0,0.42289444804191589,0.41238296031951904,0,0
hospital_removal,875,V32P-A006498,0,0.24025436937808992,0.2355627328157425,0,0
hospital_removal,876,V32P-A006517,0,0.74033814668655396,0.73974305391311646,1,1
hospital_removal,877,V32P-A006518,0,0.57939863204956055,0.59320700168609619,0,0
hospital_removal,878,V32P-A006519,0,0.6916394829750061,0.69577945470809932,1,1
hospital_removal,879,V32P-A006520,0,0.63535835742950442,0.64121825695037837,1,1
hospital_removal,880,V32P-A006521,0,0.590038001537323,0.59502538442611697,0,0
hospital_removal,881,V32P-A006522,0,0.41109269261360171,0.42414233088493347,0,0
hospital_removal,882,V32P-A006547,0,0.67115020751953125,0.67443654537200926,1,1
hospital_removal,883,V32P-A006548,0,0.61066783666610713,0.61185202598571775,0,0
hospital_removal,884,V32P-A006549,0,0.54108303785324097,0.53952854871749878,0,0
hospital_removal,885,V32P-A006550,1,0.4646285057067871,0.46262167692184447,0,0
hospital_removal,886,V32P-A006551,0,0.068122844398021701,0.072976488620042801,0,0
hospital_removal,887,V32P-A006552,0,0.029003912210464479,0.031592827290296555,0,0
hospital_removal,888,V32P-A006595,0,0.75321441888809204,0.76709034442901614,1,1
hospital_removal,889,V32P-A006596,0,0.6980069041252136,0.71635519266128544,1,1
hospital_removal,890,V32P-A006597,0,0.60922708511352541,0.62500821352005009,0,1
hospital_removal,891,V32P-A006598,0,0.59731237888336186,0.61619855165481563,0,0
hospital_removal,892,V32P-A006599,0,0.50849448442459111,0.52758263349533085,0,0
hospital_removal,893,V32P-A006600,0,0.23393848538398743,0.2525617003440857,0,0
hospital_removal,894,V32P-A006661,0,0.82227609157562254,0.82625966072082524,1,1
hospital_removal,895,V32P-A006662,0,0.73021600246429441,0.73804973363876347,1,1
hospital_removal,896,V32P-A006663,0,0.65465701818466182,0.66274467706680296,1,1
hospital_removal,897,V32P-A006664,0,0.58340919017791748,0.59249497652053829,0,0
hospital_removal,898,V32P-A006665,0,0.47694329023361204,0.48906654119491577,0,0
hospital_removal,899,V32P-A006666,0,0.21494790315628051,0.225236114859581,0,0
hospital_removal,900,V32P-A006673,0,0.73186569213867192,0.73069566488265991,1,1
hospital_removal,901,V32P-A006674,0,0.72676634788513184,0.72639560699462891,1,1
hospital_removal,902,V32P-A006675,0,0.75280520915985105,0.74901194572448726,1,1
hospital_removal,903,V32P-A006676,0,0.56985954046249387,0.57314537167549129,0,0
hospital_removal,904,V32P-A006677,0,0.47099636793136596,0.47315924167633056,0,0
hospital_removal,905,V32P-A006678,0,0.23958915770053862,0.24752149879932403,0,0
hospital_removal,906,V32P-A006817,0,0.77460545301437378,0.7772881746292114,1,1
hospital_removal,907,V32P-A006818,0,0.6755753755569458,0.67651840448379519,1,1
hospital_removal,908,V32P-A006819,0,0.55474250316619877,0.54403028488159177,0,0
hospital_removal,909,V32P-A006820,0,0.46467689871788026,0.45062146186828611,0,0
hospital_removal,910,V32P-A006821,0,0.3737125277519226,0.35940340161323547,0,0
hospital_removal,911,V32P-A006822,0,0.17089974284172058,0.16733005046844482,0,0
hospital_removal,912,V32P-A006847,0,0.75366233587265019,0.76172542572021484,1,1
hospital_removal,913,V32P-A006848,0,0.68792588710784908,0.69645813703536985,1,1
hospital_removal,914,V32P-A006849,0,0.64731709957122807,0.64840245246887207,1,1
hospital_removal,915,V32P-A006850,0,0.67496097087860107,0.67408015727996828,1,1
hospital_removal,916,V32P-A006851,0,0.57030700445175175,0.56831878423690796,0,0
hospital_removal,917,V32P-A006852,0,0.034279701486229899,0.036449423804879186,0,0
hospital_removal,918,V32P-A006853,0,0.47630699872970583,0.48138701915740967,0,0
hospital_removal,919,V32P-A006854,0,0.41767694354057311,0.42069303393363955,0,0
hospital_removal,920,V32P-A006855,0,0.33882209658622742,0.33672638535499572,0,0
hospital_removal,921,V32P-A006856,0,0.26744319796562194,0.26253361105918882,0,0
hospital_removal,922,V32P-A006857,0,0.19872166514396666,0.19482442438602449,0,0
hospital_removal,923,V32P-A006858,0,0.090558367222547537,0.088786373287439352,0,0
hospital_removal,924,V32P-A006883,0,0.83987429141998293,0.8496149063110352,1,1
hospital_removal,925,V32P-A006884,0,0.69145442247390743,0.71553539037704472,1,1
hospital_removal,926,V32P-A006885,0,0.81837970018386841,0.82560846805572508,1,1
hospital_removal,927,V32P-A006886,0,0.71033215522766113,0.72896697521209719,1,1
hospital_removal,928,V32P-A006887,0,0.64323574304580688,0.66133995056152339,1,1
hospital_removal,929,V32P-A006888,0,0.06591040529310703,0.068253264203667646,0,0
hospital_removal,930,V32P-A006895,0,0.34212974607944491,0.35456734597682954,0,0
hospital_removal,931,V32P-A006896,0,0.38338260352611542,0.39152083098888396,0,0
hospital_removal,932,V32P-A006897,0,0.37249137163162233,0.37569105625152588,0,0
hospital_removal,933,V32P-A006898,0,0.33202793896198274,0.33252627551555636,0,0
hospital_removal,934,V32P-A006899,0,0.26293171346187594,0.26813520491123199,0,0
hospital_removal,935,V32P-A006900,0,0.12199888080358505,0.12618369907140731,0,0
hospital_removal,936,V32P-A006901,0,0.82027783393859866,0.80808918476104741,1,1
hospital_removal,937,V32P-A006902,0,0.71826798915863033,0.70238540172576902,1,1
hospital_removal,938,V32P-A006903,0,0.69823378324508667,0.68272107839584351,1,1
hospital_removal,939,V32P-A006904,0,0.69477701187133789,0.67884057760238647,1,1
hospital_removal,940,V32P-A006905,0,0.60266724228858948,0.58080484271049504,0,0
hospital_removal,941,V32P-A006906,0,0.3830876350402832,0.36221624910831451,0,0
hospital_removal,942,V32P-A006931,0,0.53107504844665532,0.51775427460670476,0,0
hospital_removal,943,V32P-A006932,0,0.5328316926956177,0.51632861495018001,0,0
hospital_removal,944,V32P-A006933,0,0.51595953106880188,0.49652264714241029,0,0
hospital_removal,945,V32P-A006934,0,0.45786259770393373,0.44032834172248841,0,0
hospital_removal,946,V32P-A006935,0,0.38905838727951048,0.37433876395225524,0,0
hospital_removal,947,V32P-A006936,0,0.17381713539361954,0.17221982926130294,0,0
hospital_removal,948,V32P-A006967,0,0.66686255931854244,0.66851235628128047,1,1
hospital_removal,949,V32P-A006968,0,0.59505336284637456,0.59601345062255862,0,0
hospital_removal,950,V32P-A006969,0,0.58014268875122066,0.57784911394119265,0,0
hospital_removal,951,V32P-A006970,0,0.56763412952423098,0.56477010250091553,0,0
hospital_removal,952,V32P-A006971,0,0.53237716555595394,0.52996534705162046,0,0
hospital_removal,953,V32P-A006972,0,0.24101459681987764,0.24747260808944702,0,0
hospital_removal,954,V32P-A006979,0,0.8318274259567261,0.83489774465560918,1,1
hospital_removal,955,V32P-A006980,0,0.77350097894668579,0.77833317518234257,1,1
hospital_removal,956,V32P-A006981,0,0.73302818536758418,0.73665390014648435,1,1
hospital_removal,957,V32P-A006982,0,0.68394384384155271,0.68292464017868038,1,1
hospital_removal,958,V32P-A006983,0,0.59328655004501341,0.58708219528198247,0,0
hospital_removal,959,V32P-A006984,0,0.038650138676166533,0.042433473095297811,0,0
hospital_removal,960,V32P-A007045,0,0.69065555334091189,0.69835116863250735,1,1
hospital_removal,961,V32P-A007046,0,0.53411972522735596,0.55299910306930544,0,0
hospital_removal,962,V32P-A007047,0,0.6633009791374207,0.66914570331573486,1,1
hospital_removal,963,V32P-A007048,0,0.46323506832122802,0.48267624378204343,0,0
hospital_removal,964,V32P-A007049,0,0.38061866462230681,0.39800770580768585,0,0
hospital_removal,965,V32P-A007050,0,0.19524443596601487,0.20547130107879638,0,0
hospital_removal,966,V32P-A007057,0,0.82748525142669682,0.83601992130279545,1,1
hospital_removal,967,V32P-A007058,0,0.65735465288162231,0.68540599346160891,1,1
hospital_removal,968,V32P-A007059,0,0.56632621288299556,0.59894064664840696,0,0
hospital_removal,969,V32P-A007060,0,0.50519378781318669,0.53568867444992063,0,0
hospital_removal,970,V32P-A007061,0,0.49224738478660585,0.51802038550376894,0,0
hospital_removal,971,V32P-A007062,0,0.22738342583179474,0.25357242524623869,0,0
hospital_removal,972,V32P-A007087,0,0.48370208144187926,0.48079742193222047,0,0
hospital_removal,973,V32P-A007088,0,0.50575307011604309,0.50027929544448857,0,0
hospital_removal,974,V32P-A007089,0,0.51119866967201233,0.50153691768646236,0,0
hospital_removal,975,V32P-A007090,0,0.45401217937469485,0.4408360242843628,0,0
hospital_removal,976,V32P-A007091,0,0.38966808915138246,0.37832808494567871,0,0
hospital_removal,977,V32P-A007092,0,0.18527570366859436,0.18714464902877809,0,0
hospital_removal,978,V32P-A007141,0,0.62452992200851443,0.60830496549606328,1,0
hospital_removal,979,V32P-A007142,0,0.49769186377525332,0.4775571644306183,0,0
hospital_removal,980,V32P-A007143,0,0.44335042238235473,0.4260640501976013,0,0
hospital_removal,981,V32P-A007144,0,0.4280156373977661,0.41264672875404357,0,0
hospital_removal,982,V32P-A007145,0,0.30435231328010559,0.29766600430011747,0,0
hospital_removal,983,V32P-A007146,0,0.14541241228580476,0.14515900015830993,0,0
hospital_removal,984,V32P-A007243,0,0.4487961709499359,0.44395783543586731,0,0
hospital_removal,985,V32P-A007244,0,0.38614616394042967,0.37353067994117739,0,0
hospital_removal,986,V32P-A007245,0,0.30341909229755404,0.29738149344921111,0,0
hospital_removal,987,V32P-A007246,0,0.26330048143863677,0.24802008569240569,0,0
hospital_removal,988,V32P-A007247,0,0.20788130462169646,0.19737390875816346,0,0
hospital_removal,989,V32P-A007248,0,0.088142628222703939,0.085675276070833209,0,0
hospital_removal,990,V32P-A007267,0,0.58990030288696294,0.59881092309951778,0,0
hospital_removal,991,V32P-A007268,0,0.52632390856742861,0.54524896740913387,0,0
hospital_removal,992,V32P-A007269,0,0.57216836810112004,0.58408200144767763,0,0
hospital_removal,993,V32P-A007270,0,0.50326598882675166,0.51797593832015987,0,0
hospital_removal,994,V32P-A007271,0,0.42415469288825991,0.44829624295234682,0,0
hospital_removal,995,V32P-A007272,0,0.2247793346643448,0.25485424101352694,0,0
hospital_removal,996,V32P-A007405,0,0.70769869089126591,0.695667564868927,1,1
hospital_removal,997,V32P-A007406,0,0.56597712635993958,0.55148418545722966,0,0
hospital_removal,998,V32P-A007407,0,0.47188289165496827,0.44922387003898623,0,0
hospital_removal,999,V32P-A007408,0,0.40379300713539124,0.38318089842796327,0,0
hospital_removal,1000,V32P-A007409,0,0.37758973240852356,0.35788275599479674,0,0
hospital_removal,1001,V32P-A007410,0,0.1785140335559845,0.18013843894004822,0,0
hospital_removal,1002,V32P-A007465,0,0.63201326131820679,0.62587354183197019,1,1
hospital_removal,1003,V32P-A007466,0,0.59506658911705013,0.58295992016792297,0,0
hospital_removal,1004,V32P-A007467,0,0.57160475850105286,0.55632575750350954,0,0
hospital_removal,1005,V32P-A007468,0,0.51500566005706783,0.49940444231033326,0,0
hospital_removal,1006,V32P-A007469,0,0.44973608255386355,0.43471743464469909,0,0
hospital_removal,1007,V32P-A007470,0,0.21160813570022582,0.20956249535083771,0,0
hospital_removal,1008,V32P-A007579,1,0.77484456300735471,0.77542992830276491,1,1
hospital_removal,1009,V32P-A007580,1,0.65082460641860962,0.66075723171234135,1,1
hospital_removal,1010,V32P-A007581,1,0.54270015358924861,0.54842557907104494,0,0
hospital_removal,1011,V32P-A007582,0,0.10619578063488007,0.11049206629395485,0,0
hospital_removal,1012,V32P-A007583,0,0.080248919501900676,0.083435772731900212,0,0
hospital_removal,1013,V32P-A007584,0,0.036109204217791555,0.037389436550438401,0,0
hospital_removal,1014,V32P-A007603,0,0.77855893373489382,0.7695356011390686,1,1
hospital_removal,1015,V32P-A007604,0,0.70231765508651733,0.70274531841278076,1,1
hospital_removal,1016,V32P-A007605,0,0.7345114588737488,0.73252123594284058,1,1
hospital_removal,1017,V32P-A007606,0,0.75298870801925655,0.74102319478988643,1,1
hospital_removal,1018,V32P-A007607,0,0.63368616104125974,0.63136798143386841,1,1
hospital_removal,1019,V32P-A007608,0,0.051649954915046689,0.052715224027633664,0,0
hospital_removal,1020,V32P-A007693,0,0.62079025506973262,0.626850426197052,1,1
hospital_removal,1021,V32P-A007694,0,0.60063869953155513,0.60370570421218872,0,0
hospital_removal,1022,V32P-A007695,0,0.57442418336868284,0.57284805774688718,0,0
hospital_removal,1023,V32P-A007696,0,0.49577409029006958,0.49007652401924134,0,0
hospital_removal,1024,V32P-A007697,0,0.41879534721374512,0.41240496635437013,0,0
hospital_removal,1025,V32P-A007698,0,0.19940547794103622,0.19549825340509414,0,0
hospital_removal,1026,V32P-A007957,0,0.54859907031059263,0.54641608595848079,0,0
hospital_removal,1027,V32P-A007958,0,0.51933858990669246,0.51948489546775822,0,0
hospital_removal,1028,V32P-A007959,0,0.41033245325088502,0.4157237708568573,0,0
hospital_removal,1029,V32P-A007960,0,0.36192764043807985,0.36433053612709043,0,0
hospital_removal,1030,V32P-A007961,0,0.28428955674171447,0.28810918927192686,0,0
hospital_removal,1031,V32P-A007962,0,0.11214718669652939,0.11722807735204696,0,0
hospital_removal,1032,V32P-A008041,0,0.66560404300689702,0.66978675127029419,1,1
hospital_removal,1033,V32P-A008042,0,0.6195979952812195,0.62182108163833616,0,1
hospital_removal,1034,V32P-A008043,0,0.58811937570571904,0.58491178750991824,0,0
hospital_removal,1035,V32P-A008044,0,0.48032850027084351,0.47244454026222227,0,0
hospital_removal,1036,V32P-A008045,1,0.39731407761573789,0.39240638017654417,0,0
hospital_removal,1037,V32P-A008046,0,0.03019778858870268,0.03191653843969107,0,0
hospital_removal,1038,V32P-A008119,0,0.65592534542083736,0.64302345514297488,1,1
hospital_removal,1039,V32P-A008120,0,0.59257231950759892,0.57312943935394289,0,0
hospital_removal,1040,V32P-A008121,0,0.5679690480232239,0.54288276433944704,0,0
hospital_removal,1041,V32P-A008122,0,0.45135103464126586,0.42667677998542786,0,0
hospital_removal,1042,V32P-A008123,0,0.37693966627120973,0.35795371532440184,0,0
hospital_removal,1043,V32P-A008124,0,0.17104435563087464,0.16868260651826858,0,0
hospital_removal,1044,V32P-A008167,0,0.62362792491912844,0.61970070600509641,1,0
hospital_removal,1045,V32P-A008168,0,0.53721804618835445,0.53543238639831547,0,0
hospital_removal,1046,V32P-A008169,0,0.42014185190200803,0.41814990639686583,0,0
hospital_removal,1047,V32P-A008170,0,0.35776639580726621,0.35848365426063539,0,0
hospital_removal,1048,V32P-A008171,0,0.33584754467010497,0.33624700903892518,0,0
hospital_removal,1049,V32P-A008172,0,0.19089908301830291,0.19121667146682739,0,0
hospital_removal,1050,V32P-A008191,1,0.45793520808219912,0.46561140418052671,0,0
hospital_removal,1051,V32P-A008192,1,0.32348127365112306,0.33657763600349427,0,0
hospital_removal,1052,V32P-A008193,1,0.27788846790790556,0.29102136790752409,0,0
hospital_removal,1053,V32P-A008194,0,0.048047807440161704,0.053120657429099084,0,0
hospital_removal,1054,V32P-A008195,0,0.039189915917813775,0.043494353257119658,0,0
hospital_removal,1055,V32P-A008196,0,0.016106881806626915,0.017974877217784523,0,0
hospital_removal,1056,V32P-A008203,0,0.75429580211639402,0.75102312564849849,1,1
hospital_removal,1057,V32P-A008204,0,0.65762972831726074,0.6511738061904907,1,1
hospital_removal,1058,V32P-A008205,0,0.81201713085174565,0.79741388559341431,1,1
hospital_removal,1059,V32P-A008206,1,0.57583474516868594,0.56781221032142637,0,0
hospital_removal,1060,V32P-A008207,0,0.10474302694201469,0.10957920923829079,0,0
hospital_removal,1061,V32P-A008208,0,0.046207628585398196,0.048323799856007099,0,0
hospital_removal,1062,V32P-A008209,0,0.59178094863891606,0.58471746444702144,0,0
hospital_removal,1063,V32P-A008210,0,0.54700645208358767,0.53874301314353945,0,0
hospital_removal,1064,V32P-A008211,0,0.48336198329925539,0.47450549006462095,0,0
hospital_removal,1065,V32P-A008212,0,0.39730963706970213,0.38739744424819944,0,0
hospital_removal,1066,V32P-A008213,0,0.32539543509483337,0.31755157113075255,0,0
hospital_removal,1067,V32P-A008214,0,0.14752112179994584,0.14650017172098159,0,0
hospital_removal,1068,V32P-A008215,0,0.63064800500869755,0.62724463939666752,1,1
hospital_removal,1069,V32P-A008216,0,0.52177180647850041,0.51192406415939329,0,0
hospital_removal,1070,V32P-A008217,0,0.47730441689491271,0.46100142598152161,0,0
hospital_removal,1071,V32P-A008218,0,0.43479394912719727,0.41858752965927126,0,0
hospital_removal,1072,V32P-A008219,0,0.45485048294067382,0.44036555290222168,0,0
hospital_removal,1073,V32P-A008220,0,0.17545897960662843,0.1728198379278183,0,0
hospital_removal,1074,V32P-A008317,0,0.58948131799697878,0.63720659017562864,0,1
hospital_removal,1075,V32P-A008318,0,0.60824366807937624,0.644873583316803,0,1
hospital_removal,1076,V32P-A008319,0,0.59123632907867429,0.61802778244018552,0,0
hospital_removal,1077,V32P-A008320,0,0.54118291735649104,0.56395269036293028,0,0
hospital_removal,1078,V32P-A008321,0,0.46005383133888245,0.4780363976955414,0,0
hospital_removal,1079,V32P-A008322,0,0.22479213178157806,0.23243604898452758,0,0
hospital_removal,1080,V32P-A008485,0,0.68946689367294312,0.69054427146911623,1,1
hospital_removal,1081,V32P-A008486,0,0.688916540145874,0.69110667705535889,1,1
hospital_removal,1082,V32P-A008487,0,0.70516734123229985,0.70364073514938352,1,1
hospital_removal,1083,V32P-A008488,0,0.68111630678176882,0.67489147186279297,1,1
hospital_removal,1084,V32P-A008489,0,0.55581842064857478,0.54188763499259951,0,0
hospital_removal,1085,V32P-A008490,0,0.053644031658768652,0.055064509436488149,0,0
hospital_removal,1086,V32P-A008533,0,0.69391210079193111,0.69452413320541384,1,1
hospital_removal,1087,V32P-A008534,0,0.63089114427566528,0.63913007974624636,1,1
hospital_removal,1088,V32P-A008535,0,0.63054491281509395,0.63891592025756838,1,1
hospital_removal,1089,V32P-A008536,0,0.6186029732227325,0.62492968440055852,0,1
hospital_removal,1090,V32P-A008537,0,0.46370319426059725,0.4899677187204361,0,0
hospital_removal,1091,V32P-A008538,0,0.2544118598103523,0.27636248618364334,0,0
hospital_removal,1092,V32P-A008629,0,0.68514202833175664,0.68905049562454224,1,1
hospital_removal,1093,V32P-A008630,0,0.59375785589218144,0.60588667392730711,0,0
hospital_removal,1094,V32P-A008631,0,0.55492614507675175,0.56207084655761719,0,0
hospital_removal,1095,V32P-A008632,0,0.54218617677688596,0.54451932907104494,0,0
hospital_removal,1096,V32P-A008633,0,0.48414366841316225,0.48778709769248962,0,0
hospital_removal,1097,V32P-A008634,0,0.032108712382614611,0.035679969377815722,0,0
hospital_removal,1098,V32P-A008671,0,0.55302885770797727,0.55285675525665279,0,0
hospital_removal,1099,V32P-A008672,0,0.55101876258850102,0.55062392950057981,0,0
hospital_removal,1100,V32P-A008673,0,0.5329492568969727,0.53344646692275999,0,0
hospital_removal,1101,V32P-A008674,0,0.53189579248428343,0.53080585002899172,0,0
hospital_removal,1102,V32P-A008675,0,0.48575206398963927,0.48619619011878967,0,0
hospital_removal,1103,V32P-A008676,0,0.27919907867908478,0.28584517538547516,0,0
hospital_removal,1104,V32P-A008683,0,0.64421452283859248,0.66137526035308836,1,1
hospital_removal,1105,V32P-A008684,0,0.61518412828445435,0.62154730558395388,0,1
hospital_removal,1106,V32P-A008685,0,0.55147968530654912,0.54662111997604368,0,0
hospital_removal,1107,V32P-A008686,0,0.4398435652256012,0.42939549684524536,0,0
hospital_removal,1108,V32P-A008687,1,0.34736826717853547,0.3369042366743088,0,0
hospital_removal,1109,V32P-A008688,0,0.026016646064817905,0.02667818535119295,0,0
hospital_removal,1110,V32P-A008701,0,0.58425216078758235,0.59419719576835628,0,0
hospital_removal,1111,V32P-A008702,0,0.57838000059127803,0.58361923694610596,0,0
hospital_removal,1112,V32P-A008703,0,0.56687948107719421,0.5667921841144562,0,0
hospital_removal,1113,V32P-A008704,0,0.51959996223449711,0.51995483636856077,0,0
hospital_removal,1114,V32P-A008705,0,0.4350061774253845,0.43511829972267152,0,0
hospital_removal,1115,V32P-A008706,0,0.2117534801363945,0.21861969083547592,0,0
hospital_removal,1116,V32P-A008749,0,0.41463326215744017,0.42943056821823122,0,0
hospital_removal,1117,V32P-A008750,0,0.40789213180541994,0.4067118763923645,0,0
hospital_removal,1118,V32P-A008751,0,0.39905774593353271,0.38657631874084475,0,0
hospital_removal,1119,V32P-A008752,0,0.31514371931552887,0.3048199087381363,0,0
hospital_removal,1120,V32P-A008753,0,0.24194731712341308,0.23343116044998169,0,0
hospital_removal,1121,V32P-A008754,0,0.10618670433759689,0.10964581817388534,0,0
hospital_removal,1122,V32P-A008761,0,0.58284885287284849,0.58279216885566709,0,0
hospital_removal,1123,V32P-A008762,0,0.45934976935386657,0.4623533248901367,0,0
hospital_removal,1124,V32P-A008763,0,0.38352169394493102,0.38314049243927001,0,0
hospital_removal,1125,V32P-A008764,0,0.30143785178661348,0.2982610374689102,0,0
hospital_removal,1126,V32P-A008765,0,0.27000315785408019,0.26539241373538969,0,0
hospital_removal,1127,V32P-A008766,0,0.1479788064956665,0.14622181057929992,0,0
hospital_removal,1128,V32P-A008797,0,0.43872440457344053,0.45431474447250364,0,0
hospital_removal,1129,V32P-A008798,0,0.40459907054901123,0.41665389537811282,0,0
hospital_removal,1130,V32P-A008799,0,0.3610779345035553,0.36703220605850218,0,0
hospital_removal,1131,V32P-A008800,0,0.29067437648773192,0.2919628918170929,0,0
hospital_removal,1132,V32P-A008801,0,0.22718494534492492,0.22876776456832887,0,0
hospital_removal,1133,V32P-A008802,0,0.108073740452528,0.11042226329445839,0,0
hospital_removal,1134,V32P-A008833,0,0.81213377714157109,0.80763384103775027,1,1
hospital_removal,1135,V32P-A008834,0,0.71134208440780644,0.72160179615020748,1,1
hospital_removal,1136,V32P-A008835,0,0.67130068540573118,0.68150198459625244,1,1
hospital_removal,1137,V32P-A008836,0,0.70956417322158816,0.71178683042526247,1,1
hospital_removal,1138,V32P-A008837,0,0.64567233324050899,0.65329831838607788,1,1
hospital_removal,1139,V32P-A008838,0,0.35000033378601075,0.36244123578071596,0,0
hospital_removal,1140,V32P-A008851,0,0.61833120584487911,0.64011154174804685,0,1
hospital_removal,1141,V32P-A008852,0,0.63772493600845337,0.65188843011856079,1,1
hospital_removal,1142,V32P-A008853,0,0.59301526546478267,0.60143609046936031,0,0
hospital_removal,1143,V32P-A008854,0,0.48826287388801576,0.49069226980209352,0,0
hospital_removal,1144,V32P-A008855,0,0.38111662268638613,0.38034312129020692,0,0
hospital_removal,1145,V32P-A008856,0,0.15543721169233321,0.15863152146339415,0,0
hospital_removal,1146,V32P-A008887,0,0.80672843456268306,0.80775239467620852,1,1
hospital_removal,1147,V32P-A008888,0,0.71834462881088257,0.73144658803939822,1,1
hospital_removal,1148,V32P-A008889,0,0.66811655759811406,0.68238831758499141,1,1
hospital_removal,1149,V32P-A008890,0,0.58920776844024658,0.60923968553543095,0,0
hospital_removal,1150,V32P-A008891,0,0.49668681621551514,0.51924750804901121,0,0
hospital_removal,1151,V32P-A008892,0,0.23001352846622466,0.24134568572044374,0,0
hospital_removal,1152,V32P-A008893,0,0.68866847753524785,0.67610920667648311,1,1
hospital_removal,1153,V32P-A008894,0,0.49030162096023561,0.48955701589584349,0,0
hospital_removal,1154,V32P-A008895,0,0.43860861063003542,0.43364479541778567,0,0
hospital_removal,1155,V32P-A008896,0,0.35303052067756652,0.34563272595405581,0,0
hospital_removal,1156,V32P-A008897,0,0.34937236309051511,0.34182585477828981,0,0
hospital_removal,1157,V32P-A008898,0,0.11206801980733871,0.11015537232160569,0,0
hospital_removal,1158,V32P-A008911,0,0.72813525199890139,0.72756487131118774,1,1
hospital_removal,1159,V32P-A008912,0,0.49549571275711057,0.50580978393554688,0,0
hospital_removal,1160,V32P-A008913,0,0.47303687334060668,0.48192579746246339,0,0
hospital_removal,1161,V32P-A008914,0,0.38422287702560426,0.38705302476882936,0,0
hospital_removal,1162,V32P-A008915,0,0.29596035182476044,0.29694017469882966,0,0
hospital_removal,1163,V32P-A008916,0,0.128023724257946,0.12906773239374161,0,0
hospital_removal,1164,V32P-A008917,0,0.44271343350410464,0.44423953890800477,0,0
hospital_removal,1165,V32P-A008918,0,0.40946242213249207,0.4094030737876892,0,0
hospital_removal,1166,V32P-A008919,0,0.36526609659194947,0.36418725848197936,0,0
hospital_removal,1167,V32P-A008920,0,0.29585613310337067,0.29282766878604888,0,0
hospital_removal,1168,V32P-A008921,0,0.22313085794448853,0.21835103631019592,0,0
hospital_removal,1169,V32P-A008922,0,0.10097046419978142,0.098184125870466238,0,0
hospital_removal,1170,V32P-A008923,1,0.7114300489425659,0.70986887216567995,1,1
hospital_removal,1171,V32P-A008924,1,0.5794733464717865,0.57813300490379338,0,0
hospital_removal,1172,V32P-A008925,1,0.52602151632308958,0.52202632427215578,0,0
hospital_removal,1173,V32P-A008926,0,0.085825458168983459,0.089159354567527771,0,0
hospital_removal,1174,V32P-A008927,0,0.065940593183040616,0.068614415451884264,0,0
hospital_removal,1175,V32P-A008928,0,0.030139063671231269,0.031292100250720975,0,0
hospital_removal,1176,V32P-A008959,1,0.51227697730064392,0.50619833469390874,0,0
hospital_removal,1177,V32P-A008960,1,0.40067604184150696,0.39876275062561034,0,0
hospital_removal,1178,V32P-A008961,1,0.3518608182668686,0.34956291615962981,0,0
hospital_removal,1179,V32P-A008962,0,0.083006937429308897,0.084025409445166593,0,0
hospital_removal,1180,V32P-A008963,0,0.062270247563719752,0.062614833191037181,0,0
hospital_removal,1181,V32P-A008964,0,0.028742673899978401,0.029007089789956808,0,0
hospital_removal,1182,V32P-A008983,0,0.60214117765426634,0.60778075456619263,0,0
hospital_removal,1183,V32P-A008984,0,0.48162620663642886,0.47808207869529723,0,0
hospital_removal,1184,V32P-A008985,0,0.43791977167129514,0.4284777045249939,0,0
hospital_removal,1185,V32P-A008986,0,0.33853334188461304,0.32755952477455141,0,0
hospital_removal,1186,V32P-A008987,0,0.26317867636680603,0.2574906051158905,0,0
hospital_removal,1187,V32P-A008988,0,0.098888745903968817,0.1021540030837059,0,0
hospital_removal,1188,V32P-A009007,0,0.59247696399688721,0.58624701499938969,0,0
hospital_removal,1189,V32P-A009008,0,0.50255650281906128,0.49678020477294921,0,0
hospital_removal,1190,V32P-A009009,0,0.47297002077102662,0.46367303133010862,0,0
hospital_removal,1191,V32P-A009010,0,0.39354196786880491,0.38350009322166445,0,0
hospital_removal,1192,V32P-A009011,0,0.32376947104930875,0.3145501881837845,0,0
hospital_removal,1193,V32P-A009012,0,0.14410509616136552,0.14227980524301528,0,0
hospital_removal,1194,V32P-A009031,0,0.60237675309181216,0.60472710728645329,0,0
hospital_removal,1195,V32P-A009032,0,0.42637004852294924,0.44323332309722902,0,0
hospital_removal,1196,V32P-A009033,0,0.41238097548484803,0.40901265740394593,0,0
hospital_removal,1197,V32P-A009034,0,0.36068633794784544,0.35489571690559385,0,0
hospital_removal,1198,V32P-A009035,0,0.34101028144359591,0.33086664378643038,0,0
hospital_removal,1199,V32P-A009036,0,0.16042875945568086,0.15923545062541961,0,0
hospital_removal,1200,V32P-A009049,0,0.70593695640563969,0.70040163993835447,1,1
hospital_removal,1201,V32P-A009050,0,0.54807882905006411,0.54135454893112178,0,0
hospital_removal,1202,V32P-A009051,0,0.51182529330253601,0.50365380048751829,0,0
hospital_removal,1203,V32P-A009052,0,0.51271005868911745,0.50260615944862364,0,0
hospital_removal,1204,V32P-A009053,0,0.45798419117927552,0.45071061253547667,0,0
hospital_removal,1205,V32P-A009054,0,0.24692392051219941,0.25185455083847047,0,0
hospital_removal,1206,V32P-A009073,0,0.47187297344207763,0.46413185596466067,0,0
hospital_removal,1207,V32P-A009074,0,0.49941058754920958,0.48925599455833435,0,0
hospital_removal,1208,V32P-A009075,0,0.48351173400878905,0.47097384333610537,0,0
hospital_removal,1209,V32P-A009076,0,0.45549093484878539,0.44196820855140684,0,0
hospital_removal,1210,V32P-A009077,0,0.38479071557521821,0.37398657500743865,0,0
hospital_removal,1211,V32P-A009078,0,0.18432704806327821,0.18353705704212189,0,0
hospital_removal,1212,V32P-A009115,0,0.74750915765762327,0.75029053688049319,1,1
hospital_removal,1213,V32P-A009116,0,0.55911052227020264,0.57481012344360349,0,0
hospital_removal,1214,V32P-A009117,0,0.47176952958106994,0.48630532622337341,0,0
hospital_removal,1215,V32P-A009118,0,0.46909231543540952,0.48583932518959044,0,0
hospital_removal,1216,V32P-A009119,0,0.41156100034713744,0.43339744806289671,0,0
hospital_removal,1217,V32P-A009120,0,0.15076367557048798,0.15842599868774415,0,0
hospital_removal,1218,V32P-A009181,1,0.52202394008636477,0.51439508199691775,0,0
hospital_removal,1219,V32P-A009182,1,0.44207883477210996,0.44204271435737608,0,0
hospital_removal,1220,V32P-A009183,0,0.10428801774978638,0.10948823243379593,0,0
hospital_removal,1221,V32P-A009184,0,0.082872211188077929,0.087500103563070294,0,0
hospital_removal,1222,V32P-A009185,0,0.060697840899229048,0.06417832151055336,0,0
hospital_removal,1223,V32P-A009186,0,0.026071166247129442,0.027527740411460399,0,0
hospital_removal,1224,V32P-A009271,0,0.6362049341201782,0.65052541494369509,1,1
hospital_removal,1225,V32P-A009272,0,0.57274059057235716,0.59089055061340334,0,0
hospital_removal,1226,V32P-A009273,0,0.51731684803962708,0.53310369849205019,0,0
hospital_removal,1227,V32P-A009274,0,0.57884096503257754,0.58321699500083923,0,0
hospital_removal,1228,V32P-A009275,0,0.56542065143585207,0.578312611579895,0,0
hospital_removal,1229,V32P-A009276,0,0.34910042285919191,0.37972804307937624,0,0
hospital_removal,1230,V32P-A009319,0,0.65922781229019167,0.65467555522918697,1,1
hospital_removal,1231,V32P-A009320,0,0.43817582130432131,0.44700275659561156,0,0
hospital_removal,1232,V32P-A009321,0,0.42040901780128481,0.39931873679161073,0,0
hospital_removal,1233,V32P-A009322,0,0.32154780030250552,0.30772578120231631,0,0
hospital_removal,1234,V32P-A009323,0,0.26441971361637118,0.25503549277782439,0,0
hospital_removal,1235,V32P-A009324,0,0.10083974599838257,0.1012768030166626,0,0
hospital_removal,1236,V32P-A009355,0,0.65527718067169194,0.65471327304840088,1,1
hospital_removal,1237,V32P-A009356,0,0.60610423088073728,0.59970443248748784,0,0
hospital_removal,1238,V32P-A009357,0,0.5718353748321533,0.56338177323341365,0,0
hospital_removal,1239,V32P-A009358,0,0.5390178322792053,0.53201102614402773,0,0
hospital_removal,1240,V32P-A009359,0,0.49968073368072508,0.49287099838256837,0,0
hospital_removal,1241,V32P-A009360,0,0.23907206654548646,0.23530932068824767,0,0
hospital_removal,1242,V32P-A009379,1,0.61377459764480591,0.60752683877944946,0,0
hospital_removal,1243,V32P-A009380,1,0.59567432403564458,0.59091892242431643,0,0
hospital_removal,1244,V32P-A009381,0,0.15953102111816406,0.16022422313690185,0,0
hospital_removal,1245,V32P-A009382,0,0.12588157653808593,0.12687765657901764,0,0
hospital_removal,1246,V32P-A009383,0,0.084028647094964978,0.085044354200363159,0,0
hospital_removal,1247,V32P-A009384,0,0.034994689375162126,0.035732347145676614,0,0
hospital_removal,1248,V32P-A009391,0,0.46099740266799927,0.48392677903175352,0,0
hospital_removal,1249,V32P-A009392,0,0.48798543214797974,0.50601693391799929,0,0
hospital_removal,1250,V32P-A009393,0,0.4500104308128357,0.46848060488700866,0,0
hospital_removal,1251,V32P-A009394,0,0.58443179726600647,0.5950134336948395,0,0
hospital_removal,1252,V32P-A009395,0,0.3167402595281601,0.34108251035213472,0,0
hospital_removal,1253,V32P-A009396,0,0.13762521296739577,0.15459019392728807,0,0
hospital_removal,1254,V32P-A009403,0,0.49956942200660703,0.50402557849884033,0,0
hospital_removal,1255,V32P-A009404,0,0.54510209560394285,0.53717042207717891,0,0
hospital_removal,1256,V32P-A009405,0,0.49703311920166016,0.48499552607536317,0,0
hospital_removal,1257,V32P-A009406,0,0.41463137865066529,0.39663881063461304,0,0
hospital_removal,1258,V32P-A009407,0,0.32537267208099363,0.30781811475753784,0,0
hospital_removal,1259,V32P-A009408,0,0.1424397960305214,0.13804714232683182,0,0
hospital_removal,1260,V32P-A009409,0,0.51497741341590886,0.51593462824821468,0,0
hospital_removal,1261,V32P-A009410,0,0.48046364188194274,0.47848514914512635,0,0
hospital_removal,1262,V32P-A009411,0,0.37157441377639772,0.36907951831817626,0,0
hospital_removal,1263,V32P-A009412,0,0.28670802712440491,0.28499603271484375,0,0
hospital_removal,1264,V32P-A009413,1,0.21905440986156463,0.22058655321598053,0,0
hospital_removal,1265,V32P-A009414,0,0.014876286312937737,0.016863360255956649,0,0
hospital_removal,1266,V32P-A009505,0,0.62923831939697261,0.64722417593002324,1,1
hospital_removal,1267,V32P-A009506,0,0.56212584972381596,0.5662092328071594,0,0
hospital_removal,1268,V32P-A009507,0,0.4985035300254822,0.49142850637435914,0,0
hospital_removal,1269,V32P-A009508,0,0.41760398745536803,0.40592898726463317,0,0
hospital_removal,1270,V32P-A009509,0,0.32540454566478727,0.31035788953304289,0,0
hospital_removal,1271,V32P-A009510,0,0.16802203208208083,0.15994616001844406,0,0
hospital_removal,1272,V32P-A009601,0,0.41988446116447448,0.42967847585678098,0,0
hospital_removal,1273,V32P-A009602,0,0.53384603857994084,0.53494715094566347,0,0
hospital_removal,1274,V32P-A009603,0,0.49565532207489016,0.49581305980682372,0,0
hospital_removal,1275,V32P-A009604,0,0.43309184312820437,0.43140307068824768,0,0
hospital_removal,1276,V32P-A009605,0,0.36706934571266175,0.3644116699695587,0,0
hospital_removal,1277,V32P-A009606,0,0.17893973439931871,0.17983753532171248,0,0
hospital_removal,1278,V32P-A009649,0,0.72152057886123655,0.72667390108108521,1,1
hospital_removal,1279,V32P-A009650,0,0.50329401493072512,0.51984980106353762,0,0
hospital_removal,1280,V32P-A009651,0,0.59640083312988279,0.61611391305923457,0,0
hospital_removal,1281,V32P-A009652,0,0.37422547936439515,0.39258238077163699,0,0
hospital_removal,1282,V32P-A009653,0,0.3199348270893097,0.33770835399627686,0,0
hospital_removal,1283,V32P-A009654,0,0.15654337406158447,0.16408782601356506,0,0
hospital_removal,1284,V32P-A009667,0,0.76343554258346558,0.75539239645004275,1,1
hospital_removal,1285,V32P-A009668,0,0.65685573816299436,0.65716816186904903,1,1
hospital_removal,1286,V32P-A009669,0,0.55789802074432371,0.56112565994262698,0,0
hospital_removal,1287,V32P-A009670,0,0.57103353142738345,0.57076342701911931,0,0
hospital_removal,1288,V32P-A009671,0,0.54307245016098027,0.54393315315246582,0,0
hospital_removal,1289,V32P-A009672,0,0.21511913239955902,0.21571408808231354,0,0
hospital_removal,1290,V32P-A009691,0,0.46967499256134032,0.48547956943511961,0,0
hospital_removal,1291,V32P-A009692,0,0.4903762459754944,0.50222969055175781,0,0
hospital_removal,1292,V32P-A009693,0,0.45693033337593081,0.46660746932029723,0,0
hospital_removal,1293,V32P-A009694,1,0.3873696982860565,0.39300656914710996,0,0
hospital_removal,1294,V32P-A009695,0,0.051834574341773985,0.053703372925519945,0,0
hospital_removal,1295,V32P-A009696,0,0.021880250982940198,0.02293067630380392,0,0
hospital_removal,1296,V32P-A009703,0,0.76998211145400997,0.77898374795913694,1,1
hospital_removal,1297,V32P-A009704,0,0.6748601078987122,0.69216984510421753,1,1
hospital_removal,1298,V32P-A009705,0,0.63979719877243046,0.6562347412109375,1,1
hospital_removal,1299,V32P-A009706,0,0.64642755985260014,0.65716139078140257,1,1
hospital_removal,1300,V32P-A009707,0,0.60119688510894775,0.60411772727966306,0,0
hospital_removal,1301,V32P-A009708,0,0.28646623492240908,0.29269391000270845,0,0
hospital_removal,1302,V32P-A009727,0,0.68439098596572878,0.69729408025741579,1,1
hospital_removal,1303,V32P-A009728,0,0.52424052953720091,0.55791400671005253,0,0
hospital_removal,1304,V32P-A009729,0,0.44309378862380983,0.47497492432594302,0,0
hospital_removal,1305,V32P-A009730,0,0.36839516162872316,0.39449667930603027,0,0
hospital_removal,1306,V32P-A009731,0,0.29702358543872831,0.31199164688587189,0,0
hospital_removal,1307,V32P-A009732,0,0.035165872611105445,0.036337840370833874,0,0
hospital_removal,1308,V32P-A009763,0,0.71576471328735347,0.71722970008850095,1,1
hospital_removal,1309,V32P-A009764,0,0.48699634671211245,0.480964857339859,0,0
hospital_removal,1310,V32P-A009765,0,0.46054224371910096,0.45300160050392152,0,0
hospital_removal,1311,V32P-A009766,0,0.39109235405921938,0.38021201491355894,0,0
hospital_removal,1312,V32P-A009767,0,0.31024874150753023,0.29853204190731047,0,0
hospital_removal,1313,V32P-A009768,0,0.1397854968905449,0.13585775047540666,0,0
hospital_removal,1314,V32P-A009781,0,0.74637537002563481,0.74945622682571411,1,1
hospital_removal,1315,V32P-A009782,0,0.62193959951400757,0.62548027038574217,1,1
hospital_removal,1316,V32P-A009783,0,0.50693285465240479,0.50673164129257198,0,0
hospital_removal,1317,V32P-A009784,1,0.43299795389175416,0.43201087713241576,0,0
hospital_removal,1318,V32P-A009785,0,0.079347196221351626,0.081562930345535273,0,0
hospital_removal,1319,V32P-A009786,0,0.037181210331618787,0.038434311188757418,0,0
hospital_removal,1320,V32P-A009787,0,0.63295634984970095,0.6106326222419739,1,0
hospital_removal,1321,V32P-A009788,0,0.56998260021209712,0.5402703583240509,0,0
hospital_removal,1322,V32P-A009789,0,0.49447591900825499,0.46404619812965392,0,0
hospital_removal,1323,V32P-A009790,0,0.41325538158416747,0.38666986823081972,0,0
hospital_removal,1324,V32P-A009791,0,0.37648590505123136,0.35962325632572173,0,0
hospital_removal,1325,V32P-A009792,0,0.14636289030313493,0.142696113884449,0,0
hospital_removal,1326,V32P-A009799,1,0.77176877260208132,0.77669227123260498,1,1
hospital_removal,1327,V32P-A009800,1,0.66687707901000981,0.68783826828002925,1,1
hospital_removal,1328,V32P-A009801,1,0.71738617420196538,0.72875821590423584,1,1
hospital_removal,1329,V32P-A009802,0,0.10707894265651703,0.11979729831218719,0,0
hospital_removal,1330,V32P-A009803,0,0.080241297185420987,0.089662334322929388,0,0
hospital_removal,1331,V32P-A009804,0,0.036479120701551439,0.040403561666607857,0,0
hospital_removal,1332,V32P-A009835,0,0.79603606462478638,0.79786456823348995,1,1
hospital_removal,1333,V32P-A009836,0,0.70664007663726802,0.70728621482849119,1,1
hospital_removal,1334,V32P-A009837,0,0.56504493951797485,0.56775822639465334,0,0
hospital_removal,1335,V32P-A009838,0,0.49464004039764403,0.48220877647399901,0,0
hospital_removal,1336,V32P-A009839,0,0.41642993688583374,0.4036557525396347,0,0
hospital_removal,1337,V32P-A009840,0,0.19534411877393723,0.19518990218639373,0,0
hospital_removal,1338,V32P-A009865,0,0.58699805736541744,0.5747651338577271,0,0
hospital_removal,1339,V32P-A009866,0,0.61099392175674438,0.59542001485824581,0,0
hospital_removal,1340,V32P-A009867,0,0.692552638053894,0.67548725605010984,1,1
hospital_removal,1341,V32P-A009868,0,0.66817957162857056,0.65173584222793579,1,1
hospital_removal,1342,V32P-A009869,0,0.47467340826988219,0.47618588805198669,0,0
hospital_removal,1343,V32P-A009870,0,0.03792029097676277,0.041034770943224427,0,0
hospital_removal,1344,V32P-A009901,0,0.67958966493606565,0.69181977510452275,1,1
hospital_removal,1345,V32P-A009902,0,0.79412127733230586,0.78976539373397825,1,1
hospital_removal,1346,V32P-A009903,0,0.66230580806732176,0.67291412353515623,1,1
hospital_removal,1347,V32P-A009904,0,0.6308575510978699,0.63966536521911621,1,1
hospital_removal,1348,V32P-A009905,1,0.55145333409309383,0.55599557161331181,0,0
hospital_removal,1349,V32P-A009906,0,0.040477516502141951,0.041902597248554233,0,0
hospital_removal,1350,V32P-A009907,0,0.40843992829322817,0.39866887927055361,0,0
hospital_removal,1351,V32P-A009908,0,0.3420766919851303,0.33221307694911956,0,0
hospital_removal,1352,V32P-A009909,0,0.35285908579826353,0.34497187733650209,0,0
hospital_removal,1353,V32P-A009910,0,0.29035235345363619,0.28291162550449372,0,0
hospital_removal,1354,V32P-A009911,0,0.23348820805549622,0.22836814522743226,0,0
hospital_removal,1355,V32P-A009912,0,0.12195332795381546,0.12297865003347397,0,0
hospital_removal,1356,V32P-A009919,0,0.66056622266769405,0.64716178178787231,1,1
hospital_removal,1357,V32P-A009920,0,0.46610776185989378,0.45905726552009585,0,0
hospital_removal,1358,V32P-A009921,0,0.38312014937400818,0.39426811337471007,0,0
hospital_removal,1359,V32P-A009922,0,0.42437068223953245,0.41824913620948789,0,0
hospital_removal,1360,V32P-A009923,0,0.36903964579105375,0.36320124566555023,0,0
hospital_removal,1361,V32P-A009924,0,0.19895756095647812,0.19818457812070847,0,0
hospital_removal,1362,V32P-A009967,0,0.66267539262771602,0.65562232732772829,1,1
hospital_removal,1363,V32P-A009968,0,0.57842386960983272,0.57850130796432497,0,0
hospital_removal,1364,V32P-A009969,0,0.62314771413803105,0.61608026027679441,1,0
hospital_removal,1365,V32P-A009970,0,0.58582930564880376,0.57707552909851079,0,0
hospital_removal,1366,V32P-A009971,0,0.49842307567596433,0.4970847010612488,0,0
hospital_removal,1367,V32P-A009972,0,0.26294792294502256,0.27308296263217924,0,0
hospital_removal,1368,V32P-A009973,0,0.41863009333610535,0.4267121970653534,0,0
hospital_removal,1369,V32P-A009974,0,0.41707910299301149,0.42381880283355711,0,0
hospital_removal,1370,V32P-A009975,0,0.3793309271335602,0.38226506114006042,0,0
hospital_removal,1371,V32P-A009976,0,0.30522430539131162,0.30996448397636411,0,0
hospital_removal,1372,V32P-A009977,0,0.23509563505649567,0.24094744026660919,0,0
hospital_removal,1373,V32P-A009978,0,0.10594424605369568,0.11085287332534791,0,0
hospital_removal,1374,V32P-A009997,0,0.76879616975784304,0.75789341926574705,1,1
hospital_removal,1375,V32P-A009998,0,0.66176823377609251,0.6510749816894531,1,1
hospital_removal,1376,V32P-A009999,0,0.60442790389060974,0.59590123295783992,0,0
hospital_removal,1377,V32P-A010000,0,0.64923064708709721,0.63435224294662473,1,1
hospital_removal,1378,V32P-A010001,0,0.54844115972518925,0.5384093761444092,0,0
hospital_removal,1379,V32P-A010002,0,0.2782557398080826,0.28099532723426818,0,0
hospital_removal,1380,V32P-A010105,0,0.69080687165260313,0.70572919249534605,1,1
hospital_removal,1381,V32P-A010106,0,0.6336059987545013,0.65668318867683406,1,1
hospital_removal,1382,V32P-A010107,0,0.58624267578125,0.6154848456382751,0,0
hospital_removal,1383,V32P-A010108,1,0.5040835857391357,0.54172668457031248,0,0
hospital_removal,1384,V32P-A010109,0,0.0853337837383151,0.10605304818600417,0,0
hospital_removal,1385,V32P-A010110,0,0.039453561510890724,0.044333919417113066,0,0
hospital_removal,1386,V32P-A010153,0,0.79394817352294922,0.79474707841873171,1,1
hospital_removal,1387,V32P-A010154,0,0.64562013745307922,0.65820543169975276,1,1
hospital_removal,1388,V32P-A010155,0,0.57978984117507937,0.59450594186782835,0,0
hospital_removal,1389,V32P-A010156,0,0.61322754025459292,0.61804054379463191,0,0
hospital_removal,1390,V32P-A010157,0,0.57298679947853093,0.58194442391395573,0,0
hospital_removal,1391,V32P-A010158,0,0.35730255842208863,0.37642933726310729,0,0
hospital_removal,1392,V32P-A010231,0,0.77024383544921871,0.77735340595245361,1,1
hospital_removal,1393,V32P-A010232,0,0.69835548400878911,0.70822994709014897,1,1
hospital_removal,1394,V32P-A010233,0,0.6500225186347961,0.65989214181900024,1,1
hospital_removal,1395,V32P-A010234,0,0.59689553380012517,0.60120929479598995,0,0
hospital_removal,1396,V32P-A010235,1,0.58633200526237483,0.58541164994239803,0,0
hospital_removal,1397,V32P-A010236,0,0.062285879999399184,0.064251361414790154,0,0
hospital_removal,1398,V32P-A010291,0,0.66904065608978269,0.65991311073303227,1,1
hospital_removal,1399,V32P-A010292,0,0.5967348694801331,0.58292522430419924,0,0
hospital_removal,1400,V32P-A010293,0,0.56534838676452637,0.54464956521987917,0,0
hospital_removal,1401,V32P-A010294,0,0.49005475044250491,0.46520842313766481,0,0
hospital_removal,1402,V32P-A010295,1,0.46162374615669249,0.43589633107185366,0,0
hospital_removal,1403,V32P-A010296,0,0.035475832223892209,0.03641584403812885,0,0
hospital_removal,1404,V32P-A010297,0,0.61531742811203005,0.62326325178146358,0,1
hospital_removal,1405,V32P-A010298,0,0.57458909749984743,0.5817018866539001,0,0
hospital_removal,1406,V32P-A010299,0,0.5251748263835907,0.52805543541908262,0,0
hospital_removal,1407,V32P-A010300,0,0.41493618488311768,0.41300636529922485,0,0
hospital_removal,1408,V32P-A010301,0,0.3647966504096985,0.35993955135345457,0,0
hospital_removal,1409,V32P-A010302,0,0.16037729680538176,0.15934759378433228,0,0
hospital_removal,1410,V32P-A010309,0,0.41432338356971743,0.41868092417716979,0,0
hospital_removal,1411,V32P-A010310,0,0.4706605076789856,0.47308034896850587,0,0
hospital_removal,1412,V32P-A010311,0,0.46522254347801206,0.46424780488014222,0,0
hospital_removal,1413,V32P-A010312,0,0.40415315032005311,0.40270245671272276,0,0
hospital_removal,1414,V32P-A010313,0,0.33700326979160311,0.33679706156253814,0,0
hospital_removal,1415,V32P-A010314,0,0.15351690948009492,0.15817188322544098,0,0
hospital_removal,1416,V32P-A010363,0,0.36283529996871949,0.34733662009239197,0,0
hospital_removal,1417,V32P-A010364,0,0.3346858650445938,0.31883117258548738,0,0
hospital_removal,1418,V32P-A010365,0,0.32905481457710267,0.3143099844455719,0,0
hospital_removal,1419,V32P-A010366,0,0.27587513327598573,0.26316840648651124,0,0
hospital_removal,1420,V32P-A010367,1,0.21949226260185242,0.20924919247627258,0,0
hospital_removal,1421,V32P-A010368,0,0.017914313077926635,0.018753413856029511,0,0
hospital_removal,1422,V32P-A010381,0,0.82852786779403687,0.82838246822357176,1,1
hospital_removal,1423,V32P-A010382,0,0.72539187669754024,0.73409140110015869,1,1
hospital_removal,1424,V32P-A010383,0,0.82861191034317017,0.82855688333511357,1,1
hospital_removal,1425,V32P-A010384,0,0.70199773311614988,0.71045980453491209,1,1
hospital_removal,1426,V32P-A010385,1,0.61615968942642207,0.62531502246856685,0,1
hospital_removal,1427,V32P-A010386,0,0.062150803953409196,0.065553495660424232,0,0
hospital_removal,1428,V32P-A010429,0,0.6145994305610657,0.58989125490188599,0,0
hospital_removal,1429,V32P-A010430,0,0.5792253732681274,0.5572823643684387,0,0
hospital_removal,1430,V32P-A010431,0,0.572782963514328,0.54993396401405337,0,0
hospital_removal,1431,V32P-A010432,0,0.438380229473114,0.40765522122383119,0,0
hospital_removal,1432,V32P-A010433,0,0.3144604593515396,0.29301191866397858,0,0
hospital_removal,1433,V32P-A010434,0,0.13257722556591034,0.12798179537057877,0,0
hospital_removal,1434,V32P-A010507,1,0.74498217105865483,0.75219016075134282,1,1
hospital_removal,1435,V32P-A010508,1,0.74709345102310176,0.75392494201660154,1,1
hospital_removal,1436,V32P-A010509,1,0.76623936891555788,0.77087217569351196,1,1
hospital_removal,1437,V32P-A010510,0,0.12585616558790208,0.15326267331838608,0,0
hospital_removal,1438,V32P-A010511,0,0.084687439724802971,0.10235214345157147,0,0
hospital_removal,1439,V32P-A010512,0,0.038629886880517009,0.044091645255684854,0,0
hospital_removal,1440,V32P-A010549,0,0.47393073439598082,0.47961191534996034,0,0
hospital_removal,1441,V32P-A010550,0,0.48685487508773806,0.48348767757415773,0,0
hospital_removal,1442,V32P-A010551,0,0.45788971781730653,0.44759123325347899,0,0
hospital_removal,1443,V32P-A010552,0,0.48200358748435973,0.46642115116119387,0,0
hospital_removal,1444,V32P-A010553,1,0.42007483243942262,0.40583796501159669,0,0
hospital_removal,1445,V32P-A010554,0,0.038312202692031859,0.041108083352446555,0,0
hospital_removal,1446,V32P-A010609,0,0.3913922071456909,0.38260217308998107,0,0
hospital_removal,1447,V32P-A010610,0,0.40916315317153928,0.39703909158706663,0,0
hospital_removal,1448,V32P-A010611,0,0.36396321654319763,0.35198337435722349,0,0
hospital_removal,1449,V32P-A010612,0,0.31480858027935027,0.30453366339206694,0,0
hospital_removal,1450,V32P-A010613,0,0.24737241566181184,0.24032082855701448,0,0
hospital_removal,1451,V32P-A010614,0,0.10955940037965775,0.10937068313360214,0,0
hospital_removal,1452,V32P-A010615,0,0.82849138975143433,0.82565494775772097,1,1
hospital_removal,1453,V32P-A010616,0,0.6857625484466553,0.68108900785446169,1,1
hospital_removal,1454,V32P-A010617,0,0.55695613026618962,0.55079959034919734,0,0
hospital_removal,1455,V32P-A010618,0,0.49523467421531675,0.48820915818214417,0,0
hospital_removal,1456,V32P-A010619,0,0.46272130608558654,0.45576593875885008,0,0
hospital_removal,1457,V32P-A010620,0,0.17917172908782958,0.18585562705993652,0,0
hospital_removal,1458,V32P-A010699,1,0.67838416099548338,0.69391021728515623,1,1
hospital_removal,1459,V32P-A010700,1,0.58738986253738401,0.60876529216766362,0,0
hospital_removal,1460,V32P-A010701,1,0.62863988876342769,0.64805717468261714,1,1
hospital_removal,1461,V32P-A010702,0,0.1760677844285965,0.20715345144271852,0,0
hospital_removal,1462,V32P-A010703,0,0.097695644944906235,0.10911602899432182,0,0
hospital_removal,1463,V32P-A010704,0,0.043799818865954875,0.047305713780224322,0,0
hospital_removal,1464,V32P-A010741,0,0.84964635372161867,0.8495401978492737,1,1
hospital_removal,1465,V32P-A010742,0,0.74640182256698606,0.75233501195907593,1,1
hospital_removal,1466,V32P-A010743,0,0.64109808206558228,0.639318835735321,1,1
hospital_removal,1467,V32P-A010744,0,0.62975078821182251,0.63293366432189946,1,1
hospital_removal,1468,V32P-A010745,0,0.58199561834335323,0.58461951017379765,0,0
hospital_removal,1469,V32P-A010746,0,0.25136203765869142,0.25686148405075071,0,0
hospital_removal,1470,V32P-A010831,0,0.74844205379486084,0.75249211788177495,1,1
hospital_removal,1471,V32P-A010832,0,0.5774504959583282,0.59360294938087466,0,0
hospital_removal,1472,V32P-A010833,0,0.46541457176208495,0.48250922560691833,0,0
hospital_removal,1473,V32P-A010834,0,0.55234147310256954,0.56187779903411861,0,0
hospital_removal,1474,V32P-A010835,0,0.34928531646728517,0.35935803651809695,0,0
hospital_removal,1475,V32P-A010836,0,0.15131834894418716,0.15515180379152299,0,0
hospital_removal,1476,V32P-A010903,0,0.40144384503364561,0.40404445528984068,0,0
hospital_removal,1477,V32P-A010904,0,0.49436249732971194,0.48391099572181701,0,0
hospital_removal,1478,V32P-A010905,0,0.47233479619026186,0.45763280391693117,0,0
hospital_removal,1479,V32P-A010906,0,0.41278952956199644,0.39391558170318602,0,0
hospital_removal,1480,V32P-A010907,0,0.34589077830314635,0.32929421663284303,0,0
hospital_removal,1481,V32P-A010908,0,0.027708936110138895,0.028942069597542287,0,0
hospital_removal,1482,V32P-A010951,0,0.74613732099533081,0.75774903297424312,1,1
hospital_removal,1483,V32P-A010952,0,0.66849056482315061,0.67862488031387325,1,1
hospital_removal,1484,V32P-A010953,0,0.62032375335693357,0.62776008844375608,1,1
hospital_removal,1485,V32P-A010954,0,0.54122065901756289,0.5455066502094269,0,0
hospital_removal,1486,V32P-A010955,1,0.46637508273124695,0.46866567730903624,0,0
hospital_removal,1487,V32P-A010956,0,0.040665617957711217,0.040662671625614169,0,0
hospital_removal,1488,V32P-A011089,0,0.59779387712478638,0.59845048189163208,0,0
hospital_removal,1489,V32P-A011090,0,0.45764993429183959,0.46080058217048647,0,0
hospital_removal,1490,V32P-A011091,0,0.42973369956016538,0.42998937964439393,0,0
hospital_removal,1491,V32P-A011092,0,0.41212878823280336,0.41363242864608762,0,0
hospital_removal,1492,V32P-A011093,0,0.3546803891658783,0.35964921116828918,0,0
hospital_removal,1493,V32P-A011094,0,0.17642715871334075,0.18671124279499055,0,0
hospital_removal,1494,V32P-A011215,0,0.63408915996551518,0.61929860115051272,1,0
hospital_removal,1495,V32P-A011216,0,0.53273928761482237,0.52101048827171326,0,0
hospital_removal,1496,V32P-A011217,0,0.46413581967353823,0.44106008410453795,0,0
hospital_removal,1497,V32P-A011218,0,0.38561196923255919,0.3622485935688019,0,0
hospital_removal,1498,V32P-A011219,0,0.30582497715950013,0.28516589105129242,0,0
hospital_removal,1499,V32P-A011220,0,0.13067496865987777,0.12584466487169266,0,0
hospital_removal,1500,V32P-A011227,0,0.43357880115509034,0.44214680194854739,0,0
hospital_removal,1501,V32P-A011228,0,0.30976664423942568,0.32153578996658327,0,0
hospital_removal,1502,V32P-A011229,0,0.26865464746952056,0.28191526234149933,0,0
hospital_removal,1503,V32P-A011230,0,0.25246100723743437,0.26474236547946928,0,0
hospital_removal,1504,V32P-A011231,0,0.21108798682689667,0.22589664161205292,0,0
hospital_removal,1505,V32P-A011232,0,0.089841171354055407,0.10249115750193596,0,0
hospital_removal,1506,V32P-A011299,0,0.72920579910278316,0.72160360813140867,1,1
hospital_removal,1507,V32P-A011300,0,0.5017559409141541,0.49061296582221986,0,0
hospital_removal,1508,V32P-A011301,0,0.37350686192512511,0.38031462430953977,0,0
hospital_removal,1509,V32P-A011302,0,0.36843669414520264,0.36196576356887816,0,0
hospital_removal,1510,V32P-A011303,0,0.30380909144878387,0.29781890809535982,0,0
hospital_removal,1511,V32P-A011304,0,0.14013847410678865,0.1426066428422928,0,0
hospital_removal,1512,V32P-A011449,0,0.73788746595382693,0.72191525697708125,1,1
hospital_removal,1513,V32P-A011450,0,0.59853395223617556,0.58461670875549321,0,0
hospital_removal,1514,V32P-A011451,0,0.71441398859024052,0.69886863231658936,1,1
hospital_removal,1515,V32P-A011452,0,0.54426636695861819,0.52870081067085262,0,0
hospital_removal,1516,V32P-A011453,0,0.47055978775024415,0.45628680586814879,0,0
hospital_removal,1517,V32P-A011454,0,0.22891111373901368,0.22568297982215882,0,0
hospital_removal,1518,V32P-A011455,0,0.61287499666213985,0.61932435035705569,0,0
hospital_removal,1519,V32P-A011456,0,0.54048091769218443,0.55070121884346013,0,0
hospital_removal,1520,V32P-A011457,0,0.44170757234096525,0.45525150001049042,0,0
hospital_removal,1521,V32P-A011458,0,0.46367746591567993,0.46954697370529175,0,0
hospital_removal,1522,V32P-A011459,0,0.42994407415390012,0.43848339319229124,0,0
hospital_removal,1523,V32P-A011460,0,0.19018197059631348,0.21174126267433166,0,0
hospital_removal,1524,V32P-A011467,0,0.60771893858909609,0.6324361264705658,0,1
hospital_removal,1525,V32P-A011468,0,0.5728888213634491,0.60562253594398496,0,0
hospital_removal,1526,V32P-A011469,0,0.5408075749874115,0.57024075388908391,0,0
hospital_removal,1527,V32P-A011470,0,0.55348784327507017,0.57314432263374326,0,0
hospital_removal,1528,V32P-A011471,0,0.49323852062225343,0.51232018470764162,0,0
hospital_removal,1529,V32P-A011472,0,0.054482586123049258,0.057242332585155965,0,0
hospital_removal,1530,V32P-A011503,0,0.74426081180572512,0.72767282724380489,1,1
hospital_removal,1531,V32P-A011504,0,0.64129245281219482,0.61610800623893736,1,0
hospital_removal,1532,V32P-A011505,0,0.59292529821395878,0.56559573411941533,0,0
hospital_removal,1533,V32P-A011506,0,0.5395144939422607,0.51499868035316465,0,0
hospital_removal,1534,V32P-A011507,0,0.44665072560310365,0.42968360185623167,0,0
hospital_removal,1535,V32P-A011508,0,0.21493728309869767,0.21534594744443894,0,0
hospital_removal,1536,V32P-A011533,0,0.36970373392105105,0.37389139533042909,0,0
hospital_removal,1537,V32P-A011534,0,0.33787810802459717,0.34147025346755983,0,0
hospital_removal,1538,V32P-A011535,0,0.29371525347232819,0.29636283218860626,0,0
hospital_removal,1539,V32P-A011536,0,0.22888875305652617,0.23096212446689607,0,0
hospital_removal,1540,V32P-A011537,0,0.17677776515483856,0.17681526243686677,0,0
hospital_removal,1541,V32P-A011538,0,0.078554465621709826,0.080073035508394244,0,0
hospital_removal,1542,V32P-A011683,0,0.30869494676589965,0.3473727762699127,0,0
hospital_removal,1543,V32P-A011684,0,0.4409679710865021,0.47181659340858462,0,0
hospital_removal,1544,V32P-A011685,0,0.41370149254798888,0.43724913001060484,0,0
hospital_removal,1545,V32P-A011686,0,0.36356623172760011,0.38560967445373534,0,0
hospital_removal,1546,V32P-A011687,0,0.266439288854599,0.29115530252456667,0,0
hospital_removal,1547,V32P-A011688,0,0.021634617168456317,0.023879945930093526,0,0
hospital_removal,1548,V32P-A011695,0,0.45854370594024657,0.48033697605133058,0,0
hospital_removal,1549,V32P-A011696,0,0.44796331524848937,0.4681404769420624,0,0
hospital_removal,1550,V32P-A011697,0,0.41537736654281615,0.43506770133972167,0,0
hospital_removal,1551,V32P-A011698,0,0.34758389592170713,0.36424260735511782,0,0
hospital_removal,1552,V32P-A011699,0,0.27506507635116578,0.28922497630119326,0,0
hospital_removal,1553,V32P-A011700,0,0.1201040841639042,0.12797765806317329,0,0
hospital_removal,1554,V32P-A011701,0,0.64738546013832088,0.65081002712249758,1,1
hospital_removal,1555,V32P-A011702,0,0.66381527185440059,0.65353618860244755,1,1
hospital_removal,1556,V32P-A011703,0,0.65071772336959843,0.63507620096206663,1,1
hospital_removal,1557,V32P-A011704,1,0.5974116742610931,0.58495373129844663,0,0
hospital_removal,1558,V32P-A011705,0,0.099059934169054037,0.1041150763630867,0,0
hospital_removal,1559,V32P-A011706,0,0.041983294114470479,0.044403680786490443,0,0
hospital_removal,1560,V32P-A011797,1,0.78684940338134768,0.79392509460449223,1,1
hospital_removal,1561,V32P-A011798,1,0.6310911893844604,0.66449533700942998,1,1
hospital_removal,1562,V32P-A011799,1,0.4219320982694626,0.46522664129734037,0,0
hospital_removal,1563,V32P-A011800,0,0.10781365819275379,0.12300085164606571,0,0
hospital_removal,1564,V32P-A011801,0,0.090334235504269597,0.099966988340020185,0,0
hospital_removal,1565,V32P-A011802,0,0.046051291655749081,0.049443066399544475,0,0
hospital_removal,1566,V32P-A011881,1,0.70153332948684688,0.70001189708709721,1,1
hospital_removal,1567,V32P-A011882,1,0.55218421220779423,0.5600753545761108,0,0
hospital_removal,1568,V32P-A011883,0,0.19929934293031693,0.2037895753979683,0,0
hospital_removal,1569,V32P-A011884,0,0.10254337489604951,0.10848275274038315,0,0
hospital_removal,1570,V32P-A011885,0,0.09058272242546081,0.095381320267915723,0,0
hospital_removal,1571,V32P-A011886,0,0.041291110590100287,0.043233671039342877,0,0
hospital_removal,1572,V32P-A011917,0,0.65767138004302983,0.66341717243194576,1,1
hospital_removal,1573,V32P-A011918,0,0.5735204815864563,0.58531800508499143,0,0
hospital_removal,1574,V32P-A011919,0,0.48731003999710082,0.49692648649215698,0,0
hospital_removal,1575,V32P-A011920,0,0.42913906574249266,0.43634886145591734,0,0
hospital_removal,1576,V32P-A011921,0,0.39153046607971193,0.41264024376869202,0,0
hospital_removal,1577,V32P-A011922,0,0.15089541226625441,0.15832752734422684,0,0
hospital_removal,1578,V32P-A011941,0,0.73665612936019897,0.73629269599914549,1,1
hospital_removal,1579,V32P-A011942,0,0.602981960773468,0.6040730834007263,0,0
hospital_removal,1580,V32P-A011943,0,0.52383941411972046,0.52222707867622375,0,0
hospital_removal,1581,V32P-A011944,0,0.39329702854156495,0.38898516297340391,0,0
hospital_removal,1582,V32P-A011945,0,0.31777825057506559,0.30878303647041322,0,0
hospital_removal,1583,V32P-A011946,0,0.16188260167837143,0.15793526321649551,0,0
hospital_removal,1584,V32P-A011983,0,0.76515233516693115,0.75334252119064327,1,1
hospital_removal,1585,V32P-A011984,0,0.76511974334716792,0.74812159538269041,1,1
hospital_removal,1586,V32P-A011985,0,0.70546227693557739,0.69954451322555544,1,1
hospital_removal,1587,V32P-A011986,0,0.7318577766418457,0.71923476457595825,1,1
hospital_removal,1588,V32P-A011987,0,0.64383569359779358,0.63751443028450017,1,1
hospital_removal,1589,V32P-A011988,0,0.063476005196571345,0.065922355651855474,0,0
hospital_removal,1590,V32P-A012019,0,0.79003225564956669,0.79368178844451909,1,1
hospital_removal,1591,V32P-A012020,0,0.62364764213562007,0.64236969947814937,1,1
hospital_removal,1592,V32P-A012021,0,0.5868181586265564,0.60420330762863161,0,0
hospital_removal,1593,V32P-A012022,0,0.59585404396057129,0.6096954345703125,0,0
hospital_removal,1594,V32P-A012023,0,0.42679196000099184,0.44602447152137759,0,0
hospital_removal,1595,V32P-A012024,0,0.035409701056778431,0.039271296747028825,0,0
hospital_removal,1596,V32P-A012043,0,0.61114701628684998,0.59927342534065242,0,0
hospital_removal,1597,V32P-A012044,0,0.46571770310401917,0.4639626920223236,0,0
hospital_removal,1598,V32P-A012045,0,0.42342676520347594,0.4156047463417053,0,0
hospital_removal,1599,V32P-A012046,0,0.34119985103607176,0.33670056462287901,0,0
hospital_removal,1600,V32P-A012047,0,0.25578544139862058,0.25508449375629427,0,0
hospital_removal,1601,V32P-A012048,0,0.11291040182113647,0.11702948957681655,0,0
hospital_removal,1602,V32P-A012061,0,0.62214444875717168,0.63061698675155642,1,1
hospital_removal,1603,V32P-A012062,0,0.48740825057029724,0.49579885601997375,0,0
hospital_removal,1604,V32P-A012063,0,0.45946085453033447,0.45732923746109011,0,0
hospital_removal,1605,V32P-A012064,0,0.36100254654884339,0.35331522822380068,0,0
hospital_removal,1606,V32P-A012065,0,0.27168900370597837,0.26371371150016787,0,0
hospital_removal,1607,V32P-A012066,0,0.10920805782079697,0.10850373953580857,0,0
hospital_removal,1608,V32P-A012109,1,0.78219559192657473,0.78538967370986934,1,1
hospital_removal,1609,V32P-A012110,1,0.64500223398208623,0.66831296682357788,1,1
hospital_removal,1610,V32P-A012111,1,0.6922702312469482,0.70386195182800293,1,1
hospital_removal,1611,V32P-A012112,0,0.10028538778424263,0.11633011922240258,0,0
hospital_removal,1612,V32P-A012113,0,0.079092853143811231,0.089904572442173952,0,0
hospital_removal,1613,V32P-A012114,0,0.033751247730106113,0.038113010954111813,0,0
hospital_removal,1614,V32P-A012133,0,0.61569473743438718,0.60691877603530886,0,0
hospital_removal,1615,V32P-A012134,0,0.50718495845794676,0.49915388226509094,0,0
hospital_removal,1616,V32P-A012135,0,0.4793244540691376,0.4688077509403229,0,0
hospital_removal,1617,V32P-A012136,0,0.40748953819274902,0.40112860798835753,0,0
hospital_removal,1618,V32P-A012137,0,0.32652744948863982,0.32272897660732269,0,0
hospital_removal,1619,V32P-A012138,0,0.13429920226335526,0.13432700783014298,0,0
hospital_removal,1620,V32P-A012139,0,0.7823206424713135,0.7879365921020508,1,1
hospital_removal,1621,V32P-A012140,0,0.69787219762802122,0.70183447599411009,1,1
hospital_removal,1622,V32P-A012141,0,0.66617348194122317,0.66687622070312502,1,1
hospital_removal,1623,V32P-A012142,1,0.57340834140777586,0.57023669481277461,0,0
hospital_removal,1624,V32P-A012143,0,0.081667126715183253,0.085718394815921778,0,0
hospital_removal,1625,V32P-A012144,0,0.037218660116195679,0.039042338356375696,0,0
hospital_removal,1626,V32P-A012151,0,0.59803555011749265,0.61999961137771609,0,0
hospital_removal,1627,V32P-A012152,0,0.53727481961250301,0.56658844351768489,0,0
hospital_removal,1628,V32P-A012153,0,0.46957982778549195,0.49990127086639402,0,0
hospital_removal,1629,V32P-A012154,0,0.38038753867149355,0.40913786888122561,0,0
hospital_removal,1630,V32P-A012155,0,0.30799414217472076,0.33960633575916288,0,0
hospital_removal,1631,V32P-A012156,0,0.15688642747700215,0.17800899632275105,0,0
hospital_removal,1632,V32P-A012169,0,0.77177715301513672,0.76196275949478154,1,1
hospital_removal,1633,V32P-A012170,0,0.71963827610015874,0.71279799938201904,1,1
hospital_removal,1634,V32P-A012171,0,0.61220530271530149,0.61373491287231441,0,0
hospital_removal,1635,V32P-A012172,0,0.53743712902069096,0.53455922603607176,0,0
hospital_removal,1636,V32P-A012173,1,0.50059458613395691,0.49518388509750366,0,0
hospital_removal,1637,V32P-A012174,0,0.043067090213298798,0.043747276067733765,0,0
hospital_removal,1638,V32P-A012247,0,0.77445510625839231,0.77108561992645264,1,1
hospital_removal,1639,V32P-A012248,0,0.58765476942062378,0.58930538892745976,0,0
hospital_removal,1640,V32P-A012249,0,0.5228665232658386,0.5178919196128845,0,0
hospital_removal,1641,V32P-A012250,0,0.58364839553833003,0.57693333625793453,0,0
hospital_removal,1642,V32P-A012251,0,0.40351980924606323,0.39031580686569212,0,0
hospital_removal,1643,V32P-A012252,0,0.17264278829097748,0.16519774794578551,0,0
hospital_removal,1644,V32P-A012253,0,0.59228023290634157,0.58510431051254275,0,0
hospital_removal,1645,V32P-A012254,0,0.69764152765274046,0.68518725633621214,1,1
hospital_removal,1646,V32P-A012255,0,0.46337508559226992,0.45900444388389589,0,0
hospital_removal,1647,V32P-A012256,1,0.4080041289329529,0.4029910624027252,0,0
hospital_removal,1648,V32P-A012257,0,0.06870424747467041,0.071747789531946188,0,0
hospital_removal,1649,V32P-A012258,0,0.030899329483509062,0.032437808066606524,0,0
hospital_removal,1650,V32P-A012331,0,0.60067908763885502,0.60330140590667725,0,0
hospital_removal,1651,V32P-A012332,0,0.55493209362030027,0.55916249752044678,0,0
hospital_removal,1652,V32P-A012333,0,0.56517769098281856,0.5679005026817322,0,0
hospital_removal,1653,V32P-A012334,0,0.53464968800544743,0.53645045161247251,0,0
hospital_removal,1654,V32P-A012335,0,0.47564536333084106,0.48316670656204225,0,0
hospital_removal,1655,V32P-A012336,0,0.26559699773788453,0.27829030156135559,0,0
hospital_removal,1656,V32P-A012337,0,0.35527648329734801,0.37221888303756712,0,0
hospital_removal,1657,V32P-A012338,0,0.39190745949745176,0.4033483028411865,0,0
hospital_removal,1658,V32P-A012339,0,0.44697505831718443,0.45131747126579286,0,0
hospital_removal,1659,V32P-A012340,0,0.36433656811714171,0.37288476824760436,0,0
hospital_removal,1660,V32P-A012341,0,0.30476552248001099,0.31385818719863889,0,0
hospital_removal,1661,V32P-A012342,0,0.12709954530000686,0.13794232159852982,0,0
hospital_removal,1662,V32P-A012421,0,0.57322084903717041,0.56255272626876829,0,0
hospital_removal,1663,V32P-A012422,0,0.51509473323822019,0.49963284730911256,0,0
hospital_removal,1664,V32P-A012423,0,0.44605085849761961,0.43084893822669984,0,0
hospital_removal,1665,V32P-A012424,0,0.33414592444896696,0.32776667177677155,0,0
hospital_removal,1666,V32P-A012425,0,0.25429416894912721,0.25403969287872313,0,0
hospital_removal,1667,V32P-A012426,0,0.10701426267623901,0.11250613033771514,0,0
hospital_removal,1668,V32P-A012469,0,0.55273216962814331,0.5738971352577209,0,0
hospital_removal,1669,V32P-A012470,0,0.53984109759330745,0.56196117997169492,0,0
hospital_removal,1670,V32P-A012471,0,0.49896051287651061,0.52305478453636167,0,0
hospital_removal,1671,V32P-A012472,0,0.41980631947517394,0.44322139024734497,0,0
hospital_removal,1672,V32P-A012473,0,0.34352656006813048,0.36225520372390746,0,0
hospital_removal,1673,V32P-A012474,0,0.18534952104091645,0.19356035590171813,0,0
hospital_removal,1674,V32P-A012487,0,0.34745834469795228,0.33006789088249205,0,0
hospital_removal,1675,V32P-A012488,0,0.40216785669326782,0.37659087777137756,0,0
hospital_removal,1676,V32P-A012489,0,0.41332445144653318,0.38676931262016295,0,0
hospital_removal,1677,V32P-A012490,0,0.40319412350654604,0.37974756956100464,0,0
hospital_removal,1678,V32P-A012491,0,0.36054567694664003,0.34613815546035764,0,0
hospital_removal,1679,V32P-A012492,0,0.19339639246463775,0.19643322229385377,0,0
hospital_removal,1680,V32P-A012553,0,0.33867409825325012,0.35644299387931822,0,0
hospital_removal,1681,V32P-A012554,0,0.4044328987598419,0.41697421073913576,0,0
hospital_removal,1682,V32P-A012555,0,0.38446224927902223,0.3948154330253601,0,0
hospital_removal,1683,V32P-A012556,0,0.32673405408859252,0.33580051064491273,0,0
hospital_removal,1684,V32P-A012557,0,0.26188581287860868,0.27016320526599885,0,0
hospital_removal,1685,V32P-A012558,0,0.11360648423433303,0.1204389289021492,0,0
hospital_removal,1686,V32P-A012595,1,0.76266467571258545,0.74593200683593752,1,1
hospital_removal,1687,V32P-A012596,1,0.62817724943161013,0.62202558517456052,1,1
hospital_removal,1688,V32P-A012597,1,0.51412399411201481,0.49951685070991514,0,0
hospital_removal,1689,V32P-A012598,0,0.081519515067338941,0.084287924319505686,0,0
hospital_removal,1690,V32P-A012599,0,0.058190814405679706,0.059973309189081191,0,0
hospital_removal,1691,V32P-A012600,0,0.023885689489543439,0.024826273135840893,0,0
hospital_removal,1692,V32P-A012703,0,0.76977833509445193,0.77405900955200191,1,1
hospital_removal,1693,V32P-A012704,0,0.63038895130157468,0.64343193769454954,1,1
hospital_removal,1694,V32P-A012705,0,0.69564158916473384,0.69967486858367922,1,1
hospital_removal,1695,V32P-A012706,0,0.68845049142837522,0.69040325880050657,1,1
hospital_removal,1696,V32P-A012707,0,0.62765868902206423,0.62883676290512081,1,1
hospital_removal,1697,V32P-A012708,0,0.41140524744987489,0.40842450261116026,0,0
hospital_removal,1698,V32P-A012739,0,0.74713513851165769,0.75169948339462278,1,1
hospital_removal,1699,V32P-A012740,0,0.64383654594421391,0.64599651098251343,1,1
hospital_removal,1700,V32P-A012741,0,0.57001128196716311,0.56643506288528445,0,0
hospital_removal,1701,V32P-A012742,0,0.4480455219745636,0.43802917003631592,0,0
hospital_removal,1702,V32P-A012743,0,0.3394824802875519,0.32951291203498839,0,0
hospital_removal,1703,V32P-A012744,0,0.13994535505771638,0.13636754155158998,0,0
hospital_removal,1704,V32P-A012805,0,0.82939512729644771,0.83056449890136719,1,1
hospital_removal,1705,V32P-A012806,0,0.73145469427108767,0.73103574514389036,1,1
hospital_removal,1706,V32P-A012807,0,0.6686852812767029,0.66443144083023076,1,1
hospital_removal,1707,V32P-A012808,0,0.64705829620361333,0.64197723865509038,1,1
hospital_removal,1708,V32P-A012809,0,0.6300165057182312,0.62596755027771001,1,1
hospital_removal,1709,V32P-A012810,0,0.30913456082344054,0.31175471246242525,0,0
hospital_removal,1710,V32P-A012907,0,0.58630815744400022,0.5871716380119324,0,0
hospital_removal,1711,V32P-A012908,0,0.49395764470100401,0.50104556679725643,0,0
hospital_removal,1712,V32P-A012909,0,0.43974443674087527,0.44508358836174011,0,0
hospital_removal,1713,V32P-A012910,0,0.36473708152770995,0.3687909781932831,0,0
hospital_removal,1714,V32P-A012911,0,0.28668036162853239,0.2872604042291641,0,0
hospital_removal,1715,V32P-A012912,0,0.1366347074508667,0.13650895655155182,0,0
hospital_removal,1716,V32P-A012943,0,0.64991915225982666,0.63460346460342409,1,1
hospital_removal,1717,V32P-A012944,0,0.50408369898796079,0.48577671647071841,0,0
hospital_removal,1718,V32P-A012945,0,0.42047904729843139,0.409039705991745,0,0
hospital_removal,1719,V32P-A012946,0,0.4328418791294098,0.41702154278755188,0,0
hospital_removal,1720,V32P-A012947,0,0.39494436979293823,0.37629895210266112,0,0
hospital_removal,1721,V32P-A012948,0,0.14265616834163666,0.14161237180233002,0,0
hospital_removal,1722,V32P-A012979,0,0.62835506200790403,0.6348083972930908,1,1
hospital_removal,1723,V32P-A012980,0,0.65403683185577388,0.65051392316818235,1,1
hospital_removal,1724,V32P-A012981,0,0.68066992759704592,0.67339968681335449,1,1
hospital_removal,1725,V32P-A012982,1,0.67392176389694214,0.66174889802932735,1,1
hospital_removal,1726,V32P-A012983,0,0.10279108881950379,0.10684632509946823,0,0
hospital_removal,1727,V32P-A012984,0,0.044321110099554063,0.047302632033824919,0,0
hospital_removal,1728,V32P-A013015,0,0.73751926422119141,0.75266262292861941,1,1
hospital_removal,1729,V32P-A013016,0,0.50225970149040222,0.52336257100105288,0,0
hospital_removal,1730,V32P-A013017,0,0.41219482421874998,0.42938644886016847,0,0
hospital_removal,1731,V32P-A013018,0,0.33773805499076842,0.34847841858863832,0,0
hospital_removal,1732,V32P-A013019,0,0.30025797784328462,0.30743154585361482,0,0
hospital_removal,1733,V32P-A013020,0,0.14566899985074996,0.14991748183965684,0,0
hospital_removal,1734,V32P-A013027,0,0.4139390468597412,0.41354222297668458,0,0
hospital_removal,1735,V32P-A013028,0,0.47994786500930786,0.47842100858688352,0,0
hospital_removal,1736,V32P-A013029,0,0.41245325207710265,0.42432880997657774,0,0
hospital_removal,1737,V32P-A013030,0,0.36319172382354736,0.35883681774139403,0,0
hospital_removal,1738,V32P-A013031,0,0.33439462482929228,0.32854160368442537,0,0
hospital_removal,1739,V32P-A013032,0,0.15412592887878418,0.15484740138053893,0,0
hospital_removal,1740,V32P-A013123,0,0.58297313451766963,0.58023866415023806,0,0
hospital_removal,1741,V32P-A013124,0,0.72781603336334233,0.71929218769073489,1,1
hospital_removal,1742,V32P-A013125,0,0.49316419959068297,0.49113454222679137,0,0
hospital_removal,1743,V32P-A013126,1,0.39450024366378783,0.39537702798843383,0,0
hospital_removal,1744,V32P-A013127,0,0.057175144925713538,0.062542923167347914,0,0
hospital_removal,1745,V32P-A013128,0,0.023312497511506082,0.025697793439030649,0,0
hospital_removal,1746,V32P-A013183,0,0.58536385893821719,0.60181652903556826,0,0
hospital_removal,1747,V32P-A013184,0,0.57686705589294429,0.58830689191818242,0,0
hospital_removal,1748,V32P-A013185,0,0.51923742294311526,0.52314152717590334,0,0
hospital_removal,1749,V32P-A013186,0,0.47187260985374452,0.47179335951805113,0,0
hospital_removal,1750,V32P-A013187,0,0.38731066584587098,0.38600139617919921,0,0
hospital_removal,1751,V32P-A013188,0,0.028620972856879236,0.031342914700508116,0,0
hospital_removal,1752,V32P-A013207,0,0.49491508007049562,0.51828395724296572,0,0
hospital_removal,1753,V32P-A013208,0,0.56837724447250371,0.59155982732772827,0,0
hospital_removal,1754,V32P-A013209,0,0.6365647435188293,0.65281450748443604,1,1
hospital_removal,1755,V32P-A013210,0,0.605959165096283,0.62556771039962766,0,1
hospital_removal,1756,V32P-A013211,1,0.56895443797111511,0.59015211462974548,0,0
hospital_removal,1757,V32P-A013212,0,0.061130860447883607,0.066931753605604175,0,0
hospital_removal,1758,V32P-A013267,0,0.32913541793823242,0.35445541143417358,0,0
hospital_removal,1759,V32P-A013268,0,0.37824374437332153,0.39289709329605105,0,0
hospital_removal,1760,V32P-A013269,0,0.33378946185112002,0.35013502836227417,0,0
hospital_removal,1761,V32P-A013270,0,0.24979106485843658,0.27014047801494601,0,0
hospital_removal,1762,V32P-A013271,0,0.18209357857704161,0.20417961478233337,0,0
hospital_removal,1763,V32P-A013272,0,0.073402571678161624,0.086009876430034632,0,0
hospital_removal,1764,V32P-A013291,0,0.40574931502342226,0.43372813463211057,0,0
hospital_removal,1765,V32P-A013292,0,0.4690671920776367,0.49024454355239866,0,0
hospital_removal,1766,V32P-A013293,0,0.44214556813240052,0.46144642233848571,0,0
hospital_removal,1767,V32P-A013294,1,0.35843848586082461,0.37606461048126222,0,0
hospital_removal,1768,V32P-A013295,0,0.055601666867733004,0.060654121637344363,0,0
hospital_removal,1769,V32P-A013296,0,0.024689340498298407,0.026988056395202874,0,0
hospital_removal,1770,V32P-A013399,0,0.49719850420951844,0.48397797346115112,0,0
hospital_removal,1771,V32P-A013400,0,0.44865127205848693,0.42812387943267821,0,0
hospital_removal,1772,V32P-A013401,0,0.39772201776504518,0.37191119194030764,0,0
hospital_removal,1773,V32P-A013402,0,0.32138472199440005,0.2985671401023865,0,0
hospital_removal,1774,V32P-A013403,0,0.25645915269851682,0.24068894386291503,0,0
hospital_removal,1775,V32P-A013404,0,0.11236274242401123,0.10907389372587203,0,0
hospital_removal,1776,V32P-A013417,0,0.6307782649993896,0.62711694240570071,1,1
hospital_removal,1777,V32P-A013418,0,0.59773312807083134,0.58775842189788818,0,0
hospital_removal,1778,V32P-A013419,0,0.51042003631591792,0.50135559439659116,0,0
hospital_removal,1779,V32P-A013420,0,0.52187590599060063,0.50621024370193479,0,0
hospital_removal,1780,V32P-A013421,0,0.45591393113136292,0.44158062934875486,0,0
hospital_removal,1781,V32P-A013422,0,0.21928135454654693,0.21456461250782013,0,0
hospital_removal,1782,V32P-A013447,1,0.61436158418655396,0.60948439836502077,0,0
hospital_removal,1783,V32P-A013448,1,0.48845700025558469,0.48270789980888368,0,0
hospital_removal,1784,V32P-A013449,0,0.14506533294916152,0.14528653770685196,0,0
hospital_removal,1785,V32P-A013450,0,0.13345407694578171,0.13467515707015992,0,0
hospital_removal,1786,V32P-A013451,0,0.082591283321380618,0.08491314053535462,0,0
hospital_removal,1787,V32P-A013452,0,0.037060200423002246,0.038288602605462074,0,0
hospital_removal,1788,V32P-A013507,0,0.57998659610748293,0.5704655647277832,0,0
hospital_removal,1789,V32P-A013508,0,0.52130622267723081,0.51092111468315127,0,0
hospital_removal,1790,V32P-A013509,0,0.50710580348968504,0.49096435308456421,0,0
hospital_removal,1791,V32P-A013510,0,0.45234311819076539,0.43027244806289672,0,0
hospital_removal,1792,V32P-A013511,0,0.36546939015388491,0.34674030542373657,0,0
hospital_removal,1793,V32P-A013512,0,0.16705784797668458,0.16273920387029647,0,0
hospital_removal,1794,V32P-A013519,0,0.71873035430908205,0.72688711881637569,1,1
hospital_removal,1795,V32P-A013520,0,0.62276883125305171,0.62752317190170293,1,1
hospital_removal,1796,V32P-A013521,0,0.60718098878860471,0.60346237421035764,0,0
hospital_removal,1797,V32P-A013522,0,0.50887165665626521,0.49048768281936644,0,0
hospital_removal,1798,V32P-A013523,0,0.46547443270683286,0.44672698974609376,0,0
hospital_removal,1799,V32P-A013524,0,0.18703104108572005,0.18507350385189056,0,0
hospital_removal,1800,V32P-A013549,0,0.79081676006317136,0.80203307867050166,1,1
hospital_removal,1801,V32P-A013550,0,0.69392826557159426,0.71785373687744136,1,1
hospital_removal,1802,V32P-A013551,0,0.57798497080802913,0.61577016115188599,0,0
hospital_removal,1803,V32P-A013552,0,0.51710631251335148,0.54283493757247925,0,0
hospital_removal,1804,V32P-A013553,0,0.4378125727176666,0.45815478563308715,0,0
hospital_removal,1805,V32P-A013554,0,0.21405405998229982,0.22200788259506227,0,0
hospital_removal,1806,V32P-A013603,0,0.7692848205566406,0.75331854820251465,1,1
hospital_removal,1807,V32P-A013604,0,0.6452082514762878,0.62550609111785893,1,1
hospital_removal,1808,V32P-A013605,0,0.56019839048385622,0.53990433216094968,0,0
hospital_removal,1809,V32P-A013606,0,0.4793964087963104,0.46036546230316161,0,0
hospital_removal,1810,V32P-A013607,0,0.48062603473663329,0.45903361439704893,0,0
hospital_removal,1811,V32P-A013608,0,0.33592554926872253,0.32024602293968202,0,0
hospital_removal,1812,V32P-A013633,0,0.6735926747322083,0.67232117652893064,1,1
hospital_removal,1813,V32P-A013634,0,0.52802960872650151,0.52670754194259639,0,0
hospital_removal,1814,V32P-A013635,0,0.44166472554206848,0.43158503770828249,0,0
hospital_removal,1815,V32P-A013636,0,0.38871576786041262,0.37986085414886472,0,0
hospital_removal,1816,V32P-A013637,0,0.32148251533508299,0.31434320211410521,0,0
hospital_removal,1817,V32P-A013638,0,0.16101035475730896,0.15849947929382324,0,0
hospital_removal,1818,V32P-A013663,0,0.63192528486251831,0.63245363235473628,1,1
hospital_removal,1819,V32P-A013664,0,0.4588678777217865,0.46780951023101808,0,0
hospital_removal,1820,V32P-A013665,0,0.46404127478599549,0.46659306287765501,0,0
hospital_removal,1821,V32P-A013666,0,0.39172056317329407,0.39422944188117981,0,0
hospital_removal,1822,V32P-A013667,0,0.30818946957588195,0.30953954458236693,0,0
hospital_removal,1823,V32P-A013668,0,0.025707836821675302,0.026523568667471409,0,0
hospital_removal,1824,V32P-A013759,0,0.62725332975387571,0.6267276406288147,1,1
hospital_removal,1825,V32P-A013760,0,0.6329787611961365,0.63357584476470952,1,1
hospital_removal,1826,V32P-A013761,0,0.65357382297515865,0.64989644289016724,1,1
hospital_removal,1827,V32P-A013762,0,0.61719276905059817,0.61497364044189451,0,0
hospital_removal,1828,V32P-A013763,0,0.53382421135902403,0.53202953934669495,0,0
hospital_removal,1829,V32P-A013764,0,0.29258407652378082,0.29073300063610075,0,0
hospital_removal,1830,V32P-A013771,0,0.69134441614150999,0.71008707284927364,1,1
hospital_removal,1831,V32P-A013772,0,0.57119784355163572,0.58831743001937864,0,0
hospital_removal,1832,V32P-A013773,0,0.51713108420372011,0.523636382818222,0,0
hospital_removal,1833,V32P-A013774,0,0.37132184505462645,0.37403922080993651,0,0
hospital_removal,1834,V32P-A013775,0,0.26922506392002105,0.2731763392686844,0,0
hospital_removal,1835,V32P-A013776,0,0.10282320827245713,0.10708076059818268,0,0
hospital_removal,1836,V32P-A013783,0,0.3881261169910431,0.41603400111198424,0,0
hospital_removal,1837,V32P-A013784,0,0.49789355993270873,0.5156465888023376,0,0
hospital_removal,1838,V32P-A013785,0,0.45266346931457518,0.46805773973464965,0,0
hospital_removal,1839,V32P-A013786,0,0.38695701956748962,0.40114393830299377,0,0
hospital_removal,1840,V32P-A013787,0,0.31277492344379426,0.32925712764263154,0,0
hospital_removal,1841,V32P-A013788,0,0.14196713566780089,0.15504735708236694,0,0
hospital_removal,1842,V32P-A013789,0,0.31759729981422424,0.33430585861206052,0,0
hospital_removal,1843,V32P-A013790,0,0.32634680867195132,0.33875961899757384,0,0
hospital_removal,1844,V32P-A013791,0,0.34426088929176329,0.35690333247184752,0,0
hospital_removal,1845,V32P-A013792,0,0.22969054579734802,0.23510050773620605,0,0
hospital_removal,1846,V32P-A013793,0,0.20415608882904052,0.21217866539955138,0,0
hospital_removal,1847,V32P-A013794,0,0.085232472419738775,0.088548262417316434,0,0
hospital_removal,1848,V32P-A013795,0,0.48954684138298032,0.49427034258842467,0,0
hospital_removal,1849,V32P-A013796,0,0.3842109739780426,0.39129874706268308,0,0
hospital_removal,1850,V32P-A013797,0,0.31205793917179109,0.31736486256122587,0,0
hospital_removal,1851,V32P-A013798,0,0.24082004129886628,0.24523009955883027,0,0
hospital_removal,1852,V32P-A013799,0,0.185562364757061,0.19081199616193772,0,0
hospital_removal,1853,V32P-A013800,0,0.07958702221512795,0.081145506352186203,0,0
hospital_removal,1854,V32P-A013837,0,0.60305268764495845,0.62065690755844116,0,1
hospital_removal,1855,V32P-A013838,0,0.51094954609870913,0.5319381892681122,0,0
hospital_removal,1856,V32P-A013839,0,0.46483259201049804,0.48211836814880371,0,0
hospital_removal,1857,V32P-A013840,0,0.39045125842094419,0.40285411477088928,0,0
hospital_removal,1858,V32P-A013841,0,0.37805855274200439,0.38737268447875978,0,0
hospital_removal,1859,V32P-A013842,0,0.18332918286323546,0.19001564383506775,0,0
hospital_removal,1860,V32P-A013897,0,0.5742376863956451,0.56564064621925358,0,0
hospital_removal,1861,V32P-A013898,0,0.43215796947479246,0.43950623869895933,0,0
hospital_removal,1862,V32P-A013899,0,0.43233124017715452,0.42513011097908021,0,0
hospital_removal,1863,V32P-A013900,0,0.41494206190109251,0.4073823928833008,0,0
hospital_removal,1864,V32P-A013901,0,0.38184548616409303,0.36487932801246642,0,0
hospital_removal,1865,V32P-A013902,0,0.18663990199565889,0.18116160631179809,0,0
hospital_removal,1866,V32P-A013927,0,0.53773040175437925,0.54238209128379822,0,0
hospital_removal,1867,V32P-A013928,0,0.48285351395606996,0.48774127364158631,0,0
hospital_removal,1868,V32P-A013929,0,0.50579674243926998,0.51147956848144527,0,0
hospital_removal,1869,V32P-A013930,0,0.4201137602329254,0.42809333205223082,0,0
hospital_removal,1870,V32P-A013931,0,0.3487264424562454,0.35658622682094576,0,0
hospital_removal,1871,V32P-A013932,0,0.16341198533773421,0.17179125696420669,0,0
hospital_removal,1872,V32P-A013951,0,0.69210169315338133,0.68366659879684444,1,1
hospital_removal,1873,V32P-A013952,0,0.55482998490333557,0.54246309399604797,0,0
hospital_removal,1874,V32P-A013953,0,0.49801365137100218,0.47888835668563845,0,0
hospital_removal,1875,V32P-A013954,0,0.53408178687095642,0.51210042834281921,0,0
hospital_removal,1876,V32P-A013955,0,0.41708952784538267,0.39620450139045715,0,0
hospital_removal,1877,V32P-A013956,0,0.16145080775022508,0.16137716323137283,0,0
hospital_removal,1878,V32P-A014041,0,0.5747192859649658,0.57347271442413328,0,0
hospital_removal,1879,V32P-A014042,0,0.56149994134902959,0.55792717337608333,0,0
hospital_removal,1880,V32P-A014043,0,0.55124505162239079,0.54298781156539921,0,0
hospital_removal,1881,V32P-A014044,0,0.50800898671150208,0.49791011810302732,0,0
hospital_removal,1882,V32P-A014045,0,0.43722015023231509,0.42628939747810363,0,0
hospital_removal,1883,V32P-A014046,0,0.21917679011821747,0.21974026560783386,0,0
hospital_removal,1884,V32P-A014083,0,0.59781576395034786,0.57531526088714602,0,0
hospital_removal,1885,V32P-A014084,0,0.52095711827278135,0.50546140074729917,0,0
hospital_removal,1886,V32P-A014085,0,0.4232791244983673,0.40615592598915101,0,0
hospital_removal,1887,V32P-A014086,0,0.33344722390174864,0.31699465513229369,0,0
hospital_removal,1888,V32P-A014087,0,0.26128346323966978,0.24643977284431456,0,0
hospital_removal,1889,V32P-A014088,0,0.11342953145503998,0.10964691638946533,0,0
hospital_removal,1890,V32P-A014101,0,0.74049723148345947,0.74790648221969602,1,1
hospital_removal,1891,V32P-A014102,0,0.66856881380081179,0.68298220634460449,1,1
hospital_removal,1892,V32P-A014103,0,0.72496712207794189,0.73371711969375608,1,1
hospital_removal,1893,V32P-A014104,0,0.62713746428489681,0.63903990387916565,1,1
hospital_removal,1894,V32P-A014105,0,0.55827230215072632,0.57080026865005495,0,0
hospital_removal,1895,V32P-A014106,0,0.26306208074092863,0.27602646946907045,0,0
hospital_removal,1896,V32P-A014107,0,0.51052100062370298,0.51009411215782163,0,0
hospital_removal,1897,V32P-A014108,0,0.54086819887161253,0.53717978000640865,0,0
hospital_removal,1898,V32P-A014109,0,0.44126645326614378,0.44182848930358887,0,0
hospital_removal,1899,V32P-A014110,0,0.3530107796192169,0.35700619220733643,0,0
hospital_removal,1900,V32P-A014111,0,0.28690750598907472,0.29318501353263854,0,0
hospital_removal,1901,V32P-A014112,0,0.024768229387700558,0.027063317783176898,0,0
hospital_removal,1902,V32P-A014143,0,0.85807334184646611,0.86359980106353762,1,1
hospital_removal,1903,V32P-A014144,0,0.77339652776718137,0.78912589550018308,1,1
hospital_removal,1904,V32P-A014145,0,0.69475874900817869,0.71258774995803831,1,1
hospital_removal,1905,V32P-A014146,0,0.62662329673767092,0.63892604112625118,1,1
hospital_removal,1906,V32P-A014147,1,0.53562579154968259,0.54486243724823002,0,0
hospital_removal,1907,V32P-A014148,0,0.05658366121351719,0.058975975960493088,0,0
hospital_removal,1908,V32P-A014209,0,0.59474556446075444,0.59617726802825932,0,0
hospital_removal,1909,V32P-A014210,0,0.60760838985443111,0.60550292730331423,0,0
hospital_removal,1910,V32P-A014211,0,0.53813449740409847,0.52863655686378475,0,0
hospital_removal,1911,V32P-A014212,0,0.45672558546066283,0.44661142826080324,0,0
hospital_removal,1912,V32P-A014213,0,0.38224937915802004,0.37408578991889951,0,0
hospital_removal,1913,V32P-A014214,0,0.167409810423851,0.16824191510677339,0,0
hospital_removal,1914,V32P-A014305,0,0.44833717942237855,0.42864822149276732,0,0
hospital_removal,1915,V32P-A014306,0,0.40743900537490846,0.38472990989685057,0,0
hospital_removal,1916,V32P-A014307,0,0.37404350638389589,0.34871667027473452,0,0
hospital_removal,1917,V32P-A014308,0,0.30601045191287995,0.28182640075683596,0,0
hospital_removal,1918,V32P-A014309,0,0.23984124660491943,0.22066239714622499,0,0
hospital_removal,1919,V32P-A014310,0,0.10678033679723739,0.10109708160161972,0,0
hospital_removal,1920,V32P-A014317,0,0.59403222799301147,0.59350147247314455,0,0
hospital_removal,1921,V32P-A014318,0,0.44872322082519533,0.45397520065307617,0,0
hospital_removal,1922,V32P-A014319,0,0.43340749144554136,0.43305363059043883,0,0
hospital_removal,1923,V32P-A014320,0,0.35688154101371766,0.35789771080017091,0,0
hospital_removal,1924,V32P-A014321,0,0.28564074933528899,0.28851129710674284,0,0
hospital_removal,1925,V32P-A014322,0,0.022166123241186143,0.025277562439441681,0,0
hospital_removal,1926,V32P-A014365,0,0.5762125551700592,0.56683254837989805,0,0
hospital_removal,1927,V32P-A014366,0,0.60897547006607056,0.59846992492675777,0,0
hospital_removal,1928,V32P-A014367,0,0.59137676954269414,0.57714861631393433,0,0
hospital_removal,1929,V32P-A014368,0,0.53418964147567749,0.52022261023521421,0,0
hospital_removal,1930,V32P-A014369,0,0.47495378255844117,0.46327522993087766,0,0
hospital_removal,1931,V32P-A014370,0,0.27473662495613099,0.26985672712326048,0,0
hospital_removal,1932,V32P-A014407,0,0.48128495812416078,0.47654333710670471,0,0
hospital_removal,1933,V32P-A014408,0,0.46378161907196047,0.45265309214591981,0,0
hospital_removal,1934,V32P-A014409,0,0.35951501727104185,0.36688784956932069,0,0
hospital_removal,1935,V32P-A014410,0,0.35589480400085449,0.34448870420455935,0,0
hospital_removal,1936,V32P-A014411,0,0.27983518838882449,0.27084424495697024,0,0
hospital_removal,1937,V32P-A014412,0,0.12007111459970474,0.11960087120532989,0,0
hospital_removal,1938,V32P-A014431,0,0.7165777921676636,0.70441260337829592,1,1
hospital_removal,1939,V32P-A014432,0,0.63835698366165161,0.62884100079536442,1,1
hospital_removal,1940,V32P-A014433,0,0.53428442478179927,0.52764394879341125,0,0
hospital_removal,1941,V32P-A014434,1,0.5336576044559479,0.52218313813209538,0,0
hospital_removal,1942,V32P-A014435,0,0.071508523821830747,0.075788683444261554,0,0
hospital_removal,1943,V32P-A014436,0,0.03036809228360653,0.03292831815779209,0,0
hospital_removal,1944,V32P-A014509,0,0.37140384316444397,0.39871565699577333,0,0
hospital_removal,1945,V32P-A014510,0,0.40135350525379182,0.42071433365345001,0,0
hospital_removal,1946,V32P-A014511,0,0.40141226351261139,0.41674820482730868,0,0
hospital_removal,1947,V32P-A014512,0,0.34474201500415802,0.36006257832050326,0,0
hospital_removal,1948,V32P-A014513,1,0.29104568362236022,0.30045416951179504,0,0
hospital_removal,1949,V32P-A014514,0,0.025840465817600487,0.02905722437426448,0,0
hospital_removal,1950,V32P-A014533,0,0.50222923159599309,0.49293954968452453,0,0
hospital_removal,1951,V32P-A014534,0,0.47682682275772093,0.46512861251831056,0,0
hospital_removal,1952,V32P-A014535,0,0.37272524237632754,0.35763901472091675,0,0
hospital_removal,1953,V32P-A014536,0,0.29596685767173769,0.28370274901390075,0,0
hospital_removal,1954,V32P-A014537,0,0.23792432844638825,0.23052333891391755,0,0
hospital_removal,1955,V32P-A014538,0,0.10392199829220772,0.10238393321633339,0,0
hospital_removal,1956,V32P-A014581,0,0.73489643335342403,0.74578205347061155,1,1
hospital_removal,1957,V32P-A014582,0,0.6101310610771179,0.63244504928588863,0,1
hospital_removal,1958,V32P-A014583,0,0.5169639408588409,0.5432246267795563,0,0
hospital_removal,1959,V32P-A014584,0,0.40690535902976988,0.43254327178001406,0,0
hospital_removal,1960,V32P-A014585,0,0.38061544299125671,0.40478581190109253,0,0
hospital_removal,1961,V32P-A014586,0,0.21452197283506394,0.23274034410715103,0,0
hospital_removal,1962,V32P-A014587,0,0.63714503049850468,0.64239991903305049,1,1
hospital_removal,1963,V32P-A014588,0,0.57746177911758423,0.58330399394035337,0,0
hospital_removal,1964,V32P-A014589,0,0.52387125492095943,0.52948031425476072,0,0
hospital_removal,1965,V32P-A014590,0,0.44398462772369385,0.44870274066925048,0,0
hospital_removal,1966,V32P-A014591,0,0.37402589023113253,0.37850663959980013,0,0
hospital_removal,1967,V32P-A014592,0,0.20074026137590409,0.20318140834569931,0,0
hospital_removal,1968,V32P-A014605,1,0.73523545265197754,0.74219582080841062,1,1
hospital_removal,1969,V32P-A014606,1,0.65429894924163823,0.66247199773788457,1,1
hospital_removal,1970,V32P-A014607,1,0.61645090579986572,0.61730396747589111,0,0
hospital_removal,1971,V32P-A014608,0,0.09605559185147286,0.099422357231378558,0,0
hospital_removal,1972,V32P-A014609,0,0.072685843706130987,0.075534337013959882,0,0
hospital_removal,1973,V32P-A014610,0,0.03227687906473875,0.033836524374783038,0,0
hospital_removal,1974,V32P-A014653,0,0.59280381202697752,0.57411342859268188,0,0
hospital_removal,1975,V32P-A014654,0,0.41751836538314818,0.40377231836318972,0,0
hospital_removal,1976,V32P-A014655,0,0.34780471324920653,0.33868618607521056,0,0
hospital_removal,1977,V32P-A014656,0,0.27899382114410398,0.27251958250999453,0,0
hospital_removal,1978,V32P-A014657,0,0.21302770376205443,0.20803531110286713,0,0
hospital_removal,1979,V32P-A014658,0,0.085577317327260968,0.086273818463087085,0,0
hospital_removal,1980,V32P-A014665,0,0.55118815302848811,0.54498615860939026,0,0
hospital_removal,1981,V32P-A014666,0,0.38854774832725525,0.39225119352340698,0,0
hospital_removal,1982,V32P-A014667,0,0.37961860895156863,0.36638695001602173,0,0
hospital_removal,1983,V32P-A014668,0,0.29164370596408845,0.28100084960460664,0,0
hospital_removal,1984,V32P-A014669,0,0.21744767725467681,0.21276745796203614,0,0
hospital_removal,1985,V32P-A014670,0,0.096293240785598755,0.095705138146877283,0,0
hospital_removal,1986,V32P-A014719,0,0.60700890421867371,0.60289203524589541,0,0
hospital_removal,1987,V32P-A014720,0,0.49945191144943235,0.49949940443038943,0,0
hospital_removal,1988,V32P-A014721,0,0.50628635883331297,0.50174446105957027,0,0
hospital_removal,1989,V32P-A014722,0,0.43347461819648742,0.42614142894744872,0,0
hospital_removal,1990,V32P-A014723,0,0.3746197998523712,0.36743997335433959,0,0
hospital_removal,1991,V32P-A014724,0,0.16568378061056138,0.1622685119509697,0,0
hospital_removal,1992,V32P-A014743,0,0.67992444038391109,0.68123739957809448,1,1
hospital_removal,1993,V32P-A014744,0,0.51879202127456669,0.52530086040496826,0,0
hospital_removal,1994,V32P-A014745,0,0.40834851264953614,0.41757084131240846,0,0
hospital_removal,1995,V32P-A014746,0,0.33307178616523742,0.34472194910049436,0,0
hospital_removal,1996,V32P-A014747,0,0.3490495651960373,0.3638272672891617,0,0
hospital_removal,1997,V32P-A014748,0,0.13739274740219115,0.14241506755352021,0,0
hospital_removal,1998,V32P-A014749,0,0.49858805537223816,0.50465076565742495,0,0
hospital_removal,1999,V32P-A014750,0,0.48324738740921019,0.48696992397308347,0,0
hospital_removal,2000,V32P-A014751,0,0.45190271735191345,0.45309773087501526,0,0
hospital_removal,2001,V32P-A014752,0,0.38429964184761045,0.38168841004371645,0,0
hospital_removal,2002,V32P-A014753,0,0.31758804619312286,0.31416590511798859,0,0
hospital_removal,2003,V32P-A014754,0,0.15638238638639451,0.15974050909280776,0,0
hospital_removal,2004,V32P-A014791,0,0.39447864890098572,0.38920008540153506,0,0
hospital_removal,2005,V32P-A014792,0,0.39668613076210024,0.38698074221611023,0,0
hospital_removal,2006,V32P-A014793,0,0.36693139672279357,0.35241601467132566,0,0
hospital_removal,2007,V32P-A014794,0,0.2750228703022003,0.26313191652297974,0,0
hospital_removal,2008,V32P-A014795,0,0.19823802411556243,0.19088777899742126,0,0
hospital_removal,2009,V32P-A014796,0,0.083531067520380017,0.084498625248670578,0,0
hospital_removal,2010,V32P-A014797,0,0.41857581138610839,0.44422816634178164,0,0
hospital_removal,2011,V32P-A014798,0,0.44602679908275605,0.46479552686214448,0,0
hospital_removal,2012,V32P-A014799,0,0.42538993358612059,0.43934634327888489,0,0
hospital_removal,2013,V32P-A014800,0,0.35996024012565614,0.36843215227127074,0,0
hospital_removal,2014,V32P-A014801,0,0.30244567394256594,0.30702114701271055,0,0
hospital_removal,2015,V32P-A014802,0,0.1636972613632679,0.16987783685326577,0,0
hospital_removal,2016,V32P-A014827,0,0.77684614658355711,0.75921449661254881,1,1
hospital_removal,2017,V32P-A014828,0,0.69108260869979854,0.66712670326232915,1,1
hospital_removal,2018,V32P-A014829,0,0.60741184949874882,0.58126959800720213,0,0
hospital_removal,2019,V32P-A014830,0,0.54318709373474117,0.51679965257644656,0,0
hospital_removal,2020,V32P-A014831,0,0.52040414810180669,0.49351214170455932,0,0
hospital_removal,2021,V32P-A014832,0,0.22772629857063292,0.22235125601291655,0,0
hospital_removal,2022,V32P-A014851,0,0.52519538998603821,0.54814515113830564,0,0
hospital_removal,2023,V32P-A014852,0,0.53423841595649724,0.54957771301269531,0,0
hospital_removal,2024,V32P-A014853,0,0.50543503761291508,0.51357463002204895,0,0
hospital_removal,2025,V32P-A014854,0,0.42335833311080934,0.42579774260520936,0,0
hospital_removal,2026,V32P-A014855,0,0.33032790422439573,0.33008544445037841,0,0
hospital_removal,2027,V32P-A014856,0,0.13797557204961777,0.13912829905748367,0,0
hospital_removal,2028,V32P-A014941,0,0.49440063238143922,0.50364331007003782,0,0
hospital_removal,2029,V32P-A014942,0,0.46644734144210814,0.47841815948486327,0,0
hospital_removal,2030,V32P-A014943,0,0.39657430946826933,0.40220378935337064,0,0
hospital_removal,2031,V32P-A014944,0,0.32274639010429385,0.32818052768707273,0,0
hospital_removal,2032,V32P-A014945,1,0.25735365748405459,0.26180676817893983,0,0
hospital_removal,2033,V32P-A014946,0,0.025377393141388892,0.027359008416533472,0,0
hospital_removal,2034,V32P-A014947,0,0.74146802425384517,0.73556615114212032,1,1
hospital_removal,2035,V32P-A014948,0,0.63470793962478633,0.63344484567642212,1,1
hospital_removal,2036,V32P-A014949,0,0.52944656610488894,0.51755934953689575,0,0
hospital_removal,2037,V32P-A014950,0,0.57836164236068721,0.57080262899398804,0,0
hospital_removal,2038,V32P-A014951,0,0.41528265476226806,0.40505828261375426,0,0
hospital_removal,2039,V32P-A014952,0,0.036719040386378764,0.037642521411180498,0,0
hospital_removal,2040,V32P-A014989,0,0.7657502293586731,0.77252641916275022,1,1
hospital_removal,2041,V32P-A014990,0,0.52518991827964778,0.53862885832786556,0,0
hospital_removal,2042,V32P-A014991,0,0.44064378142356875,0.45589056611061096,0,0
hospital_removal,2043,V32P-A014992,0,0.52763845920562746,0.54022891521453853,0,0
hospital_removal,2044,V32P-A014993,0,0.36638633310794833,0.38381500542163849,0,0
hospital_removal,2045,V32P-A014994,0,0.14738057255744935,0.15757586359977721,0,0
hospital_removal,2046,V32P-A015013,0,0.73994839191436768,0.75203980207443233,1,1
hospital_removal,2047,V32P-A015014,0,0.6632786870002747,0.68615520000457764,1,1
hospital_removal,2048,V32P-A015015,0,0.59058853983879089,0.6124444723129272,0,0
hospital_removal,2049,V32P-A015016,0,0.51049655675888062,0.53072083592414854,0,0
hospital_removal,2050,V32P-A015017,0,0.43188145458698274,0.45027266442775726,0,0
hospital_removal,2051,V32P-A015018,0,0.24028468728065491,0.24737008810043334,0,0
hospital_removal,2052,V32P-A015037,0,0.46255447864532473,0.48422452807426453,0,0
hospital_removal,2053,V32P-A015038,0,0.49065393805503843,0.50672017931938174,0,0
hospital_removal,2054,V32P-A015039,0,0.47221159338951113,0.48480108380317688,0,0
hospital_removal,2055,V32P-A015040,0,0.4110576629638672,0.42317954301834104,0,0
hospital_removal,2056,V32P-A015041,0,0.33974090516567229,0.3529254525899887,0,0
hospital_removal,2057,V32P-A015042,0,0.025089937821030618,0.026860560849308969,0,0
hospital_removal,2058,V32P-A015163,0,0.40164157748222351,0.3914239168167114,0,0
hospital_removal,2059,V32P-A015164,0,0.36092996597290039,0.3476777136325836,0,0
hospital_removal,2060,V32P-A015165,0,0.31676590442657471,0.30287925004959104,0,0
hospital_removal,2061,V32P-A015166,0,0.24664321541786194,0.23508093357086182,0,0
hospital_removal,2062,V32P-A015167,0,0.18885546326637268,0.18157335519790649,0,0
hospital_removal,2063,V32P-A015168,0,0.082124543190002439,0.082029688358306888,0,0
hospital_removal,2064,V32P-A015169,0,0.61511098146438603,0.61719017028808598,0,0
hospital_removal,2065,V32P-A015170,0,0.50997305512428281,0.51265459656715395,0,0
hospital_removal,2066,V32P-A015171,0,0.45800108313560484,0.45777344107627871,0,0
hospital_removal,2067,V32P-A015172,0,0.37460392117500307,0.36973435878753663,0,0
hospital_removal,2068,V32P-A015173,0,0.28626171350479124,0.27992608547210696,0,0
hospital_removal,2069,V32P-A015174,0,0.12154241502285004,0.1220085620880127,0,0
hospital_removal,2070,V32P-A015199,0,0.57359158992767334,0.57197853326797488,0,0
hospital_removal,2071,V32P-A015200,0,0.45889276862144468,0.45687795281410215,0,0
hospital_removal,2072,V32P-A015201,0,0.42218307256698606,0.41786361932754518,0,0
hospital_removal,2073,V32P-A015202,0,0.37724863886833193,0.36916126608848571,0,0
hospital_removal,2074,V32P-A015203,0,0.30469602048397065,0.29575379192829132,0,0
hospital_removal,2075,V32P-A015204,0,0.12351608127355576,0.12235256582498551,0,0
hospital_removal,2076,V32P-A015205,0,0.74632722139358521,0.74700217247009282,1,1
hospital_removal,2077,V32P-A015206,0,0.72763872146606445,0.73379414081573491,1,1
hospital_removal,2078,V32P-A015207,0,0.75656276941299438,0.75666251182556155,1,1
hospital_removal,2079,V32P-A015208,0,0.71048686504364011,0.71128667593002315,1,1
hospital_removal,2080,V32P-A015209,0,0.69652398824691775,0.68991688489913938,1,1
hospital_removal,2081,V32P-A015210,0,0.35067965090274811,0.35734708309173585,0,0
hospital_removal,2082,V32P-A015259,0,0.79313473701477055,0.7958779573440552,1,1
hospital_removal,2083,V32P-A015260,0,0.69530410766601558,0.70089030265808105,1,1
hospital_removal,2084,V32P-A015261,0,0.62436408996582027,0.63027257919311519,1,1
hospital_removal,2085,V32P-A015262,0,0.54289804697036748,0.54171717166900635,0,0
hospital_removal,2086,V32P-A015263,0,0.56357418894767763,0.55192499756813052,0,0
hospital_removal,2087,V32P-A015264,0,0.25270014107227323,0.248841792345047,0,0
hospital_removal,2088,V32P-A015373,0,0.55673395395278935,0.55762501955032351,0,0
hospital_removal,2089,V32P-A015374,0,0.55672096014022832,0.5457175076007843,0,0
hospital_removal,2090,V32P-A015375,0,0.46155067086219786,0.4469084680080414,0,0
hospital_removal,2091,V32P-A015376,0,0.48965774178504945,0.46983447074890139,0,0
hospital_removal,2092,V32P-A015377,0,0.32428644299507142,0.31132627129554746,0,0
hospital_removal,2093,V32P-A015378,0,0.17258770167827606,0.1711967945098877,0,0
hospital_removal,2094,V32P-A015451,0,0.71271643638610838,0.71325887441635127,1,1
hospital_removal,2095,V32P-A015452,0,0.61426128149032588,0.62065088748931885,0,1
hospital_removal,2096,V32P-A015453,0,0.70299962759017942,0.70515729188919063,1,1
hospital_removal,2097,V32P-A015454,0,0.57062337994575496,0.57389014363288882,0,0
hospital_removal,2098,V32P-A015455,0,0.57618654966354366,0.57840671539306643,0,0
hospital_removal,2099,V32P-A015456,0,0.33512728214263915,0.33807596564292908,0,0
hospital_removal,2100,V32P-A015559,1,0.69072518348693845,0.68470561504364014,1,1
hospital_removal,2101,V32P-A015560,1,0.63877981901168823,0.63925378322601323,1,1
hospital_removal,2102,V32P-A015561,1,0.5799547493457794,0.57214409708976743,0,0
hospital_removal,2103,V32P-A015562,0,0.12079037129878997,0.12225921303033829,0,0
hospital_removal,2104,V32P-A015563,0,0.092543778568506235,0.093827395141124731,0,0
hospital_removal,2105,V32P-A015564,0,0.04090157151222229,0.041837040707468985,0,0
hospital_removal,2106,V32P-A015583,0,0.72935429811477659,0.71934388875961308,1,1
hospital_removal,2107,V32P-A015584,0,0.69389379024505615,0.68844233751297002,1,1
hospital_removal,2108,V32P-A015585,0,0.6855725765228271,0.67761529088020322,1,1
hospital_removal,2109,V32P-A015586,0,0.6408810436725616,0.63652569651603697,1,1
hospital_removal,2110,V32P-A015587,1,0.60571306943893433,0.60276084542274477,0,0
hospital_removal,2111,V32P-A015588,0,0.054103042185306552,0.057158535718917845,0,0
hospital_removal,2112,V32P-A015595,0,0.62490153312683105,0.6427564859390259,1,1
hospital_removal,2113,V32P-A015596,0,0.60813395977020268,0.62172096967697144,0,1
hospital_removal,2114,V32P-A015597,0,0.55875702500343327,0.57424044013023379,0,0
hospital_removal,2115,V32P-A015598,0,0.56014515757560734,0.57484998106956486,0,0
hospital_removal,2116,V32P-A015599,0,0.50811994671821592,0.5253768265247345,0,0
hospital_removal,2117,V32P-A015600,0,0.06091478634625673,0.067811889015138155,0,0
hospital_removal,2118,V32P-A015607,0,0.52609821557998659,0.50452947020530703,0,0
hospital_removal,2119,V32P-A015608,0,0.49506542682647703,0.47290050983428955,0,0
hospital_removal,2120,V32P-A015609,0,0.47467640042304993,0.4516798436641693,0,0
hospital_removal,2121,V32P-A015610,0,0.45316752195358279,0.43164026141166689,0,0
hospital_removal,2122,V32P-A015611,0,0.3812045931816101,0.36229928135871886,0,0
hospital_removal,2123,V32P-A015612,0,0.17777260690927504,0.17395370602607726,0,0
hospital_removal,2124,V32P-A015679,0,0.72240539789199831,0.72189149856567381,1,1
hospital_removal,2125,V32P-A015680,0,0.52647243738174443,0.53518102765083309,0,0
hospital_removal,2126,V32P-A015681,0,0.4573922038078308,0.46301017999649047,0,0
hospital_removal,2127,V32P-A015682,0,0.46610980033874511,0.47787075638771059,0,0
hospital_removal,2128,V32P-A015683,0,0.28609654009342195,0.29838127791881563,0,0
hospital_removal,2129,V32P-A015684,0,0.12473162114620209,0.12832552343606948,0,0
hospital_removal,2130,V32P-A015691,0,0.58552342653274536,0.57167664170265198,0,0
hospital_removal,2131,V32P-A015692,0,0.56532831192016597,0.54756831526756289,0,0
hospital_removal,2132,V32P-A015693,0,0.51598019003868101,0.49650650620460512,0,0
hospital_removal,2133,V32P-A015694,0,0.4419083297252655,0.42501472830772402,0,0
hospital_removal,2134,V32P-A015695,0,0.36438554525375366,0.34960425198078154,0,0
hospital_removal,2135,V32P-A015696,0,0.15788966864347459,0.15500458627939223,0,0
hospital_removal,2136,V32P-A015835,0,0.8189949512481689,0.80056449174880984,1,1
hospital_removal,2137,V32P-A015836,0,0.65909608602523806,0.65448645353317259,1,1
hospital_removal,2138,V32P-A015837,0,0.58755210638046262,0.58762952089309695,0,0
hospital_removal,2139,V32P-A015838,0,0.5680765748023987,0.56574290394783022,0,0
hospital_removal,2140,V32P-A015839,0,0.40796889066696168,0.40700097680091857,0,0
hospital_removal,2141,V32P-A015840,0,0.20679401010274887,0.21047469824552537,0,0
hospital_removal,2142,V32P-A015889,0,0.68776195049285893,0.70141632556915279,1,1
hospital_removal,2143,V32P-A015890,0,0.68123592138290401,0.68878229856491091,1,1
hospital_removal,2144,V32P-A015891,0,0.64521969556808467,0.6460238456726074,1,1
hospital_removal,2145,V32P-A015892,0,0.59050889015197749,0.58830755949020386,0,0
hospital_removal,2146,V32P-A015893,0,0.55834406614303589,0.55733373761177063,0,0
hospital_removal,2147,V32P-A015894,0,0.33308821022510526,0.33543710708618163,0,0
hospital_removal,2148,V32P-A015913,0,0.60209847688674922,0.61328161954879756,0,0
hospital_removal,2149,V32P-A015914,0,0.54933680295944209,0.55399295091629031,0,0
hospital_removal,2150,V32P-A015915,0,0.50368196964263912,0.49997018575668334,0,0
hospital_removal,2151,V32P-A015916,0,0.45274392962455751,0.44242705106735231,0,0
hospital_removal,2152,V32P-A015917,0,0.3892617464065552,0.37487366795539856,0,0
hospital_removal,2153,V32P-A015918,0,0.18391460031270981,0.17975194007158279,0,0
hospital_removal,2154,V32P-A015919,0,0.80878987312316897,0.81740255355834956,1,1
hospital_removal,2155,V32P-A015920,0,0.68543161153793331,0.70261944532394405,1,1
hospital_removal,2156,V32P-A015921,0,0.58757136464118953,0.60537996888160706,0,0
hospital_removal,2157,V32P-A015922,0,0.63376207351684566,0.6461056709289551,1,1
hospital_removal,2158,V32P-A015923,0,0.52325645089149475,0.54676010012626652,0,0
hospital_removal,2159,V32P-A015924,0,0.23566221594810485,0.26212257146835327,0,0
hospital_removal,2160,V32P-A015961,0,0.30282189846038821,0.3030800700187683,0,0
hospital_removal,2161,V32P-A015962,0,0.28595978319644927,0.28459787666797637,0,0
hospital_removal,2162,V32P-A015963,0,0.25949886739253997,0.25991532504558562,0,0
hospital_removal,2163,V32P-A015964,0,0.20463073253631592,0.20582125782966615,0,0
hospital_removal,2164,V32P-A015965,0,0.16773417294025422,0.16942992210388183,0,0
hospital_removal,2165,V32P-A015966,0,0.079639326035976413,0.08260670602321625,0,0
hospital_removal,2166,V32P-A015979,0,0.84561991691589355,0.84887665510177612,1,1
hospital_removal,2167,V32P-A015980,0,0.73506559133529659,0.74311113357543945,1,1
hospital_removal,2168,V32P-A015981,0,0.65926432609558105,0.6660994291305542,1,1
hospital_removal,2169,V32P-A015982,0,0.55877482891082764,0.56307810544967651,0,0
hospital_removal,2170,V32P-A015983,0,0.49903328418731691,0.50323270559310918,0,0
hospital_removal,2171,V32P-A015984,0,0.30081056654453275,0.3039202719926834,0,0
hospital_removal,2172,V32P-A016015,0,0.69062106609344487,0.7023287773132324,1,1
hospital_removal,2173,V32P-A016016,0,0.6482206344604492,0.65485008955001833,1,1
hospital_removal,2174,V32P-A016017,0,0.60350328683853149,0.59989137649536128,0,0
hospital_removal,2175,V32P-A016018,0,0.52269211411476135,0.5077812254428864,0,0
hospital_removal,2176,V32P-A016019,0,0.42835386991500857,0.4114789843559265,0,0
hospital_removal,2177,V32P-A016020,0,0.20004724562168122,0.19442173838615417,0,0
hospital_removal,2178,V32P-A016021,0,0.59271439313888552,0.59561553001403811,0,0
hospital_removal,2179,V32P-A016022,0,0.52183476686477659,0.51849584579467778,0,0
hospital_removal,2180,V32P-A016023,0,0.46027222871780393,0.45034222602844237,0,0
hospital_removal,2181,V32P-A016024,0,0.37070507109165191,0.36336711347103118,0,0
hospital_removal,2182,V32P-A016025,0,0.30295732915401458,0.29921820759773254,0,0
hospital_removal,2183,V32P-A016026,0,0.1366592064499855,0.13938937038183213,0,0
hospital_removal,2184,V32P-A016063,0,0.40718500018119813,0.41164102554321291,0,0
hospital_removal,2185,V32P-A016064,0,0.4478746712207794,0.44859090447425842,0,0
hospital_removal,2186,V32P-A016065,0,0.38123093843460082,0.37729249000549314,0,0
hospital_removal,2187,V32P-A016066,0,0.28187639713287355,0.28372336626052858,0,0
hospital_removal,2188,V32P-A016067,0,0.21142584979534149,0.21786538064479827,0,0
hospital_removal,2189,V32P-A016068,0,0.0855410486459732,0.090280537307262418,0,0
hospital_removal,2190,V32P-A016117,0,0.46456693410873412,0.47386277914047242,0,0
hospital_removal,2191,V32P-A016118,0,0.3526300609111786,0.36777337193489074,0,0
hospital_removal,2192,V32P-A016119,0,0.31928985118865966,0.33563184142112734,0,0
hospital_removal,2193,V32P-A016120,0,0.24649167060852051,0.26216584444046021,0,0
hospital_removal,2194,V32P-A016121,0,0.18869644701480864,0.20120318233966827,0,0
hospital_removal,2195,V32P-A016122,0,0.074006976932287222,0.082192706316709524,0,0
hospital_removal,2196,V32P-A016201,0,0.44631521701812743,0.44130812287330629,0,0
hospital_removal,2197,V32P-A016202,0,0.42606716156005858,0.417684406042099,0,0
hospital_removal,2198,V32P-A016203,0,0.38855734467506409,0.37958357930183412,0,0
hospital_removal,2199,V32P-A016204,0,0.31390026211738586,0.30879967808723452,0,0
hospital_removal,2200,V32P-A016205,0,0.25564718842506406,0.25936043858528135,0,0
hospital_removal,2201,V32P-A016206,0,0.11284600794315339,0.11615302860736847,0,0
hospital_removal,2202,V32P-A016225,0,0.58247426152229309,0.60105071067810056,0,0
hospital_removal,2203,V32P-A016226,0,0.63366935253143308,0.63428984880447392,1,1
hospital_removal,2204,V32P-A016227,0,0.64934166669845583,0.64287645816802974,1,1
hospital_removal,2205,V32P-A016228,1,0.66694478988647465,0.66074606180191042,1,1
hospital_removal,2206,V32P-A016229,0,0.10564227402210236,0.11339680850505829,0,0
hospital_removal,2207,V32P-A016230,0,0.043067333102226255,0.047429081052541733,0,0
hospital_removal,2208,V32P-A016291,0,0.55826880335807805,0.56880063414573667,0,0
hospital_removal,2209,V32P-A016292,0,0.62367488145828243,0.63019686937332153,1,1
hospital_removal,2210,V32P-A016293,0,0.64580912590026851,0.6468939065933228,1,1
hospital_removal,2211,V32P-A016294,0,0.59158324003219609,0.58811707496643062,0,0
hospital_removal,2212,V32P-A016295,0,0.51891784071922298,0.51502534747123718,0,0
hospital_removal,2213,V32P-A016296,0,0.27682293951511383,0.27493355274200437,0,0
hospital_removal,2214,V32P-A016303,0,0.59115597009658816,0.59076849222183225,0,0
hospital_removal,2215,V32P-A016304,0,0.44046884775161743,0.44489197731018065,0,0
hospital_removal,2216,V32P-A016305,0,0.37691184282302859,0.37668817043304442,0,0
hospital_removal,2217,V32P-A016306,0,0.36315435767173765,0.36721418499946595,0,0
hospital_removal,2218,V32P-A016307,1,0.30347695648670198,0.30948802530765535,0,0
hospital_removal,2219,V32P-A016308,0,0.025813556648790835,0.02777619268745184,0,0
hospital_removal,2220,V32P-A016423,0,0.67415739297866817,0.68426864147186284,1,1
hospital_removal,2221,V32P-A016424,0,0.56232596039772031,0.57118547558784483,0,0
hospital_removal,2222,V32P-A016425,0,0.50122210383415222,0.50234368443489075,0,0
hospital_removal,2223,V32P-A016426,0,0.4342185318470001,0.43402486443519595,0,0
hospital_removal,2224,V32P-A016427,0,0.33573756814002992,0.33758898973464968,0,0
hospital_removal,2225,V32P-A016428,0,0.16282857656478883,0.16465896964073182,0,0
hospital_removal,2226,V32P-A016435,0,0.61054303646087649,0.60674932003021242,0,0
hospital_removal,2227,V32P-A016436,0,0.44500555396080016,0.4461049258708954,0,0
hospital_removal,2228,V32P-A016437,0,0.49920666813850401,0.49841803908348081,0,0
hospital_removal,2229,V32P-A016438,0,0.46223064064979552,0.46257895827293394,0,0
hospital_removal,2230,V32P-A016439,0,0.36381913423538209,0.37081481218338014,0,0
hospital_removal,2231,V32P-A016440,0,0.16055434197187424,0.17614169567823409,0,0
hospital_removal,2232,V32P-A016471,0,0.63910127878189082,0.65329174995422368,1,1
hospital_removal,2233,V32P-A016472,0,0.4842438757419586,0.51099396944046016,0,0
hospital_removal,2234,V32P-A016473,0,0.51009078025817867,0.52326470613479614,0,0
hospital_removal,2235,V32P-A016474,0,0.46951837539672853,0.47961905598640442,0,0
hospital_removal,2236,V32P-A016475,0,0.45836153626441956,0.46770034432411195,0,0
hospital_removal,2237,V32P-A016476,0,0.19006827771663665,0.19838010370731354,0,0
hospital_removal,2238,V32P-A016507,0,0.81143431663513188,0.81219017505645752,1,1
hospital_removal,2239,V32P-A016508,0,0.70380765199661255,0.71195877790451045,1,1
hospital_removal,2240,V32P-A016509,0,0.75932321548461912,0.7573383688926697,1,1
hospital_removal,2241,V32P-A016510,0,0.50936710238456728,0.51312095522880552,0,0
hospital_removal,2242,V32P-A016511,0,0.44518859386444093,0.44876860380172728,0,0
hospital_removal,2243,V32P-A016512,0,0.034014617651700975,0.035509871691465376,0,0
hospital_removal,2244,V32P-A016603,0,0.82471220493316655,0.83913893699645992,1,1
hospital_removal,2245,V32P-A016604,0,0.73177957534790039,0.75745270252227781,1,1
hospital_removal,2246,V32P-A016605,0,0.62183318138122556,0.65040624141693115,1,1
hospital_removal,2247,V32P-A016606,0,0.56762879490852358,0.59386523365974431,0,0
hospital_removal,2248,V32P-A016607,0,0.55041502118110652,0.57305688261985777,0,0
hospital_removal,2249,V32P-A016608,0,0.26288463473320006,0.2817755162715912,0,0
hospital_removal,2250,V32P-A016645,1,0.73360338211059573,0.72251034975051875,1,1
hospital_removal,2251,V32P-A016646,1,0.58848135471343999,0.58704133033752437,0,0
hospital_removal,2252,V32P-A016647,0,0.34146227240562438,0.35530897974967957,0,0
hospital_removal,2253,V32P-A016648,0,0.10352290421724319,0.10696293115615844,0,0
hospital_removal,2254,V32P-A016649,0,0.076352604478597638,0.07902957201004028,0,0
hospital_removal,2255,V32P-A016650,0,0.0329029930755496,0.034089783765375616,0,0
hospital_removal,2256,V32P-A016687,0,0.75515230894088747,0.7477277874946594,1,1
hospital_removal,2257,V32P-A016688,0,0.6619301438331604,0.66179338693618772,1,1
hospital_removal,2258,V32P-A016689,0,0.61208176612854004,0.60416040420532224,0,0
hospital_removal,2259,V32P-A016690,0,0.58542806506156919,0.57935842871665955,0,0
hospital_removal,2260,V32P-A016691,0,0.50987092256546018,0.50212641954421999,0,0
hospital_removal,2261,V32P-A016692,0,0.25587157905101776,0.24955924451351166,0,0
hospital_removal,2262,V32P-A016705,0,0.36001754403114317,0.35322939753532412,0,0
hospital_removal,2263,V32P-A016706,0,0.37971785664558411,0.37357815504074099,0,0
hospital_removal,2264,V32P-A016707,0,0.34598515033721922,0.33997356295585635,0,0
hospital_removal,2265,V32P-A016708,0,0.27636166214942931,0.27022744417190553,0,0
hospital_removal,2266,V32P-A016709,0,0.21881782412528991,0.21305165588855743,0,0
hospital_removal,2267,V32P-A016710,0,0.095603340864181513,0.095937605202198031,0,0
hospital_removal,2268,V32P-A016783,1,0.67862960100173952,0.69363148212432857,1,1
hospital_removal,2269,V32P-A016784,1,0.5443009674549103,0.57034780383110051,0,0
hospital_removal,2270,V32P-A016785,1,0.45391129255294799,0.48339361548423765,0,0
hospital_removal,2271,V32P-A016786,0,0.096375277638435369,0.11078618168830871,0,0
hospital_removal,2272,V32P-A016787,0,0.070249433815479281,0.078354439139366155,0,0
hospital_removal,2273,V32P-A016788,0,0.033631357830017805,0.036935525108128787,0,0
hospital_removal,2274,V32P-A016795,0,0.48990766406059266,0.51379252076148985,0,0
hospital_removal,2275,V32P-A016796,0,0.43470990657806396,0.46407064199447634,0,0
hospital_removal,2276,V32P-A016797,0,0.49540960192680361,0.514104300737381,0,0
hospital_removal,2277,V32P-A016798,0,0.4465565621852875,0.46501889824867249,0,0
hospital_removal,2278,V32P-A016799,1,0.36356856822967532,0.38557143211364747,0,0
hospital_removal,2279,V32P-A016800,0,0.02668944150209427,0.030953049659729004,0,0
hospital_removal,2280,V32P-A016801,1,0.74992563724517824,0.74198281764984131,1,1
hospital_removal,2281,V32P-A016802,1,0.6295110702514648,0.63527290821075444,1,1
hospital_removal,2282,V32P-A016803,1,0.57968875765800476,0.58516581654548649,0,0
hospital_removal,2283,V32P-A016804,0,0.099347946792840952,0.10406645163893699,0,0
hospital_removal,2284,V32P-A016805,0,0.07372173890471459,0.077002724260091776,0,0
hospital_removal,2285,V32P-A016806,0,0.032228074781596658,0.034057939983904363,0,0
hospital_removal,2286,V32P-A016813,0,0.56582354307174687,0.57154217958450315,0,0
hospital_removal,2287,V32P-A016814,0,0.42951110005378723,0.43842539191246033,0,0
hospital_removal,2288,V32P-A016815,0,0.38734343051910403,0.3947665333747864,0,0
hospital_removal,2289,V32P-A016816,0,0.30827004313468931,0.31173028349876403,0,0
hospital_removal,2290,V32P-A016817,0,0.24127854406833649,0.24298330247402192,0,0
hospital_removal,2291,V32P-A016818,0,0.10801055207848549,0.10872742310166358,0,0
hospital_removal,2292,V32P-A016831,0,0.70975290536880498,0.71850801706314082,1,1
hospital_removal,2293,V32P-A016832,0,0.63910208940505986,0.64798052310943599,1,1
hospital_removal,2294,V32P-A016833,0,0.56097235679626467,0.56861519217491152,0,0
hospital_removal,2295,V32P-A016834,0,0.47295788526535032,0.47664686441421511,0,0
hospital_removal,2296,V32P-A016835,0,0.46324113011360168,0.4632743835449219,0,0
hospital_removal,2297,V32P-A016836,0,0.035774591937661172,0.036753419600427148,0,0
hospital_removal,2298,V32P-A016867,0,0.7438372731208801,0.74603739976882932,1,1
hospital_removal,2299,V32P-A016868,0,0.6701724171638489,0.67391154766082761,1,1
hospital_removal,2300,V32P-A016869,0,0.64161057472228999,0.64196834564208982,1,1
hospital_removal,2301,V32P-A016870,0,0.68521107435226436,0.6865674734115601,1,1
hospital_removal,2302,V32P-A016871,0,0.57804154157638554,0.57774795293807979,0,0
hospital_removal,2303,V32P-A016872,0,0.058790260180830958,0.061933776736259459,0,0
hospital_removal,2304,V32P-A016957,0,0.78188717365264893,0.78338893651962282,1,1
hospital_removal,2305,V32P-A016958,0,0.69342765808105467,0.70533071756362919,1,1
hospital_removal,2306,V32P-A016959,0,0.63934912681579592,0.64936984777450557,1,1
hospital_removal,2307,V32P-A016960,0,0.57154756784439087,0.58075649142265318,0,0
hospital_removal,2308,V32P-A016961,0,0.48095127344131472,0.48307695984840393,0,0
hospital_removal,2309,V32P-A016962,0,0.2636641889810562,0.26346485018730165,0,0
hospital_removal,2310,V32P-A017059,0,0.73820462226867678,0.73378660678863528,1,1
hospital_removal,2311,V32P-A017060,0,0.6663794636726379,0.66180529594421389,1,1
hospital_removal,2312,V32P-A017061,0,0.67095236778259282,0.66755623817443843,1,1
hospital_removal,2313,V32P-A017062,0,0.65319507122039799,0.64384274482727055,1,1
hospital_removal,2314,V32P-A017063,0,0.61668794155120854,0.6049274623394012,0,0
hospital_removal,2315,V32P-A017064,0,0.35607202649116515,0.34866484701633454,0,0
hospital_removal,2316,V32P-A017077,0,0.62343281507492065,0.6178258419036865,1,0
hospital_removal,2317,V32P-A017078,0,0.65194025039672854,0.64779655933380131,1,1
hospital_removal,2318,V32P-A017079,0,0.60835548043251042,0.60302219986915584,0,0
hospital_removal,2319,V32P-A017080,0,0.54074111580848694,0.53004155755043025,0,0
hospital_removal,2320,V32P-A017081,0,0.38724296987056733,0.36980501115322112,0,0
hospital_removal,2321,V32P-A017082,0,0.15481117814779283,0.14599889665842056,0,0
hospital_removal,2322,V32P-A017089,1,0.83805551528930666,0.83977882862091069,1,1
hospital_removal,2323,V32P-A017090,1,0.7609783411026001,0.77050751447677612,1,1
hospital_removal,2324,V32P-A017091,1,0.80492252111434937,0.81029740571975706,1,1
hospital_removal,2325,V32P-A017092,0,0.19329306781291961,0.21010842323303222,0,0
hospital_removal,2326,V32P-A017093,0,0.15739412158727645,0.17154522091150284,0,0
hospital_removal,2327,V32P-A017094,0,0.053167059272527697,0.058006215840578079,0,0
hospital_removal,2328,V32P-A017167,1,0.73049731254577632,0.72262599468231203,1,1
hospital_removal,2329,V32P-A017168,1,0.63543204069137571,0.62537958621978762,1,1
hospital_removal,2330,V32P-A017169,1,0.53677923679351802,0.52698086500167851,0,0
hospital_removal,2331,V32P-A017170,0,0.10724993497133255,0.10691120028495789,0,0
hospital_removal,2332,V32P-A017171,0,0.072195000946521759,0.072742089629173279,0,0
hospital_removal,2333,V32P-A017172,0,0.02973173577338457,0.030484511516988277,0,0
hospital_removal,2334,V32P-A017185,0,0.64896603822708132,0.66340481042861943,1,1
hospital_removal,2335,V32P-A017186,0,0.5734436690807343,0.59182199835777283,0,0
hospital_removal,2336,V32P-A017187,0,0.52144013643264775,0.53396544456481931,0,0
hospital_removal,2337,V32P-A017188,0,0.42574132680892945,0.43353758454322816,0,0
hospital_removal,2338,V32P-A017189,0,0.32222889661788939,0.32941073775291441,0,0
hospital_removal,2339,V32P-A017190,0,0.13644338250160218,0.14158595800399781,0,0
hospital_removal,2340,V32P-A017281,0,0.57756757736206055,0.58801237344741819,0,0
hospital_removal,2341,V32P-A017282,0,0.50945321321487425,0.49937140941619873,0,0
hospital_removal,2342,V32P-A017283,0,0.46478602290153503,0.44604345560073855,0,0
hospital_removal,2343,V32P-A017284,0,0.40075280070304869,0.38086954951286317,0,0
hospital_removal,2344,V32P-A017285,0,0.31773974597454069,0.30136597156524658,0,0
hospital_removal,2345,V32P-A017286,0,0.13327638506889344,0.12885912954807283,0,0
hospital_removal,2346,V32P-A017341,0,0.80102874040603633,0.7923945307731628,1,1
hospital_removal,2347,V32P-A017342,0,0.68446328639984133,0.68013795614242556,1,1
hospital_removal,2348,V32P-A017343,0,0.5967008709907532,0.58246760368347172,0,0
hospital_removal,2349,V32P-A017344,0,0.52423971891403198,0.5110963821411133,0,0
hospital_removal,2350,V32P-A017345,0,0.53303266167640684,0.52293739318847654,0,0
hospital_removal,2351,V32P-A017346,0,0.20322373509407043,0.20614044964313508,0,0
hospital_removal,2352,V32P-A017383,0,0.59421228170394902,0.57501593828201292,0,0
hospital_removal,2353,V32P-A017384,0,0.58329974412918095,0.56488610506057735,0,0
hospital_removal,2354,V32P-A017385,0,0.58617774248123167,0.56519797444343567,0,0
hospital_removal,2355,V32P-A017386,0,0.53599803447723393,0.5158896923065186,0,0
hospital_removal,2356,V32P-A017387,0,0.47924643754959106,0.46084477901458742,0,0
hospital_removal,2357,V32P-A017388,0,0.26382094323635102,0.25690626800060273,0,0
hospital_removal,2358,V32P-A017401,0,0.44182963967323302,0.43596233725547789,0,0
hospital_removal,2359,V32P-A017402,0,0.44067263007164004,0.42565054297447202,0,0
hospital_removal,2360,V32P-A017403,0,0.4095234453678131,0.39373391270637514,0,0
hospital_removal,2361,V32P-A017404,0,0.32280039191246035,0.3123936027288437,0,0
hospital_removal,2362,V32P-A017405,0,0.25364708304405215,0.24774373173713685,0,0
hospital_removal,2363,V32P-A017406,0,0.1111394815146923,0.11152567416429519,0,0
hospital_removal,2364,V32P-A017407,0,0.64823349714279177,0.66891933679580684,1,1
hospital_removal,2365,V32P-A017408,0,0.65842427015304561,0.67710803747177128,1,1
hospital_removal,2366,V32P-A017409,0,0.67042075395584111,0.68631681203842165,1,1
hospital_removal,2367,V32P-A017410,1,0.63511306047439575,0.65398933887481692,1,1
hospital_removal,2368,V32P-A017411,0,0.09453736394643783,0.10419038832187652,0,0
hospital_removal,2369,V32P-A017412,0,0.044836985692381856,0.04837324135005474,0,0
hospital_removal,2370,V32P-A017419,0,0.62621423006057741,0.60983072519302373,1,0
hospital_removal,2371,V32P-A017420,0,0.53612670898437498,0.52151602506637573,0,0
hospital_removal,2372,V32P-A017421,0,0.46034305095672606,0.44785130620002744,0,0
hospital_removal,2373,V32P-A017422,0,0.37752966880798339,0.36720318794250489,0,0
hospital_removal,2374,V32P-A017423,0,0.35149230062961578,0.34172630012035371,0,0
hospital_removal,2375,V32P-A017424,0,0.15878560841083528,0.1624688059091568,0,0
hospital_removal,2376,V32P-A017455,1,0.78459361791610716,0.78440792560577388,1,1
hospital_removal,2377,V32P-A017456,1,0.70645010471343994,0.71709071397781377,1,1
hospital_removal,2378,V32P-A017457,1,0.61926344633102415,0.62680864334106445,0,1
hospital_removal,2379,V32P-A017458,0,0.13730659633874892,0.14873632192611694,0,0
hospital_removal,2380,V32P-A017459,0,0.099479445815086359,0.10703438892960548,0,0
hospital_removal,2381,V32P-A017460,0,0.042931201867759228,0.045449514873325825,0,0
hospital_removal,2382,V32P-A017461,0,0.65493913888931277,0.64224504232406621,1,1
hospital_removal,2383,V32P-A017462,0,0.56984499096870422,0.56572104096412656,0,0
hospital_removal,2384,V32P-A017463,0,0.54722927808761601,0.54307734966278076,0,0
hospital_removal,2385,V32P-A017464,0,0.49808076024055481,0.4948592483997345,0,0
hospital_removal,2386,V32P-A017465,0,0.42054964303970338,0.41633068919181826,0,0
hospital_removal,2387,V32P-A017466,0,0.20447950065135956,0.20235950946807862,0,0
hospital_removal,2388,V32P-A017551,1,0.7394227266311646,0.74186356067657466,1,1
hospital_removal,2389,V32P-A017552,1,0.63043581247329716,0.63933902978897095,1,1
hospital_removal,2390,V32P-A017553,0,0.21277568638324737,0.22121159136295318,0,0
hospital_removal,2391,V32P-A017554,0,0.20854130983352662,0.21638632118701934,0,0
hospital_removal,2392,V32P-A017555,0,0.13016094714403154,0.13585879355669023,0,0
hospital_removal,2393,V32P-A017556,0,0.057041115686297418,0.059170427173376082,0,0
hospital_removal,2394,V32P-A017653,0,0.59530129432678225,0.57692836523056035,0,0
hospital_removal,2395,V32P-A017654,0,0.4794194161891937,0.46560689210891726,0,0
hospital_removal,2396,V32P-A017655,0,0.61237213611602781,0.59982031583786011,0,0
hospital_removal,2397,V32P-A017656,0,0.51153092980384829,0.49644296169281005,0,0
hospital_removal,2398,V32P-A017657,0,0.43587768077850342,0.42178039550781249,0,0
hospital_removal,2399,V32P-A017658,0,0.22349053621292114,0.21540234088897706,0,0
hospital_removal,2400,V32P-A017659,0,0.71139081716537478,0.70213396549224849,1,1
hospital_removal,2401,V32P-A017660,0,0.65915867090225222,0.64970854520797727,1,1
hospital_removal,2402,V32P-A017661,0,0.61704767942428584,0.60417414903640743,0,0
hospital_removal,2403,V32P-A017662,0,0.58332673311233518,0.56702536940574644,0,0
hospital_removal,2404,V32P-A017663,0,0.57048047780990596,0.55514631271362302,0,0
hospital_removal,2405,V32P-A017664,0,0.044611258432269096,0.047294491901993752,0,0
hospital_removal,2406,V32P-A017689,0,0.69045232534408574,0.68466911315917967,1,1
hospital_removal,2407,V32P-A017690,0,0.61671601533889775,0.61074124574661259,0,0
hospital_removal,2408,V32P-A017691,0,0.59793214797973637,0.5852802634239197,0,0
hospital_removal,2409,V32P-A017692,0,0.58764601349830625,0.56943598985671995,0,0
hospital_removal,2410,V32P-A017693,1,0.53202645182609554,0.51498492360115056,0,0
hospital_removal,2411,V32P-A017694,0,0.040976193174719809,0.04230033680796623,0,0
hospital_removal,2412,V32P-A017695,0,0.40710738897323606,0.4086147606372833,0,0
hospital_removal,2413,V32P-A017696,0,0.40795204043388367,0.40444282889366151,0,0
hospital_removal,2414,V32P-A017697,0,0.35759633183479311,0.35055273175239565,0,0
hospital_removal,2415,V32P-A017698,0,0.28650493025779722,0.28082822561264037,0,0
hospital_removal,2416,V32P-A017699,0,0.22057013511657714,0.21866827607154846,0,0
hospital_removal,2417,V32P-A017700,0,0.098557979613542554,0.10089159980416298,0,0
hospital_removal,2418,V32P-A017701,1,0.64294111728668213,0.6533113837242126,1,1
hospital_removal,2419,V32P-A017702,1,0.67972105741500854,0.68663017749786381,1,1
hospital_removal,2420,V32P-A017703,1,0.49394947886466978,0.49120169878005981,0,0
hospital_removal,2421,V32P-A017704,0,0.11823427453637123,0.11921908184885979,0,0
hospital_removal,2422,V32P-A017705,0,0.13583681210875512,0.13947447910904884,0,0
hospital_removal,2423,V32P-A017706,0,0.038311694003641608,0.038802070356905458,0,0
hospital_removal,2424,V32P-A017731,0,0.67171216011047363,0.67963399887084963,1,1
hospital_removal,2425,V32P-A017732,0,0.6021392166614532,0.61255561709403994,0,0
hospital_removal,2426,V32P-A017733,0,0.60894905328750615,0.61652469635009766,0,0
hospital_removal,2427,V32P-A017734,0,0.5591084778308868,0.56598752140998843,0,0
hospital_removal,2428,V32P-A017735,1,0.47973915934562683,0.49273671507835387,0,0
hospital_removal,2429,V32P-A017736,0,0.03817331325262785,0.044184387661516666,0,0
hospital_removal,2430,V32P-A017779,0,0.66590087413787846,0.6706292390823364,1,1
hospital_removal,2431,V32P-A017780,0,0.58434299826622005,0.58544724583625796,0,0
hospital_removal,2432,V32P-A017781,0,0.50051025152206419,0.49605728387832643,0,0
hospital_removal,2433,V32P-A017782,0,0.47209541201591493,0.4628107726573944,0,0
hospital_removal,2434,V32P-A017783,0,0.44167189598083495,0.43156933784484863,0,0
hospital_removal,2435,V32P-A017784,0,0.22740984857082366,0.22785969078540802,0,0
hospital_removal,2436,V32P-A017821,0,0.62076740264892583,0.62657068967819218,1,1
hospital_removal,2437,V32P-A017822,0,0.52004305124282835,0.53194037675857542,0,0
hospital_removal,2438,V32P-A017823,0,0.46900812387466428,0.48183962106704714,0,0
hospital_removal,2439,V32P-A017824,0,0.39669387936592104,0.40619112849235534,0,0
hospital_removal,2440,V32P-A017825,0,0.31945286393165589,0.32555860877037046,0,0
hospital_removal,2441,V32P-A017826,0,0.15561921894550323,0.15668360888957977,0,0
hospital_removal,2442,V32P-A017851,0,0.73385286331176758,0.73525640964508054,1,1
hospital_removal,2443,V32P-A017852,0,0.51480329036712646,0.5203285813331604,0,0
hospital_removal,2444,V32P-A017853,0,0.54692104458808899,0.55704561471939085,0,0
hospital_removal,2445,V32P-A017854,0,0.56233109831810002,0.56521006226539616,0,0
hospital_removal,2446,V32P-A017855,0,0.41788109540939333,0.423193895816803,0,0
hospital_removal,2447,V32P-A017856,0,0.18848613649606705,0.1946490302681923,0,0
hospital_removal,2448,V32P-A017875,0,0.4903453975915909,0.50706283152103426,0,0
hospital_removal,2449,V32P-A017876,0,0.55856103897094722,0.56400525569915771,0,0
hospital_removal,2450,V32P-A017877,0,0.54556165337562557,0.54719474911689758,0,0
hospital_removal,2451,V32P-A017878,0,0.48829553127288816,0.4864813804626465,0,0
hospital_removal,2452,V32P-A017879,0,0.40525255203247068,0.40322265624999998,0,0
hospital_removal,2453,V32P-A017880,0,0.17662452906370163,0.18197379261255264,0,0
hospital_removal,2454,V32P-A017905,1,0.57446807622909546,0.56847617626190183,0,0
hospital_removal,2455,V32P-A017906,1,0.53686932921409602,0.52897382378578184,0,0
hospital_removal,2456,V32P-A017907,1,0.56818506121635437,0.55687273144721983,0,0
hospital_removal,2457,V32P-A017908,0,0.092491801083087924,0.094795787334442133,0,0
hospital_removal,2458,V32P-A017909,0,0.071421563625335693,0.073929332196712494,0,0
hospital_removal,2459,V32P-A017910,0,0.033303222805261615,0.03516094423830509,0,0
hospital_removal,2460,V32P-A017923,0,0.66444056034088139,0.67757921218872075,1,1
hospital_removal,2461,V32P-A017924,0,0.52498090863227842,0.55229191780090336,0,0
hospital_removal,2462,V32P-A017925,0,0.44833021163940429,0.44856777787208557,0,0
hospital_removal,2463,V32P-A017926,0,0.4030675172805786,0.39995678067207335,0,0
hospital_removal,2464,V32P-A017927,0,0.36821188032627106,0.36336641609668729,0,0
hospital_removal,2465,V32P-A017928,0,0.030828583240509033,0.032554296962916854,0,0
hospital_removal,2466,V32P-A018001,0,0.78223879337310787,0.78098711967468259,1,1
hospital_removal,2467,V32P-A018002,0,0.63492108583450313,0.63557654619216919,1,1
hospital_removal,2468,V32P-A018003,0,0.56002975702285762,0.55979512929916386,0,0
hospital_removal,2469,V32P-A018004,0,0.50696630477905269,0.50595912337303162,0,0
hospital_removal,2470,V32P-A018005,0,0.47590343356132508,0.47419041991233823,0,0
hospital_removal,2471,V32P-A018006,0,0.21531680822372437,0.21623630821704865,0,0
hospital_removal,2472,V32P-A018007,0,0.46393661499023436,0.49339157938957212,0,0
hospital_removal,2473,V32P-A018008,0,0.45227745175361633,0.47694936990737913,0,0
hospital_removal,2474,V32P-A018009,0,0.430331689119339,0.45070260763168335,0,0
hospital_removal,2475,V32P-A018010,0,0.36027216613292695,0.37766664326190946,0,0
hospital_removal,2476,V32P-A018011,0,0.2856369435787201,0.30314561724662781,0,0
hospital_removal,2477,V32P-A018012,0,0.12643707394599915,0.13984548449516296,0,0
hospital_removal,2478,V32P-A018013,0,0.61474200487136843,0.61339505910873415,0,0
hospital_removal,2479,V32P-A018014,0,0.45733696222305298,0.46475884914398191,0,0
hospital_removal,2480,V32P-A018015,0,0.32317132949829103,0.34976977705955503,0,0
hospital_removal,2481,V32P-A018016,0,0.48321606516838073,0.4823475182056427,0,0
hospital_removal,2482,V32P-A018017,0,0.37319375872611998,0.37512666583061216,0,0
hospital_removal,2483,V32P-A018018,0,0.12489610761404038,0.13848617523908616,0,0
hospital_removal,2484,V32P-A018073,1,0.60299394130706785,0.59725767374038696,0,0
hospital_removal,2485,V32P-A018074,1,0.53106710314750671,0.52697843909263609,0,0
hospital_removal,2486,V32P-A018075,0,0.14701314866542817,0.14964726865291594,0,0
hospital_removal,2487,V32P-A018076,0,0.15614179223775865,0.16214669793844222,0,0
hospital_removal,2488,V32P-A018077,0,0.071012590080499649,0.073331601172685626,0,0
hospital_removal,2489,V32P-A018078,0,0.030660462006926535,0.032125041633844373,0,0
hospital_removal,2490,V32P-A018103,0,0.66698757410049436,0.66717545986175542,1,1
hospital_removal,2491,V32P-A018104,0,0.61814441680908205,0.61286233663558964,0,0
hospital_removal,2492,V32P-A018105,0,0.5773154139518738,0.56298347711563113,0,0
hospital_removal,2493,V32P-A018106,0,0.48972315192222593,0.47144455909729005,0,0
hospital_removal,2494,V32P-A018107,0,0.37781661748886108,0.36621182560920718,0,0
hospital_removal,2495,V32P-A018108,0,0.16706838011741637,0.16704521030187608,0,0
hospital_removal,2496,V32P-A018187,1,0.87876929044723506,0.87544265985488889,1,1
hospital_removal,2497,V32P-A018188,1,0.80712002515792847,0.8128703236579895,1,1
hospital_removal,2498,V32P-A018189,1,0.80671977996826172,0.81197097301483157,1,1
hospital_removal,2499,V32P-A018190,0,0.28250234723091128,0.30208366215229032,0,0
hospital_removal,2500,V32P-A018191,0,0.20458884537220001,0.21625050604343415,0,0
hospital_removal,2501,V32P-A018192,0,0.087952486798167223,0.091636104136705393,0,0
hospital_removal,2502,V32P-A018229,0,0.50633181929588322,0.5145302832126617,0,0
hospital_removal,2503,V32P-A018230,0,0.51183146834373472,0.51562303900718687,0,0
hospital_removal,2504,V32P-A018231,0,0.4662982761859894,0.46409212946891787,0,0
hospital_removal,2505,V32P-A018232,0,0.36359770894050597,0.35470793843269349,0,0
hospital_removal,2506,V32P-A018233,0,0.26914719343185423,0.26293874979019166,0,0
hospital_removal,2507,V32P-A018234,0,0.10288882553577423,0.10151230245828628,0,0
hospital_removal,2508,V32P-A018325,0,0.59824404716491697,0.60392969846725464,0,0
hospital_removal,2509,V32P-A018326,0,0.49117261171340942,0.50365011692047124,0,0
hospital_removal,2510,V32P-A018327,0,0.4434101700782776,0.44923818111419678,0,0
hospital_removal,2511,V32P-A018328,0,0.34379885196685789,0.34593273997306823,0,0
hospital_removal,2512,V32P-A018329,0,0.26251221597194674,0.26253519356250765,0,0
hospital_removal,2513,V32P-A018330,0,0.11996722519397736,0.12248769998550416,0,0
hospital_removal,2514,V32P-A018403,0,0.49151561856269838,0.49324697852134702,0,0
hospital_removal,2515,V32P-A018404,0,0.35667379200458527,0.36759265959262849,0,0
hospital_removal,2516,V32P-A018405,0,0.29534306824207307,0.30471006333827971,0,0
hospital_removal,2517,V32P-A018406,0,0.22967092543840409,0.24026225954294206,0,0
hospital_removal,2518,V32P-A018407,0,0.17666507214307786,0.18580159395933152,0,0
hospital_removal,2519,V32P-A018408,0,0.077164251357316971,0.080780129879713058,0,0
hospital_removal,2520,V32P-A018433,1,0.53471753001213074,0.52009961009025574,0,0
hospital_removal,2521,V32P-A018434,1,0.5121504604816437,0.49552869200706484,0,0
hospital_removal,2522,V32P-A018435,1,0.47734830975532533,0.4609299123287201,0,0
hospital_removal,2523,V32P-A018436,0,0.094778929278254515,0.092029361054301262,0,0
hospital_removal,2524,V32P-A018437,0,0.071534788608551031,0.069833889603614807,0,0
hospital_removal,2525,V32P-A018438,0,0.032453364785760642,0.032391142379492519,0,0
hospital_removal,2526,V32P-A018439,0,0.68893808126449585,0.68762638568878176,1,1
hospital_removal,2527,V32P-A018440,0,0.53555268049240112,0.53598608970642092,0,0
hospital_removal,2528,V32P-A018441,0,0.49492459297180175,0.48775724172592161,0,0
hospital_removal,2529,V32P-A018442,0,0.39249434471130373,0.37900238633155825,0,0
hospital_removal,2530,V32P-A018443,0,0.39511943459510801,0.38189483880996705,0,0
hospital_removal,2531,V32P-A018444,0,0.15202472507953643,0.14985626041889191,0,0
hospital_removal,2532,V32P-A018469,0,0.5976811945438385,0.62237452268600468,0,1
hospital_removal,2533,V32P-A018470,0,0.5287629306316376,0.54205607175827031,0,0
hospital_removal,2534,V32P-A018471,0,0.44432851672172546,0.44673703312873841,0,0
hospital_removal,2535,V32P-A018472,0,0.38625640869140626,0.38692093491554258,0,0
hospital_removal,2536,V32P-A018473,0,0.30262215733528136,0.30349471569061282,0,0
hospital_removal,2537,V32P-A018474,0,0.12979090958833694,0.13649092465639115,0,0
hospital_removal,2538,V32P-A018475,0,0.44883090853691099,0.456443589925766,0,0
hospital_removal,2539,V32P-A018476,0,0.48577723503112791,0.48922321796417234,0,0
hospital_removal,2540,V32P-A018477,0,0.5553540706634521,0.55272829532623291,0,0
hospital_removal,2541,V32P-A018478,0,0.60054338574409483,0.59109274744987483,0,0
hospital_removal,2542,V32P-A018479,1,0.38199561834335327,0.37283518314361574,0,0
hospital_removal,2543,V32P-A018480,0,0.026531917229294776,0.027597652748227119,0,0
hospital_removal,2544,V32P-A018481,0,0.50560891032218935,0.50841110348701479,0,0
hospital_removal,2545,V32P-A018482,0,0.53263342380523682,0.53253033161163332,0,0
hospital_removal,2546,V32P-A018483,0,0.51416410803794865,0.51033776402473452,0,0
hospital_removal,2547,V32P-A018484,0,0.44588965773582456,0.44432815909385681,0,0
hospital_removal,2548,V32P-A018485,0,0.34050315618515015,0.34683870673179629,0,0
hospital_removal,2549,V32P-A018486,0,0.150523279607296,0.15933208614587785,0,0
hospital_removal,2550,V32P-A018487,0,0.72224504947662349,0.72640517950057981,1,1
hospital_removal,2551,V32P-A018488,0,0.68865157365798946,0.6997177839279175,1,1
hospital_removal,2552,V32P-A018489,0,0.68064413070678709,0.69093681573867793,1,1
hospital_removal,2553,V32P-A018490,0,0.66515443325042722,0.67682269811630247,1,1
hospital_removal,2554,V32P-A018491,0,0.63798888921737673,0.64969325065612793,1,1
hospital_removal,2555,V32P-A018492,0,0.39661480784416198,0.4143665671348572,0,0
hospital_removal,2556,V32P-A018517,0,0.60974477529525761,0.59798686504364018,0,0
hospital_removal,2557,V32P-A018518,0,0.46645061373710633,0.459186726808548,0,0
hospital_removal,2558,V32P-A018519,0,0.41571574807167055,0.41033278703689574,0,0
hospital_removal,2559,V32P-A018520,0,0.379256534576416,0.37516570687294004,0,0
hospital_removal,2560,V32P-A018521,1,0.33116323351860044,0.32827748656272887,0,0
hospital_removal,2561,V32P-A018522,0,0.028372392058372498,0.031159741804003716,0,0
hospital_removal,2562,V32P-A018541,0,0.72995363473892216,0.75469856262207036,1,1
hospital_removal,2563,V32P-A018542,0,0.68349034786224361,0.71821553707122798,1,1
hospital_removal,2564,V32P-A018543,0,0.62870671153068547,0.66904755234718327,1,1
hospital_removal,2565,V32P-A018544,0,0.5444540739059448,0.59325754046440127,0,0
hospital_removal,2566,V32P-A018545,0,0.44738103747367858,0.49573169946670531,0,0
hospital_removal,2567,V32P-A018546,0,0.053317309450358154,0.057576750498265029,0,0
hospital_removal,2568,V32P-A018625,0,0.71316282153129573,0.72645842432975771,1,1
hospital_removal,2569,V32P-A018626,0,0.59664756059646606,0.62523486614227297,0,1
hospital_removal,2570,V32P-A018627,0,0.71994009613990784,0.72991489768028261,1,1
hospital_removal,2571,V32P-A018628,0,0.49355664551258088,0.53183895647525792,0,0
hospital_removal,2572,V32P-A018629,0,0.41245253086090089,0.45375869870185853,0,0
hospital_removal,2573,V32P-A018630,0,0.22151794880628586,0.26756532639265063,0,0
hospital_removal,2574,V32P-A018637,1,0.773048996925354,0.77961457967758174,1,1
hospital_removal,2575,V32P-A018638,1,0.62811901569366457,0.64080902338027956,1,1
hospital_removal,2576,V32P-A018639,0,0.12918511554598808,0.1426226280629635,0,0
hospital_removal,2577,V32P-A018640,0,0.10822176486253739,0.12094856649637223,0,0
hospital_removal,2578,V32P-A018641,0,0.084980931133031845,0.093131924420595175,0,0
hospital_removal,2579,V32P-A018642,0,0.032104330882430074,0.034591921418905255,0,0
hospital_removal,2580,V32P-A018667,0,0.74951775074005123,0.76268166303634644,1,1
hospital_removal,2581,V32P-A018668,0,0.55574578046798706,0.57815090417861936,0,0
hospital_removal,2582,V32P-A018669,0,0.48580728173255922,0.50916200280189516,0,0
hospital_removal,2583,V32P-A018670,0,0.4068415343761444,0.42722352147102355,0,0
hospital_removal,2584,V32P-A018671,0,0.37732850313186644,0.39828913211822509,0,0
hospital_removal,2585,V32P-A018672,0,0.18430165797472001,0.19708243757486343,0,0
hospital_removal,2586,V32P-A018769,0,0.6183221101760864,0.62970546483993528,0,1
hospital_removal,2587,V32P-A018770,0,0.47626980543136599,0.47814940214157103,0,0
hospital_removal,2588,V32P-A018771,0,0.32861690521240233,0.33246891498565673,0,0
hospital_removal,2589,V32P-A018772,0,0.31988994479179383,0.31910926103591919,0,0
hospital_removal,2590,V32P-A018773,0,0.23657236695289613,0.23507966399192809,0,0
hospital_removal,2591,V32P-A018774,0,0.096541184186935428,0.09757561981678009,0,0
hospital_removal,2592,V32P-A018943,0,0.81317366361618038,0.81377686262130733,1,1
hospital_removal,2593,V32P-A018944,0,0.69795986413955691,0.7013130784034729,1,1
hospital_removal,2594,V32P-A018945,0,0.66496813297271729,0.66664160490036006,1,1
hospital_removal,2595,V32P-A018946,0,0.7080604672431946,0.70764518976211543,1,1
hospital_removal,2596,V32P-A018947,0,0.56901898384094241,0.57263042330741887,0,0
hospital_removal,2597,V32P-A018948,0,0.2854891002178192,0.28979272544384005,0,0
hospital_removal,2598,V32P-A018955,0,0.77883918285369869,0.7869553685188293,1,1
hospital_removal,2599,V32P-A018956,0,0.70735232830047612,0.71851004362106319,1,1
hospital_removal,2600,V32P-A018957,0,0.6417143821716309,0.64941637516021733,1,1
hospital_removal,2601,V32P-A018958,0,0.50892774462699886,0.5109213054180145,0,0
hospital_removal,2602,V32P-A018959,0,0.39718487858772278,0.39808686971664431,0,0
hospital_removal,2603,V32P-A018960,0,0.16649345308542252,0.16629911214113235,0,0
hospital_removal,2604,V32P-A018973,0,0.62962850332260134,0.61364179849624634,1,0
hospital_removal,2605,V32P-A018974,0,0.59900368452072139,0.58297184109687805,0,0
hospital_removal,2606,V32P-A018975,0,0.56076027154922481,0.54323590993881221,0,0
hospital_removal,2607,V32P-A018976,0,0.58295829296112056,0.56351191401481626,0,0
hospital_removal,2608,V32P-A018977,0,0.51535490155220032,0.49808227419853213,0,0
hospital_removal,2609,V32P-A018978,0,0.044275466352701187,0.045883845910429953,0,0
hospital_removal,2610,V32P-A019069,0,0.44721845984458924,0.45322365164756773,0,0
hospital_removal,2611,V32P-A019070,0,0.36997519731521605,0.37601774930953979,0,0
hospital_removal,2612,V32P-A019071,0,0.32459943890571596,0.32863993644714357,0,0
hospital_removal,2613,V32P-A019072,0,0.25144918262958527,0.25347656309604644,0,0
hospital_removal,2614,V32P-A019073,0,0.2288988560438156,0.23374700844287871,0,0
hospital_removal,2615,V32P-A019074,0,0.086250959336757665,0.08879605978727341,0,0
hospital_removal,2616,V32P-A019243,0,0.61485072374343874,0.62160612344741817,0,1
hospital_removal,2617,V32P-A019244,0,0.6125696182250977,0.60989921092987065,0,0
hospital_removal,2618,V32P-A019245,0,0.55378468632698064,0.54312605261802671,0,0
hospital_removal,2619,V32P-A019246,0,0.5048978745937347,0.49050441384315491,0,0
hospital_removal,2620,V32P-A019247,1,0.49144745469093321,0.47495841383934023,0,0
hospital_removal,2621,V32P-A019248,0,0.032360838167369364,0.033381364680826663,0,0
hospital_removal,2622,V32P-A019249,0,0.49074205160140993,0.50146288871765132,0,0
hospital_removal,2623,V32P-A019250,0,0.50127792358398438,0.50740717649459843,0,0
hospital_removal,2624,V32P-A019251,0,0.3895886719226837,0.39146856665611268,0,0
hospital_removal,2625,V32P-A019252,0,0.2985842227935791,0.30043829083442686,0,0
hospital_removal,2626,V32P-A019253,0,0.21676964163780213,0.21872013807296753,0,0
hospital_removal,2627,V32P-A019254,0,0.09008044153451919,0.094519664347171781,0,0
hospital_removal,2628,V32P-A019285,0,0.41178516149520872,0.41535882353782655,0,0
hospital_removal,2629,V32P-A019286,0,0.40031548738479616,0.39733090996742249,0,0
hospital_removal,2630,V32P-A019287,0,0.37339949905872344,0.3658228486776352,0,0
hospital_removal,2631,V32P-A019288,0,0.29750157594680787,0.29455330967903137,0,0
hospital_removal,2632,V32P-A019289,0,0.23487189412117004,0.2363339126110077,0,0
hospital_removal,2633,V32P-A019290,0,0.10188504755496978,0.10706587433815003,0,0
hospital_removal,2634,V32P-A019339,0,0.59078667163848875,0.60159095525741579,0,0
hospital_removal,2635,V32P-A019340,0,0.49890293478965758,0.50635325312614443,0,0
hospital_removal,2636,V32P-A019341,0,0.5094313502311707,0.50972480773925777,0,0
hospital_removal,2637,V32P-A019342,0,0.42604113221168516,0.42172060608863832,0,0
hospital_removal,2638,V32P-A019343,0,0.32739219069480896,0.31883494257926942,0,0
hospital_removal,2639,V32P-A019344,0,0.14130515605211258,0.13625353723764419,0,0
hospital_removal,2640,V32P-A019345,0,0.59542034864425664,0.61731222867965696,0,0
hospital_removal,2641,V32P-A019346,0,0.68438332080841069,0.69627946615219116,1,1
hospital_removal,2642,V32P-A019347,0,0.64607677459716795,0.65497593879699711,1,1
hospital_removal,2643,V32P-A019348,0,0.57735692262649541,0.58806383609771729,0,0
hospital_removal,2644,V32P-A019349,0,0.49263571500778197,0.50253969430923462,0,0
hospital_removal,2645,V32P-A019350,0,0.23955962508916856,0.24576019793748854,0,0
hospital_removal,2646,V32P-A019411,0,0.51348493099212644,0.51483427286148076,0,0
hospital_removal,2647,V32P-A019412,0,0.49616453051567078,0.48963615298271179,0,0
hospital_removal,2648,V32P-A019413,0,0.43387594223022463,0.42104059457778931,0,0
hospital_removal,2649,V32P-A019414,0,0.35592893362045286,0.3456271827220917,0,0
hospital_removal,2650,V32P-A019415,0,0.29035117924213411,0.28353203237056734,0,0
hospital_removal,2651,V32P-A019416,0,0.11717404872179031,0.116765795648098,0,0
hospital_removal,2652,V32P-A019429,1,0.69828737974166866,0.70981771945953365,1,1
hospital_removal,2653,V32P-A019430,1,0.68416161537170406,0.69911804199218752,1,1
hospital_removal,2654,V32P-A019431,1,0.6797177791595459,0.69325087070465086,1,1
hospital_removal,2655,V32P-A019432,0,0.1652493618428707,0.18262071236968042,0,0
hospital_removal,2656,V32P-A019433,0,0.12089524194598197,0.1299136348068714,0,0
hospital_removal,2657,V32P-A019434,0,0.060427254252135756,0.062234572134912014,0,0
hospital_removal,2658,V32P-A019597,0,0.58145993947982788,0.57055259943008418,0,0
hospital_removal,2659,V32P-A019598,0,0.58776184320449831,0.57472513914108281,0,0
hospital_removal,2660,V32P-A019599,0,0.56471888422965999,0.54525738358497622,0,0
hospital_removal,2661,V32P-A019600,0,0.4898614823818207,0.46408172845840456,0,0
hospital_removal,2662,V32P-A019601,0,0.4187482178211212,0.38857731223106384,0,0
hospital_removal,2663,V32P-A019602,0,0.20901803076267242,0.19629306793212892,0,0
hospital_removal,2664,V32P-A019609,0,0.7065579891204834,0.71083755493164058,1,1
hospital_removal,2665,V32P-A019610,0,0.54993705749511723,0.56708960533142094,0,0
hospital_removal,2666,V32P-A019611,0,0.44341814517974854,0.46458040475845336,0,0
hospital_removal,2667,V32P-A019612,0,0.46457307338714598,0.48246984481811522,0,0
hospital_removal,2668,V32P-A019613,0,0.33447843492031099,0.35385240614414215,0,0
hospital_removal,2669,V32P-A019614,0,0.1377109855413437,0.14305663108825684,0,0
hospital_removal,2670,V32P-A019759,0,0.67092006206512456,0.66069700717926028,1,1
hospital_removal,2671,V32P-A019760,0,0.53788869380950932,0.52786720991134639,0,0
hospital_removal,2672,V32P-A019761,0,0.49701311588287356,0.48444020748138428,0,0
hospital_removal,2673,V32P-A019762,0,0.47267362475395203,0.46146309971809385,0,0
hospital_removal,2674,V32P-A019763,0,0.38626410365104674,0.37502342462539673,0,0
hospital_removal,2675,V32P-A019764,0,0.17524904608726502,0.17552093863487245,0,0
hospital_removal,2676,V32P-A019813,0,0.5540759682655334,0.55802135467529301,0,0
hospital_removal,2677,V32P-A019814,0,0.50157160162925718,0.49954668879508973,0,0
hospital_removal,2678,V32P-A019815,0,0.41853617429733275,0.41037734746932986,0,0
hospital_removal,2679,V32P-A019816,0,0.32709399461746214,0.31825271248817444,0,0
hospital_removal,2680,V32P-A019817,0,0.25058007538318633,0.24462900459766387,0,0
hospital_removal,2681,V32P-A019818,0,0.098121348023414615,0.10071107298135758,0,0
hospital_removal,2682,V32P-A019885,0,0.58675354719161987,0.60753015279769895,0,0
hospital_removal,2683,V32P-A019886,0,0.4978381931781769,0.52645087242126465,0,0
hospital_removal,2684,V32P-A019887,0,0.43283072412014006,0.46059885919094085,0,0
hospital_removal,2685,V32P-A019888,0,0.36973004043102264,0.39188921749591826,0,0
hospital_removal,2686,V32P-A019889,0,0.35331729054450989,0.37345507740974426,0,0
hospital_removal,2687,V32P-A019890,0,0.18422817885875703,0.19290397912263871,0,0
hospital_removal,2688,V32P-A019903,0,0.50742698311805723,0.52644417881965633,0,0
hospital_removal,2689,V32P-A019904,0,0.60723665356636047,0.61077432036399837,0,0
hospital_removal,2690,V32P-A019905,0,0.67855345010757451,0.67668819427490234,1,1
hospital_removal,2691,V32P-A019906,0,0.6617494940757751,0.66051499843597417,1,1
hospital_removal,2692,V32P-A019907,0,0.57817244529724121,0.57989026308059688,0,0
hospital_removal,2693,V32P-A019908,0,0.42513735294342042,0.43218677639961245,0,0
hospital_removal,2694,V32P-A019957,0,0.47081266045570375,0.48254538178443906,0,0
hospital_removal,2695,V32P-A019958,0,0.45437502861022949,0.4644164264202118,0,0
hospital_removal,2696,V32P-A019959,0,0.42790122628211974,0.43456428647041323,0,0
hospital_removal,2697,V32P-A019960,0,0.36475526690483095,0.36890303492546084,0,0
hospital_removal,2698,V32P-A019961,1,0.29079012274742128,0.29537518620491027,0,0
hospital_removal,2699,V32P-A019962,0,0.02348292963579297,0.024828620720654726,0,0
hospital_removal,2700,V32P-A019975,0,0.73615084886550908,0.72488805055618288,1,1
hospital_removal,2701,V32P-A019976,0,0.59956644773483281,0.59209973216056822,0,0
hospital_removal,2702,V32P-A019977,0,0.51823424696922304,0.52669633030891416,0,0
hospital_removal,2703,V32P-A019978,0,0.53648377656936641,0.52867797017097473,0,0
hospital_removal,2704,V32P-A019979,0,0.52552165389060979,0.5185283958911896,0,0
hospital_removal,2705,V32P-A019980,0,0.29118838310241701,0.29319078624248507,0,0
hospital_removal,2706,V32P-A019993,1,0.8429801821708679,0.84788879156112673,1,1
hospital_removal,2707,V32P-A019994,1,0.77099891901016238,0.78209074735641482,1,1
hospital_removal,2708,V32P-A019995,0,0.19707378745079041,0.20398360192775727,0,0
hospital_removal,2709,V32P-A019996,0,0.33103889226913452,0.3385742247104645,0,0
hospital_removal,2710,V32P-A019997,0,0.11646227836608887,0.11882234513759612,0,0
hospital_removal,2711,V32P-A019998,0,0.045906209945678712,0.046737585589289664,0,0
hospital_removal,2712,V32P-A019999,1,0.67844821214675899,0.69608476161956789,1,1
hospital_removal,2713,V32P-A020000,1,0.6600469827651978,0.67425969839096067,1,1
hospital_removal,2714,V32P-A020001,1,0.60247749090194702,0.61064451932907104,0,0
hospital_removal,2715,V32P-A020002,0,0.09951407387852669,0.10261979177594185,0,0
hospital_removal,2716,V32P-A020003,0,0.075086790323257449,0.077099182456731793,0,0
hospital_removal,2717,V32P-A020004,0,0.033344220556318763,0.034498285688459876,0,0
hospital_removal,2718,V32P-A020095,0,0.49446347951889036,0.50750550627708435,0,0
hospital_removal,2719,V32P-A020096,0,0.44690392613410951,0.46387500166893003,0,0
hospital_removal,2720,V32P-A020097,0,0.41721175909042357,0.43096696734428408,0,0
hospital_removal,2721,V32P-A020098,0,0.32570519745349885,0.33842014372348783,0,0
hospital_removal,2722,V32P-A020099,0,0.24232226312160493,0.25584292113780976,0,0
hospital_removal,2723,V32P-A020100,0,0.098619557917118073,0.10898803919553757,0,0
hospital_removal,2724,V32P-A020113,0,0.4142899990081787,0.40559010505676268,0,0
hospital_removal,2725,V32P-A020114,0,0.33966349959373476,0.34806731343269348,0,0
hospital_removal,2726,V32P-A020115,0,0.44516325592994688,0.42825816273689271,0,0
hospital_removal,2727,V32P-A020116,0,0.31709779202938082,0.30815812647342683,0,0
hospital_removal,2728,V32P-A020117,0,0.24735760986804961,0.24163193404674529,0,0
hospital_removal,2729,V32P-A020118,0,0.11146947145462036,0.11197720915079117,0,0
hospital_removal,2730,V32P-A020185,0,0.72979404926300051,0.7211411237716675,1,1
hospital_removal,2731,V32P-A020186,0,0.6071948885917664,0.59113022685050964,0,0
hospital_removal,2732,V32P-A020187,0,0.53853591680526736,0.51859253048896792,0,0
hospital_removal,2733,V32P-A020188,0,0.41394867897033694,0.39333257973194125,0,0
hospital_removal,2734,V32P-A020189,0,0.31651452779769895,0.30130414068698885,0,0
hospital_removal,2735,V32P-A020190,0,0.13888401836156844,0.13462352007627487,0,0
hospital_removal,2736,V32P-A020263,0,0.71772828102111819,0.7064986944198608,1,1
hospital_removal,2737,V32P-A020264,0,0.65402636528015134,0.64924608469009404,1,1
hospital_removal,2738,V32P-A020265,0,0.64727602005004881,0.64006561040878296,1,1
hospital_removal,2739,V32P-A020266,0,0.64871999025344851,0.63505107164382935,1,1
hospital_removal,2740,V32P-A020267,0,0.60572958588600156,0.5879092395305634,0,0
hospital_removal,2741,V32P-A020268,0,0.36076366901397705,0.34752253890037538,0,0
hospital_removal,2742,V32P-A020299,0,0.34573683440685271,0.3476080447435379,0,0
hospital_removal,2743,V32P-A020300,0,0.36572157740592959,0.36333227157592773,0,0
hospital_removal,2744,V32P-A020301,0,0.30280334353446958,0.29827960729599001,0,0
hospital_removal,2745,V32P-A020302,0,0.28466325700283052,0.28902787864208224,0,0
hospital_removal,2746,V32P-A020303,0,0.16392268985509872,0.1642905965447426,0,0
hospital_removal,2747,V32P-A020304,0,0.070861296355724329,0.073598940670490262,0,0
hospital_removal,2748,V32P-A020431,0,0.28279387056827543,0.28780655562877655,0,0
hospital_removal,2749,V32P-A020432,0,0.28579602837562562,0.29191710352897643,0,0
hospital_removal,2750,V32P-A020433,0,0.25922945141792297,0.2649635374546051,0,0
hospital_removal,2751,V32P-A020434,0,0.21762700080871583,0.22500608265399932,0,0
hospital_removal,2752,V32P-A020435,1,0.17770048379898071,0.18519351482391358,0,0
hospital_removal,2753,V32P-A020436,0,0.022280430281534792,0.023347243713214994,0,0
hospital_removal,2754,V32P-A020437,1,0.52750605344772339,0.5433937072753906,0,0
hospital_removal,2755,V32P-A020438,1,0.53457086682319643,0.5447411835193634,0,0
hospital_removal,2756,V32P-A020439,0,0.1188423715531826,0.13359935805201531,0,0
hospital_removal,2757,V32P-A020440,0,0.19376094788312911,0.21189726442098616,0,0
hospital_removal,2758,V32P-A020441,0,0.06805749908089638,0.0758082240819931,0,0
hospital_removal,2759,V32P-A020442,0,0.032008373923599717,0.035517230816185477,0,0
hospital_removal,2760,V32P-A020467,0,0.53032267093658447,0.52231313586235051,0,0
hospital_removal,2761,V32P-A020468,0,0.48987522721290588,0.47762301564216614,0,0
hospital_removal,2762,V32P-A020469,0,0.46306471228599549,0.44998013377189638,0,0
hospital_removal,2763,V32P-A020470,0,0.38757681846618652,0.3757170021533966,0,0
hospital_removal,2764,V32P-A020471,0,0.3219298183917999,0.3138552665710449,0,0
hospital_removal,2765,V32P-A020472,0,0.15903118997812271,0.15879378467798233,0,0
hospital_removal,2766,V32P-A020533,0,0.65654878616333012,0.63996582031250004,1,1
hospital_removal,2767,V32P-A020534,0,0.5136537373065948,0.49109539985656736,0,0
hospital_removal,2768,V32P-A020535,0,0.55201292634010313,0.52809988260269169,0,0
hospital_removal,2769,V32P-A020536,0,0.49457827210426331,0.47038270831108092,0,0
hospital_removal,2770,V32P-A020537,0,0.41777986288070679,0.38956885337829589,0,0
hospital_removal,2771,V32P-A020538,0,0.21863078325986862,0.2015886351466179,0,0
hospital_removal,2772,V32P-A020551,0,0.72328664064407344,0.72751103639602666,1,1
hospital_removal,2773,V32P-A020552,0,0.53023321032524107,0.54052270054817197,0,0
hospital_removal,2774,V32P-A020553,0,0.4310005843639374,0.43478772044181824,0,0
hospital_removal,2775,V32P-A020554,0,0.41998233199119567,0.42677564620971681,0,0
hospital_removal,2776,V32P-A020555,0,0.3438793420791626,0.35310964584350585,0,0
hospital_removal,2777,V32P-A020556,0,0.17124957740306854,0.18381096720695494,0,0
hospital_removal,2778,V32P-A020611,0,0.76291861534118655,0.76417300701141355,1,1
hospital_removal,2779,V32P-A020612,0,0.61811740398406978,0.63323427438735957,0,1
hospital_removal,2780,V32P-A020613,0,0.64756653904914852,0.65856165289878843,1,1
hospital_removal,2781,V32P-A020614,0,0.48696689009666444,0.51176019310951237,0,0
hospital_removal,2782,V32P-A020615,0,0.43413894176483153,0.45766714215278625,0,0
hospital_removal,2783,V32P-A020616,0,0.23274307399988176,0.25124811977148054,0,0
hospital_removal,2784,V32P-A020617,0,0.49513439536094667,0.52213112711906429,0,0
hospital_removal,2785,V32P-A020618,0,0.48344902396202089,0.51033688783645625,0,0
hospital_removal,2786,V32P-A020619,0,0.45323828458786009,0.47912161946296694,0,0
hospital_removal,2787,V32P-A020620,0,0.3982259273529053,0.42105148434638978,0,0
hospital_removal,2788,V32P-A020621,0,0.33079928457736968,0.35069172680377958,0,0
hospital_removal,2789,V32P-A020622,0,0.042657227627933024,0.044853620044887063,0,0
hospital_removal,2790,V32P-A020785,0,0.62079106569290166,0.63324095010757442,1,1
hospital_removal,2791,V32P-A020786,0,0.5605062782764435,0.56989492774009709,0,0
hospital_removal,2792,V32P-A020787,0,0.51042608618736263,0.51435093283653255,0,0
hospital_removal,2793,V32P-A020788,0,0.42130635976791381,0.41771016716957093,0,0
hospital_removal,2794,V32P-A020789,0,0.3283696949481964,0.32656707167625426,0,0
hospital_removal,2795,V32P-A020790,0,0.13585920333862306,0.13696625232696533,0,0
hospital_removal,2796,V32P-A020827,0,0.68201453685760494,0.69157332181930542,1,1
hospital_removal,2797,V32P-A020828,0,0.54082211256027224,0.55513074398040774,0,0
hospital_removal,2798,V32P-A020829,0,0.5039330899715424,0.51986588835716252,0,0
hospital_removal,2799,V32P-A020830,0,0.43853754401206968,0.45466865897178649,0,0
hospital_removal,2800,V32P-A020831,0,0.35056398510932923,0.36477311253547667,0,0
hospital_removal,2801,V32P-A020832,0,0.16221445053815842,0.16743661910295488,0,0
hospital_removal,2802,V32P-A020875,0,0.76058065891265869,0.78691408634185789,1,1
hospital_removal,2803,V32P-A020876,0,0.6731310367584229,0.7158972382545471,1,1
hospital_removal,2804,V32P-A020877,0,0.56575231552124028,0.62320745587348936,0,1
hospital_removal,2805,V32P-A020878,0,0.47444128394126894,0.52270670533180241,0,0
hospital_removal,2806,V32P-A020879,0,0.41955309808254243,0.46435455977916718,0,0
hospital_removal,2807,V32P-A020880,0,0.29807880520820618,0.33987991213798524,0,0
hospital_removal,2808,V32P-A020941,0,0.5045674324035645,0.50115799903869629,0,0
hospital_removal,2809,V32P-A020942,0,0.49006702899932864,0.4817002832889557,0,0
hospital_removal,2810,V32P-A020943,0,0.43640725016593934,0.42875431776046752,0,0
hospital_removal,2811,V32P-A020944,0,0.35284996330738067,0.34254424870014188,0,0
hospital_removal,2812,V32P-A020945,0,0.27569825649261476,0.26849842965602877,0,0
hospital_removal,2813,V32P-A020946,0,0.11917036175727844,0.12133679986000061,0,0
hospital_removal,2814,V32P-A020965,0,0.65510513782501223,0.66636730432510372,1,1
hospital_removal,2815,V32P-A020966,0,0.58225482702255249,0.59753193855285647,0,0
hospital_removal,2816,V32P-A020967,0,0.55259772539138796,0.56234287023544316,0,0
hospital_removal,2817,V32P-A020968,0,0.48510053157806399,0.49186128973960874,0,0
hospital_removal,2818,V32P-A020969,0,0.40349640846252444,0.41039338111877444,0,0
hospital_removal,2819,V32P-A020970,0,0.1841004341840744,0.19025219678878785,0,0
hospital_removal,2820,V32P-A021037,0,0.78882505893707278,0.78655868768692017,1,1
hospital_removal,2821,V32P-A021038,0,0.61537821292877193,0.62495899200439453,0,1
hospital_removal,2822,V32P-A021039,0,0.51846732497215275,0.53585577607154844,0,0
hospital_removal,2823,V32P-A021040,0,0.57686179280281069,0.58432813286781315,0,0
hospital_removal,2824,V32P-A021041,0,0.42914279997348787,0.44535612165927885,0,0
hospital_removal,2825,V32P-A021042,0,0.2260059267282486,0.23677826523780823,0,0
hospital_removal,2826,V32P-A021043,0,0.75810604095458989,0.76648713350296016,1,1
hospital_removal,2827,V32P-A021044,0,0.72479047775268557,0.73933517932891846,1,1
hospital_removal,2828,V32P-A021045,0,0.72359311580657959,0.73809059858322146,1,1
hospital_removal,2829,V32P-A021046,0,0.70732610225677495,0.72341939210891726,1,1
hospital_removal,2830,V32P-A021047,1,0.6558150053024292,0.6788266062736511,1,1
hospital_removal,2831,V32P-A021048,0,0.055204990878701211,0.063372391462326053,0,0
hospital_removal,2832,V32P-A021055,0,0.57046583294868469,0.57742415070533748,0,0
hospital_removal,2833,V32P-A021056,0,0.65604346990585327,0.6534567713737488,1,1
hospital_removal,2834,V32P-A021057,0,0.67591618299484257,0.66647619009017944,1,1
hospital_removal,2835,V32P-A021058,1,0.60860427618026736,0.60022776126861577,0,0
hospital_removal,2836,V32P-A021059,0,0.085917729139328006,0.092615970969200129,0,0
hospital_removal,2837,V32P-A021060,0,0.035235932096838951,0.038451437279582022,0,0
hospital_removal,2838,V32P-A021079,1,0.83785147666931148,0.84313879013061521,1,1
hospital_removal,2839,V32P-A021080,1,0.73789634704589846,0.75922265052795412,1,1
hospital_removal,2840,V32P-A021081,1,0.68463892936706539,0.70438336133956914,1,1
hospital_removal,2841,V32P-A021082,0,0.15912919938564302,0.16844524145126344,0,0
hospital_removal,2842,V32P-A021083,0,0.1299160674214363,0.13749671876430511,0,0
hospital_removal,2843,V32P-A021084,0,0.05332112740725279,0.055341321229934695,0,0
hospital_removal,2844,V32P-A021115,0,0.5497079133987427,0.55176398754119871,0,0
hospital_removal,2845,V32P-A021116,0,0.42162696123123167,0.42769213914871218,0,0
hospital_removal,2846,V32P-A021117,0,0.37055644690990447,0.38076109588146212,0,0
hospital_removal,2847,V32P-A021118,0,0.39884849786758425,0.39861742258071897,0,0
hospital_removal,2848,V32P-A021119,0,0.24256121814250947,0.24563030302524566,0,0
hospital_removal,2849,V32P-A021120,0,0.019095015688799323,0.020306274271570147,0,0
hospital_removal,2850,V32P-A021133,0,0.51386996507644656,0.56497676372528072,0,0
hospital_removal,2851,V32P-A021134,0,0.49548360407352449,0.54403393566608427,0,0
hospital_removal,2852,V32P-A021135,0,0.38165989518165588,0.43500848412513732,0,0
hospital_removal,2853,V32P-A021136,0,0.29994049668312073,0.34320490062236786,0,0
hospital_removal,2854,V32P-A021137,1,0.24270823299884797,0.26950552761554719,0,0
hospital_removal,2855,V32P-A021138,0,0.026500447117723525,0.028034141869284213,0,0
hospital_removal,2856,V32P-A021157,0,0.68624494075775144,0.68834098577499392,1,1
hospital_removal,2857,V32P-A021158,0,0.58436332345008846,0.59092221856117244,0,0
hospital_removal,2858,V32P-A021159,0,0.54445641040802006,0.55031820535659792,0,0
hospital_removal,2859,V32P-A021160,0,0.45422013401985167,0.45854480862617492,0,0
hospital_removal,2860,V32P-A021161,0,0.35671078562736513,0.36126779317855834,0,0
hospital_removal,2861,V32P-A021162,0,0.13913837969303131,0.14197379648685454,0,0
hospital_removal,2862,V32P-A021175,0,0.71575480699539185,0.7328889727592468,1,1
hospital_removal,2863,V32P-A021176,0,0.63706506490707393,0.65690010786056519,1,1
hospital_removal,2864,V32P-A021177,0,0.59418143033981319,0.61247837543487549,0,0
hospital_removal,2865,V32P-A021178,0,0.50175098180770872,0.52133775949478145,0,0
hospital_removal,2866,V32P-A021179,0,0.40278053283691406,0.42298384308815001,0,0
hospital_removal,2867,V32P-A021180,0,0.17110198140144348,0.18717243373394013,0,0
hospital_removal,2868,V32P-A021187,0,0.59272652864456177,0.59901044368743894,0,0
hospital_removal,2869,V32P-A021188,0,0.57207891941070554,0.57706031799316404,0,0
hospital_removal,2870,V32P-A021189,0,0.53927391767501831,0.53289995193481443,0,0
hospital_removal,2871,V32P-A021190,0,0.46685416102409361,0.4636674761772156,0,0
hospital_removal,2872,V32P-A021191,1,0.37432430982589721,0.37718365788459779,0,0
hospital_removal,2873,V32P-A021192,0,0.029404972121119498,0.03216702528297901,0,0
hospital_removal,2874,V32P-A021211,0,0.70286077260971069,0.68804134130477901,1,1
hospital_removal,2875,V32P-A021212,0,0.48548073768615724,0.46880835294723511,0,0
hospital_removal,2876,V32P-A021213,0,0.46515137553215025,0.44429787993431091,0,0
hospital_removal,2877,V32P-A021214,0,0.45995538830757143,0.43868860602378845,0,0
hospital_removal,2878,V32P-A021215,0,0.49018984436988833,0.46763121485710146,0,0
hospital_removal,2879,V32P-A021216,0,0.1674690216779709,0.17268289327621461,0,0
hospital_removal,2880,V32P-A021301,0,0.5659966349601746,0.58340808153152468,0,0
hospital_removal,2881,V32P-A021302,0,0.48659073710441592,0.51175265908241274,0,0
hospital_removal,2882,V32P-A021303,0,0.40473084449768065,0.43307138681411744,0,0
hospital_removal,2883,V32P-A021304,0,0.32760507762432101,0.35558670461177827,0,0
hospital_removal,2884,V32P-A021305,0,0.32335478663444517,0.35186038613319398,0,0
hospital_removal,2885,V32P-A021306,0,0.16242649406194687,0.19128569811582566,0,0
hospital_removal,2886,V32P-A021385,0,0.71452554464340212,0.71169812679290767,1,1
hospital_removal,2887,V32P-A021386,0,0.56928843259811401,0.58278868198394773,0,0
hospital_removal,2888,V32P-A021387,0,0.54081970453262329,0.54698392152786257,0,0
hospital_removal,2889,V32P-A021388,0,0.56839050054550166,0.5697017550468445,0,0
hospital_removal,2890,V32P-A021389,0,0.51387919187545772,0.51335921287536623,0,0
hospital_removal,2891,V32P-A021390,0,0.04429355952888727,0.047188939712941649,0,0
hospital_removal,2892,V32P-A021481,0,0.64965742826461792,0.66778972148895266,1,1
hospital_removal,2893,V32P-A021482,0,0.57367485761642456,0.59051632881164551,0,0
hospital_removal,2894,V32P-A021483,0,0.64301700592041011,0.65117368698120115,1,1
hospital_removal,2895,V32P-A021484,0,0.43864140212535857,0.45859946906566618,0,0
hospital_removal,2896,V32P-A021485,0,0.34018673896789553,0.3551281154155731,0,0
hospital_removal,2897,V32P-A021486,0,0.17936268746852874,0.18565941751003265,0,0
hospital_removal,2898,V32P-A021553,1,0.63404638767242427,0.62095615863800047,1,1
hospital_removal,2899,V32P-A021554,1,0.55528072118759153,0.53662909865379338,0,0
hospital_removal,2900,V32P-A021555,1,0.51000781059265132,0.492372190952301,0,0
hospital_removal,2901,V32P-A021556,0,0.10008377432823182,0.10033150762319565,0,0
hospital_removal,2902,V32P-A021557,0,0.08390768021345138,0.084836804866790766,0,0
hospital_removal,2903,V32P-A021558,0,0.036316145956516263,0.0371993537992239,0,0
hospital_removal,2904,V32P-A021607,0,0.60372557640075686,0.59873573780059819,0,0
hospital_removal,2905,V32P-A021608,0,0.59879096746444704,0.5928979635238647,0,0
hospital_removal,2906,V32P-A021609,0,0.59021232128143308,0.58133162260055538,0,0
hospital_removal,2907,V32P-A021610,0,0.53404603004455564,0.51725893020629887,0,0
hospital_removal,2908,V32P-A021611,0,0.46234642863273623,0.44278724193572999,0,0
hospital_removal,2909,V32P-A021612,0,0.03625694438815117,0.036545417457818988,0,0
hospital_removal,2910,V32P-A021625,0,0.49375222325325013,0.50306891798973086,0,0
hospital_removal,2911,V32P-A021626,0,0.51110073924064636,0.51266909241676328,0,0
hospital_removal,2912,V32P-A021627,0,0.49260586500167847,0.48804695606231691,0,0
hospital_removal,2913,V32P-A021628,0,0.45767650008201599,0.45300590395927431,0,0
hospital_removal,2914,V32P-A021629,0,0.37820933163166048,0.3718548506498337,0,0
hospital_removal,2915,V32P-A021630,0,0.18738061040639878,0.18208295553922654,0,0
hospital_removal,2916,V32P-A021685,0,0.73458044528961186,0.74304020404815674,1,1
hospital_removal,2917,V32P-A021686,0,0.63790946006774907,0.65564689636230467,1,1
hospital_removal,2918,V32P-A021687,0,0.58369414806365971,0.5979266405105591,0,0
hospital_removal,2919,V32P-A021688,0,0.58148416280746462,0.59056236743927004,0,0
hospital_removal,2920,V32P-A021689,0,0.46230172514915469,0.47047305703163145,0,0
hospital_removal,2921,V32P-A021690,0,0.22949936687946321,0.22931370437145232,0,0
hospital_removal,2922,V32P-A021703,0,0.7412667512893677,0.74536714553833006,1,1
hospital_removal,2923,V32P-A021704,0,0.68629817962646489,0.69260425567626949,1,1
hospital_removal,2924,V32P-A021705,0,0.63342843055725095,0.6401530861854553,1,1
hospital_removal,2925,V32P-A021706,1,0.54550741910934453,0.54799444675445552,0,0
hospital_removal,2926,V32P-A021707,0,0.079253685474395749,0.080735163390636439,0,0
hospital_removal,2927,V32P-A021708,0,0.035553464666008949,0.036295469850301743,0,0
hospital_removal,2928,V32P-A021733,0,0.72943704128265385,0.74012928009033208,1,1
hospital_removal,2929,V32P-A021734,0,0.61473799943923946,0.63646576404571531,0,1
hospital_removal,2930,V32P-A021735,0,0.54616636037826538,0.56960396766662602,0,0
hospital_removal,2931,V32P-A021736,0,0.58077320456504822,0.59794653058052061,0,0
hospital_removal,2932,V32P-A021737,0,0.45285008549690248,0.47771252393722535,0,0
hospital_removal,2933,V32P-A021738,0,0.26776912510395051,0.28611615300178528,0,0
hospital_removal,2934,V32P-A021751,0,0.46275133490562437,0.45607458949089053,0,0
hospital_removal,2935,V32P-A021752,0,0.45913127660751341,0.45047934651374816,0,0
hospital_removal,2936,V32P-A021753,0,0.41225042343139651,0.39888896942138674,0,0
hospital_removal,2937,V32P-A021754,0,0.33459639549255371,0.32251538634300231,0,0
hospital_removal,2938,V32P-A021755,0,0.26514586508274079,0.25602964460849764,0,0
hospital_removal,2939,V32P-A021756,0,0.12015111744403839,0.11804217100143433,0,0
hospital_removal,2940,V32P-A021793,0,0.81183228492736814,0.81842906475067134,1,1
hospital_removal,2941,V32P-A021794,0,0.72297179698944092,0.73174195289611821,1,1
hospital_removal,2942,V32P-A021795,0,0.69665379524230953,0.70509669780731199,1,1
hospital_removal,2943,V32P-A021796,0,0.62086901664733884,0.62947397232055669,1,1
hospital_removal,2944,V32P-A021797,0,0.55979230403900149,0.56277453899383545,0,0
hospital_removal,2945,V32P-A021798,0,0.31974199116230012,0.31889785826206207,0,0
hospital_removal,2946,V32P-A021817,0,0.41098374128341675,0.40988087058067324,0,0
hospital_removal,2947,V32P-A021818,0,0.47306838631629944,0.46650881171226499,0,0
hospital_removal,2948,V32P-A021819,0,0.46654813289642333,0.45193353891372678,0,0
hospital_removal,2949,V32P-A021820,0,0.40351310968399046,0.38676547408103945,0,0
hospital_removal,2950,V32P-A021821,0,0.32471767067909241,0.31177512407302854,0,0
hospital_removal,2951,V32P-A021822,0,0.14718900620937347,0.1476472645998001,0,0
hospital_removal,2952,V32P-A021835,0,0.45502928495407102,0.45550487041473386,0,0
hospital_removal,2953,V32P-A021836,0,0.3994284927845001,0.38521019220352171,0,0
hospital_removal,2954,V32P-A021837,0,0.34194648563861846,0.32494278252124786,0,0
hospital_removal,2955,V32P-A021838,0,0.28915651440620421,0.27204483449459077,0,0
hospital_removal,2956,V32P-A021839,0,0.2226736068725586,0.21186479032039643,0,0
hospital_removal,2957,V32P-A021840,0,0.099435758590698239,0.099402417242527005,0,0
hospital_removal,2958,V32P-A021883,0,0.55538035631179805,0.55347238779067998,0,0
hospital_removal,2959,V32P-A021884,0,0.45929278731346129,0.46395015716552734,0,0
hospital_removal,2960,V32P-A021885,0,0.39385348558425903,0.39792789816856383,0,0
hospital_removal,2961,V32P-A021886,0,0.32165666222572326,0.32421372532844545,0,0
hospital_removal,2962,V32P-A021887,0,0.2533403128385544,0.25320481359958646,0,0
hospital_removal,2963,V32P-A021888,0,0.11989092975854873,0.11908823400735855,0,0
hospital_removal,2964,V32P-A021913,0,0.3412438452243805,0.33128249645233154,0,0
hospital_removal,2965,V32P-A021914,0,0.32793166041374205,0.3281396687030792,0,0
hospital_removal,2966,V32P-A021915,0,0.3785827696323395,0.37063715457916258,0,0
hospital_removal,2967,V32P-A021916,0,0.3278959572315216,0.32099288105964663,0,0
hospital_removal,2968,V32P-A021917,0,0.26490903794765475,0.25749479234218597,0,0
hospital_removal,2969,V32P-A021918,0,0.12032832875847817,0.12098796442151069,0,0
hospital_removal,2970,V32P-A021925,1,0.87833887338638306,0.88325090408325191,1,1
hospital_removal,2971,V32P-A021926,1,0.68279134035110478,0.70771621465682988,1,1
hospital_removal,2972,V32P-A021927,1,0.56125465631484983,0.59033113718032837,0,0
hospital_removal,2973,V32P-A021928,0,0.20878222435712815,0.25089503079652786,0,0
hospital_removal,2974,V32P-A021929,0,0.09784445315599441,0.11160600185394287,0,0
hospital_removal,2975,V32P-A021930,0,0.040574075281620027,0.043875832483172415,0,0
hospital_removal,2976,V32P-A021955,0,0.44462667703628539,0.47503007650375367,0,0
hospital_removal,2977,V32P-A021956,0,0.5149995028972626,0.53450298905372617,0,0
hospital_removal,2978,V32P-A021957,0,0.50097218751907346,0.5178828656673431,0,0
hospital_removal,2979,V32P-A021958,0,0.45347868800163271,0.46387504339218139,0,0
hospital_removal,2980,V32P-A021959,0,0.38808756470680239,0.3962266743183136,0,0
hospital_removal,2981,V32P-A021960,0,0.18601081818342208,0.19101945012807847,0,0
hospital_removal,2982,V32P-A021997,0,0.41647625565528867,0.38832512497901917,0,0
hospital_removal,2983,V32P-A021998,0,0.39997942447662355,0.37494842410087587,0,0
hospital_removal,2984,V32P-A021999,0,0.37972979545593261,0.35453797280788424,0,0
hospital_removal,2985,V32P-A022000,0,0.35034014880657194,0.32550721466541288,0,0
hospital_removal,2986,V32P-A022001,0,0.25340296030044557,0.2429652065038681,0,0
hospital_removal,2987,V32P-A022002,0,0.12492526322603226,0.12274337932467461,0,0
hospital_removal,2988,V32P-A022021,0,0.54690406918525691,0.54096058011054993,0,0
hospital_removal,2989,V32P-A022022,0,0.57654999494552617,0.56582638621330261,0,0
hospital_removal,2990,V32P-A022023,0,0.4635506272315979,0.45128932595252991,0,0
hospital_removal,2991,V32P-A022024,0,0.50058866739273067,0.48329384326934816,0,0
hospital_removal,2992,V32P-A022025,0,0.42759916782379148,0.41142473816871644,0,0
hospital_removal,2993,V32P-A022026,0,0.21476973295211793,0.20070611238479613,0,0
hospital_removal,2994,V32P-A022033,0,0.6718201279640198,0.65586720705032353,1,1
hospital_removal,2995,V32P-A022034,0,0.5521607458591461,0.53412758708000185,0,0
hospital_removal,2996,V32P-A022035,0,0.44836528301239015,0.4279677629470825,0,0
hospital_removal,2997,V32P-A022036,0,0.36295232176780701,0.34667021632194517,0,0
hospital_removal,2998,V32P-A022037,0,0.31225574016571045,0.29840784072875975,0,0
hospital_removal,2999,V32P-A022038,0,0.14746702462434769,0.14064363092184068,0,0
hospital_removal,3000,V32P-A022183,0,0.7743716835975647,0.78676638603210447,1,1
hospital_removal,3001,V32P-A022184,0,0.69219809770584106,0.71296182870864866,1,1
hospital_removal,3002,V32P-A022185,0,0.60624091625213627,0.62520068883895874,0,1
hospital_removal,3003,V32P-A022186,0,0.55582857728004453,0.56770351529121399,0,0
hospital_removal,3004,V32P-A022187,0,0.48098852634429934,0.48807185888290405,0,0
hospital_removal,3005,V32P-A022188,0,0.046531763300299643,0.04771698694676161,0,0
hospital_removal,3006,V32P-A022189,0,0.79595789909362791,0.79827324151992796,1,1
hospital_removal,3007,V32P-A022190,0,0.70688436031341551,0.71047763824462895,1,1
hospital_removal,3008,V32P-A022191,0,0.62415591478347776,0.62676043510437007,1,1
hospital_removal,3009,V32P-A022192,0,0.57925119400024416,0.57536263465881343,0,0
hospital_removal,3010,V32P-A022193,0,0.56155789494514463,0.56055603623390193,0,0
hospital_removal,3011,V32P-A022194,0,0.26280124187469484,0.26529523432254792,0,0
hospital_removal,3012,V32P-A022219,0,0.75891329050064082,0.76542077064514158,1,1
hospital_removal,3013,V32P-A022220,0,0.56001595258712766,0.5931039094924927,0,0
hospital_removal,3014,V32P-A022221,0,0.60685778856277461,0.63014296293258665,0,1
hospital_removal,3015,V32P-A022222,1,0.71153355836868282,0.72000510692596431,1,1
hospital_removal,3016,V32P-A022223,0,0.087396979331970215,0.099281568825244901,0,0
hospital_removal,3017,V32P-A022224,0,0.037297940626740453,0.040942297875881196,0,0
hospital_removal,3018,V32P-A022297,0,0.44528409242630007,0.44437583684921267,0,0
hospital_removal,3019,V32P-A022298,0,0.42030961513519288,0.41273709535598757,0,0
hospital_removal,3020,V32P-A022299,0,0.40446884632110597,0.39872048497200013,0,0
hospital_removal,3021,V32P-A022300,0,0.37259016036987302,0.36687796711921694,0,0
hospital_removal,3022,V32P-A022301,0,0.26719698309898376,0.26201480627059937,0,0
hospital_removal,3023,V32P-A022302,0,0.13167567253112794,0.13239417970180511,0,0
hospital_removal,3024,V32P-A022453,0,0.70043628215789799,0.70335834026336674,1,1
hospital_removal,3025,V32P-A022454,0,0.65655289888381962,0.65754332542419436,1,1
hospital_removal,3026,V32P-A022455,0,0.63311895132064822,0.6294837951660156,1,1
hospital_removal,3027,V32P-A022456,0,0.57071423530578613,0.56754793524742131,0,0
hospital_removal,3028,V32P-A022457,0,0.48148309588432314,0.4799742639064789,0,0
hospital_removal,3029,V32P-A022458,0,0.22547308206558228,0.22803902029991149,0,0
hospital_removal,3030,V32P-A022465,0,0.77002669572830196,0.77393776178359985,1,1
hospital_removal,3031,V32P-A022466,0,0.63735018968582158,0.63933051824569698,1,1
hospital_removal,3032,V32P-A022467,0,0.54361560344696047,0.55805341005325315,0,0
hospital_removal,3033,V32P-A022468,0,0.52108784914016726,0.5182463943958282,0,0
hospital_removal,3034,V32P-A022469,0,0.43508793711662291,0.43298911452293398,0,0
hospital_removal,3035,V32P-A022470,0,0.21541302353143693,0.21741761565208434,0,0
hospital_removal,3036,V32P-A022495,0,0.76544208526611324,0.76388974189758296,1,1
hospital_removal,3037,V32P-A022496,0,0.63319540023803711,0.64082220792770384,1,1
hospital_removal,3038,V32P-A022497,0,0.61446403264999394,0.62326743602752688,0,1
hospital_removal,3039,V32P-A022498,0,0.63855447769165041,0.64220731258392338,1,1
hospital_removal,3040,V32P-A022499,0,0.60363507270812988,0.60791890621185307,0,0
hospital_removal,3041,V32P-A022500,0,0.28260775506496427,0.2843047618865967,0,0
hospital_removal,3042,V32P-A022501,0,0.62963360548019409,0.61205154657363892,1,0
hospital_removal,3043,V32P-A022502,0,0.56988495588302612,0.54932041168212886,0,0
hospital_removal,3044,V32P-A022503,0,0.44578867554664614,0.42155502438545228,0,0
hospital_removal,3045,V32P-A022504,0,0.36068668365478518,0.34194197654724123,0,0
hospital_removal,3046,V32P-A022505,0,0.2804273724555969,0.26955579519271849,0,0
hospital_removal,3047,V32P-A022506,0,0.12908441126346587,0.12473671138286591,0,0
hospital_removal,3048,V32P-A022519,0,0.72725952863693233,0.73359577655792241,1,1
hospital_removal,3049,V32P-A022520,0,0.74245563745498655,0.74308290481567385,1,1
hospital_removal,3050,V32P-A022521,0,0.60168659687042236,0.6153347849845886,0,0
hospital_removal,3051,V32P-A022522,1,0.57966549396514888,0.58953140974044804,0,0
hospital_removal,3052,V32P-A022523,0,0.098759110271930697,0.10209226906299591,0,0
hospital_removal,3053,V32P-A022524,0,0.04421676769852638,0.045665081590414047,0,0
hospital_removal,3054,V32P-A022537,0,0.48212851285934449,0.48749588131904603,0,0
hospital_removal,3055,V32P-A022538,0,0.51094495058059697,0.51249239444732664,0,0
hospital_removal,3056,V32P-A022539,0,0.46215459704399109,0.46419424414634702,0,0
hospital_removal,3057,V32P-A022540,0,0.38443493843078613,0.38803728222846984,0,0
hospital_removal,3058,V32P-A022541,0,0.29792067706584929,0.30319941937923434,0,0
hospital_removal,3059,V32P-A022542,0,0.11875808835029603,0.12306068241596221,0,0
hospital_removal,3060,V32P-A022597,0,0.72886078357696538,0.72462034225463867,1,1
hospital_removal,3061,V32P-A022598,0,0.55171786546707158,0.55345448255538943,0,0
hospital_removal,3062,V32P-A022599,0,0.47571612000465391,0.47902361154556272,0,0
hospital_removal,3063,V32P-A022600,0,0.37336049079895017,0.37454296350479127,0,0
hospital_removal,3064,V32P-A022601,0,0.28162402808666231,0.282244411110878,0,0
hospital_removal,3065,V32P-A022602,0,0.12770468294620513,0.12974544316530229,0,0
hospital_removal,3066,V32P-A022681,0,0.39489549398422241,0.39598719477653505,0,0
hospital_removal,3067,V32P-A022682,0,0.37130446434020997,0.3682679057121277,0,0
hospital_removal,3068,V32P-A022683,0,0.33994693160057066,0.33329332470893858,0,0
hospital_removal,3069,V32P-A022684,0,0.29522920548915865,0.28558156788349154,0,0
hospital_removal,3070,V32P-A022685,0,0.23222138285636901,0.22505658268928527,0,0
hospital_removal,3071,V32P-A022686,0,0.10789457857608795,0.10638738423585892,0,0
hospital_removal,3072,V32P-A022699,0,0.51807442307472229,0.54331614375114445,0,0
hospital_removal,3073,V32P-A022700,0,0.44231821298599244,0.46759572029113772,0,0
hospital_removal,3074,V32P-A022701,0,0.41376661956310273,0.43541973531246186,0,0
hospital_removal,3075,V32P-A022702,0,0.35098094940185548,0.3703838586807251,0,0
hospital_removal,3076,V32P-A022703,0,0.28061078488826752,0.29528897106647489,0,0
hospital_removal,3077,V32P-A022704,0,0.13894620686769485,0.14285181313753129,0,0
hospital_removal,3078,V32P-A022849,0,0.72504956722259517,0.73203135728836055,1,1
hospital_removal,3079,V32P-A022850,0,0.63363586664199834,0.64962525367736812,1,1
hospital_removal,3080,V32P-A022851,0,0.70890263319015501,0.7162632942199707,1,1
hospital_removal,3081,V32P-A022852,0,0.60278203487396242,0.62085130214691164,0,1
hospital_removal,3082,V32P-A022853,0,0.508957850933075,0.53336331248283386,0,0
hospital_removal,3083,V32P-A022854,0,0.24628338217735291,0.2566962569952011,0,0
hospital_removal,3084,V32P-A022855,0,0.55316570401191711,0.56592586636543274,0,0
hospital_removal,3085,V32P-A022856,0,0.49935587644577029,0.507383120059967,0,0
hospital_removal,3086,V32P-A022857,0,0.45885627865791323,0.46540833711624147,0,0
hospital_removal,3087,V32P-A022858,0,0.36640748381614685,0.37825470566749575,0,0
hospital_removal,3088,V32P-A022859,0,0.28720168769359589,0.2987436681985855,0,0
hospital_removal,3089,V32P-A022860,0,0.11703260242938995,0.12448520213365555,0,0
hospital_removal,3090,V32P-A022873,1,0.76770771741867061,0.77022432088851933,1,1
hospital_removal,3091,V32P-A022874,1,0.78813110589981084,0.78435044288635258,1,1
hospital_removal,3092,V32P-A022875,1,0.62456265687942503,0.63717150688171387,1,1
hospital_removal,3093,V32P-A022876,0,0.10809821859002114,0.11557314395904542,0,0
hospital_removal,3094,V32P-A022877,0,0.079077230021357539,0.083100812509655952,0,0
hospital_removal,3095,V32P-A022878,0,0.037099231220781806,0.038840328715741633,0,0
hospital_removal,3096,V32P-A022939,0,0.53700190186500552,0.55253583788871763,0,0
hospital_removal,3097,V32P-A022940,0,0.52329943180084226,0.53726763725280757,0,0
hospital_removal,3098,V32P-A022941,0,0.50645855069160461,0.51812590956687932,0,0
hospital_removal,3099,V32P-A022942,0,0.45734540820121766,0.46730166077613833,0,0
hospital_removal,3100,V32P-A022943,0,0.39518355131149291,0.4057002902030945,0,0
hospital_removal,3101,V32P-A022944,0,0.19762855470180513,0.21589787304401398,0,0
hospital_removal,3102,V32P-A023203,0,0.68311136960983276,0.69607434272766111,1,1
hospital_removal,3103,V32P-A023204,0,0.57823820114135738,0.59787073135375979,0,0
hospital_removal,3104,V32P-A023205,0,0.54726912975311282,0.55792517662048335,0,0
hospital_removal,3105,V32P-A023206,1,0.44992636442184447,0.45209425091743471,0,0
hospital_removal,3106,V32P-A023207,0,0.055423933826386926,0.059566450677812098,0,0
hospital_removal,3107,V32P-A023208,0,0.022155896387994291,0.024495387636125087,0,0
hospital_removal,3108,V32P-A023257,0,0.72220250368118288,0.71082841157913212,1,1
hospital_removal,3109,V32P-A023258,0,0.62139358520507815,0.60783636569976807,1,0
hospital_removal,3110,V32P-A023259,0,0.55430270433425899,0.5422053337097168,0,0
hospital_removal,3111,V32P-A023260,0,0.47208879590034486,0.45600393414497375,0,0
hospital_removal,3112,V32P-A023261,0,0.45491459965705872,0.43875047564506531,0,0
hospital_removal,3113,V32P-A023262,0,0.25223720073699951,0.24614765048027037,0,0
hospital_removal,3114,V32P-A023281,0,0.54673736095428471,0.54421547651290891,0,0
hospital_removal,3115,V32P-A023282,0,0.40960208773612977,0.40966805815696716,0,0
hospital_removal,3116,V32P-A023283,0,0.33895198404788973,0.34016467034816744,0,0
hospital_removal,3117,V32P-A023284,0,0.27827189862728119,0.27665646970272062,0,0
hospital_removal,3118,V32P-A023285,0,0.2119681417942047,0.21015699505805968,0,0
hospital_removal,3119,V32P-A023286,0,0.098461675643920901,0.094778379797935491,0,0
hospital_removal,3120,V32P-A023329,0,0.7656368613243103,0.75888726711273191,1,1
hospital_removal,3121,V32P-A023330,0,0.60093700885772705,0.60200088024139409,0,0
hospital_removal,3122,V32P-A023331,0,0.53805029988288877,0.5381490230560303,0,0
hospital_removal,3123,V32P-A023332,0,0.59487968683242798,0.59044115543365483,0,0
hospital_removal,3124,V32P-A023333,0,0.44123967885971072,0.43769113421440126,0,0
hospital_removal,3125,V32P-A023334,0,0.22050921022891998,0.2175350844860077,0,0
hospital_removal,3126,V32P-A023335,0,0.4761516571044922,0.48471018075942995,0,0
hospital_removal,3127,V32P-A023336,0,0.46445679068565371,0.46325868964195249,0,0
hospital_removal,3128,V32P-A023337,0,0.44523619413375853,0.43193808197975159,0,0
hospital_removal,3129,V32P-A023338,0,0.36154932975769044,0.34637219309806822,0,0
hospital_removal,3130,V32P-A023339,0,0.27906555533409116,0.26609280705451965,0,0
hospital_removal,3131,V32P-A023340,0,0.11568382829427719,0.1116731509566307,0,0
hospital_removal,3132,V32P-A023353,0,0.59638359546661379,0.60819877386093135,0,0
hospital_removal,3133,V32P-A023354,0,0.59764108657836912,0.59834413528442387,0,0
hospital_removal,3134,V32P-A023355,0,0.54848797917366032,0.53822004199028017,0,0
hospital_removal,3135,V32P-A023356,0,0.47088717818260195,0.45569318532943726,0,0
hospital_removal,3136,V32P-A023357,0,0.39469816088676452,0.38012868762016294,0,0
hospital_removal,3137,V32P-A023358,0,0.18000673055648803,0.17729952037334443,0,0
hospital_removal,3138,V32P-A023359,0,0.49928112030029298,0.48670558929443358,0,0
hospital_removal,3139,V32P-A023360,0,0.51035458445549009,0.48510116338729858,0,0
hospital_removal,3140,V32P-A023361,0,0.44313164353370665,0.42170917987823486,0,0
hospital_removal,3141,V32P-A023362,0,0.36458166837692263,0.35032304823398591,0,0
hospital_removal,3142,V32P-A023363,0,0.2879164904356003,0.27995389997959136,0,0
hospital_removal,3143,V32P-A023364,0,0.13206552565097809,0.13098263293504714,0,0
hospital_removal,3144,V32P-A023371,0,0.54047524333000185,0.57199119329452519,0,0
hospital_removal,3145,V32P-A023372,0,0.60942416191101079,0.62643877267837522,0,1
hospital_removal,3146,V32P-A023373,0,0.59894622564315791,0.6111741185188293,0,0
hospital_removal,3147,V32P-A023374,0,0.5222416996955872,0.52922763228416447,0,0
hospital_removal,3148,V32P-A023375,0,0.4386159062385559,0.44063144326210024,0,0
hospital_removal,3149,V32P-A023376,0,0.032133046165108682,0.034192363731563091,0,0
hospital_removal,3150,V32P-A023389,0,0.61959356069564819,0.61109457015991209,0,0
hospital_removal,3151,V32P-A023390,0,0.55036979913711548,0.54273636341094966,0,0
hospital_removal,3152,V32P-A023391,0,0.52605224251747129,0.51596192121505735,0,0
hospital_removal,3153,V32P-A023392,0,0.4838407814502716,0.47291097044944763,0,0
hospital_removal,3154,V32P-A023393,0,0.43974209427833555,0.43391840457916259,0,0
hospital_removal,3155,V32P-A023394,0,0.21852607429027557,0.21943103671073913,0,0
hospital_removal,3156,V32P-A023413,0,0.62950536012649538,0.63432796001434322,1,1
hospital_removal,3157,V32P-A023414,0,0.62584060430526733,0.62252646684646606,1,1
hospital_removal,3158,V32P-A023415,0,0.595036244392395,0.58702180385589597,0,0
hospital_removal,3159,V32P-A023416,0,0.51339964866638188,0.50847237110137944,0,0
hospital_removal,3160,V32P-A023417,0,0.44222442507743837,0.43814308047294614,0,0
hospital_removal,3161,V32P-A023418,0,0.2193300098180771,0.22067537009716034,0,0
hospital_removal,3162,V32P-A023461,0,0.56652126908302303,0.59221634268760681,0,0
hospital_removal,3163,V32P-A023462,0,0.64093710184097286,0.65023231506347656,1,1
hospital_removal,3164,V32P-A023463,0,0.64700912237167363,0.65290971994400027,1,1
hospital_removal,3165,V32P-A023464,0,0.61906288862228398,0.62147297859191897,0,1
hospital_removal,3166,V32P-A023465,0,0.56893573999404912,0.57023211717605593,0,0
hospital_removal,3167,V32P-A023466,0,0.30916561186313629,0.31980333924293519,0,0
hospital_removal,3168,V32P-A023521,0,0.76660332679748533,0.75971611738204958,1,1
hospital_removal,3169,V32P-A023522,0,0.60375434160232544,0.59920423030853276,0,0
hospital_removal,3170,V32P-A023523,0,0.54771054387092588,0.54892951846122739,0,0
hospital_removal,3171,V32P-A023524,0,0.55018167495727544,0.54262546300888059,0,0
hospital_removal,3172,V32P-A023525,0,0.38545191287994385,0.38038276433944701,0,0
hospital_removal,3173,V32P-A023526,0,0.14700644463300705,0.15158613473176957,0,0
hospital_removal,3174,V32P-A023581,0,0.4720860242843628,0.45164520740509034,0,0
hospital_removal,3175,V32P-A023582,0,0.40880351662635805,0.39260709285736084,0,0
hospital_removal,3176,V32P-A023583,0,0.35063219666481016,0.33772155046463015,0,0
hospital_removal,3177,V32P-A023584,0,0.28486408889293668,0.27475035786628721,0,0
hospital_removal,3178,V32P-A023585,0,0.23183485269546508,0.22481463849544525,0,0
hospital_removal,3179,V32P-A023586,0,0.11582663655281067,0.11172773689031601,0,0
hospital_removal,3180,V32P-A023653,0,0.68077352046966555,0.68923225402832033,1,1
hospital_removal,3181,V32P-A023654,0,0.61345638036727901,0.6188567161560059,0,0
hospital_removal,3182,V32P-A023655,0,0.6969893097877502,0.69522376060485835,1,1
hospital_removal,3183,V32P-A023656,0,0.44695731401443484,0.45119961500167849,0,0
hospital_removal,3184,V32P-A023657,1,0.36212935447692873,0.3629643380641937,0,0
hospital_removal,3185,V32P-A023658,0,0.022689568623900414,0.024738593026995659,0,0
hospital_removal,3186,V32P-A023719,0,0.74291529655456545,0.7525920987129211,1,1
hospital_removal,3187,V32P-A023720,0,0.6355121254920959,0.6521853923797607,1,1
hospital_removal,3188,V32P-A023721,0,0.6119470536708832,0.63026953339576719,0,1
hospital_removal,3189,V32P-A023722,1,0.54321534037590025,0.5607636153697968,0,0
hospital_removal,3190,V32P-A023723,0,0.098920539766550061,0.1036681704223156,0,0
hospital_removal,3191,V32P-A023724,0,0.043294773437082767,0.044937057979404928,0,0
hospital_removal,3192,V32P-A023767,0,0.50412579178810124,0.52576292157173155,0,0
hospital_removal,3193,V32P-A023768,0,0.44513940215110781,0.46800207495689394,0,0
hospital_removal,3194,V32P-A023769,0,0.37851337790489198,0.3987174928188324,0,0
hospital_removal,3195,V32P-A023770,0,0.3082064688205719,0.32491108179092409,0,0
hospital_removal,3196,V32P-A023771,0,0.23951276093721391,0.25487226992845535,0,0
hospital_removal,3197,V32P-A023772,0,0.11199208237230777,0.11872990466654301,0,0
hospital_removal,3198,V32P-A023779,0,0.79741796255111697,0.8086467981338501,1,1
hospital_removal,3199,V32P-A023780,0,0.61170601844787598,0.64943420886993408,0,1
hospital_removal,3200,V32P-A023781,0,0.78279236555099485,0.80272328853607178,1,1
hospital_removal,3201,V32P-A023782,1,0.43851149678230283,0.46192923784255979,0,0
hospital_removal,3202,V32P-A023783,0,0.10725368931889534,0.11207023039460182,0,0
hospital_removal,3203,V32P-A023784,0,0.047963550128042695,0.04960743170231581,0,0
hospital_removal,3204,V32P-A023827,0,0.4485942840576172,0.46694065332412721,0,0
hospital_removal,3205,V32P-A023828,0,0.47283278107643129,0.48747717738151553,0,0
hospital_removal,3206,V32P-A023829,0,0.41252011656761167,0.42334313988685607,0,0
hospital_removal,3207,V32P-A023830,1,0.31728442907333376,0.32549563050270081,0,0
hospital_removal,3208,V32P-A023831,0,0.040902621299028399,0.042743048071861266,0,0
hospital_removal,3209,V32P-A023832,0,0.01726997420191765,0.018169360235333443,0,0
hospital_removal,3210,V32P-A023833,0,0.56433774828910832,0.56824733614921574,0,0
hospital_removal,3211,V32P-A023834,0,0.60092175006866455,0.60319063663482664,0,0
hospital_removal,3212,V32P-A023835,0,0.65741343498229976,0.65742278099060059,1,1
hospital_removal,3213,V32P-A023836,0,0.65011084079742432,0.65015689134597776,1,1
hospital_removal,3214,V32P-A023837,0,0.49822262525558469,0.50404486656188963,0,0
hospital_removal,3215,V32P-A023838,0,0.2137281984090805,0.22381667494773866,0,0
hospital_removal,3216,V32P-A023983,0,0.68424239158630373,0.68956576585769658,1,1
hospital_removal,3217,V32P-A023984,0,0.58066650032997136,0.58506575226783752,0,0
hospital_removal,3218,V32P-A023985,0,0.55607672929763796,0.55067453980445857,0,0
hospital_removal,3219,V32P-A023986,1,0.51095489859580989,0.50430864095687866,0,0
hospital_removal,3220,V32P-A023987,0,0.090501900762319565,0.099376879632472992,0,0
hospital_removal,3221,V32P-A023988,0,0.035505722835659982,0.037888786941766742,0,0
hospital_removal,3222,V32P-A023989,1,0.63033615350723271,0.62788542509078982,1,1
hospital_removal,3223,V32P-A023990,1,0.47776936888694765,0.475786828994751,0,0
hospital_removal,3224,V32P-A023991,1,0.38845112323760989,0.38452382087707521,0,0
hospital_removal,3225,V32P-A023992,0,0.068923548981547358,0.072013823315501213,0,0
hospital_removal,3226,V32P-A023993,0,0.053905731439590453,0.056806600838899615,0,0
hospital_removal,3227,V32P-A023994,0,0.026007777731865644,0.028371659945696591,0,0
hospital_removal,3228,V32P-A024025,1,0.64547444581985469,0.64012578725814817,1,1
hospital_removal,3229,V32P-A024026,1,0.63217508792877197,0.63172940015792844,1,1
hospital_removal,3230,V32P-A024027,1,0.61342805624008179,0.60664566755294802,0,0
hospital_removal,3231,V32P-A024028,0,0.085782430320978167,0.092477533966302872,0,0
hospital_removal,3232,V32P-A024029,0,0.060833033174276352,0.065519978851079935,0,0
hospital_removal,3233,V32P-A024030,0,0.026828120648860931,0.029137206263840199,0,0
hospital_removal,3234,V32P-A024031,0,0.53497708439826963,0.52726851701736455,0,0
hospital_removal,3235,V32P-A024032,0,0.50132910609245296,0.49594304561614988,0,0
hospital_removal,3236,V32P-A024033,0,0.44363555908203123,0.43969203829765319,0,0
hospital_removal,3237,V32P-A024034,0,0.36529173254966735,0.36210255026817323,0,0
hospital_removal,3238,V32P-A024035,0,0.29689508080482485,0.2930132210254669,0,0
hospital_removal,3239,V32P-A024036,0,0.14830648377537728,0.14163906946778299,0,0
hospital_removal,3240,V32P-A024043,0,0.81116193532943726,0.81319088935852046,1,1
hospital_removal,3241,V32P-A024044,0,0.83149241209030156,0.83277716636657717,1,1
hospital_removal,3242,V32P-A024045,0,0.85548334121704106,0.85575604438781738,1,1
hospital_removal,3243,V32P-A024046,0,0.77058496475219729,0.77511419057846065,1,1
hospital_removal,3244,V32P-A024047,0,0.68581351041793825,0.69363511800765987,1,1
hospital_removal,3245,V32P-A024048,0,0.097889554500579831,0.10351531356573104,0,0
hospital_removal,3246,V32P-A024073,0,0.68402266502380371,0.70880308151245119,1,1
hospital_removal,3247,V32P-A024074,0,0.61748467683792119,0.6355909466743469,0,1
hospital_removal,3248,V32P-A024075,0,0.54581063389778139,0.55641160607337947,0,0
hospital_removal,3249,V32P-A024076,0,0.46501082777976988,0.47347651720046996,0,0
hospital_removal,3250,V32P-A024077,0,0.56264112591743465,0.56140404343605044,0,0
hospital_removal,3251,V32P-A024078,0,0.14861398339271545,0.15328532457351685,0,0
hospital_removal,3252,V32P-A024079,0,0.71269742250442503,0.70058060884475704,1,1
hospital_removal,3253,V32P-A024080,0,0.54527205824851988,0.55007890462875364,0,0
hospital_removal,3254,V32P-A024081,0,0.66698007583618169,0.66546407938003538,1,1
hospital_removal,3255,V32P-A024082,0,0.49913773536682127,0.50183238387107854,0,0
hospital_removal,3256,V32P-A024083,0,0.3948871076107025,0.39504812359809877,0,0
hospital_removal,3257,V32P-A024084,0,0.17177428901195527,0.17130327224731445,0,0
hospital_removal,3258,V32P-A024109,0,0.57769125699996948,0.56228771805763245,0,0
hospital_removal,3259,V32P-A024110,0,0.5601879358291626,0.54195021390914921,0,0
hospital_removal,3260,V32P-A024111,0,0.53105239868164067,0.51241022348403931,0,0
hospital_removal,3261,V32P-A024112,0,0.45278556346893312,0.43539156913757326,0,0
hospital_removal,3262,V32P-A024113,0,0.38128433525562289,0.36629381477832795,0,0
hospital_removal,3263,V32P-A024114,0,0.1694117158651352,0.16394393146038055,0,0
hospital_removal,3264,V32P-A024145,0,0.71564173698425293,0.72110582590103145,1,1
hospital_removal,3265,V32P-A024146,0,0.72753860950469973,0.73077509403228758,1,1
hospital_removal,3266,V32P-A024147,0,0.73789145946502688,0.73869016170501711,1,1
hospital_removal,3267,V32P-A024148,0,0.70918229818344114,0.71266945600509646,1,1
hospital_removal,3268,V32P-A024149,0,0.6684258818626404,0.67689274549484257,1,1
hospital_removal,3269,V32P-A024150,0,0.45932466387748716,0.48928613066673277,0,0
hospital_removal,3270,V32P-A024163,0,0.37274182438850401,0.38352506756782534,0,0
hospital_removal,3271,V32P-A024164,0,0.4050645172595978,0.41026694178581236,0,0
hospital_removal,3272,V32P-A024165,0,0.37981045842170713,0.37997616529464723,0,0
hospital_removal,3273,V32P-A024166,0,0.31703504920005798,0.31447100639343262,0,0
hospital_removal,3274,V32P-A024167,0,0.23480832874774932,0.23214280307292939,0,0
hospital_removal,3275,V32P-A024168,0,0.093710403144359591,0.09456177949905395,0,0
hospital_removal,3276,V32P-A024205,0,0.69758838415145874,0.70484967231750484,1,1
hospital_removal,3277,V32P-A024206,0,0.62099370956420896,0.63284593820571899,1,1
hospital_removal,3278,V32P-A024207,0,0.58916871547698979,0.59306906461715703,0,0
hospital_removal,3279,V32P-A024208,0,0.58773753643035886,0.58775010108947756,0,0
hospital_removal,3280,V32P-A024209,0,0.54970865249633794,0.54872243404388432,0,0
hospital_removal,3281,V32P-A024210,0,0.27980860471725466,0.28441539406776428,0,0
hospital_removal,3282,V32P-A024211,1,0.53728028535842898,0.52087703347206116,0,0
hospital_removal,3283,V32P-A024212,1,0.52993255853652954,0.51291487216949461,0,0
hospital_removal,3284,V32P-A024213,1,0.54737899899482723,0.52667530179023747,0,0
hospital_removal,3285,V32P-A024214,0,0.099157410115003591,0.10124907195568085,0,0
hospital_removal,3286,V32P-A024215,0,0.079973556101322174,0.081900391727685928,0,0
hospital_removal,3287,V32P-A024216,0,0.043074421212077142,0.044456741958856585,0,0
hospital_removal,3288,V32P-A024295,0,0.643030834197998,0.6745829224586487,1,1
hospital_removal,3289,V32P-A024296,0,0.66319067478179927,0.67684432268142702,1,1
hospital_removal,3290,V32P-A024297,0,0.63757790327072139,0.63934261798858638,1,1
hospital_removal,3291,V32P-A024298,0,0.60613346099853516,0.60210481882095335,0,0
hospital_removal,3292,V32P-A024299,0,0.5882303893566132,0.58077940344810486,0,0
hospital_removal,3293,V32P-A024300,0,0.37313479781150816,0.37933037877082826,0,0
hospital_removal,3294,V32P-A024307,0,0.37014919519424438,0.38451870679855349,0,0
hospital_removal,3295,V32P-A024308,0,0.37035321593284609,0.37732141613960268,0,0
hospital_removal,3296,V32P-A024309,0,0.32279524207115173,0.32307627201080324,0,0
hospital_removal,3297,V32P-A024310,0,0.30907106697559356,0.30745414793491366,0,0
hospital_removal,3298,V32P-A024311,0,0.24384520053863526,0.23731824159622192,0,0
hospital_removal,3299,V32P-A024312,0,0.10709995850920677,0.10577319785952569,0,0
hospital_removal,3300,V32P-A024379,1,0.68279236555099487,0.70400596857070918,1,1
hospital_removal,3301,V32P-A024380,1,0.59703384637832646,0.62300320863723757,0,1
hospital_removal,3302,V32P-A024381,1,0.54082910418510433,0.56428076624870305,0,0
hospital_removal,3303,V32P-A024382,0,0.091085409373044962,0.10264236405491829,0,0
hospital_removal,3304,V32P-A024383,0,0.066581619158387187,0.072970486804842943,0,0
hospital_removal,3305,V32P-A024384,0,0.032423537410795691,0.035392980836331842,0,0
hospital_removal,3306,V32P-A024391,0,0.53852249383926387,0.58475571870803833,0,0
hospital_removal,3307,V32P-A024392,0,0.54103592634201048,0.57622575759887695,0,0
hospital_removal,3308,V32P-A024393,0,0.48395408391952516,0.5163205742835999,0,0
hospital_removal,3309,V32P-A024394,0,0.38993868827819822,0.42231630086898803,0,0
hospital_removal,3310,V32P-A024395,0,0.30209782719612122,0.32935788631439211,0,0
hospital_removal,3311,V32P-A024396,0,0.1249644324183464,0.13719056993722917,0,0
hospital_removal,3312,V32P-A024403,0,0.48752368688583375,0.52380939126014714,0,0
hospital_removal,3313,V32P-A024404,0,0.5429923474788666,0.57197046875953672,0,0
hospital_removal,3314,V32P-A024405,0,0.45596096515655515,0.48279495835304259,0,0
hospital_removal,3315,V32P-A024406,0,0.42301287651062014,0.44520742893218995,0,0
hospital_removal,3316,V32P-A024407,1,0.33728919923305511,0.35846160948276518,0,0
hospital_removal,3317,V32P-A024408,0,0.038510752096772197,0.040961777418851854,0,0
hospital_removal,3318,V32P-A024427,1,0.78466044664382939,0.78758752346038818,1,1
hospital_removal,3319,V32P-A024428,1,0.69361321926116948,0.69853190183639524,1,1
hospital_removal,3320,V32P-A024429,1,0.60392729043960569,0.60720070600509646,0,0
hospital_removal,3321,V32P-A024430,0,0.086194286495447164,0.094368311017751699,0,0
hospital_removal,3322,V32P-A024431,0,0.063613722845911977,0.068795851245522496,0,0
hospital_removal,3323,V32P-A024432,0,0.026980160363018514,0.02908650804311037,0,0
hospital_removal,3324,V32P-A024487,0,0.699785304069519,0.7041110515594482,1,1
hospital_removal,3325,V32P-A024488,0,0.6658282518386841,0.66717492341995244,1,1
hospital_removal,3326,V32P-A024489,0,0.62160130739212038,0.61775510311126713,1,0
hospital_removal,3327,V32P-A024490,0,0.56716083884239199,0.55977985262870789,0,0
hospital_removal,3328,V32P-A024491,0,0.49155597686767577,0.48308517336845397,0,0
hospital_removal,3329,V32P-A024492,0,0.25741239786148074,0.25551950037479398,0,0
hospital_removal,3330,V32P-A024577,0,0.77401720285415654,0.7651459693908691,1,1
hospital_removal,3331,V32P-A024578,0,0.65568258166313176,0.65435801148414607,1,1
hospital_removal,3332,V32P-A024579,0,0.63556051850318906,0.6260264933109283,1,1
hospital_removal,3333,V32P-A024580,0,0.59462007880210876,0.58863710165023808,0,0
hospital_removal,3334,V32P-A024581,0,0.57344551086425777,0.56512935161590572,0,0
hospital_removal,3335,V32P-A024582,0,0.33616244792938232,0.33406337797641755,0,0
hospital_removal,3336,V32P-A024613,0,0.63220714330673222,0.65412322282791135,1,1
hospital_removal,3337,V32P-A024614,0,0.63753094673156741,0.64674842357635498,1,1
hospital_removal,3338,V32P-A024615,0,0.58011242151260378,0.58140701055526733,0,0
hospital_removal,3339,V32P-A024616,0,0.49086071252822877,0.48301381468772886,0,0
hospital_removal,3340,V32P-A024617,0,0.39450217485427858,0.38640154004096983,0,0
hospital_removal,3341,V32P-A024618,0,0.16771261394023895,0.16661910414695741,0,0
hospital_removal,3342,V32P-A024631,0,0.76087750196456905,0.75247563123702998,1,1
hospital_removal,3343,V32P-A024632,0,0.55024363398551945,0.53916271924972536,0,0
hospital_removal,3344,V32P-A024633,0,0.47579442858695986,0.46637597084045412,0,0
hospital_removal,3345,V32P-A024634,0,0.40652421712875364,0.39755805730819704,0,0
hospital_removal,3346,V32P-A024635,0,0.31509658098220827,0.30450388193130495,0,0
hospital_removal,3347,V32P-A024636,0,0.1525501787662506,0.14737550765275956,0,0
hospital_removal,3348,V32P-A024637,0,0.46354345679283143,0.46879824995994568,0,0
hospital_removal,3349,V32P-A024638,0,0.47248750925064087,0.47482075691223147,0,0
hospital_removal,3350,V32P-A024639,0,0.46236100196838381,0.46175341606140136,0,0
hospital_removal,3351,V32P-A024640,1,0.44788683056831358,0.44471375346183778,0,0
hospital_removal,3352,V32P-A024641,0,0.06393778882920742,0.070692753419280052,0,0
hospital_removal,3353,V32P-A024642,0,0.026585312373936177,0.029805697314441205,0,0
hospital_removal,3354,V32P-A024763,0,0.65428220033645634,0.64626595973968504,1,1
hospital_removal,3355,V32P-A024764,0,0.68993554115295408,0.68305134773254395,1,1
hospital_removal,3356,V32P-A024765,0,0.70236337184906006,0.69661161899566648,1,1
hospital_removal,3357,V32P-A024766,0,0.68850576877593994,0.68393104076385502,1,1
hospital_removal,3358,V32P-A024767,0,0.60557622909545894,0.60397372245788572,0,0
hospital_removal,3359,V32P-A024768,0,0.34186339378356934,0.35217911601066587,0,0
hospital_removal,3360,V32P-A024799,0,0.56612039208412168,0.58339362740516665,0,0
hospital_removal,3361,V32P-A024800,0,0.51774214506149296,0.53629695177078252,0,0
hospital_removal,3362,V32P-A024801,0,0.48008005023002626,0.4954937517642975,0,0
hospital_removal,3363,V32P-A024802,1,0.40403313636779786,0.40788259506225588,0,0
hospital_removal,3364,V32P-A024803,0,0.067164033092558389,0.068725032545626161,0,0
hospital_removal,3365,V32P-A024804,0,0.028837279090657829,0.0296018457505852,0,0
hospital_removal,3366,V32P-A024805,0,0.48354800343513488,0.51101599335670467,0,0
hospital_removal,3367,V32P-A024806,0,0.50988226532936098,0.53269341588020325,0,0
hospital_removal,3368,V32P-A024807,0,0.49223154783248901,0.51525117158889766,0,0
hospital_removal,3369,V32P-A024808,1,0.4583540201187134,0.47963511943817139,0,0
hospital_removal,3370,V32P-A024809,0,0.06158759817481041,0.073331443220376963,0,0
hospital_removal,3371,V32P-A024810,0,0.026748176477849484,0.030620506219565868,0,0
hospital_removal,3372,V32P-A024841,0,0.81057054996490474,0.81581053733825681,1,1
hospital_removal,3373,V32P-A024842,0,0.72292261123657231,0.7409343838691711,1,1
hospital_removal,3374,V32P-A024843,0,0.67128175497055054,0.68313531875610356,1,1
hospital_removal,3375,V32P-A024844,0,0.62114665508270261,0.62638855576515196,1,1
hospital_removal,3376,V32P-A024845,0,0.53971256613731389,0.54196650981903072,0,0
hospital_removal,3377,V32P-A024846,0,0.28308145403862001,0.28411725908517838,0,0
hospital_removal,3378,V32P-A024943,0,0.40465372800827026,0.41501916646957399,0,0
hospital_removal,3379,V32P-A024944,0,0.39394862055778501,0.39866960644721983,0,0
hospital_removal,3380,V32P-A024945,0,0.34248807430267336,0.34515914916992185,0,0
hospital_removal,3381,V32P-A024946,0,0.27677412927150724,0.27967335581779479,0,0
hospital_removal,3382,V32P-A024947,0,0.24086574912071229,0.25938481092453003,0,0
hospital_removal,3383,V32P-A024948,0,0.12545178160071374,0.12726879641413688,0,0
hospital_removal,3384,V32P-A024955,0,0.48778479099273681,0.48524413108825681,0,0
hospital_removal,3385,V32P-A024956,0,0.40947037935256958,0.40623925924301146,0,0
hospital_removal,3386,V32P-A024957,0,0.35356919169425965,0.34497806429862976,0,0
hospital_removal,3387,V32P-A024958,0,0.25656479895114898,0.24923802316188812,0,0
hospital_removal,3388,V32P-A024959,0,0.20164452195167543,0.19870140254497529,0,0
hospital_removal,3389,V32P-A024960,0,0.086749440431594854,0.090776184201240534,0,0
hospital_removal,3390,V32P-A024961,0,0.50584430098533628,0.52570827603340153,0,0
hospital_removal,3391,V32P-A024962,0,0.5020444393157959,0.5202506303787231,0,0
hospital_removal,3392,V32P-A024963,0,0.47244589328765868,0.48670122623443601,0,0
hospital_removal,3393,V32P-A024964,0,0.42451904416084291,0.43749803900718687,0,0
hospital_removal,3394,V32P-A024965,0,0.36166846156120303,0.36977952122688296,0,0
hospital_removal,3395,V32P-A024966,0,0.029353085905313492,0.031415015831589697,0,0
hospital_removal,3396,V32P-A024985,0,0.44238101840019228,0.44805487990379333,0,0
hospital_removal,3397,V32P-A024986,0,0.39404706358909608,0.39841941595077512,0,0
hospital_removal,3398,V32P-A024987,0,0.36087116003036501,0.36246328353881835,0,0
hospital_removal,3399,V32P-A024988,0,0.30274820029735566,0.30142321884632112,0,0
hospital_removal,3400,V32P-A024989,0,0.24068226218223571,0.23860638737678527,0,0
hospital_removal,3401,V32P-A024990,0,0.019010068476200105,0.020868071168661118,0,0
hospital_removal,3402,V32P-A025039,0,0.74518340826034546,0.74236693382263186,1,1
hospital_removal,3403,V32P-A025040,0,0.44967325925827029,0.46171129941940309,0,0
hospital_removal,3404,V32P-A025041,0,0.48785257339477539,0.47883479595184325,0,0
hospital_removal,3405,V32P-A025042,0,0.52319781184196468,0.51346575617790224,0,0
hospital_removal,3406,V32P-A025043,0,0.38370920419692994,0.37590463757514953,0,0
hospital_removal,3407,V32P-A025044,0,0.14487438499927521,0.14869861304759979,0,0
hospital_removal,3408,V32P-A025075,0,0.73231076002120976,0.7280722498893738,1,1
hospital_removal,3409,V32P-A025076,0,0.6280612468719482,0.63577761650085451,1,1
hospital_removal,3410,V32P-A025077,0,0.525439840555191,0.53548365831375122,0,0
hospital_removal,3411,V32P-A025078,0,0.59091743230819704,0.60207755565643306,0,0
hospital_removal,3412,V32P-A025079,0,0.61281387805938725,0.62501958608627317,0,1
hospital_removal,3413,V32P-A025080,0,0.38811869025230405,0.41039076447486877,0,0
hospital_removal,3414,V32P-A025093,0,0.3164518862962723,0.32103068530559542,0,0
hospital_removal,3415,V32P-A025094,0,0.35479330420494082,0.3635513663291931,0,0
hospital_removal,3416,V32P-A025095,0,0.33006748557090759,0.33722689747810364,0,0
hospital_removal,3417,V32P-A025096,0,0.26877008974552152,0.27509321868419645,0,0
hospital_removal,3418,V32P-A025097,0,0.21936135292053222,0.22456383109092712,0,0
hospital_removal,3419,V32P-A025098,0,0.099037371575832367,0.10328870862722397,0,0
hospital_removal,3420,V32P-A025135,0,0.78624103069305418,0.79169000387191768,1,1
hospital_removal,3421,V32P-A025136,0,0.71639171838760374,0.72909928560256954,1,1
hospital_removal,3422,V32P-A025137,0,0.67268999814987185,0.68579443693161013,1,1
hospital_removal,3423,V32P-A025138,0,0.66311212778091433,0.67546836137771604,1,1
hospital_removal,3424,V32P-A025139,0,0.54223302006721497,0.5639071643352509,0,0
hospital_removal,3425,V32P-A025140,0,0.035854640603065493,0.040224309638142587,0,0
hospital_removal,3426,V32P-A025249,0,0.72157329320907593,0.71987789869308472,1,1
hospital_removal,3427,V32P-A025250,0,0.46557487249374391,0.47508022785186765,0,0
hospital_removal,3428,V32P-A025251,0,0.62266910672187803,0.62032925486564638,1,1
hospital_removal,3429,V32P-A025252,0,0.41009376645088197,0.42239281535148621,0,0
hospital_removal,3430,V32P-A025253,0,0.3065431982278824,0.31614232957363131,0,0
hospital_removal,3431,V32P-A025254,0,0.13059297055006028,0.13265700191259383,0,0
hospital_removal,3432,V32P-A025255,0,0.50750852227210996,0.50614755749702456,0,0
hospital_removal,3433,V32P-A025256,0,0.49295012950897216,0.48520262241363527,0,0
hospital_removal,3434,V32P-A025257,0,0.46962051987648012,0.45583989620208742,0,0
hospital_removal,3435,V32P-A025258,0,0.4021964192390442,0.38737802505493163,0,0
hospital_removal,3436,V32P-A025259,0,0.38389660120010377,0.38283686041831971,0,0
hospital_removal,3437,V32P-A025260,0,0.17053787410259247,0.16870389282703399,0,0
hospital_removal,3438,V32P-A025273,0,0.31110734641551974,0.32564592659473418,0,0
hospital_removal,3439,V32P-A025274,0,0.37875452041625979,0.38345776796340941,0,0
hospital_removal,3440,V32P-A025275,0,0.36971743106842042,0.36554358005523679,0,0
hospital_removal,3441,V32P-A025276,0,0.29476490020751955,0.28893329501152037,0,0
hospital_removal,3442,V32P-A025277,0,0.22149479687213897,0.21538403928279876,0,0
hospital_removal,3443,V32P-A025278,0,0.091926675289869308,0.092929301410913462,0,0
hospital_removal,3444,V32P-A025327,0,0.77457975149154668,0.78087019920349121,1,1
hospital_removal,3445,V32P-A025328,0,0.64484289884567259,0.6548306941986084,1,1
hospital_removal,3446,V32P-A025329,0,0.55599349141120913,0.56234818100929262,0,0
hospital_removal,3447,V32P-A025330,0,0.46247625946998594,0.45863240361213686,0,0
hospital_removal,3448,V32P-A025331,0,0.34128085374832151,0.33692256212234495,0,0
hospital_removal,3449,V32P-A025332,0,0.14804878383874892,0.14759366661310197,0,0
hospital_removal,3450,V32P-A025345,0,0.53520320057868953,0.56187927126884463,0,0
hospital_removal,3451,V32P-A025346,0,0.55654013752937315,0.57636567950248718,0,0
hospital_removal,3452,V32P-A025347,0,0.5452090263366699,0.56297407150268552,0,0
hospital_removal,3453,V32P-A025348,0,0.47307397723197936,0.49476984143257141,0,0
hospital_removal,3454,V32P-A025349,0,0.40825428664684293,0.43448415100574495,0,0
hospital_removal,3455,V32P-A025350,0,0.19449041411280632,0.23530991300940513,0,0
hospital_removal,3456,V32P-A025387,0,0.64314496517181396,0.64612987041473391,1,1
hospital_removal,3457,V32P-A025388,0,0.61074619293212895,0.61128548383712766,0,0
hospital_removal,3458,V32P-A025389,0,0.58819467425346372,0.5841437160968781,0,0
hospital_removal,3459,V32P-A025390,0,0.52963482737541201,0.51838926076889036,0,0
hospital_removal,3460,V32P-A025391,0,0.47505404353141784,0.47391963005065918,0,0
hospital_removal,3461,V32P-A025392,0,0.22102514207363128,0.22343846857547761,0,0
hospital_removal,3462,V32P-A025447,1,0.77526712417602539,0.78509215116500852,1,1
hospital_removal,3463,V32P-A025448,1,0.74404680728912354,0.75714433193206787,1,1
hospital_removal,3464,V32P-A025449,0,0.32385112643241881,0.35658055245876313,0,0
hospital_removal,3465,V32P-A025450,0,0.13723008930683137,0.1500257059931755,0,0
hospital_removal,3466,V32P-A025451,0,0.10673276260495186,0.11648736000061036,0,0
hospital_removal,3467,V32P-A025452,0,0.044534439779818059,0.048225852288305761,0,0
hospital_removal,3468,V32P-A025495,0,0.77856329679489134,0.77173600196838377,1,1
hospital_removal,3469,V32P-A025496,0,0.6129558324813843,0.60881167650222778,0,0
hospital_removal,3470,V32P-A025497,0,0.50987167358398433,0.50676078796386714,0,0
hospital_removal,3471,V32P-A025498,0,0.43183805346488952,0.43214514851570129,0,0
hospital_removal,3472,V32P-A025499,0,0.40888278484344481,0.40442684292793274,0,0
hospital_removal,3473,V32P-A025500,0,0.15048461407423019,0.15066415518522264,0,0
hospital_removal,3474,V32P-A025663,0,0.6442085981369019,0.63958777189254756,1,1
hospital_removal,3475,V32P-A025664,0,0.53798863887786863,0.54093968868255615,0,0
hospital_removal,3476,V32P-A025665,0,0.51280641555786133,0.5098614454269409,0,0
hospital_removal,3477,V32P-A025666,1,0.47971538305282591,0.47259506583213806,0,0
hospital_removal,3478,V32P-A025667,0,0.074437557160854345,0.078086788207292562,0,0
hospital_removal,3479,V32P-A025668,0,0.034236159361898902,0.036016239970922473,0,0
hospital_removal,3480,V32P-A025723,0,0.54045390486717226,0.5498287618160248,0,0
hospital_removal,3481,V32P-A025724,0,0.65560946464538572,0.6555335521697998,1,1
hospital_removal,3482,V32P-A025725,0,0.64285848140716551,0.63985862731933596,1,1
hospital_removal,3483,V32P-A025726,1,0.59233753681182866,0.58547277450561519,0,0
hospital_removal,3484,V32P-A025727,0,0.083054728060960772,0.086020465195178988,0,0
hospital_removal,3485,V32P-A025728,0,0.04213322140276432,0.043810410052537919,0,0
hospital_removal,3486,V32P-A026041,0,0.73116120100021365,0.72158203124999998,1,1
hospital_removal,3487,V32P-A026042,0,0.69893662929534917,0.6941129088401794,1,1
hospital_removal,3488,V32P-A026043,0,0.6801009058952332,0.67442067861557009,1,1
hospital_removal,3489,V32P-A026044,0,0.67302072048187256,0.66768422126770022,1,1
hospital_removal,3490,V32P-A026045,0,0.67185969352722164,0.66793495416641235,1,1
hospital_removal,3491,V32P-A026046,0,0.54130549430847164,0.54196674227714536,0,0
hospital_removal,3492,V32P-A026077,0,0.55827389359474178,0.56623581051826477,0,0
hospital_removal,3493,V32P-A026078,0,0.55745952129364018,0.56416223049163816,0,0
hospital_removal,3494,V32P-A026079,0,0.54920930266380308,0.55754429697990415,0,0
hospital_removal,3495,V32P-A026080,0,0.52862163186073308,0.53004664778709409,0,0
hospital_removal,3496,V32P-A026081,0,0.45145043730735779,0.45900344848632812,0,0
hospital_removal,3497,V32P-A026082,0,0.22864766716957091,0.23869450092315675,0,0
hospital_removal,3498,V32P-A026101,0,0.58728127479553227,0.57639634609222412,0,0
hospital_removal,3499,V32P-A026102,0,0.56947114467620852,0.55676214098930354,0,0
hospital_removal,3500,V32P-A026103,0,0.57907040715217595,0.55788637995719914,0,0
hospital_removal,3501,V32P-A026104,0,0.55847862362861633,0.53236493468284607,0,0
hospital_removal,3502,V32P-A026105,0,0.49236734509468078,0.46983836293220521,0,0
hospital_removal,3503,V32P-A026106,0,0.26931436657905578,0.26820223033428192,0,0
hospital_removal,3504,V32P-A026119,1,0.7031963109970093,0.70676350593566895,1,1
hospital_removal,3505,V32P-A026120,1,0.67523664236068726,0.67166894674301147,1,1
hospital_removal,3506,V32P-A026121,1,0.62707739472389223,0.61876122355461116,1,0
hospital_removal,3507,V32P-A026122,0,0.1086743488907814,0.11433948576450348,0,0
hospital_removal,3508,V32P-A026123,0,0.079206453263759607,0.083572296053171152,0,0
hospital_removal,3509,V32P-A026124,0,0.031742202863097188,0.033923553302884102,0,0
hospital_removal,3510,V32P-A026131,0,0.53278727531433101,0.54992736577987666,0,0
hospital_removal,3511,V32P-A026132,0,0.51190786957740786,0.53050644993782048,0,0
hospital_removal,3512,V32P-A026133,0,0.52227087020874019,0.53878606557846065,0,0
hospital_removal,3513,V32P-A026134,0,0.40796150565147399,0.42727439999580386,0,0
hospital_removal,3514,V32P-A026135,0,0.34015445411205292,0.35827648937702178,0,0
hospital_removal,3515,V32P-A026136,0,0.1581004023551941,0.17484345734119416,0,0
hospital_removal,3516,V32P-A026227,0,0.56166939735412602,0.57088861465454099,0,0
hospital_removal,3517,V32P-A026228,0,0.62145653963088987,0.62467662096023557,1,1
hospital_removal,3518,V32P-A026229,0,0.59560729265213008,0.60003288984298708,0,0
hospital_removal,3519,V32P-A026230,0,0.60027495622634885,0.59801210165023799,0,0
hospital_removal,3520,V32P-A026231,0,0.53780251741409302,0.53614287376403813,0,0
hospital_removal,3521,V32P-A026232,0,0.047247313708066938,0.049333661049604419,0,0
hospital_removal,3522,V32P-A026365,0,0.63262293338775633,0.62706273794174194,1,1
hospital_removal,3523,V32P-A026366,0,0.49933405518531798,0.49598380923271179,0,0
hospital_removal,3524,V32P-A026367,0,0.43413488864898681,0.43052623867988588,0,0
hospital_removal,3525,V32P-A026368,0,0.3554546356201172,0.35285557508468629,0,0
hospital_removal,3526,V32P-A026369,0,0.29848034083843233,0.29560482800006865,0,0
hospital_removal,3527,V32P-A026370,0,0.15304353088140488,0.1534920260310173,0,0
hospital_removal,3528,V32P-A026431,0,0.48838633894920347,0.46960267424583435,0,0
hospital_removal,3529,V32P-A026432,0,0.43469927310943601,0.41300104856491088,0,0
hospital_removal,3530,V32P-A026433,0,0.38367586731910708,0.35957375168800354,0,0
hospital_removal,3531,V32P-A026434,0,0.30123178362846376,0.28106266260147095,0,0
hospital_removal,3532,V32P-A026435,0,0.23462857902050019,0.21937951743602752,0,0
hospital_removal,3533,V32P-A026436,0,0.10578221231698989,0.10318364948034286,0,0
hospital_removal,3534,V32P-A026455,0,0.6563912034034729,0.66751079559326176,1,1
hospital_removal,3535,V32P-A026456,0,0.56653458476066587,0.5790820360183716,0,0
hospital_removal,3536,V32P-A026457,0,0.48392529487609864,0.48972041010856626,0,0
hospital_removal,3537,V32P-A026458,0,0.60425166487693782,0.6038281142711639,0,0
hospital_removal,3538,V32P-A026459,1,0.36314482092857359,0.36149026751518248,0,0
hospital_removal,3539,V32P-A026460,0,0.034760114550590512,0.035763804242014884,0,0
hospital_removal,3540,V32P-A026479,0,0.63224259614944456,0.64194779396057133,1,1
hospital_removal,3541,V32P-A026480,0,0.57714672088623042,0.58790190219879146,0,0
hospital_removal,3542,V32P-A026481,0,0.52737402319908144,0.53660013079643254,0,0
hospital_removal,3543,V32P-A026482,0,0.43057239055633545,0.43711471557617188,0,0
hospital_removal,3544,V32P-A026483,0,0.33527313768863676,0.33747141063213348,0,0
hospital_removal,3545,V32P-A026484,0,0.13872540295124053,0.13756783902645112,0,0
hospital_removal,3546,V32P-A026569,0,0.48894642591476439,0.49034476876258848,0,0
hospital_removal,3547,V32P-A026570,0,0.53163045644760132,0.51525185108184812,0,0
hospital_removal,3548,V32P-A026571,0,0.43349154591560363,0.41853898167610171,0,0
hospital_removal,3549,V32P-A026572,0,0.40039377808570864,0.38385837078094481,0,0
hospital_removal,3550,V32P-A026573,0,0.33034225404262541,0.31794638037681577,0,0
hospital_removal,3551,V32P-A026574,0,0.14660352468490601,0.14518784433603288,0,0
hospital_removal,3552,V32P-A026593,1,0.70126719474792476,0.70020798444747923,1,1
hospital_removal,3553,V32P-A026594,1,0.66715184450149534,0.66908746957778931,1,1
hospital_removal,3554,V32P-A026595,1,0.48221656680107117,0.48240603208541871,0,0
hospital_removal,3555,V32P-A026596,0,0.092248234897851944,0.095494852960109705,0,0
hospital_removal,3556,V32P-A026597,0,0.071771606430411333,0.074333292618393901,0,0
hospital_removal,3557,V32P-A026598,0,0.031729191169142724,0.032874628901481628,0,0
hospital_removal,3558,V32P-A026611,0,0.71619057655334473,0.70892970561981206,1,1
hospital_removal,3559,V32P-A026612,0,0.46431068778038026,0.44929522275924683,0,0
hospital_removal,3560,V32P-A026613,0,0.38292301893234254,0.37312077283859252,0,0
hospital_removal,3561,V32P-A026614,0,0.39364062547683715,0.38757810592651365,0,0
hospital_removal,3562,V32P-A026615,0,0.31308951377868655,0.31185551881790163,0,0
hospital_removal,3563,V32P-A026616,0,0.10422588139772415,0.10743560045957565,0,0
hospital_removal,3564,V32P-A026647,0,0.35531747341156006,0.36356806755065918,0,0
hospital_removal,3565,V32P-A026648,0,0.3873575687408447,0.3987790822982788,0,0
hospital_removal,3566,V32P-A026649,0,0.36007395386695862,0.37180802226066589,0,0
hospital_removal,3567,V32P-A026650,0,0.29428620934486388,0.30472750663757325,0,0
hospital_removal,3568,V32P-A026651,0,0.22807809710502625,0.23665939569473265,0,0
hospital_removal,3569,V32P-A026652,0,0.098913168162107462,0.10296368226408958,0,0
hospital_removal,3570,V32P-A026701,0,0.60174024105072021,0.61848043203353886,0,0
hospital_removal,3571,V32P-A026702,0,0.54057087302207951,0.54900704026222225,0,0
hospital_removal,3572,V32P-A026703,0,0.45567012429237364,0.45960816740989685,0,0
hospital_removal,3573,V32P-A026704,0,0.31210753619670867,0.31711724102497102,0,0
hospital_removal,3574,V32P-A026705,1,0.30238675773143769,0.30348431169986723,0,0
hospital_removal,3575,V32P-A026706,0,0.018461260292679072,0.02052467307075858,0,0
hospital_removal,3576,V32P-A026719,0,0.78516917228698735,0.79135066270828247,1,1
hospital_removal,3577,V32P-A026720,0,0.73638346195220949,0.75034177303314209,1,1
hospital_removal,3578,V32P-A026721,0,0.72125891447067259,0.73799893856048582,1,1
hospital_removal,3579,V32P-A026722,0,0.70506317615509029,0.72195708751678467,1,1
hospital_removal,3580,V32P-A026723,0,0.65383441448211665,0.67462505102157588,1,1
hospital_removal,3581,V32P-A026724,0,0.43307663202285768,0.46709004044532776,0,0
hospital_removal,3582,V32P-A026725,0,0.54962274432182312,0.549090176820755,0,0
hospital_removal,3583,V32P-A026726,0,0.42731648683547974,0.42390514612197877,0,0
hospital_removal,3584,V32P-A026727,0,0.3685210645198822,0.36541137099266052,0,0
hospital_removal,3585,V32P-A026728,0,0.28893061578273771,0.28910886347293852,0,0
hospital_removal,3586,V32P-A026729,0,0.22395414710044861,0.2254212349653244,0,0
hospital_removal,3587,V32P-A026730,0,0.096420875191688543,0.098836641013622287,0,0
hospital_removal,3588,V32P-A026833,0,0.54172762036323552,0.54360508322715761,0,0
hospital_removal,3589,V32P-A026834,0,0.52629823684692378,0.52557328939437864,0,0
hospital_removal,3590,V32P-A026835,0,0.49910421967506408,0.49612709879875183,0,0
hospital_removal,3591,V32P-A026836,0,0.43434016704559325,0.43122250437736509,0,0
hospital_removal,3592,V32P-A026837,0,0.36947721242904663,0.3652788043022156,0,0
hospital_removal,3593,V32P-A026838,0,0.17667719423770906,0.1754111886024475,0,0
hospital_removal,3594,V32P-A026887,0,0.71016290187835696,0.71317586898803709,1,1
hospital_removal,3595,V32P-A026888,0,0.5419184625148773,0.55092083811759951,0,0
hospital_removal,3596,V32P-A026889,0,0.45851286053657531,0.46391033530235293,0,0
hospital_removal,3597,V32P-A026890,0,0.37788756489753722,0.38613549470901487,0,0
hospital_removal,3598,V32P-A026891,0,0.33077148199081419,0.34340279698371889,0,0
hospital_removal,3599,V32P-A026892,0,0.11872983127832412,0.12859726846218109,0,0
hospital_removal,3600,V32P-A026989,0,0.44453020691871642,0.4514381945133209,0,0
hospital_removal,3601,V32P-A026990,0,0.53656679987907407,0.53390944004058838,0,0
hospital_removal,3602,V32P-A026991,0,0.51839039325714109,0.5100369274616241,0,0
hospital_removal,3603,V32P-A026992,0,0.43987231254577636,0.42615168094635009,0,0
hospital_removal,3604,V32P-A026993,0,0.36815116405487058,0.35483636260032653,0,0
hospital_removal,3605,V32P-A026994,0,0.1927497535943985,0.18898017108440399,0,0
hospital_removal,3606,V32P-A027055,0,0.46105284690856935,0.48102430105209348,0,0
hospital_removal,3607,V32P-A027056,0,0.53337592482566831,0.53611670136451717,0,0
hospital_removal,3608,V32P-A027057,0,0.51652739048004148,0.50666778087615971,0,0
hospital_removal,3609,V32P-A027058,0,0.43225824236869814,0.42034574747085574,0,0
hospital_removal,3610,V32P-A027059,0,0.34672142267227174,0.33904043436050413,0,0
hospital_removal,3611,V32P-A027060,0,0.15386842787265778,0.15449848026037216,0,0
hospital_removal,3612,V32P-A027133,0,0.42351914644241334,0.4444305717945099,0,0
hospital_removal,3613,V32P-A027134,0,0.4311603307723999,0.44489119052886961,0,0
hospital_removal,3614,V32P-A027135,0,0.39023709893226621,0.40082673430442811,0,0
hospital_removal,3615,V32P-A027136,0,0.30741669535636901,0.32161502838134765,0,0
hospital_removal,3616,V32P-A027137,0,0.23756576180458069,0.2528588533401489,0,0
hospital_removal,3617,V32P-A027138,0,0.097583653032779688,0.10781137496232987,0,0
hospital_removal,3618,V32P-A027169,0,0.42572166323661803,0.41694916486740113,0,0
hospital_removal,3619,V32P-A027170,0,0.35142370462417605,0.34266562461853028,0,0
hospital_removal,3620,V32P-A027171,0,0.32028100192546843,0.31207315623760223,0,0
hospital_removal,3621,V32P-A027172,0,0.35165856182575228,0.33910620510578154,0,0
hospital_removal,3622,V32P-A027173,0,0.24212242960929869,0.23691465258598327,0,0
hospital_removal,3623,V32P-A027174,0,0.14280514568090438,0.14209285229444504,0,0
hospital_removal,3624,V32P-A027193,0,0.61215555667877197,0.60446699857711794,0,0
hospital_removal,3625,V32P-A027194,0,0.49832877516746521,0.48654841780662539,0,0
hospital_removal,3626,V32P-A027195,0,0.45684841275215149,0.44432391524314879,0,0
hospital_removal,3627,V32P-A027196,0,0.36952385902404783,0.3594364285469055,0,0
hospital_removal,3628,V32P-A027197,0,0.28997645974159242,0.28350562155246734,0,0
hospital_removal,3629,V32P-A027198,0,0.11906469911336899,0.11870973706245422,0,0
hospital_removal,3630,V32P-A027235,0,0.69254453182220455,0.71170762777328489,1,1
hospital_removal,3631,V32P-A027236,0,0.60511587858200078,0.62390044927597044,0,1
hospital_removal,3632,V32P-A027237,0,0.55573168396949768,0.56477414369583134,0,0
hospital_removal,3633,V32P-A027238,0,0.47203493714332578,0.47778304815292361,0,0
hospital_removal,3634,V32P-A027239,0,0.42494451403617861,0.43043285608291626,0,0
hospital_removal,3635,V32P-A027240,0,0.16299763023853303,0.16534149050712585,0,0
hospital_removal,3636,V32P-A027277,0,0.55101334452629092,0.55911479592323299,0,0
hospital_removal,3637,V32P-A027278,0,0.48366627693176267,0.50778638124465947,0,0
hospital_removal,3638,V32P-A027279,0,0.36354622840881345,0.38880460858345034,0,0
hospital_removal,3639,V32P-A027280,0,0.28869410157203673,0.30939602851867676,0,0
hospital_removal,3640,V32P-A027281,0,0.22853493243455886,0.24528008848428726,0,0
hospital_removal,3641,V32P-A027282,0,0.10785697996616364,0.11563892811536788,0,0
hospital_removal,3642,V32P-A027337,1,0.80430297851562504,0.79978511333465574,1,1
hospital_removal,3643,V32P-A027338,1,0.68932495117187498,0.69151550531387329,1,1
hospital_removal,3644,V32P-A027339,0,0.18029296398162842,0.18761024922132491,0,0
hospital_removal,3645,V32P-A027340,0,0.13105661273002625,0.1359652891755104,0,0
hospital_removal,3646,V32P-A027341,0,0.15011977627873421,0.15546107441186904,0,0
hospital_removal,3647,V32P-A027342,0,0.047246946208179,0.049527509510517119,0,0
hospital_removal,3648,V32P-A027379,0,0.62099663019180296,0.62885534763336182,1,1
hospital_removal,3649,V32P-A027380,0,0.66707423925399778,0.67738519906997685,1,1
hospital_removal,3650,V32P-A027381,0,0.68683167695999148,0.69632973670959475,1,1
hospital_removal,3651,V32P-A027382,0,0.6881613492965698,0.69820073843002317,1,1
hospital_removal,3652,V32P-A027383,1,0.51352095007896426,0.53766477704048155,0,0
hospital_removal,3653,V32P-A027384,0,0.028996396437287332,0.031084756180644036,0,0
hospital_removal,3654,V32P-A027427,1,0.65397293567657466,0.66398684978485112,1,1
hospital_removal,3655,V32P-A027428,1,0.66484342813491826,0.6721423864364624,1,1
hospital_removal,3656,V32P-A027429,1,0.58103864192962651,0.58792624473571775,0,0
hospital_removal,3657,V32P-A027430,0,0.07535936832427978,0.081438978016376493,0,0
hospital_removal,3658,V32P-A027431,0,0.053347983956336976,0.058296278864145276,0,0
hospital_removal,3659,V32P-A027432,0,0.021292522363364697,0.02364662606269121,0,0
hospital_removal,3660,V32P-A027481,0,0.51684958338737486,0.50994731783866887,0,0
hospital_removal,3661,V32P-A027482,0,0.52957938909530644,0.5208041727542877,0,0
hospital_removal,3662,V32P-A027483,0,0.54021472334861753,0.53023482561111446,0,0
hospital_removal,3663,V32P-A027484,0,0.48440995216369631,0.4732386112213135,0,0
hospital_removal,3664,V32P-A027485,1,0.38999343514442442,0.38005309104919432,0,0
hospital_removal,3665,V32P-A027486,0,0.029867910966277122,0.032068173214793202,0,0
hospital_removal,3666,V32P-A027511,0,0.69655622243881221,0.70408234596252439,1,1
hospital_removal,3667,V32P-A027512,0,0.61530121564865115,0.62535291910171509,0,1
hospital_removal,3668,V32P-A027513,0,0.51902045607566838,0.53024497628211975,0,0
hospital_removal,3669,V32P-A027514,0,0.43738622069358823,0.44839143157005312,0,0
hospital_removal,3670,V32P-A027515,0,0.39467068910598757,0.4053351402282715,0,0
hospital_removal,3671,V32P-A027516,0,0.18813574314117432,0.1999943196773529,0,0
hospital_removal,3672,V32P-A027541,0,0.55594244003295901,0.56070805788040157,0,0
hospital_removal,3673,V32P-A027542,0,0.49430544376373292,0.50264465808868408,0,0
hospital_removal,3674,V32P-A027543,0,0.56355969309806819,0.55922726988792415,0,0
hospital_removal,3675,V32P-A027544,0,0.48286482095718386,0.47325625419616701,0,0
hospital_removal,3676,V32P-A027545,0,0.38297628164291381,0.37047307491302489,0,0
hospital_removal,3677,V32P-A027546,0,0.16651988476514817,0.16308196038007736,0,0
hospital_removal,3678,V32P-A027595,0,0.81394746303558352,0.81508536338806148,1,1
hospital_removal,3679,V32P-A027596,0,0.7397033214569092,0.74886875152587895,1,1
hospital_removal,3680,V32P-A027597,0,0.67589297294616701,0.67973694801330564,1,1
hospital_removal,3681,V32P-A027598,0,0.63797821998596194,0.64863157272338867,1,1
hospital_removal,3682,V32P-A027599,0,0.55294321179389949,0.55848671793937688,0,0
hospital_removal,3683,V32P-A027600,0,0.040127887949347497,0.041432311385869981,0,0
hospital_removal,3684,V32P-A027781,1,0.65470138788223264,0.63796579837799072,1,1
hospital_removal,3685,V32P-A027782,1,0.52522901892662044,0.49846953153610229,0,0
hospital_removal,3686,V32P-A027783,1,0.44755873680114744,0.42282549142837522,0,0
hospital_removal,3687,V32P-A027784,0,0.062928442656993863,0.06555332094430924,0,0
hospital_removal,3688,V32P-A027785,0,0.048680607974529264,0.050993318855762484,0,0
hospital_removal,3689,V32P-A027786,0,0.023708040453493597,0.025210588239133358,0,0
hospital_removal,3690,V32P-A027811,0,0.79391897916793819,0.79902170896530156,1,1
hospital_removal,3691,V32P-A027812,0,0.72598378658294682,0.73645306825637813,1,1
hospital_removal,3692,V32P-A027813,0,0.66161786317825322,0.67386124134063718,1,1
hospital_removal,3693,V32P-A027814,0,0.53850234746932979,0.55291775465011594,0,0
hospital_removal,3694,V32P-A027815,0,0.44660769701004027,0.46032572388648985,0,0
hospital_removal,3695,V32P-A027816,0,0.19606370627880096,0.201218181848526,0,0
hospital_removal,3696,V32P-A027829,1,0.69907550811767583,0.69992964267730717,1,1
hospital_removal,3697,V32P-A027830,1,0.56784192919731136,0.56729195713996883,0,0
hospital_removal,3698,V32P-A027831,1,0.5347744286060333,0.52406170368194582,0,0
hospital_removal,3699,V32P-A027832,0,0.088793323934078211,0.092143097519874567,0,0
hospital_removal,3700,V32P-A027833,0,0.064628454297780996,0.067501800507307058,0,0
hospital_removal,3701,V32P-A027834,0,0.027073878608644009,0.028464256413280965,0,0
hospital_removal,3702,V32P-A027841,0,0.54194037914276127,0.55436500310897829,0,0
hospital_removal,3703,V32P-A027842,0,0.4898992359638214,0.504026186466217,0,0
hospital_removal,3704,V32P-A027843,0,0.46731510758399963,0.48154627084732055,0,0
hospital_removal,3705,V32P-A027844,0,0.38552975058555605,0.39757496714591978,0,0
hospital_removal,3706,V32P-A027845,0,0.30716522932052615,0.31745675802230833,0,0
hospital_removal,3707,V32P-A027846,0,0.1374494343996048,0.14065882861614226,0,0
hospital_removal,3708,V32P-A027889,0,0.83201705217361455,0.83325459957122805,1,1
hospital_removal,3709,V32P-A027890,0,0.70437885522842403,0.72091557979583742,1,1
hospital_removal,3710,V32P-A027891,0,0.846634304523468,0.84388687610626223,1,1
hospital_removal,3711,V32P-A027892,1,0.66044446229934695,0.68075897693634035,1,1
hospital_removal,3712,V32P-A027893,0,0.15052707046270369,0.16274011582136155,0,0
hospital_removal,3713,V32P-A027894,0,0.070021492429077625,0.073453247360885141,0,0
hospital_removal,3714,V32P-A027925,0,0.50821327567100527,0.49582511782646177,0,0
hospital_removal,3715,V32P-A027926,0,0.41047409176826477,0.39565620422363279,0,0
hospital_removal,3716,V32P-A027927,0,0.37727240324020384,0.36078408360481262,0,0
hospital_removal,3717,V32P-A027928,0,0.32794957756996157,0.31169760823249815,0,0
hospital_removal,3718,V32P-A027929,0,0.26324346661567688,0.25189931988716124,0,0
hospital_removal,3719,V32P-A027930,0,0.12004385292530059,0.11836997866630554,0,0
hospital_removal,3720,V32P-A027943,0,0.84266173839569092,0.82663507461547847,1,1
hospital_removal,3721,V32P-A027944,0,0.70159001350402828,0.67405942678451536,1,1
hospital_removal,3722,V32P-A027945,0,0.62653914690017698,0.59283701777458186,1,0
hospital_removal,3723,V32P-A027946,0,0.60828881263732915,0.57448347806930544,0,0
hospital_removal,3724,V32P-A027947,0,0.61547580361366272,0.59947751760482793,0,0
hospital_removal,3725,V32P-A027948,0,0.33709211051464083,0.32871614694595336,0,0
hospital_removal,3726,V32P-A027961,0,0.76211899518966675,0.76217923164367674,1,1
hospital_removal,3727,V32P-A027962,0,0.63836485147476196,0.64213622808456416,1,1
hospital_removal,3728,V32P-A027963,0,0.54446879625320432,0.54374930858612058,0,0
hospital_removal,3729,V32P-A027964,0,0.58814381361007695,0.58740175962448116,0,0
hospital_removal,3730,V32P-A027965,0,0.43569135069847109,0.4330111503601074,0,0
hospital_removal,3731,V32P-A027966,0,0.18673440217971801,0.18816636502742767,0,0
hospital_removal,3732,V32P-A027973,0,0.50339007973670957,0.50621802210807798,0,0
hospital_removal,3733,V32P-A027974,0,0.40616731047630311,0.40829176306724546,0,0
hospital_removal,3734,V32P-A027975,0,0.37550475597381594,0.37901652455329893,0,0
hospital_removal,3735,V32P-A027976,0,0.33199702501296996,0.33588904142379761,0,0
hospital_removal,3736,V32P-A027977,0,0.26301465332508089,0.26785520613193514,0,0
hospital_removal,3737,V32P-A027978,0,0.11698640435934067,0.12364452630281449,0,0
hospital_removal,3738,V32P-A027985,0,0.67403571605682377,0.68784952163696289,1,1
hospital_removal,3739,V32P-A027986,0,0.58199726343154912,0.60293803215026853,0,0
hospital_removal,3740,V32P-A027987,0,0.5295742273330688,0.5491171002388,0,0
hospital_removal,3741,V32P-A027988,0,0.43461310863494873,0.45439840555191041,0,0
hospital_removal,3742,V32P-A027989,0,0.33684065937995911,0.35371751785278321,0,0
hospital_removal,3743,V32P-A027990,0,0.13778952211141587,0.14512477666139603,0,0
hospital_removal,3744,V32P-A027997,0,0.79219977855682377,0.7989470362663269,1,1
hospital_removal,3745,V32P-A027998,0,0.70867087841033938,0.72592561244964604,1,1
hospital_removal,3746,V32P-A027999,0,0.77083005905151369,0.77972140312194826,1,1
hospital_removal,3747,V32P-A028000,0,0.67532080411911011,0.69330102205276489,1,1
hospital_removal,3748,V32P-A028001,1,0.58290974497795101,0.6029061019420624,0,0
hospital_removal,3749,V32P-A028002,0,0.044735971093177798,0.046769173815846443,0,0
hospital_removal,3750,V32P-A028009,0,0.4016317665576935,0.42269065380096438,0,0
hospital_removal,3751,V32P-A028010,0,0.43673198819160464,0.44919945597648619,0,0
hospital_removal,3752,V32P-A028011,0,0.36430922150611877,0.37213361859321592,0,0
hospital_removal,3753,V32P-A028012,0,0.28654865920543671,0.2909873455762863,0,0
hospital_removal,3754,V32P-A028013,0,0.21023531258106232,0.21380809843540191,0,0
hospital_removal,3755,V32P-A028014,0,0.087225618958473208,0.090058550238609314,0,0
hospital_removal,3756,V32P-A028027,0,0.56171649098396303,0.54310083389282227,0,0
hospital_removal,3757,V32P-A028028,0,0.51137044429779055,0.49369491934776305,0,0
hospital_removal,3758,V32P-A028029,0,0.48455797433853148,0.4651245713233948,0,0
hospital_removal,3759,V32P-A028030,0,0.44742850661277772,0.42967582941055299,0,0
hospital_removal,3760,V32P-A028031,0,0.37140662670135499,0.35527384281158447,0,0
hospital_removal,3761,V32P-A028032,0,0.19424953311681747,0.18697073608636855,0,0
hospital_removal,3762,V32P-A028033,0,0.34781503081321719,0.34823403954505922,0,0
hospital_removal,3763,V32P-A028034,0,0.37567438483238219,0.37015600204467775,0,0
hospital_removal,3764,V32P-A028035,0,0.36216109693050386,0.34771442711353301,0,0
hospital_removal,3765,V32P-A028036,0,0.34881202578544618,0.32874215245246885,0,0
hospital_removal,3766,V32P-A028037,0,0.26442008912563325,0.25373112857341767,0,0
hospital_removal,3767,V32P-A028038,0,0.11712954938411713,0.11857840120792389,0,0
hospital_removal,3768,V32P-A028105,0,0.69124778509140017,0.70358682870864864,1,1
hospital_removal,3769,V32P-A028106,0,0.56345080137252812,0.5725211501121521,0,0
hospital_removal,3770,V32P-A028107,0,0.56888279914855955,0.57082650661468504,0,0
hospital_removal,3771,V32P-A028108,0,0.48167856931686404,0.48219597339630127,0,0
hospital_removal,3772,V32P-A028109,0,0.39517039656639097,0.39577802419662478,0,0
hospital_removal,3773,V32P-A028110,0,0.21112462133169174,0.2112619921565056,0,0
hospital_removal,3774,V32P-A028117,0,0.69428244829177854,0.67639067173004153,1,1
hospital_removal,3775,V32P-A028118,0,0.58544564247131348,0.56969318389892576,0,0
hospital_removal,3776,V32P-A028119,0,0.58025898933410647,0.55623184442520146,0,0
hospital_removal,3777,V32P-A028120,0,0.58556941747665403,0.55530296564102177,0,0
hospital_removal,3778,V32P-A028121,0,0.53039857745170593,0.50081779360771184,0,0
hospital_removal,3779,V32P-A028122,0,0.26999445259571075,0.26777644455432892,0,0
hospital_removal,3780,V32P-A028195,0,0.44534375667572024,0.45868314504623414,0,0
hospital_removal,3781,V32P-A028196,0,0.62024911642074587,0.62008239030838008,1,1
hospital_removal,3782,V32P-A028197,0,0.68201112747192383,0.67811919450759883,1,1
hospital_removal,3783,V32P-A028198,0,0.41680913567543032,0.41612355113029481,0,0
hospital_removal,3784,V32P-A028199,0,0.58520830273628233,0.57393097281455996,0,0
hospital_removal,3785,V32P-A028200,0,0.020143379643559455,0.02116206120699644,0,0
hospital_removal,3786,V32P-A028219,1,0.62803595066070561,0.62788615226745603,1,1
hospital_removal,3787,V32P-A028220,1,0.48241358995437622,0.48308259248733521,0,0
hospital_removal,3788,V32P-A028221,0,0.10221324861049652,0.10143813490867615,0,0
hospital_removal,3789,V32P-A028222,0,0.090069089084863663,0.089944025129079813,0,0
hospital_removal,3790,V32P-A028223,0,0.068290821462869647,0.068732743710279459,0,0
hospital_removal,3791,V32P-A028224,0,0.030598862655460836,0.031240243278443814,0,0
hospital_removal,3792,V32P-A028231,1,0.49387694597244264,0.50826035737991337,0,0
hospital_removal,3793,V32P-A028232,1,0.48606705665588379,0.49911339282989503,0,0
hospital_removal,3794,V32P-A028233,1,0.52837293148040776,0.53365986347198491,0,0
hospital_removal,3795,V32P-A028234,0,0.095497303083539015,0.10213873423635959,0,0
hospital_removal,3796,V32P-A028235,0,0.068579978682100778,0.073209399916231627,0,0
hospital_removal,3797,V32P-A028236,0,0.03137929681688547,0.033247111923992635,0,0
hospital_removal,3798,V32P-A028243,0,0.5889514684677124,0.60608224868774419,0,0
hospital_removal,3799,V32P-A028244,0,0.52370502352714543,0.54322598576545711,0,0
hospital_removal,3800,V32P-A028245,0,0.48420954346656797,0.49997563958168029,0,0
hospital_removal,3801,V32P-A028246,0,0.38113006353378298,0.39425001144409177,0,0
hospital_removal,3802,V32P-A028247,0,0.30013395845890045,0.31195152103900908,0,0
hospital_removal,3803,V32P-A028248,0,0.12392065078020095,0.13511050492525101,0,0
hospital_removal,3804,V32P-A028273,0,0.67636150121688843,0.66612573862075808,1,1
hospital_removal,3805,V32P-A028274,0,0.55775509476661678,0.56495785117149355,0,0
hospital_removal,3806,V32P-A028275,0,0.5473289310932159,0.53160723447799685,0,0
hospital_removal,3807,V32P-A028276,0,0.48540102839469912,0.46557041406631472,0,0
hospital_removal,3808,V32P-A028277,0,0.40196956396102906,0.38760358691215513,0,0
hospital_removal,3809,V32P-A028278,0,0.1956626832485199,0.19559575319290162,0,0
hospital_removal,3810,V32P-A028291,0,0.66747379302978516,0.64711416959762569,1,1
hospital_removal,3811,V32P-A028292,0,0.57457216382026677,0.56903129220008852,0,0
hospital_removal,3812,V32P-A028293,0,0.6749250173568726,0.65561307668685909,1,1
hospital_removal,3813,V32P-A028294,0,0.44593812227249147,0.44032854437828062,0,0
hospital_removal,3814,V32P-A028295,0,0.39317777752876282,0.3879567623138428,0,0
hospital_removal,3815,V32P-A028296,0,0.22144823670387268,0.22171602249145508,0,0
hospital_removal,3816,V32P-A028303,1,0.39691926836967467,0.411674302816391,0,0
hospital_removal,3817,V32P-A028304,1,0.41463708281517031,0.42722058892250059,0,0
hospital_removal,3818,V32P-A028305,0,0.087118408083915716,0.093332603573799133,0,0
hospital_removal,3819,V32P-A028306,0,0.06485262736678124,0.06902600899338722,0,0
hospital_removal,3820,V32P-A028307,0,0.044876449555158612,0.047864458709955218,0,0
hospital_removal,3821,V32P-A028308,0,0.020236482564359903,0.021841947827488183,0,0
hospital_removal,3822,V32P-A028333,0,0.59190328717231755,0.61368616223335271,0,0
hospital_removal,3823,V32P-A028334,0,0.495664644241333,0.51804651021957393,0,0
hospital_removal,3824,V32P-A028335,0,0.42097401320934297,0.43780545294284823,0,0
hospital_removal,3825,V32P-A028336,0,0.35224198102951049,0.36998236179351807,0,0
hospital_removal,3826,V32P-A028337,0,0.27596254050731661,0.28983516395092013,0,0
hospital_removal,3827,V32P-A028338,0,0.028059797221794726,0.030689711170271038,0,0
hospital_removal,3828,V32P-A028381,0,0.53720110654830933,0.51637048125267027,0,0
hospital_removal,3829,V32P-A028382,0,0.47056483030319213,0.44245940446853638,0,0
hospital_removal,3830,V32P-A028383,0,0.4331668198108673,0.40561997890472412,0,0
hospital_removal,3831,V32P-A028384,0,0.32730528116226199,0.30932163298130033,0,0
hospital_removal,3832,V32P-A028385,0,0.26288369894027708,0.25191134214401245,0,0
hospital_removal,3833,V32P-A028386,0,0.10689065605401993,0.10616229772567749,0,0
hospital_removal,3834,V32P-A028411,0,0.72338413000106816,0.73421897888183596,1,1
hospital_removal,3835,V32P-A028412,0,0.64213018417358403,0.65563985109329226,1,1
hospital_removal,3836,V32P-A028413,0,0.5823920845985413,0.59957048892974851,0,0
hospital_removal,3837,V32P-A028414,0,0.50631701350212099,0.52564055919647212,0,0
hospital_removal,3838,V32P-A028415,0,0.46843073964118959,0.48770790696144106,0,0
hospital_removal,3839,V32P-A028416,0,0.19065455496311187,0.20238782465457916,0,0
hospital_removal,3840,V32P-A028423,1,0.69369014501571657,0.67980908155441289,1,1
hospital_removal,3841,V32P-A028424,1,0.54425599575042727,0.53590471744537349,0,0
hospital_removal,3842,V32P-A028425,1,0.66864241361618038,0.65715031623840336,1,1
hospital_removal,3843,V32P-A028426,0,0.10271649360656739,0.10894551426172257,0,0
hospital_removal,3844,V32P-A028427,0,0.072795920073986053,0.077098743617534632,0,0
hospital_removal,3845,V32P-A028428,0,0.029670860804617404,0.031185674108564855,0,0
hospital_removal,3846,V32P-A028441,0,0.54246063232421871,0.55423888564109802,0,0
hospital_removal,3847,V32P-A028442,0,0.58792239427566528,0.58810017108917234,0,0
hospital_removal,3848,V32P-A028443,0,0.6817338347434998,0.67329859733581543,1,1
hospital_removal,3849,V32P-A028444,0,0.62910195589065554,0.61933556795120237,1,0
hospital_removal,3850,V32P-A028445,0,0.56167778372764587,0.5553040146827698,0,0
hospital_removal,3851,V32P-A028446,0,0.042167513445019719,0.044930149242281912,0,0
hospital_removal,3852,V32P-A028525,0,0.80598257780075078,0.81229476928710942,1,1
hospital_removal,3853,V32P-A028526,0,0.6888841986656189,0.70142409801483152,1,1
hospital_removal,3854,V32P-A028527,0,0.66059679985046382,0.67248443365097044,1,1
hospital_removal,3855,V32P-A028528,0,0.75587098598480229,0.75674158334732056,1,1
hospital_removal,3856,V32P-A028529,1,0.71039936542510984,0.71557800769805913,1,1
hospital_removal,3857,V32P-A028530,0,0.074939154088497162,0.077650448679924017,0,0
hospital_removal,3858,V32P-A028549,0,0.65858272314071653,0.64428871870040894,1,1
hospital_removal,3859,V32P-A028550,0,0.56402131915092468,0.54500016570091248,0,0
hospital_removal,3860,V32P-A028551,0,0.44835304021835326,0.43080962300300596,0,0
hospital_removal,3861,V32P-A028552,0,0.31423931717872622,0.3014437437057495,0,0
hospital_removal,3862,V32P-A028553,0,0.24293076097965241,0.23204616904258729,0,0
hospital_removal,3863,V32P-A028554,0,0.11203298866748809,0.10816631317138672,0,0
hospital_removal,3864,V32P-A028573,1,0.70392990112304688,0.71194463968276978,1,1
hospital_removal,3865,V32P-A028574,1,0.68445837497711182,0.69060060977935789,1,1
hospital_removal,3866,V32P-A028575,1,0.67815605401992796,0.67801927328109746,1,1
hospital_removal,3867,V32P-A028576,0,0.13017309457063675,0.13273897767066956,0,0
hospital_removal,3868,V32P-A028577,0,0.096261978894472119,0.098169700801372523,0,0
hospital_removal,3869,V32P-A028578,0,0.041741344518959521,0.042735325172543526,0,0
hospital_removal,3870,V32P-A028633,0,0.59221509695053098,0.59148809909820554,0,0
hospital_removal,3871,V32P-A028634,0,0.46896386742591856,0.46925726532936096,0,0
hospital_removal,3872,V32P-A028635,0,0.49813423156738279,0.5054821729660034,0,0
hospital_removal,3873,V32P-A028636,0,0.39755851030349731,0.40244266986846922,0,0
hospital_removal,3874,V32P-A028637,1,0.3175651878118515,0.32248274981975555,0,0
hospital_removal,3875,V32P-A028638,0,0.025517390854656697,0.027406278066337109,0,0
hospital_removal,3876,V32P-A028657,0,0.29592857360839842,0.30102763175964353,0,0
hospital_removal,3877,V32P-A028658,0,0.32441607713699339,0.33739919662475587,0,0
hospital_removal,3878,V32P-A028659,0,0.28010171055793764,0.29513588547706604,0,0
hospital_removal,3879,V32P-A028660,0,0.24003247916698456,0.25450040996074674,0,0
hospital_removal,3880,V32P-A028661,0,0.17828685343265532,0.19134999811649323,0,0
hospital_removal,3881,V32P-A028662,0,0.087691529095172888,0.095107696950435638,0,0
hospital_removal,3882,V32P-A028741,0,0.57476661205291746,0.59875293970108034,0,0
hospital_removal,3883,V32P-A028742,0,0.59614425897598267,0.62235460281372068,0,1
hospital_removal,3884,V32P-A028743,0,0.53969695568084719,0.56861924529075625,0,0
hospital_removal,3885,V32P-A028744,0,0.45621319413185119,0.4845993757247925,0,0
hospital_removal,3886,V32P-A028745,0,0.39530654847621916,0.42260531485080721,0,0
hospital_removal,3887,V32P-A028746,0,0.23008081465959548,0.2585193529725075,0,0
hospital_removal,3888,V32P-A028747,0,0.59774742126464842,0.59860997200012211,0,0
hospital_removal,3889,V32P-A028748,0,0.53428683280944822,0.53549475669860835,0,0
hospital_removal,3890,V32P-A028749,0,0.56741497516632078,0.56438238620758052,0,0
hospital_removal,3891,V32P-A028750,0,0.56414010524749758,0.55716837048530576,0,0
hospital_removal,3892,V32P-A028751,0,0.49891706705093386,0.49163507819175722,0,0
hospital_removal,3893,V32P-A028752,0,0.2854077607393265,0.28282438814640043,0,0
hospital_removal,3894,V32P-A028789,0,0.7297285795211792,0.73223595619201665,1,1
hospital_removal,3895,V32P-A028790,0,0.65608890056610103,0.65751286745071413,1,1
hospital_removal,3896,V32P-A028791,0,0.59439935684204104,0.58679050207138062,0,0
hospital_removal,3897,V32P-A028792,0,0.50457152128219607,0.48747449517250063,0,0
hospital_removal,3898,V32P-A028793,0,0.42986766695976258,0.4112175226211548,0,0
hospital_removal,3899,V32P-A028794,0,0.2594269126653671,0.24658679068088532,0,0
hospital_removal,3900,V32P-A028837,1,0.64224480986595156,0.67097977995872493,1,1
hospital_removal,3901,V32P-A028838,1,0.65078645348548891,0.67389734387397771,1,1
hospital_removal,3902,V32P-A028839,1,0.75559648275375368,0.76773098707199094,1,1
hospital_removal,3903,V32P-A028840,0,0.22002166211605073,0.27586266100406648,0,0
hospital_removal,3904,V32P-A028841,0,0.17056097090244293,0.21167459785938264,0,0
hospital_removal,3905,V32P-A028842,0,0.076409392803907392,0.089760410785675052,0,0
hospital_removal,3906,V32P-A028843,0,0.41455532908439635,0.4079215109348297,0,0
hospital_removal,3907,V32P-A028844,0,0.48090583682060239,0.47232548594474794,0,0
hospital_removal,3908,V32P-A028845,0,0.45210997462272645,0.44031232595443726,0,0
hospital_removal,3909,V32P-A028846,0,0.35717669129371643,0.35573186874389651,0,0
hospital_removal,3910,V32P-A028847,0,0.29266337156295774,0.28656004667282103,0,0
hospital_removal,3911,V32P-A028848,0,0.13886723220348357,0.13781871497631074,0,0
hospital_removal,3912,V32P-A028873,0,0.82078430652618406,0.82225899696350102,1,1
hospital_removal,3913,V32P-A028874,0,0.6957110524177551,0.69415998458862305,1,1
hospital_removal,3914,V32P-A028875,0,0.59713813066482546,0.59027932882308964,0,0
hospital_removal,3915,V32P-A028876,0,0.55928188562393188,0.55015258789062504,0,0
hospital_removal,3916,V32P-A028877,0,0.52790527343750004,0.51478504538536074,0,0
hospital_removal,3917,V32P-A028878,0,0.30390066504478452,0.29445101320743561,0,0
hospital_removal,3918,V32P-A028891,0,0.61708211898803711,0.63972755670547488,0,1
hospital_removal,3919,V32P-A028892,0,0.63738952875137334,0.64894164800643916,1,1
hospital_removal,3920,V32P-A028893,0,0.59963496923446657,0.60255472660064702,0,0
hospital_removal,3921,V32P-A028894,0,0.53060504794120789,0.52303591966629026,0,0
hospital_removal,3922,V32P-A028895,1,0.44409607052803041,0.43310526609420774,0,0
hospital_removal,3923,V32P-A028896,0,0.033969772234559062,0.03485399540513754,0,0
hospital_removal,3924,V32P-A028981,0,0.54906570315361025,0.5532293379306793,0,0
hospital_removal,3925,V32P-A028982,0,0.53685089349746706,0.534181821346283,0,0
hospital_removal,3926,V32P-A028983,0,0.52770165801048274,0.52093502879142761,0,0
hospital_removal,3927,V32P-A028984,0,0.60029439926147465,0.58725031614303591,0,0
hospital_removal,3928,V32P-A028985,0,0.35960288047790528,0.35871228575706482,0,0
hospital_removal,3929,V32P-A028986,0,0.024825785495340823,0.027308250404894353,0,0
hospital_removal,3930,V32P-A029029,0,0.61846305131912227,0.6052218437194824,0,0
hospital_removal,3931,V32P-A029030,0,0.44399307966232299,0.43478545546531677,0,0
hospital_removal,3932,V32P-A029031,0,0.37589243650436399,0.36744453907012942,0,0
hospital_removal,3933,V32P-A029032,0,0.3005324423313141,0.29437890648841858,0,0
hospital_removal,3934,V32P-A029033,0,0.22421066462993622,0.22028710246086119,0,0
hospital_removal,3935,V32P-A029034,0,0.10759838819503784,0.10479612052440643,0,0
hospital_removal,3936,V32P-A029047,0,0.45423170924186707,0.46448086500167846,0,0
hospital_removal,3937,V32P-A029048,0,0.5243988454341888,0.5280754148960114,0,0
hospital_removal,3938,V32P-A029049,0,0.51965848803520198,0.51942301392555235,0,0
hospital_removal,3939,V32P-A029050,0,0.47558800578117372,0.47370391488075259,0,0
hospital_removal,3940,V32P-A029051,0,0.41118434071540833,0.41015071272850034,0,0
hospital_removal,3941,V32P-A029052,0,0.21570809334516525,0.21543087810277939,0,0
hospital_removal,3942,V32P-A029071,0,0.32807951569557192,0.3289478659629822,0,0
hospital_removal,3943,V32P-A029072,0,0.3758066177368164,0.37966102361679077,0,0
hospital_removal,3944,V32P-A029073,0,0.36319953203201294,0.36545262336730955,0,0
hospital_removal,3945,V32P-A029074,0,0.31025738418102267,0.31038412153720857,0,0
hospital_removal,3946,V32P-A029075,0,0.24155775308609009,0.24084477424621581,0,0
hospital_removal,3947,V32P-A029076,0,0.10579416006803513,0.10755723714828491,0,0
hospital_removal,3948,V32P-A029101,0,0.52676120400428772,0.52562810182571407,0,0
hospital_removal,3949,V32P-A029102,0,0.53095946311950681,0.5248116612434387,0,0
hospital_removal,3950,V32P-A029103,0,0.49505923986434935,0.48460656404495239,0,0
hospital_removal,3951,V32P-A029104,0,0.43513917922973633,0.42146228551864623,0,0
hospital_removal,3952,V32P-A029105,0,0.42338746190071108,0.41703935861587527,0,0
hospital_removal,3953,V32P-A029106,0,0.028946378640830515,0.030075261555612087,0,0
hospital_removal,3954,V32P-A029119,0,0.60248346328735347,0.62216935157775877,0,1
hospital_removal,3955,V32P-A029120,0,0.6233176589012146,0.63332698345184324,1,1
hospital_removal,3956,V32P-A029121,0,0.58118194341659546,0.58326811790466304,0,0
hospital_removal,3957,V32P-A029122,0,0.50998938083648682,0.50190081596374514,0,0
hospital_removal,3958,V32P-A029123,0,0.4032023549079895,0.39051938056945801,0,0
hospital_removal,3959,V32P-A029124,0,0.16753734946250914,0.16273013353347779,0,0
hospital_removal,3960,V32P-A029131,0,0.40032838582992553,0.43756921887397765,0,0
hospital_removal,3961,V32P-A029132,0,0.51507629752159123,0.53653078675270083,0,0
hospital_removal,3962,V32P-A029133,0,0.47913571000099181,0.49712370038032533,0,0
hospital_removal,3963,V32P-A029134,0,0.41690181493759154,0.43383331298828126,0,0
hospital_removal,3964,V32P-A029135,0,0.33204671740531921,0.35754898190498352,0,0
hospital_removal,3965,V32P-A029136,0,0.021718791313469411,0.025533971004188062,0,0
hospital_removal,3966,V32P-A029167,0,0.74042690992355342,0.72908630371093752,1,1
hospital_removal,3967,V32P-A029168,0,0.63909684419631962,0.62250418663024898,1,1
hospital_removal,3968,V32P-A029169,0,0.59409016370773315,0.5625300407409668,0,0
hospital_removal,3969,V32P-A029170,0,0.5318651676177979,0.50004608035087583,0,0
hospital_removal,3970,V32P-A029171,0,0.45195449590682985,0.42440119981765745,0,0
hospital_removal,3971,V32P-A029172,0,0.26853678822517396,0.25375494956970213,0,0
hospital_removal,3972,V32P-A029179,0,0.56973146200180058,0.55211709737777714,0,0
hospital_removal,3973,V32P-A029180,0,0.5567333996295929,0.53812034726142888,0,0
hospital_removal,3974,V32P-A029181,0,0.53516804575920107,0.51354391574859615,0,0
hospital_removal,3975,V32P-A029182,0,0.50157005190849302,0.47870011925697326,0,0
hospital_removal,3976,V32P-A029183,0,0.35951079726219176,0.33894564509391784,0,0
hospital_removal,3977,V32P-A029184,0,0.1558144509792328,0.14912448376417159,0,0
hospital_removal,3978,V32P-A029191,0,0.4813129663467407,0.5024512887001038,0,0
hospital_removal,3979,V32P-A029192,0,0.51263035535812373,0.52379498481750486,0,0
hospital_removal,3980,V32P-A029193,0,0.41411463022232053,0.4194935202598572,0,0
hospital_removal,3981,V32P-A029194,1,0.3000424265861511,0.30325461030006406,0,0
hospital_removal,3982,V32P-A029195,0,0.03814023248851299,0.041371409967541697,0,0
hospital_removal,3983,V32P-A029196,0,0.016241654381155969,0.017598504200577736,0,0
hospital_removal,3984,V32P-A029197,0,0.73191753625869749,0.7163060665130615,1,1
hospital_removal,3985,V32P-A029198,0,0.59844089746475215,0.59992455840110781,0,0
hospital_removal,3986,V32P-A029199,0,0.67379627227783201,0.65828889608383179,1,1
hospital_removal,3987,V32P-A029200,0,0.6778380274772644,0.66192995309829716,1,1
hospital_removal,3988,V32P-A029201,0,0.64075152873992924,0.62747516036033635,1,1
hospital_removal,3989,V32P-A029202,0,0.36905577182769778,0.37216849923133849,0,0
hospital_removal,3990,V32P-A029215,0,0.51504962444305424,0.51164871454238892,0,0
hospital_removal,3991,V32P-A029216,0,0.46678147912025453,0.45794589519500734,0,0
hospital_removal,3992,V32P-A029217,0,0.45500825047492982,0.44420260787010191,0,0
hospital_removal,3993,V32P-A029218,0,0.45315598249435424,0.44176449775695803,0,0
hospital_removal,3994,V32P-A029219,1,0.38245587348937987,0.37060238122940065,0,0
hospital_removal,3995,V32P-A029220,0,0.032136623002588752,0.032931297086179256,0,0
hospital_removal,3996,V32P-A029221,0,0.59747765660285945,0.59584732651710515,0,0
hospital_removal,3997,V32P-A029222,0,0.48787729144096376,0.4911691129207611,0,0
hospital_removal,3998,V32P-A029223,0,0.41687984466552735,0.41841859817504884,0,0
hospital_removal,3999,V32P-A029224,0,0.34117434322834017,0.34260571300983428,0,0
hospital_removal,4000,V32P-A029225,0,0.32125202119350432,0.32321614921092989,0,0
hospital_removal,4001,V32P-A029226,0,0.12367321625351906,0.12726808860898017,0,0
hospital_removal,4002,V32P-A029245,0,0.6981512665748596,0.69719192981719968,1,1
hospital_removal,4003,V32P-A029246,0,0.66960582733154295,0.67256482839584353,1,1
hospital_removal,4004,V32P-A029247,0,0.65763584375381468,0.66073887348175053,1,1
hospital_removal,4005,V32P-A029248,0,0.61937177181243896,0.62176164388656618,0,1
hospital_removal,4006,V32P-A029249,0,0.55809536576271057,0.55742360949516301,0,0
hospital_removal,4007,V32P-A029250,0,0.30191758573055266,0.30373550951480865,0,0
hospital_removal,4008,V32P-A029269,0,0.71066843271255498,0.71651076078414921,1,1
hospital_removal,4009,V32P-A029270,0,0.57018226981163023,0.58606005311012266,0,0
hospital_removal,4010,V32P-A029271,0,0.4694041132926941,0.48502944707870482,0,0
hospital_removal,4011,V32P-A029272,0,0.53752074837684627,0.54887182116508482,0,0
hospital_removal,4012,V32P-A029273,0,0.39381995201110842,0.40989313125610349,0,0
hospital_removal,4013,V32P-A029274,0,0.17766710221767426,0.19002424776554108,0,0
hospital_removal,4014,V32P-A029293,0,0.5900525569915771,0.5679081797599792,0,0
hospital_removal,4015,V32P-A029294,0,0.40555992722511292,0.38682633042335512,0,0
hospital_removal,4016,V32P-A029295,0,0.45143412351608275,0.42646718621253965,0,0
hospital_removal,4017,V32P-A029296,0,0.4366848409175873,0.40956406593322753,0,0
hospital_removal,4018,V32P-A029297,1,0.33612374365329745,0.30701952874660493,0,0
hospital_removal,4019,V32P-A029298,0,0.026666959468275308,0.026650901604443788,0,0
hospital_removal,4020,V32P-A029395,0,0.77634567022323608,0.76438882350921633,1,1
hospital_removal,4021,V32P-A029396,0,0.64523905515670776,0.62808723449707027,1,1
hospital_removal,4022,V32P-A029397,0,0.79524197578430178,0.7814068555831909,1,1
hospital_removal,4023,V32P-A029398,0,0.54387673735618591,0.52380993366241457,0,0
hospital_removal,4024,V32P-A029399,0,0.4334368109703064,0.41926581859588624,0,0
hospital_removal,4025,V32P-A029400,0,0.20447940975427628,0.20211472064256669,0,0
hospital_removal,4026,V32P-A029431,0,0.29002062082290647,0.30231585502624514,0,0
hospital_removal,4027,V32P-A029432,0,0.35769675374031068,0.37208437919616699,0,0
hospital_removal,4028,V32P-A029433,0,0.35135086178779601,0.36256742477416992,0,0
hospital_removal,4029,V32P-A029434,0,0.28775961697101593,0.29922989904880526,0,0
hospital_removal,4030,V32P-A029435,0,0.2257269024848938,0.23460606336593628,0,0
hospital_removal,4031,V32P-A029436,0,0.017158441804349424,0.018497853912413119,0,0
hospital_removal,4032,V32P-A029473,0,0.74935245513916016,0.74440206289291377,1,1
hospital_removal,4033,V32P-A029474,0,0.57272258996963499,0.57674474716186519,0,0
hospital_removal,4034,V32P-A029475,0,0.44363090991973875,0.44150092601776125,0,0
hospital_removal,4035,V32P-A029476,0,0.36984831094741821,0.37097969055175783,0,0
hospital_removal,4036,V32P-A029477,0,0.3344242751598358,0.34102129340171816,0,0
hospital_removal,4037,V32P-A029478,0,0.1727424904704094,0.18357461541891099,0,0
hospital_removal,4038,V32P-A029527,0,0.63110987544059749,0.64772613644599919,1,1
hospital_removal,4039,V32P-A029528,0,0.50660530924797054,0.52647574543952946,0,0
hospital_removal,4040,V32P-A029529,0,0.38054469823837278,0.4001462459564209,0,0
hospital_removal,4041,V32P-A029530,0,0.30556538403034211,0.32196298539638518,0,0
hospital_removal,4042,V32P-A029531,0,0.23847811222076415,0.2494578778743744,0,0
hospital_removal,4043,V32P-A029532,0,0.10299269407987595,0.10811262130737305,0,0
hospital_removal,4044,V32P-A029587,1,0.57956393957138064,0.56827732324600222,0,0
hospital_removal,4045,V32P-A029588,1,0.4324440836906433,0.42470773458480837,0,0
hospital_removal,4046,V32P-A029589,1,0.62151439189910884,0.60620236396789551,1,0
hospital_removal,4047,V32P-A029590,0,0.065360798686742785,0.06657802611589432,0,0
hospital_removal,4048,V32P-A029591,0,0.047209387272596361,0.048218030482530594,0,0
hospital_removal,4049,V32P-A029592,0,0.021264166664332153,0.021839380171149968,0,0
hospital_removal,4050,V32P-A029629,0,0.71974260807037349,0.74347356557846067,1,1
hospital_removal,4051,V32P-A029630,0,0.65137225389480591,0.66895679235458372,1,1
hospital_removal,4052,V32P-A029631,0,0.61158733367919926,0.61871939897537231,0,0
hospital_removal,4053,V32P-A029632,0,0.55001077651977537,0.55281887054443357,0,0
hospital_removal,4054,V32P-A029633,0,0.47059807181358337,0.47349463105201722,0,0
hospital_removal,4055,V32P-A029634,0,0.028364326059818267,0.032015838101506232,0,0
hospital_removal,4056,V32P-A029695,0,0.65178195238113401,0.63882433176040654,1,1
hospital_removal,4057,V32P-A029696,0,0.56433814167976382,0.55711162686347959,0,0
hospital_removal,4058,V32P-A029697,0,0.56024103164672856,0.54053506851196287,0,0
hospital_removal,4059,V32P-A029698,1,0.46498849987983704,0.45180302858352661,0,0
hospital_removal,4060,V32P-A029699,0,0.054115553945302965,0.056838175654411315,0,0
hospital_removal,4061,V32P-A029700,0,0.022862044535577296,0.024589710310101508,0,0
hospital_removal,4062,V32P-A029707,1,0.56180759668350222,0.55851522684097288,0,0
hospital_removal,4063,V32P-A029708,1,0.43662790060043333,0.43435356616973875,0,0
hospital_removal,4064,V32P-A029709,1,0.46162225008010865,0.45901122093200686,0,0
hospital_removal,4065,V32P-A029710,0,0.07112300097942352,0.072676987946033472,0,0
hospital_removal,4066,V32P-A029711,0,0.05359780415892601,0.055201751738786699,0,0
hospital_removal,4067,V32P-A029712,0,0.025078184530138971,0.026200986467301846,0,0
hospital_removal,4068,V32P-A029755,0,0.67428389787673948,0.67899670600891116,1,1
hospital_removal,4069,V32P-A029756,0,0.58699314594268803,0.59459329843521114,0,0
hospital_removal,4070,V32P-A029757,0,0.53574957847595217,0.54041106700897212,0,0
hospital_removal,4071,V32P-A029758,0,0.46219052672386168,0.46563640236854553,0,0
hospital_removal,4072,V32P-A029759,0,0.35436637103557589,0.36117562949657439,0,0
hospital_removal,4073,V32P-A029760,0,0.14391398429870605,0.14443354606628417,0,0
hospital_removal,4074,V32P-A029827,0,0.72111774682998653,0.70368201732635494,1,1
hospital_removal,4075,V32P-A029828,0,0.62016078233718874,0.59635944366455074,1,0
hospital_removal,4076,V32P-A029829,0,0.52718268036842342,0.50303030610084531,0,0
hospital_removal,4077,V32P-A029830,1,0.46581013202667237,0.44601904153823851,0,0
hospital_removal,4078,V32P-A029831,0,0.094132988899946216,0.094490277022123342,0,0
hospital_removal,4079,V32P-A029832,0,0.035540122166275979,0.035742998868227002,0,0
hospital_removal,4080,V32P-A029857,0,0.61953053474426267,0.63604472875595097,0,1
hospital_removal,4081,V32P-A029858,0,0.51369212269783016,0.53288809657096858,0,0
hospital_removal,4082,V32P-A029859,0,0.43124477863311766,0.45156883001327514,0,0
hospital_removal,4083,V32P-A029860,0,0.34732514917850493,0.36617113053798678,0,0
hospital_removal,4084,V32P-A029861,0,0.27756460309028624,0.29199755191802979,0,0
hospital_removal,4085,V32P-A029862,0,0.13089706227183343,0.13573498353362085,0,0
hospital_removal,4086,V32P-A029869,0,0.54394704699516294,0.57613547444343571,0,0
hospital_removal,4087,V32P-A029870,0,0.60488151311874394,0.62471929788589475,0,1
hospital_removal,4088,V32P-A029871,0,0.57823579311370854,0.59156123399734495,0,0
hospital_removal,4089,V32P-A029872,0,0.50216668844223022,0.51529492735862736,0,0
hospital_removal,4090,V32P-A029873,0,0.39108374118804934,0.40483912825584412,0,0
hospital_removal,4091,V32P-A029874,0,0.16632136404514314,0.17518513202667235,0,0
hospital_removal,4092,V32P-A029893,0,0.80429531335830684,0.79276266098022463,1,1
hospital_removal,4093,V32P-A029894,0,0.5562031030654907,0.52811306715011597,0,0
hospital_removal,4094,V32P-A029895,0,0.4728782534599304,0.46855845451354983,0,0
hospital_removal,4095,V32P-A029896,0,0.60138198733329773,0.57858307957649235,0,0
hospital_removal,4096,V32P-A029897,0,0.41731022000312806,0.39915509819984435,0,0
hospital_removal,4097,V32P-A029898,0,0.21072940528392792,0.20687809884548186,0,0
hospital_removal,4098,V32P-A029959,0,0.66220970153808589,0.6541076064109802,1,1
hospital_removal,4099,V32P-A029960,0,0.61408053636550908,0.60735323429107668,0,0
hospital_removal,4100,V32P-A029961,0,0.61824135780334477,0.60350450277328493,0,0
hospital_removal,4101,V32P-A029962,0,0.58818952441215511,0.56935805678367613,0,0
hospital_removal,4102,V32P-A029963,0,0.48882672190666199,0.47495666146278381,0,0
hospital_removal,4103,V32P-A029964,0,0.25939460098743439,0.25452271997928622,0,0
hospital_removal,4104,V32P-A030043,0,0.44398109912872313,0.48533955216407776,0,0
hospital_removal,4105,V32P-A030044,0,0.47720314264297486,0.51010302305221555,0,0
hospital_removal,4106,V32P-A030045,0,0.43043231964111328,0.45917145013809202,0,0
hospital_removal,4107,V32P-A030046,0,0.39885753989219663,0.42443256378173827,0,0
hospital_removal,4108,V32P-A030047,0,0.27028962373733523,0.2900195777416229,0,0
hospital_removal,4109,V32P-A030048,0,0.11614499986171722,0.12586338371038436,0,0
hospital_removal,4110,V32P-A030157,0,0.75836342573165894,0.75082560777664187,1,1
hospital_removal,4111,V32P-A030158,0,0.59033699035644527,0.58218774199485779,0,0
hospital_removal,4112,V32P-A030159,0,0.47777137756347654,0.47539854645729063,0,0
hospital_removal,4113,V32P-A030160,0,0.58538293838500977,0.57838531732559206,0,0
hospital_removal,4114,V32P-A030161,0,0.32358914017677309,0.32078422307968141,0,0
hospital_removal,4115,V32P-A030162,0,0.14735687226057054,0.14787402004003525,0,0
hospital_removal,4116,V32P-A030271,0,0.63660590648651127,0.66060181856155398,1,1
hospital_removal,4117,V32P-A030272,0,0.60850834846496582,0.62044690847396855,0,1
hospital_removal,4118,V32P-A030273,0,0.5863792896270752,0.58915331363677981,0,0
hospital_removal,4119,V32P-A030274,0,0.54609621763229366,0.54543762207031254,0,0
hospital_removal,4120,V32P-A030275,0,0.51593891978263851,0.51329105496406557,0,0
hospital_removal,4121,V32P-A030276,0,0.038600751571357249,0.041527368314564231,0,0
hospital_removal,4122,V32P-A030325,0,0.63173868656158449,0.64779490232467651,1,1
hospital_removal,4123,V32P-A030326,0,0.6654791116714478,0.67569679021835327,1,1
hospital_removal,4124,V32P-A030327,0,0.57906950712203975,0.58896099328994755,0,0
hospital_removal,4125,V32P-A030328,0,0.52884446382522587,0.5291925191879272,0,0
hospital_removal,4126,V32P-A030329,0,0.41134819984436033,0.41023999452590942,0,0
hospital_removal,4127,V32P-A030330,0,0.16718125939369202,0.16820775866508483,0,0
hospital_removal,4128,V32P-A030409,0,0.69214222431182859,0.67655729055404668,1,1
hospital_removal,4129,V32P-A030410,0,0.61228798627853398,0.58778077363967896,0,0
hospital_removal,4130,V32P-A030411,0,0.55551847219467165,0.53424648642539974,0,0
hospital_removal,4131,V32P-A030412,0,0.59162358641624446,0.57187126278877254,0,0
hospital_removal,4132,V32P-A030413,1,0.54252546429634096,0.51829680204391482,0,0
hospital_removal,4133,V32P-A030414,0,0.044146732613444331,0.045176353305578232,0,0
hospital_removal,4134,V32P-A030439,0,0.64575889110565188,0.64001287221908565,1,1
hospital_removal,4135,V32P-A030440,0,0.50401505231857302,0.50226353406906132,0,0
hospital_removal,4136,V32P-A030441,0,0.42904610633850099,0.43100576996803286,0,0
hospital_removal,4137,V32P-A030442,0,0.46208813786506653,0.45887023806571958,0,0
hospital_removal,4138,V32P-A030443,0,0.41428053975105283,0.41417359113693236,0,0
hospital_removal,4139,V32P-A030444,0,0.20839482247829438,0.2133132427930832,0,0
hospital_removal,4140,V32P-A030475,0,0.62688994407653809,0.61706848144531246,1,0
hospital_removal,4141,V32P-A030476,0,0.43314521908760073,0.43268672823905946,0,0
hospital_removal,4142,V32P-A030477,0,0.3933354914188385,0.39100935459136965,0,0
hospital_removal,4143,V32P-A030478,0,0.37485865354537962,0.36890836954116824,0,0
hospital_removal,4144,V32P-A030479,1,0.37370536625385287,0.36760548055171965,0,0
hospital_removal,4145,V32P-A030480,0,0.022418726049363614,0.023613090068101882,0,0
hospital_removal,4146,V32P-A030511,0,0.51943900585174563,0.50243604779243467,0,0
hospital_removal,4147,V32P-A030512,0,0.45268124938011167,0.430402135848999,0,0
hospital_removal,4148,V32P-A030513,0,0.35912083387374877,0.33798462152481079,0,0
hospital_removal,4149,V32P-A030514,0,0.29098651409149168,0.27541300654411316,0,0
hospital_removal,4150,V32P-A030515,0,0.23438544869422911,0.22018127441406249,0,0
hospital_removal,4151,V32P-A030516,0,0.10545166954398155,0.098224849253892896,0,0
hospital_removal,4152,V32P-A030559,0,0.52114658951759341,0.54379057884216309,0,0
hospital_removal,4153,V32P-A030560,0,0.5021940231323242,0.51701621413230892,0,0
hospital_removal,4154,V32P-A030561,0,0.46440895795822146,0.47305083870887754,0,0
hospital_removal,4155,V32P-A030562,0,0.39977840781211854,0.405411159992218,0,0
hospital_removal,4156,V32P-A030563,0,0.32949990630149839,0.33357573151588438,0,0
hospital_removal,4157,V32P-A030564,0,0.1694555625319481,0.17257692366838456,0,0
hospital_removal,4158,V32P-A030619,0,0.41476240754127502,0.43888828158378601,0,0
hospital_removal,4159,V32P-A030620,0,0.41119256019592287,0.42715718746185305,0,0
hospital_removal,4160,V32P-A030621,0,0.35309353470802307,0.36387814879417418,0,0
hospital_removal,4161,V32P-A030622,0,0.27921709418296814,0.28696231842041015,0,0
hospital_removal,4162,V32P-A030623,0,0.20796852409839631,0.21302193701267241,0,0
hospital_removal,4163,V32P-A030624,0,0.088618779182434076,0.093062748014926908,0,0
hospital_removal,4164,V32P-A030643,1,0.70341018438339231,0.71161066293716435,1,1
hospital_removal,4165,V32P-A030644,1,0.58075152039527889,0.59871587157249451,0,0
hospital_removal,4166,V32P-A030645,1,0.64793317317962651,0.65509401559829716,1,1
hospital_removal,4167,V32P-A030646,0,0.11019770726561547,0.12025603130459786,0,0
hospital_removal,4168,V32P-A030647,0,0.085075576603412625,0.091399491578340528,0,0
hospital_removal,4169,V32P-A030648,0,0.041227481327950954,0.043833418376743795,0,0
hospital_removal,4170,V32P-A030673,0,0.55346328616142271,0.55740272402763369,0,0
hospital_removal,4171,V32P-A030674,0,0.57096002101898191,0.57207515239715578,0,0
hospital_removal,4172,V32P-A030675,0,0.54248173832893376,0.54453720450401311,0,0
hospital_removal,4173,V32P-A030676,0,0.53731743097305296,0.53220870494842532,0,0
hospital_removal,4174,V32P-A030677,0,0.46681823730468752,0.46154941916465758,0,0
hospital_removal,4175,V32P-A030678,0,0.26200071424245835,0.26233956962823868,0,0
hospital_removal,4176,V32P-A030691,0,0.665847384929657,0.66768147945404055,1,1
hospital_removal,4177,V32P-A030692,0,0.6033730745315552,0.6050453782081604,0,0
hospital_removal,4178,V32P-A030693,0,0.64635152816772456,0.64939312934875493,1,1
hospital_removal,4179,V32P-A030694,1,0.62569506168365474,0.627792751789093,1,1
hospital_removal,4180,V32P-A030695,0,0.098527479916810989,0.10335235595703125,0,0
hospital_removal,4181,V32P-A030696,0,0.044138302281498912,0.046484531834721565,0,0
hospital_removal,4182,V32P-A030709,0,0.38836893439292908,0.3726406216621399,0,0
hospital_removal,4183,V32P-A030710,0,0.41807258725166319,0.4013888478279114,0,0
hospital_removal,4184,V32P-A030711,0,0.37706879973411561,0.3615314722061157,0,0
hospital_removal,4185,V32P-A030712,0,0.29777134060859678,0.28721184134483335,0,0
hospital_removal,4186,V32P-A030713,0,0.23027923703193665,0.22140120863914489,0,0
hospital_removal,4187,V32P-A030714,0,0.10020026117563248,0.10009028762578964,0,0
hospital_removal,4188,V32P-A030823,0,0.65067867040634153,0.66072680950164797,1,1
hospital_removal,4189,V32P-A030824,0,0.60245182514190676,0.61341052055358891,0,0
hospital_removal,4190,V32P-A030825,0,0.58384572863578799,0.58908621668815608,0,0
hospital_removal,4191,V32P-A030826,0,0.57730987071990969,0.57650023698806763,0,0
hospital_removal,4192,V32P-A030827,0,0.54812618494033816,0.54234117269515991,0,0
hospital_removal,4193,V32P-A030828,0,0.34118888974189759,0.33814431428909303,0,0
hospital_removal,4194,V32P-A030829,0,0.47264651656150819,0.47740338444709779,0,0
hospital_removal,4195,V32P-A030830,0,0.44913045763969422,0.45570914149284364,0,0
hospital_removal,4196,V32P-A030831,0,0.41367392539978026,0.41994442343711852,0,0
hospital_removal,4197,V32P-A030832,0,0.38240736126899721,0.39028979539871217,0,0
hospital_removal,4198,V32P-A030833,0,0.33048836290836336,0.34740807712078092,0,0
hospital_removal,4199,V32P-A030834,0,0.026379236206412315,0.028659978136420249,0,0
hospital_removal,4200,V32P-A030853,0,0.55008245706558223,0.54269311428070066,0,0
hospital_removal,4201,V32P-A030854,0,0.47370398640632627,0.46902772188186648,0,0
hospital_removal,4202,V32P-A030855,0,0.35259143114089964,0.36815893650054932,0,0
hospital_removal,4203,V32P-A030856,0,0.33042473196983335,0.32498171329498293,0,0
hospital_removal,4204,V32P-A030857,0,0.25798202157020567,0.25271527469158173,0,0
hospital_removal,4205,V32P-A030858,0,0.12634305506944657,0.12474493980407715,0,0
hospital_removal,4206,V32P-A030973,0,0.75862799882888798,0.75922726392745976,1,1
hospital_removal,4207,V32P-A030974,0,0.67682048082351687,0.67688535451889043,1,1
hospital_removal,4208,V32P-A030975,0,0.59870637655258174,0.59406981468200681,0,0
hospital_removal,4209,V32P-A030976,0,0.51857094764709477,0.51082300543785097,0,0
hospital_removal,4210,V32P-A030977,0,0.4404712378978729,0.43191958665847779,0,0
hospital_removal,4211,V32P-A030978,0,0.21499728560447692,0.21510962247848511,0,0
hospital_removal,4212,V32P-A030979,0,0.76670553684234621,0.7720280766487122,1,1
hospital_removal,4213,V32P-A030980,0,0.64042073488235474,0.66315617561340334,1,1
hospital_removal,4214,V32P-A030981,0,0.59555401206016545,0.61812208294868465,0,0
hospital_removal,4215,V32P-A030982,0,0.49839712977409362,0.51725744605064394,0,0
hospital_removal,4216,V32P-A030983,0,0.41685674786567689,0.43514632582664492,0,0
hospital_removal,4217,V32P-A030984,0,0.037945724558085203,0.041118935402482751,0,0
hospital_removal,4218,V32P-A030985,0,0.68793559074401855,0.68897242546081539,1,1
hospital_removal,4219,V32P-A030986,0,0.6320320844650269,0.63424690961837771,1,1
hospital_removal,4220,V32P-A030987,0,0.55956316590309141,0.55242274403572078,0,0
hospital_removal,4221,V32P-A030988,0,0.44582912921905515,0.42824646234512331,0,0
hospital_removal,4222,V32P-A030989,0,0.33262536823749544,0.31636740863323209,0,0
hospital_removal,4223,V32P-A030990,0,0.13801047950983047,0.13520185202360152,0,0
hospital_removal,4224,V32P-A030997,0,0.71294283866882324,0.72231376171112061,1,1
hospital_removal,4225,V32P-A030998,0,0.66236653327941897,0.67379328012466433,1,1
hospital_removal,4226,V32P-A030999,0,0.65176144838333128,0.65372699499130249,1,1
hospital_removal,4227,V32P-A031000,0,0.62389240264892576,0.61901282072067265,1,0
hospital_removal,4228,V32P-A031001,1,0.57678819894790645,0.56992983222007754,0,0
hospital_removal,4229,V32P-A031002,0,0.045857273414731024,0.048055188730359077,0,0
hospital_removal,4230,V32P-A031093,1,0.52637378573417659,0.53147574067115788,0,0
hospital_removal,4231,V32P-A031094,1,0.34984112977981568,0.35114369988441468,0,0
hospital_removal,4232,V32P-A031095,1,0.3004245638847351,0.29987099766731262,0,0
hospital_removal,4233,V32P-A031096,0,0.049645244330167773,0.052174102514982224,0,0
hospital_removal,4234,V32P-A031097,0,0.036534647271037099,0.038608911260962483,0,0
hospital_removal,4235,V32P-A031098,0,0.016055930592119693,0.017235554382205011,0,0
hospital_removal,4236,V32P-A031105,0,0.45948529243469238,0.49760999679565432,0,0
hospital_removal,4237,V32P-A031106,0,0.37280136942863462,0.41080757975578308,0,0
hospital_removal,4238,V32P-A031107,0,0.32043507695198059,0.35232018828392031,0,0
hospital_removal,4239,V32P-A031108,0,0.42316081523895266,0.44963953495025633,0,0
hospital_removal,4240,V32P-A031109,1,0.22383078932762146,0.24817885756492614,0,0
hospital_removal,4241,V32P-A031110,0,0.019360553845763205,0.0202591834589839,0,0
hospital_removal,4242,V32P-A031111,0,0.53780106306076048,0.54946972131729122,0,0
hospital_removal,4243,V32P-A031112,0,0.44965900182724,0.46365244388580323,0,0
hospital_removal,4244,V32P-A031113,0,0.42083876132965087,0.43506193757057188,0,0
hospital_removal,4245,V32P-A031114,0,0.3221603363752365,0.33230372369289396,0,0
hospital_removal,4246,V32P-A031115,0,0.25828990936279295,0.26779087185859679,0,0
hospital_removal,4247,V32P-A031116,0,0.10990695804357528,0.12069918364286422,0,0
hospital_removal,4248,V32P-A031153,0,0.78945027589797978,0.79547802209854124,1,1
hospital_removal,4249,V32P-A031154,0,0.61953090429306035,0.63602319955825803,0,1
hospital_removal,4250,V32P-A031155,0,0.50967152118682857,0.52290021181106572,0,0
hospital_removal,4251,V32P-A031156,0,0.55515778064727783,0.56324084997177126,0,0
hospital_removal,4252,V32P-A031157,0,0.3954565405845642,0.40733860135078431,0,0
hospital_removal,4253,V32P-A031158,0,0.20524107515811921,0.21417067646980287,0,0
hospital_removal,4254,V32P-A031189,0,0.65288561582565308,0.6608462929725647,1,1
hospital_removal,4255,V32P-A031190,0,0.58197102546691892,0.5939621210098267,0,0
hospital_removal,4256,V32P-A031191,0,0.56234735250473022,0.57220515012741091,0,0
hospital_removal,4257,V32P-A031192,0,0.46996499896049498,0.48308078050613401,0,0
hospital_removal,4258,V32P-A031193,0,0.47935110926628111,0.48235905766487119,0,0
hospital_removal,4259,V32P-A031194,0,0.27001682221889495,0.27608495056629179,0,0
hospital_removal,4260,V32P-A031231,0,0.86761007308959959,0.86917344331741331,1,1
hospital_removal,4261,V32P-A031232,0,0.73363026380538943,0.74243737459182735,1,1
hospital_removal,4262,V32P-A031233,0,0.71045491695404051,0.71303094625473018,1,1
hospital_removal,4263,V32P-A031234,0,0.76139923334121706,0.76174290180206294,1,1
hospital_removal,4264,V32P-A031235,0,0.65368704795837407,0.6574857234954834,1,1
hospital_removal,4265,V32P-A031236,0,0.35761944949626923,0.3698652982711792,0,0
hospital_removal,4266,V32P-A031261,0,0.65515251159667964,0.65601788759231572,1,1
hospital_removal,4267,V32P-A031262,0,0.5703100442886353,0.57299973964691164,0,0
hospital_removal,4268,V32P-A031263,0,0.51455213427543645,0.51295182108879089,0,0
hospital_removal,4269,V32P-A031264,0,0.43895003199577332,0.42891735434532163,0,0
hospital_removal,4270,V32P-A031265,0,0.35502256155014039,0.34120723009109499,0,0
hospital_removal,4271,V32P-A031266,0,0.17160754799842834,0.16487855613231658,0,0
hospital_removal,4272,V32P-A031369,0,0.64247086048126223,0.6149944603443146,1,0
hospital_removal,4273,V32P-A031370,0,0.52311078310012815,0.4943886399269104,0,0
hospital_removal,4274,V32P-A031371,0,0.44140741825103758,0.41697253584861754,0,0
hospital_removal,4275,V32P-A031372,0,0.36785910725593568,0.34766918420791626,0,0
hospital_removal,4276,V32P-A031373,0,0.29691318273544309,0.28180508613586425,0,0
hospital_removal,4277,V32P-A031374,0,0.14808965772390364,0.14407829493284224,0,0
hospital_removal,4278,V32P-A031381,0,0.78471989631652828,0.7793077826499939,1,1
hospital_removal,4279,V32P-A031382,0,0.55195911526679997,0.54590452313423155,0,0
hospital_removal,4280,V32P-A031383,0,0.56218702793121333,0.5552059054374695,0,0
hospital_removal,4281,V32P-A031384,0,0.44833207726478574,0.4436554551124573,0,0
hospital_removal,4282,V32P-A031385,0,0.42531210780143736,0.41901262402534484,0,0
hospital_removal,4283,V32P-A031386,0,0.17030198127031326,0.16912898123264314,0,0
hospital_removal,4284,V32P-A031393,0,0.59137539267539974,0.58788201212882996,0,0
hospital_removal,4285,V32P-A031394,0,0.35801607370376587,0.36457324028015137,0,0
hospital_removal,4286,V32P-A031395,0,0.29842566847801211,0.30743244290351868,0,0
hospital_removal,4287,V32P-A031396,0,0.24225398600101472,0.25548644363880157,0,0
hospital_removal,4288,V32P-A031397,0,0.23820393979549409,0.25417315065860746,0,0
hospital_removal,4289,V32P-A031398,0,0.07295130863785744,0.079483721405267715,0,0
hospital_removal,4290,V32P-A031471,0,0.63442599773406982,0.63352941274642949,1,1
hospital_removal,4291,V32P-A031472,0,0.49602229595184327,0.49644941091537476,0,0
hospital_removal,4292,V32P-A031473,0,0.42827433943748472,0.42182643413543702,0,0
hospital_removal,4293,V32P-A031474,0,0.43569448590278625,0.42362497448921205,0,0
hospital_removal,4294,V32P-A031475,0,0.32855041623115538,0.31774929761886594,0,0
hospital_removal,4295,V32P-A031476,0,0.038804059103131297,0.040075826644897464,0,0
hospital_removal,4296,V32P-A031477,0,0.6432527959346771,0.67887770533561709,1,1
hospital_removal,4297,V32P-A031478,0,0.71627124547958376,0.73881394863128658,1,1
hospital_removal,4298,V32P-A031479,0,0.69811353683471677,0.71860991716384892,1,1
hospital_removal,4299,V32P-A031480,0,0.66575299501419072,0.68547323942184446,1,1
hospital_removal,4300,V32P-A031481,1,0.70803620815277102,0.71797442436218262,1,1
hospital_removal,4301,V32P-A031482,0,0.051172987744212153,0.059503107890486719,0,0
hospital_removal,4302,V32P-A031501,0,0.55658560991287231,0.55372128486633299,0,0
hospital_removal,4303,V32P-A031502,0,0.61937402486801152,0.61802065372467041,0,0
hospital_removal,4304,V32P-A031503,0,0.63263278007507329,0.62967425584793091,1,1
hospital_removal,4305,V32P-A031504,0,0.66687988042831425,0.66245367527008059,1,1
hospital_removal,4306,V32P-A031505,0,0.58406977057456966,0.58683721423149104,0,0
hospital_removal,4307,V32P-A031506,0,0.37212705314159394,0.38809320628643035,0,0
hospital_removal,4308,V32P-A031561,0,0.58116645216941831,0.5689126789569855,0,0
hospital_removal,4309,V32P-A031562,0,0.38430892527103422,0.38798505961894991,0,0
hospital_removal,4310,V32P-A031563,0,0.51372596025466921,0.50857568979263301,0,0
hospital_removal,4311,V32P-A031564,0,0.48747318983078003,0.49008843898773191,0,0
hospital_removal,4312,V32P-A031565,0,0.43729438185691832,0.4458861708641052,0,0
hospital_removal,4313,V32P-A031566,0,0.23037360608577728,0.24303328394889831,0,0
hospital_removal,4314,V32P-A031603,0,0.78184388875961308,0.77527891397476201,1,1
hospital_removal,4315,V32P-A031604,0,0.66952477693557744,0.6600994825363159,1,1
hospital_removal,4316,V32P-A031605,0,0.59520853757858272,0.58150596618652339,0,0
hospital_removal,4317,V32P-A031606,0,0.5417668998241425,0.52795885205268855,0,0
hospital_removal,4318,V32P-A031607,0,0.52528020143508913,0.51313626766204834,0,0
hospital_removal,4319,V32P-A031608,0,0.15936831235885621,0.16479833722114562,0,0
hospital_removal,4320,V32P-A031663,0,0.76254419088363645,0.77372851371765139,1,1
hospital_removal,4321,V32P-A031664,0,0.54875674247741701,0.56218894124031071,0,0
hospital_removal,4322,V32P-A031665,0,0.50906928777694704,0.51184409260749819,0,0
hospital_removal,4323,V32P-A031666,0,0.45856014490127561,0.45945729017257692,0,0
hospital_removal,4324,V32P-A031667,0,0.38828170895576475,0.38675991892814637,0,0
hospital_removal,4325,V32P-A031668,0,0.22517001926898955,0.22560388147830962,0,0
hospital_removal,4326,V32P-A031783,0,0.54337913990020748,0.54343565702438357,0,0
hospital_removal,4327,V32P-A031784,0,0.5906376838684082,0.5818881511688232,0,0
hospital_removal,4328,V32P-A031785,0,0.58530722856521611,0.57401086091995235,0,0
hospital_removal,4329,V32P-A031786,0,0.53928514719009402,0.53015714287757876,0,0
hospital_removal,4330,V32P-A031787,0,0.45998252630233766,0.45564129948616028,0,0
hospital_removal,4331,V32P-A031788,0,0.23777773529291152,0.24358700364828109,0,0
hospital_removal,4332,V32P-A031891,0,0.48275220394134521,0.48574349880218504,0,0
hospital_removal,4333,V32P-A031892,0,0.50005385279655457,0.49891130328178407,0,0
hospital_removal,4334,V32P-A031893,0,0.48192424178123472,0.47659666538238527,0,0
hospital_removal,4335,V32P-A031894,1,0.42155618071556089,0.40952679514884949,0,0
hospital_removal,4336,V32P-A031895,0,0.06006345748901367,0.061153710633516309,0,0
hospital_removal,4337,V32P-A031896,0,0.027732442691922189,0.028371036425232886,0,0
hospital_removal,4338,V32P-A031909,0,0.75514523983001713,0.74534155130386348,1,1
hospital_removal,4339,V32P-A031910,0,0.60788531899452214,0.59734130501747129,0,0
hospital_removal,4340,V32P-A031911,0,0.55242215991020205,0.55253850817680361,0,0
hospital_removal,4341,V32P-A031912,0,0.5922303259372711,0.58777778744697573,0,0
hospital_removal,4342,V32P-A031913,0,0.54779361486434941,0.54856857657432556,0,0
hospital_removal,4343,V32P-A031914,0,0.25814413726329805,0.26702204346656799,0,0
hospital_removal,4344,V32P-A032023,0,0.52959216237068174,0.55711725354194641,0,0
hospital_removal,4345,V32P-A032024,0,0.51275618076324458,0.53689515590667725,0,0
hospital_removal,4346,V32P-A032025,0,0.48082060217857359,0.50026599764823909,0,0
hospital_removal,4347,V32P-A032026,0,0.40552936792373656,0.41954718828201293,0,0
hospital_removal,4348,V32P-A032027,0,0.32541136741638182,0.33444849252700803,0,0
hospital_removal,4349,V32P-A032028,0,0.14014880508184432,0.14232319742441177,0,0
hospital_removal,4350,V32P-A032143,0,0.4160367727279663,0.41767081618309021,0,0
hospital_removal,4351,V32P-A032144,0,0.37568407058715819,0.37443714141845702,0,0
hospital_removal,4352,V32P-A032145,0,0.39483888745307921,0.39601926803588866,0,0
hospital_removal,4353,V32P-A032146,0,0.33867256045341493,0.34023507237434386,0,0
hospital_removal,4354,V32P-A032147,1,0.28955438435077668,0.29300803244113921,0,0
hospital_removal,4355,V32P-A032148,0,0.023732444830238821,0.025496533326804637,0,0
hospital_removal,4356,V32P-A032149,0,0.53288699984550481,0.55059322714805603,0,0
hospital_removal,4357,V32P-A032150,0,0.44420365691184999,0.46597043871879579,0,0
hospital_removal,4358,V32P-A032151,0,0.3707756459712982,0.39642993807792665,0,0
hospital_removal,4359,V32P-A032152,0,0.37073913216590881,0.38762325048446655,0,0
hospital_removal,4360,V32P-A032153,0,0.30369777977466583,0.32106847465038302,0,0
hospital_removal,4361,V32P-A032154,0,0.12597320824861527,0.13210660666227342,0,0
hospital_removal,4362,V32P-A032185,0,0.78927892446517944,0.8029637336730957,1,1
hospital_removal,4363,V32P-A032186,0,0.78476254940032963,0.80087277889251707,1,1
hospital_removal,4364,V32P-A032187,0,0.81399636268615727,0.82599664926528926,1,1
hospital_removal,4365,V32P-A032188,1,0.69532543420791626,0.71737031936645512,1,1
hospital_removal,4366,V32P-A032189,0,0.12544774711132051,0.13593637198209763,0,0
hospital_removal,4367,V32P-A032190,0,0.048656282573938371,0.051186337321996692,0,0
hospital_removal,4368,V32P-A032317,1,0.73377370834350586,0.74844417572021482,1,1
hospital_removal,4369,V32P-A032318,1,0.67303650379180913,0.69215610027313235,1,1
hospital_removal,4370,V32P-A032319,0,0.18501776307821274,0.19065266251564025,0,0
hospital_removal,4371,V32P-A032320,0,0.16202383488416672,0.16719857901334761,0,0
hospital_removal,4372,V32P-A032321,0,0.095547360181808469,0.097685498744249338,0,0
hospital_removal,4373,V32P-A032322,0,0.042436707392334939,0.043526922538876536,0,0
hospital_removal,4374,V32P-A032347,0,0.73995388746261592,0.73638877868652342,1,1
hospital_removal,4375,V32P-A032348,0,0.57156559228897097,0.56675297021865845,0,0
hospital_removal,4376,V32P-A032349,0,0.49275617599487304,0.48631895184516905,0,0
hospital_removal,4377,V32P-A032350,0,0.43186728954315184,0.42414680719375608,0,0
hospital_removal,4378,V32P-A032351,0,0.37146001458168032,0.36509335041046143,0,0
hospital_removal,4379,V32P-A032352,0,0.030231934599578382,0.031794335506856439,0,0
hospital_removal,4380,V32P-A032431,0,0.57677192687988277,0.56104569435119633,0,0
hospital_removal,4381,V32P-A032432,0,0.43087713718414306,0.41252802610397338,0,0
hospital_removal,4382,V32P-A032433,0,0.33952814340591431,0.3203027009963989,0,0
hospital_removal,4383,V32P-A032434,0,0.26612030565738676,0.25176706612110139,0,0
hospital_removal,4384,V32P-A032435,0,0.23348998427391052,0.22362393736839295,0,0
hospital_removal,4385,V32P-A032436,0,0.094831202179193497,0.094235128909349444,0,0
hospital_removal,4386,V32P-A032479,0,0.80918377637863159,0.79903564453124998,1,1
hospital_removal,4387,V32P-A032480,0,0.67020754814147954,0.6744199752807617,1,1
hospital_removal,4388,V32P-A032481,0,0.56577489972114559,0.56957618594169612,0,0
hospital_removal,4389,V32P-A032482,0,0.62215887308120732,0.6185775518417358,1,0
hospital_removal,4390,V32P-A032483,0,0.46201168894767763,0.45968970060348513,0,0
hospital_removal,4391,V32P-A032484,0,0.27275814116001129,0.27008522748947145,0,0
hospital_removal,4392,V32P-A032521,0,0.69929676055908208,0.70923705101013179,1,1
hospital_removal,4393,V32P-A032522,0,0.60225995779037478,0.61628171205520632,0,0
hospital_removal,4394,V32P-A032523,0,0.48660519123077395,0.49978978633880616,0,0
hospital_removal,4395,V32P-A032524,0,0.6079220175743103,0.60983561277389531,0,0
hospital_removal,4396,V32P-A032525,0,0.53227579593658447,0.53551678657531743,0,0
hospital_removal,4397,V32P-A032526,0,0.32421641051769257,0.33638845384120941,0,0
hospital_removal,4398,V32P-A032551,0,0.79771571159362797,0.7911723256111145,1,1
hospital_removal,4399,V32P-A032552,0,0.64717042446136475,0.64360723495483396,1,1
hospital_removal,4400,V32P-A032553,0,0.55434010624885555,0.54218295216560364,0,0
hospital_removal,4401,V32P-A032554,0,0.62209224104881289,0.60987827181816101,1,0
hospital_removal,4402,V32P-A032555,0,0.55733420848846438,0.53567085266113279,0,0
hospital_removal,4403,V32P-A032556,0,0.26795668303966524,0.25542876422405242,0,0
hospital_removal,4404,V32P-A032557,0,0.69817931652069087,0.71338779926300044,1,1
hospital_removal,4405,V32P-A032558,0,0.63087921142578129,0.64642034769058232,1,1
hospital_removal,4406,V32P-A032559,0,0.60623054504394536,0.62226396799087524,0,1
hospital_removal,4407,V32P-A032560,0,0.6029512882232666,0.61789102554321285,0,0
hospital_removal,4408,V32P-A032561,0,0.58777186870574949,0.60148848295211788,0,0
hospital_removal,4409,V32P-A032562,0,0.059142613410949708,0.064053802937269214,0,0
hospital_removal,4410,V32P-A032671,0,0.68379447460174558,0.69290038347244265,1,1
hospital_removal,4411,V32P-A032672,0,0.61744325160980229,0.6226519703865051,0,1
hospital_removal,4412,V32P-A032673,0,0.51491460800170896,0.51075872182846072,0,0
hospital_removal,4413,V32P-A032674,0,0.51498873233795162,0.51404874920845034,0,0
hospital_removal,4414,V32P-A032675,0,0.43925721645355226,0.43676657676696778,0,0
hospital_removal,4415,V32P-A032676,0,0.19420404136180877,0.19244874119758607,0,0
hospital_removal,4416,V32P-A032683,0,0.67413616180419922,0.66917130947113035,1,1
hospital_removal,4417,V32P-A032684,0,0.55979149937629702,0.55309121608734135,0,0
hospital_removal,4418,V32P-A032685,0,0.48889418840408327,0.47849876284599302,0,0
hospital_removal,4419,V32P-A032686,0,0.45915488600730897,0.44803582429885863,0,0
hospital_removal,4420,V32P-A032687,1,0.45075401663780212,0.43887371420860288,0,0
hospital_removal,4421,V32P-A032688,0,0.029433624818921089,0.032594010606408118,0,0
hospital_removal,4422,V32P-A032701,0,0.65676491260528569,0.66736108064651489,1,1
hospital_removal,4423,V32P-A032702,0,0.55591992139816282,0.57336652278900146,0,0
hospital_removal,4424,V32P-A032703,0,0.48633204698562621,0.50182224512100215,0,0
hospital_removal,4425,V32P-A032704,0,0.40741714835166931,0.42514405846595765,0,0
hospital_removal,4426,V32P-A032705,0,0.31944604516029357,0.330947482585907,0,0
hospital_removal,4427,V32P-A032706,0,0.1426235854625702,0.15034407079219819,0,0
hospital_removal,4428,V32P-A032719,0,0.82563151121139522,0.83926923274993892,1,1
hospital_removal,4429,V32P-A032720,0,0.71198866367340086,0.7439876437187195,1,1
hospital_removal,4430,V32P-A032721,0,0.62729049921035762,0.65943170785903926,1,1
hospital_removal,4431,V32P-A032722,0,0.66498211622238157,0.68528827428817751,1,1
hospital_removal,4432,V32P-A032723,0,0.49705931544303894,0.52259536981582644,0,0
hospital_removal,4433,V32P-A032724,0,0.26289994120597837,0.28296821117401122,0,0
hospital_removal,4434,V32P-A032731,0,0.82435153722763066,0.80816756486892705,1,1
hospital_removal,4435,V32P-A032732,0,0.70359520912170415,0.69852716922760005,1,1
hospital_removal,4436,V32P-A032733,0,0.67168658971786499,0.65578303337097166,1,1
hospital_removal,4437,V32P-A032734,0,0.68571292161941533,0.66647909879684453,1,1
hospital_removal,4438,V32P-A032735,0,0.58648933768272404,0.56645544171333317,0,0
hospital_removal,4439,V32P-A032736,0,0.31994336843490601,0.31548300087451936,0,0
hospital_removal,4440,V32P-A032743,1,0.61681663990020752,0.62657797336578369,0,1
hospital_removal,4441,V32P-A032744,1,0.52182541489601131,0.52940716147422795,0,0
hospital_removal,4442,V32P-A032745,1,0.44607099890708923,0.44878173470497129,0,0
hospital_removal,4443,V32P-A032746,0,0.061857207491993901,0.067201717570424077,0,0
hospital_removal,4444,V32P-A032747,0,0.044826547428965566,0.048821489885449411,0,0
hospital_removal,4445,V32P-A032748,0,0.017958241887390612,0.019730282388627528,0,0
hospital_removal,4446,V32P-A032785,0,0.51824888586997986,0.53221171498298647,0,0
hospital_removal,4447,V32P-A032786,0,0.49535547494888305,0.4983666777610779,0,0
hospital_removal,4448,V32P-A032787,0,0.42968383431434631,0.43365829586982729,0,0
hospital_removal,4449,V32P-A032788,0,0.35327273905277251,0.36033917367458346,0,0
hospital_removal,4450,V32P-A032789,0,0.27165274620056151,0.27943816184997561,0,0
hospital_removal,4451,V32P-A032790,0,0.11842028796672821,0.1294827401638031,0,0
hospital_removal,4452,V32P-A032821,0,0.60862225890159605,0.59137493968009947,0,0
hospital_removal,4453,V32P-A032822,0,0.44827798604965208,0.42458382248878479,0,0
hospital_removal,4454,V32P-A032823,0,0.37812432646751404,0.36043388843536378,0,0
hospital_removal,4455,V32P-A032824,0,0.28011015355587005,0.26815559267997741,0,0
hospital_removal,4456,V32P-A032825,0,0.21835374534130098,0.2104675590991974,0,0
hospital_removal,4457,V32P-A032826,0,0.093877403438091284,0.089336805045604706,0,0
hospital_removal,4458,V32P-A032863,0,0.78389313220977785,0.79555426836013798,1,1
hospital_removal,4459,V32P-A032864,0,0.71122076511383059,0.7179561495780945,1,1
hospital_removal,4460,V32P-A032865,0,0.66919314861297607,0.67301653623580937,1,1
hospital_removal,4461,V32P-A032866,0,0.58689886331558228,0.58499272465705876,0,0
hospital_removal,4462,V32P-A032867,0,0.5235639214515686,0.52002516984939573,0,0
hospital_removal,4463,V32P-A032868,0,0.25712555646896362,0.25541277825832365,0,0
hospital_removal,4464,V32P-A032911,0,0.73294246196746826,0.72417134046554565,1,1
hospital_removal,4465,V32P-A032912,0,0.57090148329734802,0.56704029440879822,0,0
hospital_removal,4466,V32P-A032913,0,0.63228427171707158,0.62756457328796389,1,1
hospital_removal,4467,V32P-A032914,0,0.48009241223335264,0.47633700370788573,0,0
hospital_removal,4468,V32P-A032915,0,0.50275017619133,0.49886359572410582,0,0
hospital_removal,4469,V32P-A032916,0,0.2367354452610016,0.23805848062038421,0,0
hospital_removal,4470,V32P-A032941,0,0.68523385524749758,0.69307692050933833,1,1
hospital_removal,4471,V32P-A032942,0,0.6001488089561462,0.61402117013931279,0,0
hospital_removal,4472,V32P-A032943,0,0.56772556900978088,0.57592231631278989,0,0
hospital_removal,4473,V32P-A032944,0,0.50042659640312193,0.50083138346672063,0,0
hospital_removal,4474,V32P-A032945,0,0.41028457283973696,0.4102218270301819,0,0
hospital_removal,4475,V32P-A032946,0,0.18661131113767623,0.18897804468870164,0,0
hospital_removal,4476,V32P-A032965,1,0.58801835775375366,0.57703484296798702,0,0
hospital_removal,4477,V32P-A032966,1,0.50253732800483708,0.48146133422851561,0,0
hospital_removal,4478,V32P-A032967,1,0.52732841372489925,0.50508987307548525,0,0
hospital_removal,4479,V32P-A032968,0,0.072481878101825714,0.073513907939195627,0,0
hospital_removal,4480,V32P-A032969,0,0.060882684588432309,0.062110230326652527,0,0
hospital_removal,4481,V32P-A032970,0,0.027812663465738297,0.028672903403639795,0,0
hospital_removal,4482,V32P-A033007,0,0.83351238965988161,0.84065747261047363,1,1
hospital_removal,4483,V32P-A033008,0,0.74280399084091187,0.76140241622924809,1,1
hospital_removal,4484,V32P-A033009,0,0.71323355436325075,0.7313697338104248,1,1
hospital_removal,4485,V32P-A033010,1,0.63590894937515263,0.65528026819229124,1,1
hospital_removal,4486,V32P-A033011,0,0.1163635492324829,0.12381355911493301,0,0
hospital_removal,4487,V32P-A033012,0,0.053231305256485936,0.055851219594478606,0,0
hospital_removal,4488,V32P-A033025,0,0.63133867979049685,0.63925080299377446,1,1
hospital_removal,4489,V32P-A033026,0,0.58699260950088505,0.58357998132705691,0,0
hospital_removal,4490,V32P-A033027,0,0.55246442556381226,0.54592106938362117,0,0
hospital_removal,4491,V32P-A033028,0,0.44350790381431582,0.43730336427688599,0,0
hospital_removal,4492,V32P-A033029,0,0.34206882119178772,0.3381155550479889,0,0
hospital_removal,4493,V32P-A033030,0,0.14135137051343918,0.14173459857702256,0,0
hospital_removal,4494,V32P-A033049,0,0.53886575698852535,0.5446343302726746,0,0
hospital_removal,4495,V32P-A033050,0,0.41720222234725951,0.43286864757537841,0,0
hospital_removal,4496,V32P-A033051,0,0.47771979570388795,0.47517510652542116,0,0
hospital_removal,4497,V32P-A033052,0,0.38132562041282653,0.38097816705703735,0,0
hospital_removal,4498,V32P-A033053,0,0.28326631188392637,0.28353582620620726,0,0
hospital_removal,4499,V32P-A033054,0,0.11589763909578324,0.12063783854246139,0,0
hospital_removal,4500,V32P-A033067,0,0.66262282133102413,0.65809253454208372,1,1
hospital_removal,4501,V32P-A033068,0,0.69369719028472898,0.68575364351272583,1,1
hospital_removal,4502,V32P-A033069,0,0.7015481233596802,0.69197803735733032,1,1
hospital_removal,4503,V32P-A033070,0,0.68762788772583006,0.67658151388168331,1,1
hospital_removal,4504,V32P-A033071,0,0.65938254594802859,0.64894205331802368,1,1
hospital_removal,4505,V32P-A033072,0,0.063975290209054944,0.068581939488649366,0,0
hospital_removal,4506,V32P-A033079,0,0.58031890392303465,0.57913085222244265,0,0
hospital_removal,4507,V32P-A033080,0,0.40456525683403016,0.40449525713920592,0,0
hospital_removal,4508,V32P-A033081,0,0.4351935923099518,0.44453083872795107,0,0
hospital_removal,4509,V32P-A033082,0,0.27803806066513059,0.2795606255531311,0,0
hospital_removal,4510,V32P-A033083,1,0.22089037597179412,0.22456243932247161,0,0
hospital_removal,4511,V32P-A033084,0,0.019086621655151247,0.019818724459037186,0,0
hospital_removal,4512,V32P-A033121,0,0.51389463543891911,0.51861170530319212,0,0
hospital_removal,4513,V32P-A033122,0,0.4928146958351135,0.4905065059661865,0,0
hospital_removal,4514,V32P-A033123,0,0.48229232430458069,0.47556927800178528,0,0
hospital_removal,4515,V32P-A033124,0,0.39309221506118774,0.38469507098197936,0,0
hospital_removal,4516,V32P-A033125,0,0.34066565632820128,0.33245615959167479,0,0
hospital_removal,4517,V32P-A033126,0,0.17129078209400178,0.1700414538383484,0,0
hospital_removal,4518,V32P-A033145,1,0.76842077970504763,0.77544877529144285,1,1
hospital_removal,4519,V32P-A033146,1,0.59701931476593018,0.6062946200370789,0,0
hospital_removal,4520,V32P-A033147,1,0.48368647098541262,0.4866984486579895,0,0
hospital_removal,4521,V32P-A033148,0,0.096841973066329953,0.10333199352025986,0,0
hospital_removal,4522,V32P-A033149,0,0.065923025086522105,0.068894810602068896,0,0
hospital_removal,4523,V32P-A033150,0,0.026387108489871025,0.027470494061708449,0,0
hospital_removal,4524,V32P-A033199,0,0.58028817772865293,0.59006398320198061,0,0
hospital_removal,4525,V32P-A033200,0,0.61236712932586668,0.61854656934738161,0,0
hospital_removal,4526,V32P-A033201,0,0.662077271938324,0.6613771915435791,1,1
hospital_removal,4527,V32P-A033202,1,0.67147167921066286,0.66542414426803587,1,1
hospital_removal,4528,V32P-A033203,0,0.091492122411727911,0.096334061026573187,0,0
hospital_removal,4529,V32P-A033204,0,0.033225646242499352,0.035808184742927553,0,0
hospital_removal,4530,V32P-A033307,0,0.73898795843124387,0.73626338243484502,1,1
hospital_removal,4531,V32P-A033308,0,0.65808256864547732,0.65149031877517705,1,1
hospital_removal,4532,V32P-A033309,0,0.62785707712173466,0.61958975791931148,1,0
hospital_removal,4533,V32P-A033310,0,0.54911376237869258,0.54242480397224424,0,0
hospital_removal,4534,V32P-A033311,0,0.46374865770339968,0.46011124253273011,0,0
hospital_removal,4535,V32P-A033312,0,0.21815795153379441,0.22072788625955581,0,0
hospital_removal,4536,V32P-A033349,0,0.50842018127441402,0.50561014413833616,0,0
hospital_removal,4537,V32P-A033350,0,0.49359534978866576,0.48115080595016479,0,0
hospital_removal,4538,V32P-A033351,0,0.45250455141067503,0.43687453866004944,0,0
hospital_removal,4539,V32P-A033352,0,0.52148700952529903,0.50028796195983882,0,0
hospital_removal,4540,V32P-A033353,0,0.30513940751552582,0.29413334131240843,0,0
hospital_removal,4541,V32P-A033354,0,0.023490902036428452,0.024058018252253531,0,0
hospital_removal,4542,V32P-A033463,0,0.58627964258193965,0.57411989569664001,0,0
hospital_removal,4543,V32P-A033464,0,0.51329272389411928,0.50437992215156557,0,0
hospital_removal,4544,V32P-A033465,0,0.45938517451286315,0.45031128525733949,0,0
hospital_removal,4545,V32P-A033466,0,0.40317977070808408,0.39652940630912781,0,0
hospital_removal,4546,V32P-A033467,0,0.407886403799057,0.40235587358474734,0,0
hospital_removal,4547,V32P-A033468,0,0.20886556506156922,0.21087262332439421,0,0
hospital_removal,4548,V32P-A033481,0,0.70032689571380613,0.69830669164657588,1,1
hospital_removal,4549,V32P-A033482,0,0.64438465833663938,0.65126270055770874,1,1
hospital_removal,4550,V32P-A033483,0,0.70933996438980107,0.71134198904037471,1,1
hospital_removal,4551,V32P-A033484,1,0.53716147541999815,0.553107225894928,0,0
hospital_removal,4552,V32P-A033485,0,0.083916979283094412,0.090979800373315808,0,0
hospital_removal,4553,V32P-A033486,0,0.039886088669300081,0.042884415574371816,0,0
hospital_removal,4554,V32P-A033499,0,0.67428427934646606,0.67353466749191282,1,1
hospital_removal,4555,V32P-A033500,0,0.55468466281890871,0.55547310113906856,0,0
hospital_removal,4556,V32P-A033501,0,0.56552435159683223,0.57140305638313293,0,0
hospital_removal,4557,V32P-A033502,1,0.54446994066238408,0.54463164806365971,0,0
hospital_removal,4558,V32P-A033503,0,0.063632684946060183,0.067918030172586435,0,0
hospital_removal,4559,V32P-A033504,0,0.027889844868332146,0.029730996023863553,0,0
hospital_removal,4560,V32P-A033541,0,0.66123961210250859,0.66618440151214597,1,1
hospital_removal,4561,V32P-A033542,0,0.55645098686218264,0.54925855398178103,0,0
hospital_removal,4562,V32P-A033543,0,0.47307224869728087,0.45939084291458132,0,0
hospital_removal,4563,V32P-A033544,0,0.40733177661895753,0.39496466517448425,0,0
hospital_removal,4564,V32P-A033545,0,0.32618924081325529,0.31663089096546171,0,0
hospital_removal,4565,V32P-A033546,0,0.14611775875091554,0.14699355959892274,0,0
hospital_removal,4566,V32P-A033613,0,0.63120126724243164,0.63285828828811641,1,1
hospital_removal,4567,V32P-A033614,0,0.61985698938369749,0.62151874303817745,0,1
hospital_removal,4568,V32P-A033615,0,0.60503120422363277,0.60589522123336792,0,0
hospital_removal,4569,V32P-A033616,0,0.56805252432823183,0.56531459689140318,0,0
hospital_removal,4570,V32P-A033617,0,0.50627955794334412,0.50240501165390017,0,0
hospital_removal,4571,V32P-A033618,0,0.043921687826514247,0.045385339856147768,0,0
hospital_removal,4572,V32P-A033625,0,0.49914947152137756,0.51584475636482241,0,0
hospital_removal,4573,V32P-A033626,0,0.4062013804912567,0.41982076168060301,0,0
hospital_removal,4574,V32P-A033627,0,0.35877420604228971,0.36958319842815401,0,0
hospital_removal,4575,V32P-A033628,0,0.26928744316101072,0.28271138072013857,0,0
hospital_removal,4576,V32P-A033629,0,0.20104365348815917,0.21616342663764954,0,0
hospital_removal,4577,V32P-A033630,0,0.089924476295709613,0.10411933735013008,0,0
hospital_removal,4578,V32P-A033661,0,0.77467659711837766,0.77558864355087276,1,1
hospital_removal,4579,V32P-A033662,0,0.66971139907836919,0.68021249771118164,1,1
hospital_removal,4580,V32P-A033663,0,0.57014797329902644,0.58357922434806819,0,0
hospital_removal,4581,V32P-A033664,0,0.4813118577003479,0.49581009745597837,0,0
hospital_removal,4582,V32P-A033665,0,0.42335107922554016,0.43522019982337951,0,0
hospital_removal,4583,V32P-A033666,0,0.23349641263484955,0.24391885995864868,0,0
hospital_removal,4584,V32P-A033709,0,0.59517508745193481,0.58927639722824099,0,0
hospital_removal,4585,V32P-A033710,0,0.49855071902275083,0.48572517633438111,0,0
hospital_removal,4586,V32P-A033711,0,0.45293490290641786,0.44026349782943724,0,0
hospital_removal,4587,V32P-A033712,0,0.37829473614692688,0.36602631807327268,0,0
hospital_removal,4588,V32P-A033713,0,0.3121321052312851,0.30013681948184967,0,0
hospital_removal,4589,V32P-A033714,0,0.13247539401054381,0.13170592486858368,0,0
hospital_removal,4590,V32P-A033811,0,0.60073565244674687,0.62893017530441286,0,1
hospital_removal,4591,V32P-A033812,0,0.65052967071533208,0.67125525474548342,1,1
hospital_removal,4592,V32P-A033813,0,0.70120712518692019,0.71373225450515743,1,1
hospital_removal,4593,V32P-A033814,0,0.6209112346172333,0.64310945868492131,1,1
hospital_removal,4594,V32P-A033815,0,0.57924117445945744,0.60558473467826845,0,0
hospital_removal,4595,V32P-A033816,0,0.37643583416938781,0.43370263576507567,0,0
hospital_removal,4596,V32P-A033823,0,0.77935765981674199,0.77911142110824583,1,1
hospital_removal,4597,V32P-A033824,0,0.66228781938552861,0.67136926651000972,1,1
hospital_removal,4598,V32P-A033825,0,0.57086106538772585,0.56953980922698977,0,0
hospital_removal,4599,V32P-A033826,0,0.46876864433288573,0.46689303517341613,0,0
hospital_removal,4600,V32P-A033827,0,0.38164337277412413,0.3824218988418579,0,0
hospital_removal,4601,V32P-A033828,0,0.17052225172519683,0.17489018738269807,0,0
hospital_removal,4602,V32P-A033877,0,0.77449696063995366,0.77946460247039795,1,1
hospital_removal,4603,V32P-A033878,0,0.57713054418563847,0.59339530467987056,0,0
hospital_removal,4604,V32P-A033879,0,0.52706909775733946,0.54422731995582585,0,0
hospital_removal,4605,V32P-A033880,0,0.42050025463104246,0.43112584948539734,0,0
hospital_removal,4606,V32P-A033881,0,0.31538405716419221,0.32289198338985442,0,0
hospital_removal,4607,V32P-A033882,0,0.14071726202964782,0.14101045727729797,0,0
hospital_removal,4608,V32P-A033913,0,0.79596918821334839,0.80378379821777346,1,1
hospital_removal,4609,V32P-A033914,0,0.64797604084014893,0.67316837310791011,1,1
hospital_removal,4610,V32P-A033915,0,0.5991082072257996,0.62096860408782961,0,1
hospital_removal,4611,V32P-A033916,0,0.65521402955055241,0.66782804131507878,1,1
hospital_removal,4612,V32P-A033917,0,0.55611640810966489,0.58121268153190608,0,0
hospital_removal,4613,V32P-A033918,0,0.26032933294773103,0.2897606909275055,0,0
hospital_removal,4614,V32P-A033943,1,0.77863438129425044,0.77834664583206181,1,1
hospital_removal,4615,V32P-A033944,1,0.69561115503311155,0.70257843732833858,1,1
hospital_removal,4616,V32P-A033945,0,0.21608942002058029,0.24109724909067154,0,0
hospital_removal,4617,V32P-A033946,0,0.21585962027311326,0.23771227151155472,0,0
hospital_removal,4618,V32P-A033947,0,0.15038797706365586,0.16074834018945694,0,0
hospital_removal,4619,V32P-A033948,0,0.074708234146237368,0.078055346757173544,0,0
hospital_removal,4620,V32P-A033979,0,0.40139961242675781,0.39716885089874265,0,0
hospital_removal,4621,V32P-A033980,0,0.3684454381465912,0.35848501324653625,0,0
hospital_removal,4622,V32P-A033981,0,0.33985702395439149,0.33055211901664733,0,0
hospital_removal,4623,V32P-A033982,0,0.30172840952873231,0.29369848370552065,0,0
hospital_removal,4624,V32P-A033983,0,0.2455433875322342,0.23860278427600862,0,0
hospital_removal,4625,V32P-A033984,0,0.11384170353412629,0.11329681277275086,0,0
hospital_removal,4626,V32P-A033997,0,0.38377090692520144,0.39478101134300231,0,0
hospital_removal,4627,V32P-A033998,0,0.40629078745841979,0.4156626224517822,0,0
hospital_removal,4628,V32P-A033999,0,0.37774271965026857,0.38251219987869262,0,0
hospital_removal,4629,V32P-A034000,0,0.31168281137943266,0.3129944294691086,0,0
hospital_removal,4630,V32P-A034001,0,0.23946981728076935,0.23732767403125762,0,0
hospital_removal,4631,V32P-A034002,0,0.10643567889928818,0.10707709640264511,0,0
hospital_removal,4632,V32P-A034057,0,0.75153237581253052,0.75106508731842037,1,1
hospital_removal,4633,V32P-A034058,0,0.71764619350433345,0.72258657217025757,1,1
hospital_removal,4634,V32P-A034059,0,0.71562929153442378,0.71956814527511592,1,1
hospital_removal,4635,V32P-A034060,0,0.71853170394897459,0.7212640643119812,1,1
hospital_removal,4636,V32P-A034061,0,0.66138186454772951,0.6666614770889282,1,1
hospital_removal,4637,V32P-A034062,0,0.41403418779373169,0.4175961375236511,0,0
hospital_removal,4638,V32P-A034177,1,0.7901342511177063,0.78824734687805176,1,1
hospital_removal,4639,V32P-A034178,1,0.59086324572563176,0.60719646811485295,0,0
hospital_removal,4640,V32P-A034179,0,0.53159805536270144,0.55243750810623171,0,0
hospital_removal,4641,V32P-A034180,0,0.12953911572694779,0.14427125304937363,0,0
hospital_removal,4642,V32P-A034181,0,0.094144004210829732,0.10194106586277485,0,0
hospital_removal,4643,V32P-A034182,0,0.044210938178002833,0.046648285910487176,0,0
hospital_removal,4644,V32P-A034189,0,0.64548890590667729,0.66457613706588747,1,1
hospital_removal,4645,V32P-A034190,0,0.55775104165077205,0.57889484167099003,0,0
hospital_removal,4646,V32P-A034191,0,0.52889660596847532,0.54302055835723873,0,0
hospital_removal,4647,V32P-A034192,0,0.47806518077850341,0.48673760294914248,0,0
hospital_removal,4648,V32P-A034193,0,0.41874141693115235,0.42623053193092347,0,0
hospital_removal,4649,V32P-A034194,0,0.20317110121250154,0.20664856731891632,0,0
hospital_removal,4650,V32P-A034207,0,0.72985868453979497,0.73072905540466304,1,1
hospital_removal,4651,V32P-A034208,0,0.66360834836959837,0.67108235359191892,1,1
hospital_removal,4652,V32P-A034209,0,0.63146254420280457,0.63526262640953068,1,1
hospital_removal,4653,V32P-A034210,0,0.65422741174697874,0.65971207618713379,1,1
hospital_removal,4654,V32P-A034211,0,0.61731891036033626,0.62627765536308289,0,1
hospital_removal,4655,V32P-A034212,0,0.39116811454296113,0.40774063766002655,0,0
hospital_removal,4656,V32P-A034237,0,0.38652219176292418,0.41812843680381773,0,0
hospital_removal,4657,V32P-A034238,0,0.32871356904506682,0.36035701334476472,0,0
hospital_removal,4658,V32P-A034239,0,0.2893973380327225,0.31850233376026155,0,0
hospital_removal,4659,V32P-A034240,0,0.26109905242919923,0.29090853333473204,0,0
hospital_removal,4660,V32P-A034241,0,0.19972134083509446,0.22289831489324569,0,0
hospital_removal,4661,V32P-A034242,0,0.096538994461297989,0.1037197582423687,0,0
hospital_removal,4662,V32P-A034321,0,0.3107371389865875,0.31858438849449155,0,0
hospital_removal,4663,V32P-A034322,0,0.32283389270305635,0.33780703842639925,0,0
hospital_removal,4664,V32P-A034323,0,0.28498040735721586,0.30169167816638948,0,0
hospital_removal,4665,V32P-A034324,0,0.22862085700035095,0.2478857696056366,0,0
hospital_removal,4666,V32P-A034325,0,0.18371097445487977,0.20316374897956849,0,0
hospital_removal,4667,V32P-A034326,0,0.07927937656641007,0.089049179852008817,0,0
hospital_removal,4668,V32P-A034381,0,0.72652097940444949,0.72364827394485476,1,1
hospital_removal,4669,V32P-A034382,0,0.54788585305213933,0.55652572512626652,0,0
hospital_removal,4670,V32P-A034383,0,0.53004105091094966,0.52482048869132991,0,0
hospital_removal,4671,V32P-A034384,0,0.4998746454715729,0.49430611729621887,0,0
hospital_removal,4672,V32P-A034385,0,0.48120208978652956,0.47668233513832092,0,0
hospital_removal,4673,V32P-A034386,0,0.22540866434574128,0.23218663334846495,0,0
hospital_removal,4674,V32P-A034441,0,0.61087359189987178,0.60176094770431521,0,0
hospital_removal,4675,V32P-A034442,0,0.57019282579421993,0.55141585469245913,0,0
hospital_removal,4676,V32P-A034443,0,0.51128790974617,0.48742427825927737,0,0
hospital_removal,4677,V32P-A034444,0,0.42756233215332029,0.4045936346054077,0,0
hospital_removal,4678,V32P-A034445,0,0.34498105049133299,0.32542172670364378,0,0
hospital_removal,4679,V32P-A034446,0,0.17336718887090682,0.16590913981199265,0,0
hospital_removal,4680,V32P-A034519,0,0.6155322790145874,0.61439536809921269,0,0
hospital_removal,4681,V32P-A034520,0,0.56562325358390808,0.56521845459938047,0,0
hospital_removal,4682,V32P-A034521,0,0.46354057192802428,0.45891218781471255,0,0
hospital_removal,4683,V32P-A034522,0,0.37684029340744019,0.37170581817626952,0,0
hospital_removal,4684,V32P-A034523,0,0.30391412079334257,0.29843862056732179,0,0
hospital_removal,4685,V32P-A034524,0,0.031187892705202103,0.031867348402738568,0,0
hospital_removal,4686,V32P-A034573,0,0.61391041278839109,0.60747676491737368,0,0
hospital_removal,4687,V32P-A034574,0,0.54781562685966489,0.53633580207824705,0,0
hospital_removal,4688,V32P-A034575,0,0.49475720524787903,0.48360796570777892,0,0
hospital_removal,4689,V32P-A034576,0,0.45535624027252197,0.44231953024864196,0,0
hospital_removal,4690,V32P-A034577,0,0.38312876820564268,0.37349405884742737,0,0
hospital_removal,4691,V32P-A034578,0,0.18086276501417159,0.17751690298318862,0,0
hospital_removal,4692,V32P-A034579,0,0.77036535739898682,0.77386353015899656,1,1
hospital_removal,4693,V32P-A034580,0,0.61327151060104368,0.61971691846847532,0,0
hospital_removal,4694,V32P-A034581,0,0.5145600020885468,0.51452422738075254,0,0
hospital_removal,4695,V32P-A034582,0,0.48525469303131102,0.48675028085708616,0,0
hospital_removal,4696,V32P-A034583,0,0.46347643733024596,0.46389988660812376,0,0
hospital_removal,4697,V32P-A034584,0,0.2136214107275009,0.21392087340354921,0,0
hospital_removal,4698,V32P-A034591,0,0.75685102939605708,0.76398472785949711,1,1
hospital_removal,4699,V32P-A034592,0,0.692563784122467,0.70163848400115969,1,1
hospital_removal,4700,V32P-A034593,0,0.6552105069160461,0.65989564657211308,1,1
hospital_removal,4701,V32P-A034594,0,0.61614806652069087,0.61764417886734013,0,0
hospital_removal,4702,V32P-A034595,0,0.55742706060409541,0.55962535738945007,0,0
hospital_removal,4703,V32P-A034596,0,0.28757998645305632,0.28983182609081271,0,0
hospital_removal,4704,V32P-A034603,1,0.72132467031478886,0.72896375656127932,1,1
hospital_removal,4705,V32P-A034604,1,0.61084100008010866,0.62219393253326416,0,1
hospital_removal,4706,V32P-A034605,1,0.65365059375762935,0.66569578647613525,1,1
hospital_removal,4707,V32P-A034606,0,0.10837066471576691,0.11308307498693466,0,0
hospital_removal,4708,V32P-A034607,0,0.078658255934715274,0.081562210619449613,0,0
hospital_removal,4709,V32P-A034608,0,0.036594017781317233,0.038131331093609333,0,0
hospital_removal,4710,V32P-A034615,0,0.82266447544097898,0.83217147588729856,1,1
hospital_removal,4711,V32P-A034616,0,0.74687473773956303,0.76594152450561526,1,1
hospital_removal,4712,V32P-A034617,0,0.63227794766426082,0.65991607308387756,1,1
hospital_removal,4713,V32P-A034618,0,0.59782161712646487,0.62243562936782837,0,1
hospital_removal,4714,V32P-A034619,0,0.52123889923095701,0.53972839117050175,0,0
hospital_removal,4715,V32P-A034620,0,0.31714175641536713,0.32847321331501006,0,0
hospital_removal,4716,V32P-A034627,0,0.54290118217468264,0.55476731061935425,0,0
hospital_removal,4717,V32P-A034628,0,0.49648024439811705,0.50231634974479678,0,0
hospital_removal,4718,V32P-A034629,0,0.41322983503341676,0.40909874439239502,0,0
hospital_removal,4719,V32P-A034630,0,0.32322613000869749,0.32120254039764407,0,0
hospital_removal,4720,V32P-A034631,0,0.24950170516967773,0.24929999113082885,0,0
hospital_removal,4721,V32P-A034632,0,0.10251643359661103,0.10531872659921646,0,0
hospital_removal,4722,V32P-A034687,1,0.67771269083023067,0.68762363195419307,1,1
hospital_removal,4723,V32P-A034688,1,0.61964403390884404,0.62379075288772579,0,1
hospital_removal,4724,V32P-A034689,1,0.55103099346160889,0.54106869697570803,0,0
hospital_removal,4725,V32P-A034690,0,0.082483036071062082,0.084972689300775534,0,0
hospital_removal,4726,V32P-A034691,0,0.061289146542549133,0.06351037323474884,0,0
hospital_removal,4727,V32P-A034692,0,0.026580856926739217,0.027839460596442222,0,0
hospital_removal,4728,V32P-A034705,0,0.73304216861724858,0.73166251182556152,1,1
hospital_removal,4729,V32P-A034706,0,0.52573485970497136,0.54685585498809819,0,0
hospital_removal,4730,V32P-A034707,0,0.52594821453094487,0.53276982307434084,0,0
hospital_removal,4731,V32P-A034708,0,0.44533965587615965,0.45028256177902221,0,0
hospital_removal,4732,V32P-A034709,0,0.36048570275306702,0.36286019086837767,0,0
hospital_removal,4733,V32P-A034710,0,0.15854753851890563,0.16288448572158815,0,0
hospital_removal,4734,V32P-A034831,0,0.66478271484374996,0.6796866297721863,1,1
hospital_removal,4735,V32P-A034832,0,0.66339302062988281,0.67444536685943601,1,1
hospital_removal,4736,V32P-A034833,0,0.63683205842971802,0.64177167415618896,1,1
hospital_removal,4737,V32P-A034834,0,0.57685856819152836,0.58115690946578979,0,0
hospital_removal,4738,V32P-A034835,0,0.47171628475189209,0.47267432212829591,0,0
hospital_removal,4739,V32P-A034836,0,0.2009815365076065,0.20122185349464417,0,0
hospital_removal,4740,V32P-A034843,0,0.7520774841308594,0.74680521488189699,1,1
hospital_removal,4741,V32P-A034844,0,0.67053564786911013,0.66862428188323975,1,1
hospital_removal,4742,V32P-A034845,0,0.70305056571960445,0.69791550636291499,1,1
hospital_removal,4743,V32P-A034846,0,0.69240150451660154,0.68453269004821782,1,1
hospital_removal,4744,V32P-A034847,0,0.65455775260925297,0.6445982098579407,1,1
hospital_removal,4745,V32P-A034848,0,0.40491832494735719,0.39965986609458926,0,0
hospital_removal,4746,V32P-A034873,0,0.49606815576553343,0.48507366776466371,0,0
hospital_removal,4747,V32P-A034874,0,0.5131163537502289,0.49545344114303591,0,0
hospital_removal,4748,V32P-A034875,0,0.4618991196155548,0.44651319384574889,0,0
hospital_removal,4749,V32P-A034876,1,0.37585865259170531,0.36529539823532103,0,0
hospital_removal,4750,V32P-A034877,0,0.052284791320562365,0.052772866934537886,0,0
hospital_removal,4751,V32P-A034878,0,0.022182507626712322,0.022726316004991531,0,0
hospital_removal,4752,V32P-A035029,0,0.63183748722076416,0.63732713460922241,1,1
hospital_removal,4753,V32P-A035030,0,0.57751467227935793,0.57869101762771602,0,0
hospital_removal,4754,V32P-A035031,0,0.50775917768478396,0.5034353613853455,0,0
hospital_removal,4755,V32P-A035032,0,0.39330377280712125,0.38398541510105133,0,0
hospital_removal,4756,V32P-A035033,0,0.3170239984989166,0.30629041790962219,0,0
hospital_removal,4757,V32P-A035034,0,0.12870987355709076,0.125521220266819,0,0
hospital_removal,4758,V32P-A035041,0,0.8272900342941284,0.83906823396682739,1,1
hospital_removal,4759,V32P-A035042,0,0.7300235509872437,0.74867460727691648,1,1
hospital_removal,4760,V32P-A035043,0,0.83049855232238767,0.83456735610961919,1,1
hospital_removal,4761,V32P-A035044,0,0.68865274190902714,0.70587729215621953,1,1
hospital_removal,4762,V32P-A035045,1,0.5716795027256012,0.58990046381950378,0,0
hospital_removal,4763,V32P-A035046,0,0.044687169045209883,0.047404924035072328,0,0
hospital_removal,4764,V32P-A035047,0,0.74846588373184209,0.7311610102653503,1,1
hospital_removal,4765,V32P-A035048,0,0.77430880069732666,0.75818530321121214,1,1
hospital_removal,4766,V32P-A035049,0,0.52681663036346438,0.51337115764617924,0,0
hospital_removal,4767,V32P-A035050,0,0.41419982314109804,0.39311159849166871,0,0
hospital_removal,4768,V32P-A035051,0,0.33119279742240904,0.31253966093063357,0,0
hospital_removal,4769,V32P-A035052,0,0.18325906097888947,0.17301222085952758,0,0
hospital_removal,4770,V32P-A035059,0,0.72752417325973506,0.74057199954986574,1,1
hospital_removal,4771,V32P-A035060,0,0.62896274328231816,0.64559288024902339,1,1
hospital_removal,4772,V32P-A035061,0,0.44283431768417358,0.46000528335571289,0,0
hospital_removal,4773,V32P-A035062,0,0.33895658850669863,0.34836145043373107,0,0
hospital_removal,4774,V32P-A035063,0,0.27935758531093596,0.28446641266345979,0,0
hospital_removal,4775,V32P-A035064,0,0.11978946030139923,0.12252160012722016,0,0
hospital_removal,4776,V32P-A035101,0,0.5200973689556122,0.52050788998603825,0,0
hospital_removal,4777,V32P-A035102,0,0.42687993049621581,0.42736327052116396,0,0
hospital_removal,4778,V32P-A035103,0,0.36969931721687316,0.37293716669082644,0,0
hospital_removal,4779,V32P-A035104,0,0.30425575971603391,0.3113789141178131,0,0
hospital_removal,4780,V32P-A035105,0,0.27695381939411162,0.28579950034618379,0,0
hospital_removal,4781,V32P-A035106,0,0.13812275677919389,0.14330448359251022,0,0
hospital_removal,4782,V32P-A035119,0,0.37331074476242065,0.39943889975547792,0,0
hospital_removal,4783,V32P-A035120,0,0.43264820575714114,0.45221812129020689,0,0
hospital_removal,4784,V32P-A035121,0,0.42056496739387511,0.43250797390937806,0,0
hospital_removal,4785,V32P-A035122,1,0.36977410316467285,0.37755084633827207,0,0
hospital_removal,4786,V32P-A035123,0,0.052861260995268819,0.061483879014849661,0,0
hospital_removal,4787,V32P-A035124,0,0.023711576405912638,0.025733346212655307,0,0
hospital_removal,4788,V32P-A035191,0,0.44320127964019773,0.44959702491760256,0,0
hospital_removal,4789,V32P-A035192,0,0.42587745785713194,0.4294853746891022,0,0
hospital_removal,4790,V32P-A035193,0,0.36455002427101135,0.36575058698654173,0,0
hospital_removal,4791,V32P-A035194,0,0.28915327191352846,0.29448195695877077,0,0
hospital_removal,4792,V32P-A035195,0,0.20213567316532136,0.20633874237537383,0,0
hospital_removal,4793,V32P-A035196,0,0.083261282742023462,0.087882030010223391,0,0
hospital_removal,4794,V32P-A035203,0,0.42556309103965761,0.43906429409980774,0,0
hospital_removal,4795,V32P-A035204,0,0.44474402666091917,0.45512849688529966,0,0
hospital_removal,4796,V32P-A035205,0,0.40788014531135558,0.41699312329292298,0,0
hospital_removal,4797,V32P-A035206,0,0.31856536269187929,0.32633404135704042,0,0
hospital_removal,4798,V32P-A035207,0,0.23895305395126343,0.24552043676376342,0,0
hospital_removal,4799,V32P-A035208,0,0.092241343855857846,0.098830848932266235,0,0
hospital_removal,4800,V32P-A035239,0,0.62148413658142088,0.6383066058158875,1,1
hospital_removal,4801,V32P-A035240,0,0.63117015361785889,0.64374188184738157,1,1
hospital_removal,4802,V32P-A035241,0,0.6219184398651123,0.6313132643699646,1,1
hospital_removal,4803,V32P-A035242,0,0.56553711891174319,0.5747548580169678,0,0
hospital_removal,4804,V32P-A035243,0,0.50810493826866154,0.51716951727867122,0,0
hospital_removal,4805,V32P-A035244,0,0.036719497293233871,0.038671687617897986,0,0
hospital_removal,4806,V32P-A035257,0,0.52047953009605408,0.51802342534065249,0,0
hospital_removal,4807,V32P-A035258,0,0.43888698220252992,0.43663941025733949,0,0
hospital_removal,4808,V32P-A035259,0,0.38245081007480619,0.37422655522823334,0,0
hospital_removal,4809,V32P-A035260,0,0.31786544919013976,0.30950621962547303,0,0
hospital_removal,4810,V32P-A035261,0,0.2594729155302048,0.25300915837287902,0,0
hospital_removal,4811,V32P-A035262,0,0.1288022667169571,0.12685407996177672,0,0
hospital_removal,4812,V32P-A035269,0,0.82934414148330693,0.83789827823638918,1,1
hospital_removal,4813,V32P-A035270,0,0.70474439859390259,0.7292465448379517,1,1
hospital_removal,4814,V32P-A035271,0,0.60531980991363521,0.64176439046859746,0,1
hospital_removal,4815,V32P-A035272,0,0.56506112813949583,0.59121674299240112,0,0
hospital_removal,4816,V32P-A035273,0,0.53043719530105593,0.5535830140113831,0,0
hospital_removal,4817,V32P-A035274,0,0.20162949115037918,0.20803216099739075,0,0
hospital_removal,4818,V32P-A035317,0,0.51891453862190251,0.51755328178405757,0,0
hospital_removal,4819,V32P-A035318,0,0.60070288181304932,0.58979082703590391,0,0
hospital_removal,4820,V32P-A035319,0,0.61100738048553471,0.58943610787391665,0,0
hospital_removal,4821,V32P-A035320,0,0.61903275251388545,0.5891290009021759,0,0
hospital_removal,4822,V32P-A035321,1,0.55970162749290464,0.52887973189353943,0,0
hospital_removal,4823,V32P-A035322,0,0.041808102279901505,0.042872282490134236,0,0
hospital_removal,4824,V32P-A035323,0,0.51926629245281219,0.55545711219310756,0,0
hospital_removal,4825,V32P-A035324,0,0.51091428399086003,0.53640498518943791,0,0
hospital_removal,4826,V32P-A035325,0,0.4084757328033447,0.43331103324890136,0,0
hospital_removal,4827,V32P-A035326,0,0.30351280272006986,0.3181359678506851,0,0
hospital_removal,4828,V32P-A035327,0,0.23470599204301834,0.24868873506784439,0,0
hospital_removal,4829,V32P-A035328,0,0.097836969792842871,0.10403927117586136,0,0
hospital_removal,4830,V32P-A035329,0,0.68003650903701784,0.67102712392807007,1,1
hospital_removal,4831,V32P-A035330,0,0.60178562402725222,0.60517441034317021,0,0
hospital_removal,4832,V32P-A035331,0,0.55864560604095459,0.57015761137008669,0,0
hospital_removal,4833,V32P-A035332,0,0.57060167789459226,0.581773829460144,0,0
hospital_removal,4834,V32P-A035333,0,0.46438493728637698,0.49133979082107543,0,0
hospital_removal,4835,V32P-A035334,0,0.27963823825120926,0.30598147660493852,0,0
hospital_removal,4836,V32P-A035335,0,0.54149376153945927,0.54671304225921635,0,0
hospital_removal,4837,V32P-A035336,0,0.52130796313285832,0.52715834975242615,0,0
hospital_removal,4838,V32P-A035337,0,0.57584233880043034,0.57814618945121765,0,0
hospital_removal,4839,V32P-A035338,0,0.51544643044471739,0.52114166617393498,0,0
hospital_removal,4840,V32P-A035339,0,0.43246783018112184,0.44245239496231081,0,0
hospital_removal,4841,V32P-A035340,0,0.25729404240846632,0.27541071325540545,0,0
hospital_removal,4842,V32P-A035389,0,0.76440546512603758,0.77130428552627561,1,1
hospital_removal,4843,V32P-A035390,0,0.69457513093948364,0.70345458984374998,1,1
hospital_removal,4844,V32P-A035391,0,0.64538968801498409,0.64540169239044187,1,1
hospital_removal,4845,V32P-A035392,0,0.59095126390457153,0.58303837776184086,0,0
hospital_removal,4846,V32P-A035393,0,0.56570509672164915,0.55638719797134395,0,0
hospital_removal,4847,V32P-A035394,0,0.29938481450080873,0.2998964011669159,0,0
hospital_removal,4848,V32P-A035491,0,0.8092049717903137,0.81109963655471806,1,1
hospital_removal,4849,V32P-A035492,0,0.80520085096359251,0.81052997112274172,1,1
hospital_removal,4850,V32P-A035493,0,0.66897302865982056,0.67194893360137942,1,1
hospital_removal,4851,V32P-A035494,0,0.59633077383041377,0.59545457363128662,0,0
hospital_removal,4852,V32P-A035495,1,0.51807395219802854,0.51677736043930056,0,0
hospital_removal,4853,V32P-A035496,0,0.042397345788776873,0.044817125611007216,0,0
hospital_removal,4854,V32P-A035545,0,0.74301528930664062,0.74371646642684941,1,1
hospital_removal,4855,V32P-A035546,0,0.68982026576995847,0.69103884696960449,1,1
hospital_removal,4856,V32P-A035547,0,0.68330377340316772,0.67621206045150761,1,1
hospital_removal,4857,V32P-A035548,0,0.63735434412956238,0.62486302852630615,1,1
hospital_removal,4858,V32P-A035549,1,0.58785696029663081,0.57516918182373045,0,0
hospital_removal,4859,V32P-A035550,0,0.052296015247702596,0.053833695873618123,0,0
hospital_removal,4860,V32P-A035587,0,0.71112831830978396,0.71378811597824099,1,1
hospital_removal,4861,V32P-A035588,0,0.64513479471206669,0.64854600429534914,1,1
hospital_removal,4862,V32P-A035589,0,0.61679656505584712,0.61631599664688108,0,0
hospital_removal,4863,V32P-A035590,0,0.62253193855285649,0.6188140273094177,1,0
hospital_removal,4864,V32P-A035591,0,0.5263254821300507,0.52354855537414546,0,0
hospital_removal,4865,V32P-A035592,0,0.27508840560913084,0.2729326903820038,0,0
hospital_removal,4866,V32P-A035593,0,0.77356488704681392,0.77867265939712527,1,1
hospital_removal,4867,V32P-A035594,0,0.67382827997207639,0.68307412862777706,1,1
hospital_removal,4868,V32P-A035595,0,0.61408782005310059,0.61900480985641482,0,0
hospital_removal,4869,V32P-A035596,0,0.52220122814178471,0.52722397446632385,0,0
hospital_removal,4870,V32P-A035597,0,0.49996894598007202,0.50404874086380003,0,0
hospital_removal,4871,V32P-A035598,0,0.25396239459514619,0.26023367047309875,0,0
hospital_removal,4872,V32P-A035659,0,0.68502310514450071,0.68389831781387334,1,1
hospital_removal,4873,V32P-A035660,0,0.57344473004341123,0.57565717101097102,0,0
hospital_removal,4874,V32P-A035661,0,0.51856946349143984,0.51867620348930354,0,0
hospital_removal,4875,V32P-A035662,0,0.43444310426712035,0.43372980356216428,0,0
hospital_removal,4876,V32P-A035663,0,0.33757691681385038,0.34042219817638397,0,0
hospital_removal,4877,V32P-A035664,0,0.025009135995060206,0.026853243540972471,0,0
hospital_removal,4878,V32P-A035677,0,0.7444868326187134,0.76523914337158205,1,1
hospital_removal,4879,V32P-A035678,0,0.74949011802673338,0.76599727869033818,1,1
hospital_removal,4880,V32P-A035679,0,0.76117020845413208,0.77228701114654541,1,1
hospital_removal,4881,V32P-A035680,0,0.72390191555023198,0.73809685707092287,1,1
hospital_removal,4882,V32P-A035681,0,0.65238280296325679,0.67193264961242671,1,1
hospital_removal,4883,V32P-A035682,0,0.40368333756923674,0.43080407679080962,0,0
hospital_removal,4884,V32P-A035689,0,0.60857348442077641,0.61739757061004641,0,0
hospital_removal,4885,V32P-A035690,0,0.46917397379875181,0.48187420964241029,0,0
hospital_removal,4886,V32P-A035691,0,0.5432003259658813,0.55278686285018919,0,0
hospital_removal,4887,V32P-A035692,0,0.34307663440704345,0.36029049754142761,0,0
hospital_removal,4888,V32P-A035693,0,0.25435671508312224,0.27363503873348238,0,0
hospital_removal,4889,V32P-A035694,0,0.10979885682463646,0.12288984581828118,0,0
hospital_removal,4890,V32P-A035743,0,0.51156949400901797,0.52338038682937627,0,0
hospital_removal,4891,V32P-A035744,0,0.49107180237770082,0.50926438570022581,0,0
hospital_removal,4892,V32P-A035745,0,0.4240250289440155,0.43793063759803774,0,0
hospital_removal,4893,V32P-A035746,0,0.35552745163440702,0.36227476894855498,0,0
hospital_removal,4894,V32P-A035747,0,0.34556564688682556,0.37086892127990723,0,0
hospital_removal,4895,V32P-A035748,0,0.15682393461465835,0.15809563994407655,0,0
hospital_removal,4896,V32P-A035761,0,0.6176813125610352,0.61213705539703367,0,0
hospital_removal,4897,V32P-A035762,0,0.53704215288162227,0.5227738201618195,0,0
hospital_removal,4898,V32P-A035763,0,0.49062486290931701,0.47068969607353212,0,0
hospital_removal,4899,V32P-A035764,0,0.38317663669586183,0.36801093220710757,0,0
hospital_removal,4900,V32P-A035765,0,0.34954434037208559,0.3375173956155777,0,0
hospital_removal,4901,V32P-A035766,0,0.17947927713394166,0.17990861535072328,0,0
hospital_removal,4902,V32P-A035797,0,0.43318282365798949,0.44194786548614501,0,0
hospital_removal,4903,V32P-A035798,0,0.34741917252540588,0.3572401523590088,0,0
hospital_removal,4904,V32P-A035799,0,0.27679614126682284,0.29773015677928927,0,0
hospital_removal,4905,V32P-A035800,0,0.24343672394752502,0.24532736539840699,0,0
hospital_removal,4906,V32P-A035801,0,0.18791671395301818,0.19139292240142822,0,0
hospital_removal,4907,V32P-A035802,0,0.090074682235717768,0.094702045619487765,0,0
hospital_removal,4908,V32P-A035827,0,0.46754160523414612,0.44775047302246096,0,0
hospital_removal,4909,V32P-A035828,0,0.35737457871437073,0.3429799020290375,0,0
hospital_removal,4910,V32P-A035829,0,0.30972074568271635,0.29522204399108887,0,0
hospital_removal,4911,V32P-A035830,0,0.24976709187030793,0.23837425708770751,0,0
hospital_removal,4912,V32P-A035831,0,0.21921826303005218,0.21013978719711304,0,0
hospital_removal,4913,V32P-A035832,0,0.12060949802398682,0.11808436214923859,0,0
hospital_removal,4914,V32P-A035833,0,0.43788599371910097,0.41965183019638064,0,0
hospital_removal,4915,V32P-A035834,0,0.50051663517951961,0.47984785437583921,0,0
hospital_removal,4916,V32P-A035835,0,0.49542453289031985,0.4694626569747925,0,0
hospital_removal,4917,V32P-A035836,0,0.34814357757568359,0.33131504356861113,0,0
hospital_removal,4918,V32P-A035837,1,0.25581397116184235,0.24528908729553223,0,0
hospital_removal,4919,V32P-A035838,0,0.023970350716263057,0.024469546694308519,0,0
hospital_removal,4920,V32P-A035887,0,0.35936750173568727,0.35913266539573668,0,0
hospital_removal,4921,V32P-A035888,0,0.35852491855621338,0.35547628402709963,0,0
hospital_removal,4922,V32P-A035889,0,0.31761134862899781,0.31237131953239439,0,0
hospital_removal,4923,V32P-A035890,0,0.25045843720436095,0.24520301818847656,0,0
hospital_removal,4924,V32P-A035891,0,0.19250470101833345,0.18698240220546722,0,0
hospital_removal,4925,V32P-A035892,0,0.08660311102867127,0.08568578511476517,0,0
hospital_removal,4926,V32P-A035971,0,0.4872491121292114,0.48614015579223635,0,0
hospital_removal,4927,V32P-A035972,0,0.3710749685764313,0.35897586941719056,0,0
hospital_removal,4928,V32P-A035973,0,0.29351916313171389,0.28301997780799865,0,0
hospital_removal,4929,V32P-A035974,0,0.2279855042695999,0.22177759110927581,0,0
hospital_removal,4930,V32P-A035975,0,0.17784487158060075,0.17624679058790207,0,0
hospital_removal,4931,V32P-A035976,0,0.072229496389627459,0.073987913876771921,0,0
hospital_removal,4932,V32P-A035983,0,0.69795153141021726,0.67946553230285645,1,1
hospital_removal,4933,V32P-A035984,0,0.54138764142990115,0.52728844285011289,0,0
hospital_removal,4934,V32P-A035985,0,0.48910558223724365,0.47684116959571837,0,0
hospital_removal,4935,V32P-A035986,0,0.48266791105270385,0.46760035157203672,0,0
hospital_removal,4936,V32P-A035987,0,0.45159984230995176,0.43550485372543335,0,0
hospital_removal,4937,V32P-A035988,0,0.03278427105396986,0.034276790730655191,0,0
hospital_removal,4938,V32P-A036019,0,0.46946590542793276,0.47324482798576356,0,0
hospital_removal,4939,V32P-A036020,0,0.37008539438247678,0.36499199271202087,0,0
hospital_removal,4940,V32P-A036021,0,0.31742821335792543,0.31499898433685303,0,0
hospital_removal,4941,V32P-A036022,0,0.29417038857936861,0.30118245780467989,0,0
hospital_removal,4942,V32P-A036023,0,0.2096990928053856,0.21093121320009231,0,0
hospital_removal,4943,V32P-A036024,0,0.087318657338619238,0.089522489905357355,0,0
hospital_removal,4944,V32P-A036043,0,0.6482528924942017,0.65204383134841915,1,1
hospital_removal,4945,V32P-A036044,0,0.63827759027481079,0.63667201995849609,1,1
hospital_removal,4946,V32P-A036045,0,0.58965588808059688,0.58103578090667729,0,0
hospital_removal,4947,V32P-A036046,0,0.52005794644355774,0.50858534574508663,0,0
hospital_removal,4948,V32P-A036047,0,0.43182961344718934,0.41873811483383178,0,0
hospital_removal,4949,V32P-A036048,0,0.031127914041280746,0.03204855062067509,0,0
hospital_removal,4950,V32P-A036241,0,0.4363421559333801,0.4283148765563965,0,0
hospital_removal,4951,V32P-A036242,0,0.44980061352252959,0.44710897505283353,0,0
hospital_removal,4952,V32P-A036243,0,0.49461924433708193,0.48498020768165589,0,0
hospital_removal,4953,V32P-A036244,0,0.36181704998016356,0.35387859940528871,0,0
hospital_removal,4954,V32P-A036245,1,0.2669853061437607,0.26064267456531526,0,0
hospital_removal,4955,V32P-A036246,0,0.020285887829959392,0.021350608952343465,0,0
hospital_removal,4956,V32P-A036253,0,0.65783568620681765,0.63192038536071782,1,1
hospital_removal,4957,V32P-A036254,0,0.58623068928718569,0.54887247085571289,0,0
hospital_removal,4958,V32P-A036255,0,0.46863116621971129,0.44124797582626341,0,0
hospital_removal,4959,V32P-A036256,0,0.4057974576950073,0.3768278121948242,0,0
hospital_removal,4960,V32P-A036257,0,0.32555077373981478,0.30246073603630064,0,0
hospital_removal,4961,V32P-A036258,0,0.14781703352928161,0.14189978688955307,0,0
hospital_removal,4962,V32P-A036265,0,0.47264745235443117,0.45283657908439634,0,0
hospital_removal,4963,V32P-A036266,0,0.39680286645889284,0.37703800201416016,0,0
hospital_removal,4964,V32P-A036267,0,0.36055504083633422,0.33969734907150267,0,0
hospital_removal,4965,V32P-A036268,0,0.27549080550670624,0.26120252311229708,0,0
hospital_removal,4966,V32P-A036269,0,0.23718920499086379,0.22502791732549668,0,0
hospital_removal,4967,V32P-A036270,0,0.10106615945696831,0.10166328623890877,0,0
hospital_removal,4968,V32P-A036307,0,0.40415672659873964,0.41351077556610105,0,0
hospital_removal,4969,V32P-A036308,0,0.43477046489715576,0.44496101140975952,0,0
hospital_removal,4970,V32P-A036309,0,0.42483663558959961,0.43179826736450194,0,0
hospital_removal,4971,V32P-A036310,0,0.36396054625511171,0.3688872754573822,0,0
hospital_removal,4972,V32P-A036311,0,0.29831911325454713,0.30130158066749574,0,0
hospital_removal,4973,V32P-A036312,0,0.13368922322988511,0.13569822758436204,0,0
hospital_removal,4974,V32P-A036313,0,0.38990098834037779,0.39841954112052919,0,0
hospital_removal,4975,V32P-A036314,0,0.4060947597026825,0.41043752431869507,0,0
hospital_removal,4976,V32P-A036315,0,0.39441622495651246,0.39372765421867373,0,0
hospital_removal,4977,V32P-A036316,0,0.33896442651748659,0.33647108674049375,0,0
hospital_removal,4978,V32P-A036317,0,0.27663737237453462,0.27326110303401946,0,0
hospital_removal,4979,V32P-A036318,0,0.12277485877275467,0.12085876613855362,0,0
hospital_removal,4980,V32P-A036331,0,0.74286397695541384,0.74610389471054073,1,1
hospital_removal,4981,V32P-A036332,0,0.51160198450088501,0.54192551374435427,0,0
hospital_removal,4982,V32P-A036333,0,0.46817076802253721,0.49454732537269591,0,0
hospital_removal,4983,V32P-A036334,0,0.38449198007583618,0.40750977993011472,0,0
hospital_removal,4984,V32P-A036335,0,0.29574860632419586,0.31311866343021394,0,0
hospital_removal,4985,V32P-A036336,0,0.1302884578704834,0.13610474020242691,0,0
hospital_removal,4986,V32P-A036361,0,0.48911354541778562,0.49015113115310671,0,0
hospital_removal,4987,V32P-A036362,0,0.38071963787078855,0.37978799343109132,0,0
hospital_removal,4988,V32P-A036363,0,0.33042371571063994,0.32880952656269075,0,0
hospital_removal,4989,V32P-A036364,0,0.29715062081813814,0.29748904407024385,0,0
hospital_removal,4990,V32P-A036365,0,0.21718110442161559,0.22238762378692628,0,0
hospital_removal,4991,V32P-A036366,0,0.10717325434088706,0.10913668945431709,0,0
hospital_removal,4992,V32P-A036601,0,0.50493054986000063,0.51697103381156917,0,0
hospital_removal,4993,V32P-A036602,0,0.46612897515296936,0.4761208236217499,0,0
hospital_removal,4994,V32P-A036603,0,0.40861793160438536,0.4129676640033722,0,0
hospital_removal,4995,V32P-A036604,0,0.31300166249275208,0.31836196780204773,0,0
hospital_removal,4996,V32P-A036605,0,0.23006639480590821,0.23744258284568787,0,0
hospital_removal,4997,V32P-A036606,0,0.090406243503093717,0.099639149010181421,0,0
hospital_removal,4998,V32P-A036643,0,0.53504571914672849,0.54709314107894902,0,0
hospital_removal,4999,V32P-A036644,0,0.46475053429603574,0.47879500389099122,0,0
hospital_removal,5000,V32P-A036645,0,0.5478555500507355,0.55484892725944523,0,0
hospital_removal,5001,V32P-A036646,0,0.48345004916191103,0.48739656805992126,0,0
hospital_removal,5002,V32P-A036647,0,0.32062669098377228,0.32442392408847809,0,0
hospital_removal,5003,V32P-A036648,0,0.13833654224872588,0.14171480238437653,0,0
hospital_removal,5004,V32P-A036673,0,0.52116292715072632,0.52212575674057005,0,0
hospital_removal,5005,V32P-A036674,0,0.42601121068000791,0.43017298579216001,0,0
hospital_removal,5006,V32P-A036675,0,0.40315725207328795,0.40466185212135314,0,0
hospital_removal,5007,V32P-A036676,0,0.34609078764915469,0.33926544189453123,0,0
hospital_removal,5008,V32P-A036677,0,0.26260938644409182,0.26988746523857116,0,0
hospital_removal,5009,V32P-A036678,0,0.12568575292825698,0.12149034291505814,0,0
hospital_removal,5010,V32P-A036685,0,0.48175673186779022,0.50704904496669767,0,0
hospital_removal,5011,V32P-A036686,0,0.43088885545730593,0.45419833064079285,0,0
hospital_removal,5012,V32P-A036687,0,0.38214443624019623,0.39938648045063019,0,0
hospital_removal,5013,V32P-A036688,0,0.3136965870857239,0.32627622485160829,0,0
hospital_removal,5014,V32P-A036689,0,0.25559704899787905,0.26137608885765073,0,0
hospital_removal,5015,V32P-A036690,0,0.11591093167662621,0.12113310918211936,0,0
hospital_removal,5016,V32P-A036703,0,0.65404813289642338,0.66425451040267947,1,1
hospital_removal,5017,V32P-A036704,0,0.54059966802597048,0.53968018293380737,0,0
hospital_removal,5018,V32P-A036705,0,0.47814517021179198,0.47010395526885984,0,0
hospital_removal,5019,V32P-A036706,0,0.41557345986366273,0.40342187881469727,0,0
hospital_removal,5020,V32P-A036707,0,0.32960968613624575,0.32006372213363649,0,0
hospital_removal,5021,V32P-A036708,0,0.13564504534006119,0.13577646762132645,0,0
hospital_removal,5022,V32P-A036715,1,0.74828789234161375,0.74573785066604614,1,1
hospital_removal,5023,V32P-A036716,1,0.74772480726242063,0.75152400732040403,1,1
hospital_removal,5024,V32P-A036717,1,0.76609358787536619,0.76760751008987427,1,1
hospital_removal,5025,V32P-A036718,0,0.11753510311245918,0.12196084037423134,0,0
hospital_removal,5026,V32P-A036719,0,0.078849394619464871,0.081650252640247348,0,0
hospital_removal,5027,V32P-A036720,0,0.035147136636078359,0.03657934572547674,0,0
hospital_removal,5028,V32P-A036733,0,0.49105418324470518,0.53016312718391423,0,0
hospital_removal,5029,V32P-A036734,0,0.46568520069122316,0.50577453374862669,0,0
hospital_removal,5030,V32P-A036735,0,0.4383078098297119,0.47787432670593261,0,0
hospital_removal,5031,V32P-A036736,0,0.37600491940975189,0.41549290716648102,0,0
hospital_removal,5032,V32P-A036737,0,0.34141666293144224,0.37504524588584898,0,0
hospital_removal,5033,V32P-A036738,0,0.02966737267561257,0.033887298824265596,0,0
hospital_removal,5034,V32P-A036793,1,0.64476805925369263,0.64734693765640261,1,1
hospital_removal,5035,V32P-A036794,1,0.48545846343040466,0.49920999407768252,0,0
hospital_removal,5036,V32P-A036795,1,0.42454500198364259,0.43965136408805849,0,0
hospital_removal,5037,V32P-A036796,0,0.0658722274005413,0.069536980241537094,0,0
hospital_removal,5038,V32P-A036797,0,0.051891674101352689,0.0577893927693367,0,0
hospital_removal,5039,V32P-A036798,0,0.023437596485018732,0.024771790206432342,0,0
hospital_removal,5040,V32P-A036811,1,0.7903347492218018,0.7960451722145081,1,1
hospital_removal,5041,V32P-A036812,1,0.73074623346328738,0.74163352251052861,1,1
hospital_removal,5042,V32P-A036813,0,0.14225474521517753,0.16725537702441215,0,0
hospital_removal,5043,V32P-A036814,0,0.10912776887416839,0.12240234017372131,0,0
hospital_removal,5044,V32P-A036815,0,0.08106450960040093,0.086820914596319201,0,0
hospital_removal,5045,V32P-A036816,0,0.036959104612469672,0.039007148891687396,0,0
hospital_removal,5046,V32P-A036919,1,0.54277061223983769,0.55153588056564329,0,0
hospital_removal,5047,V32P-A036920,1,0.47338677048683164,0.47527912259101868,0,0
hospital_removal,5048,V32P-A036921,1,0.39387475252151488,0.39052385687828062,0,0
hospital_removal,5049,V32P-A036922,0,0.052751379460096358,0.056652426719665527,0,0
hospital_removal,5050,V32P-A036923,0,0.03884909152984619,0.041967104375362399,0,0
hospital_removal,5051,V32P-A036924,0,0.017024996224790812,0.018576163705438374,0,0
hospital_removal,5052,V32P-A036949,0,0.46615719199180605,0.45755253434181214,0,0
hospital_removal,5053,V32P-A036950,0,0.41577904820442202,0.40902249217033387,0,0
hospital_removal,5054,V32P-A036951,0,0.36886817812919614,0.36344240307807923,0,0
hospital_removal,5055,V32P-A036952,0,0.30193158984184265,0.29531596302986146,0,0
hospital_removal,5056,V32P-A036953,0,0.24376293420791625,0.23860043585300444,0,0
hospital_removal,5057,V32P-A036954,0,0.12186604887247085,0.12086319029331208,0,0
hospital_removal,5058,V32P-A036967,0,0.49966114163398745,0.50874189734458919,0,0
hospital_removal,5059,V32P-A036968,0,0.61577171087265015,0.62163404226303098,0,1
hospital_removal,5060,V32P-A036969,0,0.53520122170448303,0.53651697039604185,0,0
hospital_removal,5061,V32P-A036970,0,0.46154433488845825,0.46447914242744448,0,0
hospital_removal,5062,V32P-A036971,0,0.38840122222900392,0.38934357166290284,0,0
hospital_removal,5063,V32P-A036972,0,0.20020030289888383,0.20167991071939467,0,0
hospital_removal,5064,V32P-A037021,0,0.52334856390953066,0.52792024016380312,0,0
hospital_removal,5065,V32P-A037022,0,0.52514263391494753,0.52605152130126953,0,0
hospital_removal,5066,V32P-A037023,0,0.49563552141189576,0.48800466656684877,0,0
hospital_removal,5067,V32P-A037024,0,0.43057651519775392,0.41560995578765869,0,0
hospital_removal,5068,V32P-A037025,0,0.34126970767974851,0.32318220138549802,0,0
hospital_removal,5069,V32P-A037026,0,0.14492665976285934,0.14114385992288589,0,0
hospital_removal,5070,V32P-A037057,0,0.69410985708236694,0.6846096873283386,1,1
hospital_removal,5071,V32P-A037058,0,0.47388736009597776,0.46974827647209166,0,0
hospital_removal,5072,V32P-A037059,0,0.48709653019905091,0.47942482829093935,0,0
hospital_removal,5073,V32P-A037060,0,0.41578863859176635,0.4082302451133728,0,0
hospital_removal,5074,V32P-A037061,0,0.32928985953330991,0.32125343680381774,0,0
hospital_removal,5075,V32P-A037062,0,0.022847939934581517,0.023760970216244459,0,0
hospital_removal,5076,V32P-A037069,1,0.71589899063110352,0.71847749948501582,1,1
hospital_removal,5077,V32P-A037070,1,0.62437324523925786,0.627405834197998,1,1
hospital_removal,5078,V32P-A037071,1,0.57604965567588806,0.5779520571231842,0,0
hospital_removal,5079,V32P-A037072,0,0.10137740708887577,0.10616814084351063,0,0
hospital_removal,5080,V32P-A037073,0,0.072375653684139257,0.075753697007894513,0,0
hospital_removal,5081,V32P-A037074,0,0.03161955922842026,0.033129298686981203,0,0
hospital_removal,5082,V32P-A037081,0,0.67737225294113157,0.69134368896484377,1,1
hospital_removal,5083,V32P-A037082,0,0.64171887636184688,0.6582866907119751,1,1
hospital_removal,5084,V32P-A037083,0,0.62778533697128291,0.64218579530715947,1,1
hospital_removal,5085,V32P-A037084,0,0.5764925897121429,0.58944066166877751,0,0
hospital_removal,5086,V32P-A037085,0,0.50826786160469051,0.52017368078231807,0,0
hospital_removal,5087,V32P-A037086,0,0.27485974133014679,0.28508769273757933,0,0
hospital_removal,5088,V32P-A037135,0,0.48969177007675169,0.50126890540122981,0,0
hospital_removal,5089,V32P-A037136,0,0.48103124499320982,0.49154921174049376,0,0
hospital_removal,5090,V32P-A037137,0,0.48160602450370787,0.49180282950401305,0,0
hospital_removal,5091,V32P-A037138,0,0.4238158702850342,0.43557419180870055,0,0
hospital_removal,5092,V32P-A037139,0,0.3546983778476715,0.3688498020172119,0,0
hospital_removal,5093,V32P-A037140,0,0.16576072573661804,0.18320033848285674,0,0
hospital_removal,5094,V32P-A037183,0,0.83314803838729856,0.84618307352066036,1,1
hospital_removal,5095,V32P-A037184,0,0.75508071184158321,0.78359527587890621,1,1
hospital_removal,5096,V32P-A037185,0,0.73829571008682249,0.76274577379226682,1,1
hospital_removal,5097,V32P-A037186,0,0.67927600145339961,0.70942164659500118,1,1
hospital_removal,5098,V32P-A037187,0,0.63528448343276978,0.66769897937774658,1,1
hospital_removal,5099,V32P-A037188,0,0.42808151245117188,0.46284459829330443,0,0
hospital_removal,5100,V32P-A037201,0,0.68093438148498531,0.69430780410766602,1,1
hospital_removal,5101,V32P-A037202,0,0.59008127450942993,0.61262753009796145,0,0
hospital_removal,5102,V32P-A037203,0,0.61135269403457637,0.62523261308670042,0,1
hospital_removal,5103,V32P-A037204,0,0.56777079701423649,0.57721328139305117,0,0
hospital_removal,5104,V32P-A037205,0,0.47954376339912413,0.48695695400238037,0,0
hospital_removal,5105,V32P-A037206,0,0.2294626146554947,0.23332277834415435,0,0
hospital_removal,5106,V32P-A037237,1,0.82394739389419558,0.83010172843933105,1,1
hospital_removal,5107,V32P-A037238,1,0.68081462383270264,0.70913827419281006,1,1
hospital_removal,5108,V32P-A037239,1,0.58795194625854497,0.61929074525833128,0,0
hospital_removal,5109,V32P-A037240,0,0.15656744241714476,0.1738736167550087,0,0
hospital_removal,5110,V32P-A037241,0,0.094138361513614655,0.099989657104015348,0,0
hospital_removal,5111,V32P-A037242,0,0.044402608834207061,0.046540975384414193,0,0
hospital_removal,5112,V32P-A037339,1,0.65889177322387693,0.6585983514785767,1,1
hospital_removal,5113,V32P-A037340,1,0.52901951670646663,0.53626611828804016,0,0
hospital_removal,5114,V32P-A037341,1,0.57498635053634639,0.57924867868423457,0,0
hospital_removal,5115,V32P-A037342,0,0.091996805369853968,0.10189778804779052,0,0
hospital_removal,5116,V32P-A037343,0,0.076054760068655011,0.084344644099473953,0,0
hospital_removal,5117,V32P-A037344,0,0.03759239986538887,0.041309355571866033,0,0
hospital_removal,5118,V32P-A037357,1,0.61395950317382808,0.62260782718658447,0,1
hospital_removal,5119,V32P-A037358,1,0.5541606724262238,0.55996124148368831,0,0
hospital_removal,5120,V32P-A037359,1,0.48819788098335265,0.48625519275665285,0,0
hospital_removal,5121,V32P-A037360,0,0.074559711292386061,0.079080551490187639,0,0
hospital_removal,5122,V32P-A037361,0,0.056580996885895726,0.060147545859217645,0,0
hospital_removal,5123,V32P-A037362,0,0.025499633420258759,0.027218294981867074,0,0
hospital_removal,5124,V32P-A037405,1,0.56388158798217769,0.57646309137344365,0,0
hospital_removal,5125,V32P-A037406,1,0.62996510267257688,0.63443267345428467,1,1
hospital_removal,5126,V32P-A037407,1,0.62862663269042973,0.63110911846160889,1,1
hospital_removal,5127,V32P-A037408,0,0.11763904541730881,0.11949421614408492,0,0
hospital_removal,5128,V32P-A037409,0,0.087729308009147647,0.090473733842372894,0,0
hospital_removal,5129,V32P-A037410,0,0.042529362812638284,0.044831541925668718,0,0
hospital_removal,5130,V32P-A037489,0,0.49586809873580934,0.49191359281539915,0,0
hospital_removal,5131,V32P-A037490,0,0.46637526750564573,0.45787880420684812,0,0
hospital_removal,5132,V32P-A037491,0,0.48713755011558535,0.47519077658653258,0,0
hospital_removal,5133,V32P-A037492,1,0.45242584943771363,0.43277362585067747,0,0
hospital_removal,5134,V32P-A037493,0,0.067639964073896414,0.067488155514001849,0,0
hospital_removal,5135,V32P-A037494,0,0.030891835689544678,0.032071680575609204,0,0
hospital_removal,5136,V32P-A037579,0,0.74174877405166628,0.76445399522781377,1,1
hospital_removal,5137,V32P-A037580,0,0.68356065750122075,0.71755474805831909,1,1
hospital_removal,5138,V32P-A037581,0,0.66120158433914189,0.68904166221618657,1,1
hospital_removal,5139,V32P-A037582,0,0.61421864628791811,0.64316371083259583,0,1
hospital_removal,5140,V32P-A037583,0,0.54191235899925227,0.57120614647865298,0,0
hospital_removal,5141,V32P-A037584,0,0.29131406247615815,0.31839283406734464,0,0
hospital_removal,5142,V32P-A037711,0,0.64385187029838564,0.65449040532112124,1,1
hospital_removal,5143,V32P-A037712,0,0.51310818195343022,0.53715229034423828,0,0
hospital_removal,5144,V32P-A037713,0,0.43109118342399599,0.45911464691162107,0,0
hospital_removal,5145,V32P-A037714,0,0.35663853287696839,0.38522951006889344,0,0
hospital_removal,5146,V32P-A037715,0,0.28280962854623792,0.3085784211754799,0,0
hospital_removal,5147,V32P-A037716,0,0.12945555374026299,0.13850573226809501,0,0
hospital_removal,5148,V32P-A037723,0,0.63048733472824092,0.60183796286582947,1,0
hospital_removal,5149,V32P-A037724,0,0.54056410193443294,0.50179658532142635,0,0
hospital_removal,5150,V32P-A037725,0,0.47675601840019227,0.44440693259239195,0,0
hospital_removal,5151,V32P-A037726,0,0.41615548729896545,0.38740305900573729,0,0
hospital_removal,5152,V32P-A037727,0,0.34695248901844022,0.32533516287803649,0,0
hospital_removal,5153,V32P-A037728,0,0.15528732389211655,0.15251001268625258,0,0
hospital_removal,5154,V32P-A037759,0,0.46160578727722168,0.45704486966133118,0,0
hospital_removal,5155,V32P-A037760,0,0.45164709687232973,0.45323566794395448,0,0
hospital_removal,5156,V32P-A037761,0,0.47773338556289674,0.46558743119239809,0,0
hospital_removal,5157,V32P-A037762,0,0.37312620580196382,0.36160648763179781,0,0
hospital_removal,5158,V32P-A037763,0,0.30080519914627074,0.29286747574806216,0,0
hospital_removal,5159,V32P-A037764,0,0.12927216291427612,0.13000606894493102,0,0
hospital_removal,5160,V32P-A037783,0,0.46903079152107241,0.45213416218757629,0,0
hospital_removal,5161,V32P-A037784,0,0.45211031436920168,0.43499730825424193,0,0
hospital_removal,5162,V32P-A037785,0,0.3792619049549103,0.36643440723419191,0,0
hospital_removal,5163,V32P-A037786,0,0.28429962694644928,0.27677622735500335,0,0
hospital_removal,5164,V32P-A037787,0,0.22589854896068573,0.2213797688484192,0,0
hospital_removal,5165,V32P-A037788,0,0.095718523859977728,0.09568536132574082,0,0
hospital_removal,5166,V32P-A037819,0,0.78786566257476809,0.7990136861801147,1,1
hospital_removal,5167,V32P-A037820,0,0.71836305856704707,0.73679282665252688,1,1
hospital_removal,5168,V32P-A037821,0,0.70508877038955686,0.71550309658050537,1,1
hospital_removal,5169,V32P-A037822,0,0.65641190409660344,0.66118698716163637,1,1
hospital_removal,5170,V32P-A037823,0,0.67677011489868166,0.67180619239807127,1,1
hospital_removal,5171,V32P-A037824,0,0.061948467418551444,0.063675571978092191,0,0
hospital_removal,5172,V32P-A037867,0,0.49632973074913023,0.48792743086814883,0,0
hospital_removal,5173,V32P-A037868,0,0.51920179128646848,0.5102949380874634,0,0
hospital_removal,5174,V32P-A037869,0,0.44324517250061035,0.43575289249420168,0,0
hospital_removal,5175,V32P-A037870,0,0.38768394887447355,0.38059479892253878,0,0
hospital_removal,5176,V32P-A037871,1,0.33412894308567048,0.32817216217517853,0,0
hospital_removal,5177,V32P-A037872,0,0.039100534282624722,0.040450479649007318,0,0
hospital_removal,5178,V32P-A037951,0,0.83382419347763059,0.83802371025085454,1,1
hospital_removal,5179,V32P-A037952,0,0.70531780719757076,0.72299848794937138,1,1
hospital_removal,5180,V32P-A037953,0,0.65723321437835691,0.67446248531341557,1,1
hospital_removal,5181,V32P-A037954,0,0.62209247350692753,0.63939609527587893,1,1
hospital_removal,5182,V32P-A037955,0,0.61416305303573604,0.63210386037826538,0,1
hospital_removal,5183,V32P-A037956,0,0.29165233671665192,0.31183360815048217,0,0
hospital_removal,5184,V32P-A037987,1,0.5274528503417969,0.55763139724731448,0,0
hospital_removal,5185,V32P-A037988,1,0.50313135981559753,0.5308646142482758,0,0
hospital_removal,5186,V32P-A037989,1,0.51862728595733643,0.5444892525672913,0,0
hospital_removal,5187,V32P-A037990,0,0.071060154959559446,0.0912644948810339,0,0
hospital_removal,5188,V32P-A037991,0,0.05399500150233507,0.06685784924775362,0,0
hospital_removal,5189,V32P-A037992,0,0.023491090070456265,0.027669587638229132,0,0
hospital_removal,5190,V32P-A038017,0,0.76812589168548584,0.76485641002655025,1,1
hospital_removal,5191,V32P-A038018,0,0.66576881408691402,0.66667724847793575,1,1
hospital_removal,5192,V32P-A038019,0,0.72764035463333132,0.72597789764404297,1,1
hospital_removal,5193,V32P-A038020,0,0.68720413446426387,0.68487654924392705,1,1
hospital_removal,5194,V32P-A038021,0,0.64859616756439209,0.64418178796768188,1,1
hospital_removal,5195,V32P-A038022,0,0.43455938696861268,0.43233737349510193,0,0
hospital_removal,5196,V32P-A038089,0,0.85147733688354488,0.85324249267578123,1,1
hospital_removal,5197,V32P-A038090,0,0.65152949094772339,0.68286602497100835,1,1
hospital_removal,5198,V32P-A038091,0,0.6453756630420685,0.66687256097793579,1,1
hospital_removal,5199,V32P-A038092,0,0.65676432847976685,0.67746237516403196,1,1
hospital_removal,5200,V32P-A038093,0,0.51830372810363767,0.53837553262710569,0,0
hospital_removal,5201,V32P-A038094,0,0.054460071399807929,0.056868878006935117,0,0
hospital_removal,5202,V32P-A038185,0,0.77168303728103638,0.77281485795974736,1,1
hospital_removal,5203,V32P-A038186,0,0.74771163463592527,0.75824413299560545,1,1
hospital_removal,5204,V32P-A038187,0,0.63234815597534177,0.65286587476730351,1,1
hospital_removal,5205,V32P-A038188,0,0.49938184618949888,0.52164768576622011,0,0
hospital_removal,5206,V32P-A038189,0,0.40939952731132506,0.42497578859329221,0,0
hospital_removal,5207,V32P-A038190,0,0.21987279951572419,0.22842669188976289,0,0
hospital_removal,5208,V32P-A038257,0,0.73309535980224605,0.73906764984130857,1,1
hospital_removal,5209,V32P-A038258,0,0.68739717006683354,0.70007342100143433,1,1
hospital_removal,5210,V32P-A038259,0,0.68749155998229983,0.70021336078643803,1,1
hospital_removal,5211,V32P-A038260,0,0.58240169286727905,0.60213392972946167,0,0
hospital_removal,5212,V32P-A038261,0,0.47085250020027158,0.49473910927772524,0,0
hospital_removal,5213,V32P-A038262,0,0.21907493174076081,0.24025626182556153,0,0
hospital_removal,5214,V32P-A038347,1,0.76107029914855961,0.77629537582397456,1,1
hospital_removal,5215,V32P-A038348,1,0.66449155807495119,0.68070962429046633,1,1
hospital_removal,5216,V32P-A038349,1,0.59142625331878662,0.60277315378189089,0,0
hospital_removal,5217,V32P-A038350,0,0.16216492801904678,0.17259997278451919,0,0
hospital_removal,5218,V32P-A038351,0,0.095043238252401352,0.10160888060927391,0,0
hospital_removal,5219,V32P-A038352,0,0.038881434313952926,0.040768153779208657,0,0
hospital_removal,5220,V32P-A038359,0,0.71942857503890989,0.72181901931762693,1,1
hospital_removal,5221,V32P-A038360,0,0.55483713150024416,0.56869451999664311,0,0
hospital_removal,5222,V32P-A038361,0,0.45338639616966248,0.47127335667610171,0,0
hospital_removal,5223,V32P-A038362,0,0.49364275932312013,0.50280689001083378,0,0
hospital_removal,5224,V32P-A038363,0,0.44955209493637083,0.45851757526397707,0,0
hospital_removal,5225,V32P-A038364,0,0.16015509068965911,0.16771818101406097,0,0
hospital_removal,5226,V32P-A038365,0,0.62546448707580571,0.62036154270172117,1,1
hospital_removal,5227,V32P-A038366,0,0.56186978816986088,0.55381399989128111,0,0
hospital_removal,5228,V32P-A038367,0,0.54662712216377263,0.53366438746452327,0,0
hospital_removal,5229,V32P-A038368,0,0.49640060663223268,0.48611354827880859,0,0
hospital_removal,5230,V32P-A038369,0,0.40426966845989226,0.40198251307010652,0,0
hospital_removal,5231,V32P-A038370,0,0.1954682469367981,0.20061213672161102,0,0
hospital_removal,5232,V32P-A038443,0,0.71727898120880129,0.72556738853454594,1,1
hospital_removal,5233,V32P-A038444,0,0.58674225807189939,0.59427120685577395,0,0
hospital_removal,5234,V32P-A038445,0,0.56351354122161867,0.56715495586395259,0,0
hospital_removal,5235,V32P-A038446,0,0.46812092661857607,0.46840752959251403,0,0
hospital_removal,5236,V32P-A038447,0,0.39398191571235658,0.39452931880950926,0,0
hospital_removal,5237,V32P-A038448,0,0.17682670503854753,0.18062109202146531,0,0
hospital_removal,5238,V32P-A038509,0,0.48027894496917722,0.49147767424583433,0,0
hospital_removal,5239,V32P-A038510,0,0.476865816116333,0.48790118098258972,0,0
hospital_removal,5240,V32P-A038511,0,0.41498709321022031,0.42242035865783689,0,0
hospital_removal,5241,V32P-A038512,0,0.3417414128780365,0.34462388157844542,0,0
hospital_removal,5242,V32P-A038513,0,0.26840144991874693,0.26914135217666624,0,0
hospital_removal,5243,V32P-A038514,0,0.12247320413589477,0.12332558929920197,0,0
hospital_removal,5244,V32P-A038599,0,0.70778779983520512,0.71850959062576292,1,1
hospital_removal,5245,V32P-A038600,0,0.56666833162307739,0.59702093601226802,0,0
hospital_removal,5246,V32P-A038601,0,0.60594439506530762,0.6263356566429138,0,1
hospital_removal,5247,V32P-A038602,0,0.56662368178367617,0.58691737055778503,0,0
hospital_removal,5248,V32P-A038603,0,0.51067873239517214,0.53416309356689451,0,0
hospital_removal,5249,V32P-A038604,0,0.29824281334877012,0.33038738965988157,0,0
hospital_removal,5250,V32P-A038623,1,0.52036606669425967,0.52210674881935115,0,0
hospital_removal,5251,V32P-A038624,1,0.517040079832077,0.51450099349021916,0,0
hospital_removal,5252,V32P-A038625,1,0.4802352011203766,0.47342301607131959,0,0
hospital_removal,5253,V32P-A038626,0,0.067532455921173101,0.06768968999385834,0,0
hospital_removal,5254,V32P-A038627,0,0.049802432954311374,0.050395107269287108,0,0
hospital_removal,5255,V32P-A038628,0,0.022388826310634612,0.023129474744200705,0,0
hospital_removal,5256,V32P-A038653,0,0.6782761812210083,0.6840407609939575,1,1
hospital_removal,5257,V32P-A038654,0,0.52709269523620605,0.54647967815399168,0,0
hospital_removal,5258,V32P-A038655,0,0.64907670021057129,0.65286543369293215,1,1
hospital_removal,5259,V32P-A038656,0,0.54334955811500552,0.55663878321647642,0,0
hospital_removal,5260,V32P-A038657,1,0.39698896408081052,0.41383515000343324,0,0
hospital_removal,5261,V32P-A038658,0,0.032439430989325044,0.034356872551143169,0,0
hospital_removal,5262,V32P-A038671,0,0.71120300292968752,0.71055124998092656,1,1
hospital_removal,5263,V32P-A038672,0,0.76037292480468754,0.76008021831512451,1,1
hospital_removal,5264,V32P-A038673,0,0.74923831224441528,0.75157512426376338,1,1
hospital_removal,5265,V32P-A038674,0,0.77775070667266843,0.77837694883346553,1,1
hospital_removal,5266,V32P-A038675,1,0.78556662797927856,0.78616350889205933,1,1
hospital_removal,5267,V32P-A038676,0,0.094763074070215225,0.1004803441464901,0,0
hospital_removal,5268,V32P-A038713,1,0.8078301787376404,0.80924825668334965,1,1
hospital_removal,5269,V32P-A038714,1,0.6926257729530334,0.69173834323883054,1,1
hospital_removal,5270,V32P-A038715,1,0.66778956651687627,0.66890325546264651,1,1
hospital_removal,5271,V32P-A038716,0,0.10674748420715333,0.10745928138494491,0,0
hospital_removal,5272,V32P-A038717,0,0.074224830418825147,0.075126407295465464,0,0
hospital_removal,5273,V32P-A038718,0,0.032091602869331839,0.032647014036774634,0,0
hospital_removal,5274,V32P-A038779,0,0.62792986631393433,0.64071207046508794,1,1
hospital_removal,5275,V32P-A038780,0,0.70710557699203491,0.71695337295532224,1,1
hospital_removal,5276,V32P-A038781,0,0.73350744247436528,0.74137115478515625,1,1
hospital_removal,5277,V32P-A038782,0,0.69978717565536497,0.71529368162155149,1,1
hospital_removal,5278,V32P-A038783,1,0.68213416337966915,0.7016898036003113,1,1
hospital_removal,5279,V32P-A038784,0,0.13040223643183707,0.14480997398495674,0,0
hospital_removal,5280,V32P-A038911,1,0.78195731639862065,0.78460315465927122,1,1
hospital_removal,5281,V32P-A038912,1,0.70463377237319946,0.71546174287796016,1,1
hospital_removal,5282,V32P-A038913,0,0.21609964966773987,0.22012362927198409,0,0
hospital_removal,5283,V32P-A038914,0,0.16134444177150725,0.16332829743623734,0,0
hospital_removal,5284,V32P-A038915,0,0.11579515561461448,0.11734069585800171,0,0
hospital_removal,5285,V32P-A038916,0,0.047824269346892836,0.048750359751284125,0,0
hospital_removal,5286,V32P-A038941,0,0.60898139476776125,0.60996952056884768,0,0
hospital_removal,5287,V32P-A038942,0,0.48159729242324828,0.48659296035766603,0,0
hospital_removal,5288,V32P-A038943,0,0.40847499370574952,0.41296914815902708,0,0
hospital_removal,5289,V32P-A038944,0,0.41713316440582277,0.41494342684745789,0,0
hospital_removal,5290,V32P-A038945,0,0.38983620703220367,0.38660520017147065,0,0
hospital_removal,5291,V32P-A038946,0,0.16564850509166718,0.16821033358573914,0,0
hospital_removal,5292,V32P-A039013,1,0.72088454961776738,0.72003192901611324,1,1
hospital_removal,5293,V32P-A039014,1,0.64331072568893433,0.64987514019012449,1,1
hospital_removal,5294,V32P-A039015,1,0.58436343669891355,0.58054969906806941,0,0
hospital_removal,5295,V32P-A039016,0,0.1354980781674385,0.14240186065435409,0,0
hospital_removal,5296,V32P-A039017,0,0.088254971057176584,0.092251037806272501,0,0
hospital_removal,5297,V32P-A039018,0,0.03618247527629137,0.037862308137118814,0,0
hospital_removal,5298,V32P-A039031,0,0.62743915319442745,0.63264068365097048,1,1
hospital_removal,5299,V32P-A039032,0,0.53087922930717468,0.53873525261878963,0,0
hospital_removal,5300,V32P-A039033,0,0.47263930439949037,0.4769011616706848,0,0
hospital_removal,5301,V32P-A039034,0,0.45471006035804751,0.45815052390098571,0,0
hospital_removal,5302,V32P-A039035,1,0.34259103536605834,0.34822807312011717,0,0
hospital_removal,5303,V32P-A039036,0,0.030740574281662703,0.032742749433964491,0,0
hospital_removal,5304,V32P-A039061,0,0.54142301678657534,0.5440734326839447,0,0
hospital_removal,5305,V32P-A039062,0,0.33762755095958707,0.35919171273708345,0,0
hospital_removal,5306,V32P-A039063,0,0.35410364270210265,0.35822827816009523,0,0
hospital_removal,5307,V32P-A039064,0,0.26316921412944794,0.26592738926410675,0,0
hospital_removal,5308,V32P-A039065,0,0.19427368342876433,0.19690687358379363,0,0
hospital_removal,5309,V32P-A039066,0,0.080104118585586553,0.082067102193832397,0,0
hospital_removal,5310,V32P-A039121,0,0.79942260980606084,0.80017685890197754,1,1
hospital_removal,5311,V32P-A039122,0,0.68402776718139646,0.68235861063003544,1,1
hospital_removal,5312,V32P-A039123,0,0.60152232646942139,0.59242280721664431,0,0
hospital_removal,5313,V32P-A039124,0,0.62642722129821782,0.61983243227005003,1,0
hospital_removal,5314,V32P-A039125,0,0.49502338767051696,0.48357625603675841,0,0
hospital_removal,5315,V32P-A039126,0,0.29209908843040466,0.28462182283401488,0,0
hospital_removal,5316,V32P-A039175,0,0.69695540666580202,0.6989610075950623,1,1
hospital_removal,5317,V32P-A039176,0,0.56519303321838377,0.56311038732528684,0,0
hospital_removal,5318,V32P-A039177,0,0.48773183226585387,0.48207241892814634,0,0
hospital_removal,5319,V32P-A039178,0,0.39611582756042479,0.3872535228729248,0,0
hospital_removal,5320,V32P-A039179,0,0.37818339467048645,0.37306804060935972,0,0
hospital_removal,5321,V32P-A039180,0,0.10851880013942719,0.11388252675533295,0,0
hospital_removal,5322,V32P-A039199,0,0.77133990526199336,0.77621606588363645,1,1
hospital_removal,5323,V32P-A039200,0,0.66799645423889165,0.68058934211730959,1,1
hospital_removal,5324,V32P-A039201,0,0.58657478094100957,0.60296413898468015,0,0
hospital_removal,5325,V32P-A039202,0,0.52420290112495427,0.53145424127578733,0,0
hospital_removal,5326,V32P-A039203,0,0.49529772996902466,0.50116515159606934,0,0
hospital_removal,5327,V32P-A039204,0,0.19499023407697677,0.19431978315114976,0,0
hospital_removal,5328,V32P-A039229,0,0.66203880310058594,0.63755393028259277,1,1
hospital_removal,5329,V32P-A039230,0,0.64315664768218994,0.61638984084129333,1,0
hospital_removal,5330,V32P-A039231,0,0.55772179961204527,0.53739220499992368,0,0
hospital_removal,5331,V32P-A039232,0,0.57106860876083376,0.5464640080928802,0,0
hospital_removal,5332,V32P-A039233,1,0.47456057071685792,0.46178740262985229,0,0
hospital_removal,5333,V32P-A039234,0,0.031757873296737668,0.033840376883745193,0,0
hospital_removal,5334,V32P-A039259,0,0.69186820983886721,0.70300256013870244,1,1
hospital_removal,5335,V32P-A039260,0,0.67300384044647221,0.67904350757598875,1,1
hospital_removal,5336,V32P-A039261,0,0.61059581041336064,0.61118782758712764,0,0
hospital_removal,5337,V32P-A039262,0,0.53350099921226501,0.5303100049495697,0,0
hospital_removal,5338,V32P-A039263,0,0.4603188097476959,0.45231389999389648,0,0
hospital_removal,5339,V32P-A039264,0,0.19138159453868867,0.19230180978775024,0,0
hospital_removal,5340,V32P-A039337,0,0.60754559636116023,0.60057682394981382,0,0
hospital_removal,5341,V32P-A039338,0,0.42235792279243467,0.43208444714546201,0,0
hospital_removal,5342,V32P-A039339,0,0.39414995312690737,0.39922718405723573,0,0
hospital_removal,5343,V32P-A039340,0,0.43900474905967712,0.43916246294975281,0,0
hospital_removal,5344,V32P-A039341,0,0.39185212254524232,0.39124870896339414,0,0
hospital_removal,5345,V32P-A039342,0,0.18997824341058731,0.19122889190912246,0,0
hospital_removal,5346,V32P-A039355,0,0.59837155342102055,0.61339221000671384,0,0
hospital_removal,5347,V32P-A039356,0,0.58291008472442629,0.59456703662872312,0,0
hospital_removal,5348,V32P-A039357,0,0.45952654480934141,0.47770734429359435,0,0
hospital_removal,5349,V32P-A039358,0,0.42078810632228852,0.4208573430776596,0,0
hospital_removal,5350,V32P-A039359,0,0.31249875128269194,0.31738640964031217,0,0
hospital_removal,5351,V32P-A039360,0,0.13161848336458207,0.13550810366868973,0,0
hospital_removal,5352,V32P-A039409,0,0.51445668935775757,0.53893832564353938,0,0
hospital_removal,5353,V32P-A039410,0,0.5916231751441956,0.60170321464538579,0,0
hospital_removal,5354,V32P-A039411,0,0.64953961372375491,0.64846334457397459,1,1
hospital_removal,5355,V32P-A039412,1,0.61343593001365659,0.60712442994117732,0,0
hospital_removal,5356,V32P-A039413,0,0.084308607876300817,0.087439552694559095,0,0
hospital_removal,5357,V32P-A039414,0,0.04274859391152859,0.044774240627884862,0,0
hospital_removal,5358,V32P-A039463,0,0.73255257606506352,0.74368789196014407,1,1
hospital_removal,5359,V32P-A039464,0,0.68713915348052979,0.70186339616775517,1,1
hospital_removal,5360,V32P-A039465,0,0.60408092737197872,0.62053215503692627,0,1
hospital_removal,5361,V32P-A039466,0,0.51970211863517757,0.5383125305175781,0,0
hospital_removal,5362,V32P-A039467,1,0.43064083456993102,0.44658427238464354,0,0
hospital_removal,5363,V32P-A039468,0,0.03121773023158312,0.033104289695620535,0,0
hospital_removal,5364,V32P-A039541,0,0.82736785411834712,0.82768375873565669,1,1
hospital_removal,5365,V32P-A039542,0,0.70079314708709717,0.71582384109497066,1,1
hospital_removal,5366,V32P-A039543,0,0.71716914176940916,0.71972929239273076,1,1
hospital_removal,5367,V32P-A039544,0,0.606449818611145,0.61969126462936397,0,0
hospital_removal,5368,V32P-A039545,0,0.54200112223625185,0.55414261817932131,0,0
hospital_removal,5369,V32P-A039546,0,0.27549015581607816,0.28239390850067136,0,0
hospital_removal,5370,V32P-A039565,0,0.44852098822593689,0.44509440064430239,0,0
hospital_removal,5371,V32P-A039566,0,0.43087359666824343,0.42355951070785525,0,0
hospital_removal,5372,V32P-A039567,0,0.39441998600959777,0.3842532277107239,0,0
hospital_removal,5373,V32P-A039568,0,0.3508866846561432,0.33941987752914426,0,0
hospital_removal,5374,V32P-A039569,0,0.28805918991565704,0.2752981811761856,0,0
hospital_removal,5375,V32P-A039570,0,0.1415746182203293,0.13363250195980073,0,0
hospital_removal,5376,V32P-A039577,0,0.74618172645568848,0.75460193157196043,1,1
hospital_removal,5377,V32P-A039578,0,0.64652353525161743,0.65899862051010127,1,1
hospital_removal,5378,V32P-A039579,0,0.56580845117568968,0.5749653220176697,0,0
hospital_removal,5379,V32P-A039580,0,0.44925150275230408,0.44862257838249209,0,0
hospital_removal,5380,V32P-A039581,0,0.35844785571098325,0.35226751565933229,0,0
hospital_removal,5381,V32P-A039582,0,0.14609714746475219,0.14512106180191039,0,0
hospital_removal,5382,V32P-A039583,0,0.7004962205886841,0.69788539409637451,1,1
hospital_removal,5383,V32P-A039584,0,0.46392074823379514,0.46305691003799437,0,0
hospital_removal,5384,V32P-A039585,0,0.4884496867656708,0.48234884142875672,0,0
hospital_removal,5385,V32P-A039586,0,0.3702275216579437,0.3632849633693695,0,0
hospital_removal,5386,V32P-A039587,0,0.28825641274452207,0.28295772671699526,0,0
hospital_removal,5387,V32P-A039588,0,0.12032661586999893,0.11941755115985871,0,0
hospital_removal,5388,V32P-A039601,0,0.58994038105010982,0.59588795900344849,0,0
hospital_removal,5389,V32P-A039602,0,0.47760379314422607,0.48506850004196167,0,0
hospital_removal,5390,V32P-A039603,0,0.44809724688529967,0.44424474835395811,0,0
hospital_removal,5391,V32P-A039604,0,0.35251007080078123,0.34919511079788207,0,0
hospital_removal,5392,V32P-A039605,0,0.26838153004646303,0.27263267040252687,0,0
hospital_removal,5393,V32P-A039606,0,0.11303971856832504,0.11991915404796601,0,0
hospital_removal,5394,V32P-A039661,0,0.63770920038223267,0.65902895927429195,1,1
hospital_removal,5395,V32P-A039662,0,0.58255468606948857,0.60541787147521975,0,0
hospital_removal,5396,V32P-A039663,0,0.52216082811355591,0.54140086174011226,0,0
hospital_removal,5397,V32P-A039664,1,0.43535148501396181,0.45354682207107544,0,0
hospital_removal,5398,V32P-A039665,0,0.081428741291165355,0.084810899570584297,0,0
hospital_removal,5399,V32P-A039666,0,0.038872447796165943,0.040125821158289908,0,0
hospital_removal,5400,V32P-A039679,0,0.63639761209487911,0.62372740507125857,1,1
hospital_removal,5401,V32P-A039680,0,0.54072811007499699,0.52061448693275447,0,0
hospital_removal,5402,V32P-A039681,0,0.4773113250732422,0.46056177020072936,0,0
hospital_removal,5403,V32P-A039682,0,0.37744789123535155,0.36447048783302305,0,0
hospital_removal,5404,V32P-A039683,0,0.30571393370628358,0.29658591747283936,0,0
hospital_removal,5405,V32P-A039684,0,0.12397372275590897,0.12105525881052018,0,0
hospital_removal,5406,V32P-A039703,0,0.73641582727432253,0.74825103282928462,1,1
hospital_removal,5407,V32P-A039704,0,0.67080551385879517,0.6856304407119751,1,1
hospital_removal,5408,V32P-A039705,0,0.61092070341110227,0.62489455938339233,0,1
hospital_removal,5409,V32P-A039706,0,0.56571240425109859,0.56344666481018069,0,0
hospital_removal,5410,V32P-A039707,0,0.46897376775741578,0.46311104297637939,0,0
hospital_removal,5411,V32P-A039708,0,0.22384865283966066,0.2216068297624588,0,0
hospital_removal,5412,V32P-A039739,0,0.67333741188049312,0.67414691448211672,1,1
hospital_removal,5413,V32P-A039740,0,0.6744255900382996,0.6759026885032654,1,1
hospital_removal,5414,V32P-A039741,0,0.69491788148880007,0.69458049535751343,1,1
hospital_removal,5415,V32P-A039742,0,0.63890846967697146,0.63851975202560429,1,1
hospital_removal,5416,V32P-A039743,0,0.58989414572715759,0.59206812977790835,0,0
hospital_removal,5417,V32P-A039744,0,0.36038191616535187,0.36858948767185212,0,0
hospital_removal,5418,V32P-A039769,0,0.69074536561965938,0.69314109086990361,1,1
hospital_removal,5419,V32P-A039770,0,0.64743063449859617,0.6433116555213928,1,1
hospital_removal,5420,V32P-A039771,0,0.61309676170349126,0.60230988860130308,0,0
hospital_removal,5421,V32P-A039772,0,0.56628900170326235,0.55637477040290828,0,0
hospital_removal,5422,V32P-A039773,0,0.4948743522167206,0.48595781922340392,0,0
hospital_removal,5423,V32P-A039774,0,0.22792111635208129,0.22711119651794434,0,0
hospital_removal,5424,V32P-A039811,0,0.54007767438888554,0.54070186614990234,0,0
hospital_removal,5425,V32P-A039812,0,0.5323259770870209,0.52655767202377324,0,0
hospital_removal,5426,V32P-A039813,0,0.49389904141426089,0.48604035377502441,0,0
hospital_removal,5427,V32P-A039814,1,0.55724681019783018,0.53587512373924251,0,0
hospital_removal,5428,V32P-A039815,0,0.058826009556651113,0.061429530754685401,0,0
hospital_removal,5429,V32P-A039816,0,0.024902808852493762,0.026314496435225009,0,0
hospital_removal,5430,V32P-A039841,0,0.59548090696334843,0.58302841186523435,0,0
hospital_removal,5431,V32P-A039842,0,0.48282608389854431,0.47396665215492251,0,0
hospital_removal,5432,V32P-A039843,0,0.44601469039916991,0.43426933884620667,0,0
hospital_removal,5433,V32P-A039844,0,0.37724593877792356,0.36496183872222898,0,0
hospital_removal,5434,V32P-A039845,0,0.29939340054988861,0.2917573541402817,0,0
hospital_removal,5435,V32P-A039846,0,0.14018624275922775,0.14179599881172181,0,0
hospital_removal,5436,V32P-A039859,0,0.40178654789924623,0.40568283796310423,0,0
hospital_removal,5437,V32P-A039860,0,0.41113063097000124,0.41178190112113955,0,0
hospital_removal,5438,V32P-A039861,0,0.38640294075012205,0.38634802699089049,0,0
hospital_removal,5439,V32P-A039862,0,0.32781905531883238,0.32828342318534853,0,0
hospital_removal,5440,V32P-A039863,0,0.25928516089916231,0.26066900193691256,0,0
hospital_removal,5441,V32P-A039864,0,0.11287540197372437,0.11493891328573227,0,0
hospital_removal,5442,V32P-A039877,0,0.78797075748443601,0.78613660335540769,1,1
hospital_removal,5443,V32P-A039878,0,0.68811513185501094,0.68790451288223264,1,1
hospital_removal,5444,V32P-A039879,0,0.62340192794799809,0.61805046796798702,1,0
hospital_removal,5445,V32P-A039880,0,0.57490290999412541,0.56848053336143489,0,0
hospital_removal,5446,V32P-A039881,0,0.54053118228912356,0.53225290775299072,0,0
hospital_removal,5447,V32P-A039882,0,0.28211267292499542,0.27405999898910521,0,0
hospital_removal,5448,V32P-A039895,0,0.49178498387336733,0.51011699438095093,0,0
hospital_removal,5449,V32P-A039896,0,0.56099409461021421,0.56715399622917173,0,0
hospital_removal,5450,V32P-A039897,0,0.54504035711288457,0.5445207953453064,0,0
hospital_removal,5451,V32P-A039898,0,0.48214573860168458,0.4801769733428955,0,0
hospital_removal,5452,V32P-A039899,0,0.37189561724662779,0.36946894526481627,0,0
hospital_removal,5453,V32P-A039900,0,0.16299780458211899,0.16220016926527023,0,0
hospital_removal,5454,V32P-A039901,0,0.34271445870399475,0.34617334604263306,0,0
hospital_removal,5455,V32P-A039902,0,0.34270785450935365,0.34555899500846865,0,0
hospital_removal,5456,V32P-A039903,0,0.36892487406730651,0.36955456137657167,0,0
hospital_removal,5457,V32P-A039904,0,0.2858177125453949,0.28810899853706362,0,0
hospital_removal,5458,V32P-A039905,0,0.20357727259397507,0.21239470094442367,0,0
hospital_removal,5459,V32P-A039906,0,0.10885556191205978,0.11481580585241317,0,0
hospital_removal,5460,V32P-A039907,0,0.7299371480941772,0.71828018426895146,1,1
hospital_removal,5461,V32P-A039908,0,0.60316407680511475,0.59391124248504634,0,0
hospital_removal,5462,V32P-A039909,0,0.53444828987121584,0.52572872638702395,0,0
hospital_removal,5463,V32P-A039910,0,0.52512845396995544,0.5163629949092865,0,0
hospital_removal,5464,V32P-A039911,0,0.35391834974288938,0.3502341568470001,0,0
hospital_removal,5465,V32P-A039912,0,0.1536061868071556,0.15693470686674119,0,0
hospital_removal,5466,V32P-A039931,0,0.36740549504756925,0.36052359640598297,0,0
hospital_removal,5467,V32P-A039932,0,0.46107062697410583,0.44857324957847594,0,0
hospital_removal,5468,V32P-A039933,0,0.4303189992904663,0.41556888818740845,0,0
hospital_removal,5469,V32P-A039934,0,0.36314699649810789,0.34845325350761414,0,0
hospital_removal,5470,V32P-A039935,1,0.28634962439537048,0.27336989641189574,0,0
hospital_removal,5471,V32P-A039936,0,0.02201482029631734,0.022916888166218997,0,0
hospital_removal,5472,V32P-A040003,0,0.46571407914161683,0.48230163455009462,0,0
hospital_removal,5473,V32P-A040004,0,0.54327131509780879,0.55042968988418584,0,0
hospital_removal,5474,V32P-A040005,0,0.52092108130455017,0.52146988511085512,0,0
hospital_removal,5475,V32P-A040006,0,0.42626070976257324,0.42427186369895936,0,0
hospital_removal,5476,V32P-A040007,0,0.33662193119525907,0.33453863561153413,0,0
hospital_removal,5477,V32P-A040008,0,0.14490453302860259,0.14811821132898331,0,0
hospital_removal,5478,V32P-A040099,0,0.46166005134582522,0.50770934224128728,0,0
hospital_removal,5479,V32P-A040100,0,0.48432323336601257,0.52071002721786497,0,0
hospital_removal,5480,V32P-A040101,0,0.37891678810119628,0.40467040538787841,0,0
hospital_removal,5481,V32P-A040102,0,0.31567249298095701,0.33821003437042235,0,0
hospital_removal,5482,V32P-A040103,0,0.25027377009391782,0.2720745623111725,0,0
hospital_removal,5483,V32P-A040104,0,0.11516799479722976,0.12279908508062362,0,0
hospital_removal,5484,V32P-A040129,0,0.63545490503311153,0.62294974327087405,1,1
hospital_removal,5485,V32P-A040130,0,0.60457489490509031,0.5904725193977356,0,0
hospital_removal,5486,V32P-A040131,0,0.64649463891983028,0.63005412817001338,1,1
hospital_removal,5487,V32P-A040132,0,0.63009055852890017,0.61066050529479976,1,0
hospital_removal,5488,V32P-A040133,0,0.55304607152938845,0.53442896008491514,0,0
hospital_removal,5489,V32P-A040134,0,0.28976891338825228,0.28843352496623992,0,0
hospital_removal,5490,V32P-A040165,0,0.79409649372100832,0.80440306663513184,1,1
hospital_removal,5491,V32P-A040166,0,0.67533249855041499,0.68898148536682124,1,1
hospital_removal,5492,V32P-A040167,0,0.64624799489974971,0.65977923870086674,1,1
hospital_removal,5493,V32P-A040168,0,0.57836261987686155,0.58670736551284786,0,0
hospital_removal,5494,V32P-A040169,1,0.48950709700584411,0.49463443160057069,0,0
hospital_removal,5495,V32P-A040170,0,0.03956849109381437,0.040202795155346395,0,0
hospital_removal,5496,V32P-A040183,0,0.66880033016204832,0.67758975028991697,1,1
hospital_removal,5497,V32P-A040184,0,0.69295768737792973,0.69932817220687871,1,1
hospital_removal,5498,V32P-A040185,0,0.53712963461875918,0.54963621497154236,0,0
hospital_removal,5499,V32P-A040186,0,0.44185684919357299,0.44769076704978944,0,0
hospital_removal,5500,V32P-A040187,1,0.38589692711830137,0.3883764982223511,0,0
hospital_removal,5501,V32P-A040188,0,0.034771048557013275,0.036404618155211212,0,0
hospital_removal,5502,V32P-A040195,0,0.73561824560165401,0.73882373571395876,1,1
hospital_removal,5503,V32P-A040196,0,0.65238031148910525,0.65387378931045537,1,1
hospital_removal,5504,V32P-A040197,0,0.56264530420303349,0.56138531565666194,0,0
hospital_removal,5505,V32P-A040198,0,0.5137922465801239,0.51209564805030827,0,0
hospital_removal,5506,V32P-A040199,0,0.40493795275688171,0.40525295138359069,0,0
hospital_removal,5507,V32P-A040200,0,0.20989688038825988,0.20793618857860566,0,0
hospital_removal,5508,V32P-A040231,0,0.68511579036712644,0.68690345287322996,1,1
hospital_removal,5509,V32P-A040232,0,0.52760657668113708,0.54302105307579041,0,0
hospital_removal,5510,V32P-A040233,0,0.42743557393550874,0.44255724847316741,0,0
hospital_removal,5511,V32P-A040234,0,0.35167107582092283,0.36725051999092101,0,0
hospital_removal,5512,V32P-A040235,0,0.31802610754966737,0.33993448019027711,0,0
hospital_removal,5513,V32P-A040236,0,0.14080874919891356,0.15945878624916077,0,0
hospital_removal,5514,V32P-A040237,0,0.3560226082801819,0.38024763464927674,0,0
hospital_removal,5515,V32P-A040238,0,0.3940001964569092,0.41210643053054807,0,0
hospital_removal,5516,V32P-A040239,0,0.39724559187889097,0.41152430176734922,0,0
hospital_removal,5517,V32P-A040240,0,0.38469043374061584,0.39397012591362002,0,0
hospital_removal,5518,V32P-A040241,1,0.30493403971195221,0.31664612591266633,0,0
hospital_removal,5519,V32P-A040242,0,0.024587693437933923,0.027647284045815467,0,0
hospital_removal,5520,V32P-A040255,0,0.40096750259399416,0.39024610519409181,0,0
hospital_removal,5521,V32P-A040256,0,0.41663011908531189,0.40413133502006532,0,0
hospital_removal,5522,V32P-A040257,0,0.40305314064025877,0.38934113383293151,0,0
hospital_removal,5523,V32P-A040258,0,0.34507706165313723,0.33015177845954896,0,0
hospital_removal,5524,V32P-A040259,0,0.27054929435253144,0.25791480243206022,0,0
hospital_removal,5525,V32P-A040260,0,0.12180451154708863,0.1175797551870346,0,0
hospital_removal,5526,V32P-A040297,0,0.65034853219985966,0.64423037767410274,1,1
hospital_removal,5527,V32P-A040298,0,0.43872715234756471,0.43470893502235414,0,0
hospital_removal,5528,V32P-A040299,0,0.32877230346202851,0.31965254247188568,0,0
hospital_removal,5529,V32P-A040300,0,0.24626098573207855,0.23870965242385864,0,0
hospital_removal,5530,V32P-A040301,0,0.23354289233684539,0.230908665060997,0,0
hospital_removal,5531,V32P-A040302,0,0.094552960991859433,0.095193327963352198,0,0
hospital_removal,5532,V32P-A040315,1,0.76487119197845455,0.7644311785697937,1,1
hospital_removal,5533,V32P-A040316,1,0.77773908376693723,0.78188490867614746,1,1
hospital_removal,5534,V32P-A040317,1,0.58862431645393376,0.59936110973358159,0,0
hospital_removal,5535,V32P-A040318,0,0.161599949747324,0.17081526145339013,0,0
hospital_removal,5536,V32P-A040319,0,0.12463989481329918,0.12976580560207368,0,0
hospital_removal,5537,V32P-A040320,0,0.061077900044620034,0.063059716299176213,0,0
hospital_removal,5538,V32P-A040375,0,0.48718263506889342,0.489607971906662,0,0
hospital_removal,5539,V32P-A040376,0,0.58375977873802187,0.57189537882804875,0,0
hospital_removal,5540,V32P-A040377,0,0.53325057625770567,0.51823854446411133,0,0
hospital_removal,5541,V32P-A040378,0,0.46488137841224669,0.45011303424835203,0,0
hospital_removal,5542,V32P-A040379,0,0.37566867470741272,0.36201382875442506,0,0
hospital_removal,5543,V32P-A040380,0,0.026248754374682902,0.028487697616219519,0,0
hospital_removal,5544,V32P-A040387,0,0.3970491111278534,0.40182613730430605,0,0
hospital_removal,5545,V32P-A040388,0,0.45816103816032411,0.45681688189506531,0,0
hospital_removal,5546,V32P-A040389,0,0.437365198135376,0.43283019661903382,0,0
hospital_removal,5547,V32P-A040390,0,0.38611181974411013,0.38064504265785215,0,0
hospital_removal,5548,V32P-A040391,0,0.32251420319080354,0.31908186972141267,0,0
hospital_removal,5549,V32P-A040392,0,0.15987493544816972,0.16381283551454545,0,0
hospital_removal,5550,V32P-A040399,0,0.7362799763679504,0.7380390882492065,1,1
hospital_removal,5551,V32P-A040400,0,0.47601276636123657,0.48871095776557921,0,0
hospital_removal,5552,V32P-A040401,0,0.7083341717720032,0.70989955663681026,1,1
hospital_removal,5553,V32P-A040402,0,0.61867659091949467,0.62384135723114009,0,1
hospital_removal,5554,V32P-A040403,0,0.46198366284370423,0.47191326022148133,0,0
hospital_removal,5555,V32P-A040404,0,0.20050497651100158,0.2059314489364624,0,0
hospital_removal,5556,V32P-A040477,0,0.48894842267036437,0.48486036658287046,0,0
hospital_removal,5557,V32P-A040478,0,0.53071419596672054,0.52125193476676945,0,0
hospital_removal,5558,V32P-A040479,0,0.51553145051002502,0.50377917289733887,0,0
hospital_removal,5559,V32P-A040480,0,0.4458304286003113,0.42726063132286074,0,0
hospital_removal,5560,V32P-A040481,0,0.38391586542129519,0.3624617397785187,0,0
hospital_removal,5561,V32P-A040482,0,0.19522427171468734,0.18624001294374465,0,0
hospital_removal,5562,V32P-A040525,1,0.6923963308334351,0.70536426305770872,1,1
hospital_removal,5563,V32P-A040526,1,0.62675659656524663,0.6457312345504761,1,1
hospital_removal,5564,V32P-A040527,1,0.55041169524192812,0.57144059538841252,0,0
hospital_removal,5565,V32P-A040528,0,0.081259343400597567,0.092621504887938494,0,0
hospital_removal,5566,V32P-A040529,0,0.059938776865601541,0.067392705008387566,0,0
hospital_removal,5567,V32P-A040530,0,0.026604995317757129,0.029348923265933989,0,0
hospital_removal,5568,V32P-A040597,0,0.70773599147796629,0.71682354211807253,1,1
hospital_removal,5569,V32P-A040598,0,0.71517181396484375,0.72354027032852175,1,1
hospital_removal,5570,V32P-A040599,0,0.66282742023468022,0.66699925661087034,1,1
hospital_removal,5571,V32P-A040600,0,0.57449979782104488,0.57890499830245967,0,0
hospital_removal,5572,V32P-A040601,0,0.48605117201805115,0.49291436076164247,0,0
hospital_removal,5573,V32P-A040602,0,0.23707042336463929,0.24428114593029021,0,0
hospital_removal,5574,V32P-A040609,0,0.33948612809181211,0.33916683793067931,0,0
hospital_removal,5575,V32P-A040610,0,0.32470022737979887,0.32714974582195283,0,0
hospital_removal,5576,V32P-A040611,0,0.28458017110824585,0.28856782913208007,0,0
hospital_removal,5577,V32P-A040612,0,0.23067457526922225,0.23500718921422958,0,0
hospital_removal,5578,V32P-A040613,0,0.17941089123487472,0.18343811780214309,0,0
hospital_removal,5579,V32P-A040614,0,0.084677686542272562,0.087070653587579733,0,0
hospital_removal,5580,V32P-A040711,1,0.54352076649665837,0.54847279191017151,0,0
hospital_removal,5581,V32P-A040712,1,0.51513925194740295,0.51991129517555235,0,0
hospital_removal,5582,V32P-A040713,0,0.083987171202898031,0.092406033724546435,0,0
hospital_removal,5583,V32P-A040714,0,0.073696346394717699,0.080724036507308486,0,0
hospital_removal,5584,V32P-A040715,0,0.052082171477377412,0.056698847748339179,0,0
hospital_removal,5585,V32P-A040716,0,0.024262757506221533,0.026152892690151929,0,0
hospital_removal,5586,V32P-A040741,0,0.66482460498809814,0.66461564302444454,1,1
hospital_removal,5587,V32P-A040742,0,0.46315801739692686,0.46877503395080566,0,0
hospital_removal,5588,V32P-A040743,0,0.40349584817886353,0.40909488201141359,0,0
hospital_removal,5589,V32P-A040744,0,0.31935743689537049,0.32511749267578127,0,0
hospital_removal,5590,V32P-A040745,0,0.24985242187976836,0.25531164109706878,0,0
hospital_removal,5591,V32P-A040746,0,0.11446172595024109,0.11651919782161713,0,0
hospital_removal,5592,V32P-A040753,0,0.59779875278472905,0.58081415891647337,0,0
hospital_removal,5593,V32P-A040754,0,0.45873284339904785,0.43870550990104673,0,0
hospital_removal,5594,V32P-A040755,0,0.38861294388771056,0.37456143498420713,0,0
hospital_removal,5595,V32P-A040756,0,0.42138866782188417,0.40653755068778991,0,0
hospital_removal,5596,V32P-A040757,0,0.32861105203628538,0.31751367449760437,0,0
hospital_removal,5597,V32P-A040758,0,0.16216300278902054,0.16054638475179672,0,0
hospital_removal,5598,V32P-A040867,0,0.41742814183235166,0.42704576849937437,0,0
hospital_removal,5599,V32P-A040868,0,0.41300248503685,0.42189565896987913,0,0
hospital_removal,5600,V32P-A040869,0,0.35173478126525881,0.3512737274169922,0,0
hospital_removal,5601,V32P-A040870,0,0.27052264511585233,0.26614188253879545,0,0
hospital_removal,5602,V32P-A040871,0,0.22214437127113343,0.21707300543785096,0,0
hospital_removal,5603,V32P-A040872,0,0.10810154750943184,0.10559747591614724,0,0
hospital_removal,5604,V32P-A040873,0,0.46704059839248657,0.45851505398750303,0,0
hospital_removal,5605,V32P-A040874,0,0.46942940950393675,0.46046975255012512,0,0
hospital_removal,5606,V32P-A040875,0,0.3932584047317505,0.38525866866111758,0,0
hospital_removal,5607,V32P-A040876,0,0.30078558623790741,0.29247433245182036,0,0
hospital_removal,5608,V32P-A040877,0,0.24434474706649781,0.2356983244419098,0,0
hospital_removal,5609,V32P-A040878,0,0.11232149600982666,0.10975198745727539,0,0
hospital_removal,5610,V32P-A040885,1,0.59268339872360232,0.57697464227676387,0,0
hospital_removal,5611,V32P-A040886,1,0.43714308738708496,0.42602174878120425,0,0
hospital_removal,5612,V32P-A040887,1,0.36450743079185488,0.35508885383605959,0,0
hospital_removal,5613,V32P-A040888,0,0.084363072365522387,0.084942216426134115,0,0
hospital_removal,5614,V32P-A040889,0,0.049715077877044676,0.050723989307880399,0,0
hospital_removal,5615,V32P-A040890,0,0.021724869310855866,0.022461425885558127,0,0
hospital_removal,5616,V32P-A041035,1,0.76287450790405276,0.75673863887786863,1,1
hospital_removal,5617,V32P-A041036,1,0.58845621347427368,0.60206158161163326,0,0
hospital_removal,5618,V32P-A041037,1,0.53915775418281553,0.55201188921928401,0,0
hospital_removal,5619,V32P-A041038,0,0.085897985845804214,0.092627163976430893,0,0
hospital_removal,5620,V32P-A041039,0,0.065807570144534117,0.070452094450593,0,0
hospital_removal,5621,V32P-A041040,0,0.029976598918437958,0.032003980316221717,0,0
hospital_removal,5622,V32P-A041119,0,0.62441872358322148,0.64941629171371462,1,1
hospital_removal,5623,V32P-A041120,0,0.58911453485488896,0.60527167320251463,0,0
hospital_removal,5624,V32P-A041121,0,0.5531735956668854,0.56133303046226501,0,0
hospital_removal,5625,V32P-A041122,0,0.47715540528297423,0.48080638647079466,0,0
hospital_removal,5626,V32P-A041123,0,0.36662096977233888,0.36728260517120359,0,0
hospital_removal,5627,V32P-A041124,0,0.15535470098257065,0.15439396351575851,0,0
hospital_removal,5628,V32P-A041143,0,0.68847274780273438,0.69510177373886106,1,1
hospital_removal,5629,V32P-A041144,0,0.60772836804389951,0.62970179319381714,0,1
hospital_removal,5630,V32P-A041145,0,0.65299136638641353,0.65997468233108525,1,1
hospital_removal,5631,V32P-A041146,0,0.62851612567901616,0.63497421741485593,1,1
hospital_removal,5632,V32P-A041147,0,0.59729063510894775,0.60519301891326904,0,0
hospital_removal,5633,V32P-A041148,0,0.053305932693183421,0.056113170459866524,0,0
hospital_removal,5634,V32P-A041155,0,0.53349303603172304,0.54062777161598208,0,0
hospital_removal,5635,V32P-A041156,0,0.57960095405578616,0.58454273939132695,0,0
hospital_removal,5636,V32P-A041157,0,0.57704267501831052,0.58417857885360713,0,0
hospital_removal,5637,V32P-A041158,0,0.53937250971794126,0.54567158818244932,0,0
hospital_removal,5638,V32P-A041159,0,0.48820948004722597,0.48658990859985352,0,0
hospital_removal,5639,V32P-A041160,0,0.27510380446910859,0.27722239196300508,0,0
hospital_removal,5640,V32P-A041263,1,0.75738996267318726,0.74791579246521001,1,1
hospital_removal,5641,V32P-A041264,1,0.75056697130203243,0.74915463924407955,1,1
hospital_removal,5642,V32P-A041265,1,0.802985155582428,0.80196154117584229,1,1
hospital_removal,5643,V32P-A041266,0,0.3153629392385483,0.35221544206142424,0,0
hospital_removal,5644,V32P-A041267,0,0.14883171245455742,0.16636832132935525,0,0
hospital_removal,5645,V32P-A041268,0,0.061243108287453649,0.065388578176498416,0,0
hospital_removal,5646,V32P-A041299,0,0.76575967073440554,0.76833586692810063,1,1
hospital_removal,5647,V32P-A041300,0,0.67814737558364868,0.68828938007354734,1,1
hospital_removal,5648,V32P-A041301,0,0.58140960931777952,0.59744801521301272,0,0
hospital_removal,5649,V32P-A041302,1,0.59909160137176509,0.61314879655838017,0,0
hospital_removal,5650,V32P-A041303,0,0.11831990331411361,0.12212607115507126,0,0
hospital_removal,5651,V32P-A041304,0,0.049055111967027186,0.050293421931564809,0,0
hospital_removal,5652,V32P-A041317,0,0.4747136175632477,0.44950442314147948,0,0
hospital_removal,5653,V32P-A041318,0,0.34953230321407319,0.33396973907947541,0,0
hospital_removal,5654,V32P-A041319,0,0.3136273741722107,0.29734058380126954,0,0
hospital_removal,5655,V32P-A041320,0,0.24703401327133179,0.23709994852542876,0,0
hospital_removal,5656,V32P-A041321,0,0.19730739444494247,0.19141321927309035,0,0
hospital_removal,5657,V32P-A041322,0,0.10027639120817185,0.10033399313688278,0,0
hospital_removal,5658,V32P-A041653,0,0.80400238037109373,0.79524185657501223,1,1
hospital_removal,5659,V32P-A041654,0,0.62598139643669126,0.64455606937408449,1,1
hospital_removal,5660,V32P-A041655,0,0.715763783454895,0.7126539945602417,1,1
hospital_removal,5661,V32P-A041656,0,0.69535051584243779,0.69627978801727297,1,1
hospital_removal,5662,V32P-A041657,0,0.59481559395790096,0.59868133664131162,0,0
hospital_removal,5663,V32P-A041658,0,0.048486301116645335,0.050989446043968198,0,0
hospital_removal,5664,V32P-A041665,0,0.4784268796443939,0.49994635581970215,0,0
hospital_removal,5665,V32P-A041666,0,0.43455606698989868,0.45643143653869628,0,0
hospital_removal,5666,V32P-A041667,0,0.37637968063354493,0.39134505987167356,0,0
hospital_removal,5667,V32P-A041668,0,0.31989093124866486,0.33162690103054049,0,0
hospital_removal,5668,V32P-A041669,0,0.3142578274011612,0.32423870861530302,0,0
hospital_removal,5669,V32P-A041670,0,0.15462891012430191,0.16082597225904466,0,0
hospital_removal,5670,V32P-A041701,0,0.61063089966773987,0.62374112010002136,0,1
hospital_removal,5671,V32P-A041702,0,0.54236997365951534,0.55558609962463379,0,0
hospital_removal,5672,V32P-A041703,0,0.43192175030708313,0.43981167674064636,0,0
hospital_removal,5673,V32P-A041704,0,0.37065560221672056,0.37345980405807494,0,0
hospital_removal,5674,V32P-A041705,1,0.31929319202899931,0.32267396748065946,0,0
hospital_removal,5675,V32P-A041706,0,0.031197875365614892,0.035041774064302443,0,0
hospital_removal,5676,V32P-A041773,0,0.66947267055511472,0.69168382883071899,1,1
hospital_removal,5677,V32P-A041774,0,0.63310797214508052,0.64402540922164919,1,1
hospital_removal,5678,V32P-A041775,0,0.53535115718841553,0.52866488695144653,0,0
hospital_removal,5679,V32P-A041776,0,0.49555400013923645,0.49497676491737364,0,0
hospital_removal,5680,V32P-A041777,0,0.39314709901809691,0.38956227302551272,0,0
hospital_removal,5681,V32P-A041778,0,0.16055989414453506,0.16089422851800919,0,0
hospital_removal,5682,V32P-A041791,0,0.73506656885147093,0.73520559072494507,1,1
hospital_removal,5683,V32P-A041792,0,0.66703990697860716,0.67533304691314699,1,1
hospital_removal,5684,V32P-A041793,0,0.71075593233108525,0.71503757238388066,1,1
hospital_removal,5685,V32P-A041794,0,0.63772153854370117,0.64510861635208128,1,1
hospital_removal,5686,V32P-A041795,0,0.64744491577148433,0.65336483716964722,1,1
hospital_removal,5687,V32P-A041796,0,0.43791486322879791,0.46361604034900666,0,0
hospital_removal,5688,V32P-A041803,0,0.82921020984649663,0.83138213157653806,1,1
hospital_removal,5689,V32P-A041804,0,0.71329280138015749,0.72726842164993288,1,1
hospital_removal,5690,V32P-A041805,0,0.6168530285358429,0.63148413300514217,0,1
hospital_removal,5691,V32P-A041806,0,0.52351173758506775,0.54322344064712524,0,0
hospital_removal,5692,V32P-A041807,0,0.52001459598541255,0.53615467548370366,0,0
hospital_removal,5693,V32P-A041808,0,0.25071121752262115,0.26645608842372892,0,0
hospital_removal,5694,V32P-A041815,0,0.67173330783843999,0.67679710388183589,1,1
hospital_removal,5695,V32P-A041816,0,0.57861496210098262,0.5792366743087769,0,0
hospital_removal,5696,V32P-A041817,0,0.47107437849044798,0.47184699773788452,0,0
hospital_removal,5697,V32P-A041818,0,0.46337289214134214,0.45410168766975401,0,0
hospital_removal,5698,V32P-A041819,0,0.37692569494247435,0.36700199246406556,0,0
hospital_removal,5699,V32P-A041820,0,0.16706494688987733,0.16297547519207001,0,0
hospital_removal,5700,V32P-A041863,0,0.77812207937240596,0.79167375564575193,1,1
hospital_removal,5701,V32P-A041864,0,0.65084645748138426,0.67689975500106814,1,1
hospital_removal,5702,V32P-A041865,0,0.56545722484588623,0.59100028276443484,0,0
hospital_removal,5703,V32P-A041866,0,0.53129669427871706,0.54976146221160893,0,0
hospital_removal,5704,V32P-A041867,1,0.53534421324729919,0.54936036467552185,0,0
hospital_removal,5705,V32P-A041868,0,0.035539283603429797,0.036733688786625862,0,0
hospital_removal,5706,V32P-A041875,0,0.5406166076660156,0.54670378565788269,0,0
hospital_removal,5707,V32P-A041876,0,0.52276872992515566,0.52443968653678896,0,0
hospital_removal,5708,V32P-A041877,0,0.50562149882316587,0.50323770046234129,0,0
hospital_removal,5709,V32P-A041878,0,0.42029957175254823,0.41664348244667054,0,0
hospital_removal,5710,V32P-A041879,0,0.3500625342130661,0.34891422688961027,0,0
hospital_removal,5711,V32P-A041880,0,0.1569881707429886,0.16073777228593827,0,0
hospital_removal,5712,V32P-A041953,1,0.82632600069046025,0.83124094009399419,1,1
hospital_removal,5713,V32P-A041954,1,0.74662026166915896,0.76255714893341064,1,1
hospital_removal,5714,V32P-A041955,1,0.66869977712631223,0.68999713659286499,1,1
hospital_removal,5715,V32P-A041956,0,0.20695171505212784,0.23723338991403581,0,0
hospital_removal,5716,V32P-A041957,0,0.14398935511708261,0.1616162858903408,0,0
hospital_removal,5717,V32P-A041958,0,0.064401412755250936,0.069159069284796718,0,0
hospital_removal,5718,V32P-A041971,0,0.75380417108535769,0.74259204864501949,1,1
hospital_removal,5719,V32P-A041972,0,0.57189125418663023,0.56381793022155757,0,0
hospital_removal,5720,V32P-A041973,0,0.62600581645965581,0.61205554604530332,1,0
hospital_removal,5721,V32P-A041974,0,0.6166377067565918,0.59956843852996822,0,0
hospital_removal,5722,V32P-A041975,0,0.51104732751846316,0.50073440670967106,0,0
hospital_removal,5723,V32P-A041976,0,0.2640234798192978,0.26363122463226318,0,0
hospital_removal,5724,V32P-A041989,0,0.59098372459411619,0.57719753980636601,0,0
hospital_removal,5725,V32P-A041990,0,0.55350472927093508,0.54102568626403813,0,0
hospital_removal,5726,V32P-A041991,0,0.44970208406448364,0.44313182234764098,0,0
hospital_removal,5727,V32P-A041992,0,0.4782903790473938,0.46196502447128296,0,0
hospital_removal,5728,V32P-A041993,0,0.42792550921440126,0.42831709980964661,0,0
hospital_removal,5729,V32P-A041994,0,0.21936039626598358,0.22173915505409242,0,0
hospital_removal,5730,V32P-A042049,0,0.53569169044494624,0.53676575422286987,0,0
hospital_removal,5731,V32P-A042050,0,0.50815860033035276,0.5084608793258667,0,0
hospital_removal,5732,V32P-A042051,0,0.4752132833003998,0.4732277810573578,0,0
hospital_removal,5733,V32P-A042052,0,0.46484540700912474,0.4625795602798462,0,0
hospital_removal,5734,V32P-A042053,1,0.39738784432411195,0.39488125443458555,0,0
hospital_removal,5735,V32P-A042054,0,0.03719147890806198,0.039471192657947539,0,0
hospital_removal,5736,V32P-A042061,0,0.71039646863937378,0.71936119794845577,1,1
hospital_removal,5737,V32P-A042062,0,0.67206934690475462,0.68468844890594482,1,1
hospital_removal,5738,V32P-A042063,0,0.66683276891708376,0.6772175550460815,1,1
hospital_removal,5739,V32P-A042064,0,0.62636940479278569,0.63744039535522456,1,1
hospital_removal,5740,V32P-A042065,1,0.56862043738365176,0.58036292195320127,0,0
hospital_removal,5741,V32P-A042066,0,0.042166535928845408,0.044905155897140503,0,0
hospital_removal,5742,V32P-A042097,0,0.83665903806686404,0.84111303091049194,1,1
hospital_removal,5743,V32P-A042098,0,0.69621282815933228,0.70960458517074587,1,1
hospital_removal,5744,V32P-A042099,0,0.61276912689208984,0.6305067658424377,0,1
hospital_removal,5745,V32P-A042100,0,0.68483359813690181,0.69496508836746218,1,1
hospital_removal,5746,V32P-A042101,0,0.53105990886688237,0.54737105369567873,0,0
hospital_removal,5747,V32P-A042102,0,0.25175757855176928,0.25951571315526961,0,0
hospital_removal,5748,V32P-A042115,0,0.66871708631515503,0.64639517068862917,1,1
hospital_removal,5749,V32P-A042116,0,0.45309572219848632,0.44077319502830503,0,0
hospital_removal,5750,V32P-A042117,0,0.61212058067321773,0.5948198556900024,0,0
hospital_removal,5751,V32P-A042118,0,0.51842434406280513,0.49812686443328857,0,0
hospital_removal,5752,V32P-A042119,0,0.4651897192001343,0.44565215706825256,0,0
hospital_removal,5753,V32P-A042120,0,0.21881448924541474,0.22317006886005403,0,0
hospital_removal,5754,V32P-A042139,0,0.49254591464996339,0.51610753536224363,0,0
hospital_removal,5755,V32P-A042140,0,0.43928513526916502,0.46399618387222291,0,0
hospital_removal,5756,V32P-A042141,0,0.42219192981719972,0.44043979644775388,0,0
hospital_removal,5757,V32P-A042142,0,0.36011370718479158,0.37822735607624053,0,0
hospital_removal,5758,V32P-A042143,0,0.28439948260784148,0.30234059393405915,0,0
hospital_removal,5759,V32P-A042144,0,0.12619738802313804,0.1347765989601612,0,0
hospital_removal,5760,V32P-A042145,0,0.75531256198883057,0.76653319597244263,1,1
hospital_removal,5761,V32P-A042146,0,0.64497047662734985,0.65965844392776485,1,1
hospital_removal,5762,V32P-A042147,0,0.61770050525665288,0.63232430219650271,0,1
hospital_removal,5763,V32P-A042148,0,0.72537328004837032,0.73432809114456177,1,1
hospital_removal,5764,V32P-A042149,0,0.53524042963981633,0.54896912574768064,0,0
hospital_removal,5765,V32P-A042150,0,0.051487432047724727,0.053688497096300122,0,0
hospital_removal,5766,V32P-A042223,0,0.74579428434371953,0.74537385702133174,1,1
hospital_removal,5767,V32P-A042224,0,0.65680834054946902,0.66240141391754148,1,1
hospital_removal,5768,V32P-A042225,0,0.6584960460662842,0.64849714040756223,1,1
hospital_removal,5769,V32P-A042226,0,0.50242198705673213,0.50532562732696529,0,0
hospital_removal,5770,V32P-A042227,0,0.37888737916946413,0.38376241326332095,0,0
hospital_removal,5771,V32P-A042228,0,0.13998828679323197,0.14420998245477676,0,0
hospital_removal,5772,V32P-A042301,0,0.66926326751708987,0.67191617488861088,1,1
hospital_removal,5773,V32P-A042302,0,0.66086857318878178,0.65732012987136845,1,1
hospital_removal,5774,V32P-A042303,0,0.62801171541213985,0.62009620666503906,1,1
hospital_removal,5775,V32P-A042304,0,0.56715037822723391,0.55821244716644292,0,0
hospital_removal,5776,V32P-A042305,0,0.4745890974998474,0.46538941860198973,0,0
hospital_removal,5777,V32P-A042306,0,0.31619290113449094,0.31361176371574401,0,0
hospital_removal,5778,V32P-A042397,0,0.46432288289070128,0.49589341282844546,0,0
hospital_removal,5779,V32P-A042398,0,0.61126104593276975,0.62761809825897219,0,1
hospital_removal,5780,V32P-A042399,0,0.61195844411849976,0.6251529812812805,0,1
hospital_removal,5781,V32P-A042400,0,0.56977005600929265,0.58444537520408635,0,0
hospital_removal,5782,V32P-A042401,1,0.49087246060371398,0.50768954157829282,0,0
hospital_removal,5783,V32P-A042402,0,0.04242535587400198,0.044839254207909109,0,0
hospital_removal,5784,V32P-A042421,0,0.63633820414543152,0.64426508545875549,1,1
hospital_removal,5785,V32P-A042422,0,0.6552133977413177,0.66129164099693294,1,1
hospital_removal,5786,V32P-A042423,0,0.65750994086265568,0.66277046799659733,1,1
hospital_removal,5787,V32P-A042424,0,0.61119951009750362,0.61932461261749272,0,0
hospital_removal,5788,V32P-A042425,0,0.54041280150413518,0.55549036860466006,0,0
hospital_removal,5789,V32P-A042426,0,0.32826941907405854,0.35638687312602996,0,0
hospital_removal,5790,V32P-A042433,0,0.59934843778610225,0.60612543821334841,0,0
hospital_removal,5791,V32P-A042434,0,0.49578107595443727,0.50474020242691042,0,0
hospital_removal,5792,V32P-A042435,0,0.60032727718353274,0.59874365329742429,0,0
hospital_removal,5793,V32P-A042436,0,0.5214601457118988,0.52575243115425108,0,0
hospital_removal,5794,V32P-A042437,0,0.45608547925949094,0.46749278306961062,0,0
hospital_removal,5795,V32P-A042438,0,0.2659435048699379,0.28586357384920119,0,0
hospital_removal,5796,V32P-A042481,0,0.41238882541656496,0.40399090051650999,0,0
hospital_removal,5797,V32P-A042482,0,0.40259621143341062,0.38994482755661009,0,0
hospital_removal,5798,V32P-A042483,0,0.46267077326774597,0.44511226415634153,0,0
hospital_removal,5799,V32P-A042484,1,0.41327108740806578,0.39395931959152219,0,0
hospital_removal,5800,V32P-A042485,0,0.058162173256278038,0.060586645826697351,0,0
hospital_removal,5801,V32P-A042486,0,0.025445521250367163,0.02702355496585369,0,0
hospital_removal,5802,V32P-A042577,1,0.69067313671112063,0.67073835134506221,1,1
hospital_removal,5803,V32P-A042578,1,0.63418701887130735,0.62176771163940425,1,1
hospital_removal,5804,V32P-A042579,1,0.39647701978683469,0.38496368229389188,0,0
hospital_removal,5805,V32P-A042580,0,0.078431218117475512,0.0809621661901474,0,0
hospital_removal,5806,V32P-A042581,0,0.059778811782598494,0.061869056522846223,0,0
hospital_removal,5807,V32P-A042582,0,0.026531514711678028,0.027656321041285993,0,0
hospital_removal,5808,V32P-A042685,0,0.71243306398391726,0.7202741384506226,1,1
hospital_removal,5809,V32P-A042686,0,0.61599295139312749,0.61396312713623047,0,0
hospital_removal,5810,V32P-A042687,0,0.54428061842918396,0.5336917996406555,0,0
hospital_removal,5811,V32P-A042688,0,0.51313743591308592,0.50481789708137514,0,0
hospital_removal,5812,V32P-A042689,0,0.40945018529891969,0.40143398344516756,0,0
hospital_removal,5813,V32P-A042690,0,0.17841382026672364,0.17653286606073379,0,0
hospital_removal,5814,V32P-A042709,0,0.56842347383499148,0.56620191335678105,0,0
hospital_removal,5815,V32P-A042710,0,0.51942656040191648,0.5169645309448242,0,0
hospital_removal,5816,V32P-A042711,0,0.46384745836257935,0.46089918613433839,0,0
hospital_removal,5817,V32P-A042712,0,0.35105429887771605,0.34822500348091123,0,0
hospital_removal,5818,V32P-A042713,0,0.25969337224960326,0.25748857259750368,0,0
hospital_removal,5819,V32P-A042714,0,0.020331190992146732,0.021662214864045383,0,0
hospital_removal,5820,V32P-A042751,0,0.73035931587219238,0.73738111257553096,1,1
hospital_removal,5821,V32P-A042752,0,0.64257595539093015,0.65193190574645998,1,1
hospital_removal,5822,V32P-A042753,0,0.49303401708602906,0.49645709991455078,0,0
hospital_removal,5823,V32P-A042754,0,0.4802436649799347,0.46669851541519164,0,0
hospital_removal,5824,V32P-A042755,0,0.37668309509754183,0.36274593770503999,0,0
hospital_removal,5825,V32P-A042756,0,0.1550622045993805,0.15271926224231719,0,0
hospital_removal,5826,V32P-A042775,0,0.81422221660614014,0.82229177951812749,1,1
hospital_removal,5827,V32P-A042776,0,0.6874823689460754,0.71134966611862183,1,1
hospital_removal,5828,V32P-A042777,0,0.61757082939147945,0.64142857789993291,0,1
hospital_removal,5829,V32P-A042778,0,0.5530412912368774,0.58032346963882442,0,0
hospital_removal,5830,V32P-A042779,0,0.46150403618812563,0.48908956050872804,0,0
hospital_removal,5831,V32P-A042780,0,0.23085315525531769,0.24258163571357727,0,0
hospital_removal,5832,V32P-A042799,1,0.64599742889404299,0.66800508499145506,1,1
hospital_removal,5833,V32P-A042800,1,0.61389889717102053,0.62887167930603027,0,1
hospital_removal,5834,V32P-A042801,1,0.58687802553176882,0.59672883749008176,0,0
hospital_removal,5835,V32P-A042802,0,0.09174105450510979,0.094622490555047983,0,0
hospital_removal,5836,V32P-A042803,0,0.06663971021771431,0.068707475066184992,0,0
hospital_removal,5837,V32P-A042804,0,0.026967217028141022,0.028260577470064163,0,0
hospital_removal,5838,V32P-A042817,1,0.84421784877777095,0.84451795816421504,1,1
hospital_removal,5839,V32P-A042818,1,0.67693803310394285,0.68087924718856807,1,1
hospital_removal,5840,V32P-A042819,1,0.58928949832916255,0.58914051055908201,0,0
hospital_removal,5841,V32P-A042820,0,0.13367245346307755,0.13742092102766038,0,0
hospital_removal,5842,V32P-A042821,0,0.07684851139783859,0.079875998198986053,0,0
hospital_removal,5843,V32P-A042822,0,0.030965973995625971,0.032876100949943067,0,0
hospital_removal,5844,V32P-A042883,0,0.6367744922637939,0.61362292766571047,1,0
hospital_removal,5845,V32P-A042884,0,0.52228693366050716,0.50706500411033628,0,0
hospital_removal,5846,V32P-A042885,0,0.50956810116767881,0.49347511529922483,0,0
hospital_removal,5847,V32P-A042886,0,0.51174406409263606,0.49704968333244326,0,0
hospital_removal,5848,V32P-A042887,0,0.46556650400161742,0.45232064723968507,0,0
hospital_removal,5849,V32P-A042888,0,0.032559444382786754,0.03461296148598194,0,0
hospital_removal,5850,V32P-A043039,1,0.81904770135879512,0.82929784059524536,1,1
hospital_removal,5851,V32P-A043040,1,0.78603456020355222,0.80720890760421748,1,1
hospital_removal,5852,V32P-A043041,1,0.7052988648414612,0.73247985839843754,1,1
hospital_removal,5853,V32P-A043042,0,0.15011615306138992,0.17236783802509309,0,0
hospital_removal,5854,V32P-A043043,0,0.10879789739847183,0.12301616966724396,0,0
hospital_removal,5855,V32P-A043044,0,0.047054040245711803,0.052066556923091409,0,0
hospital_removal,5856,V32P-A043099,0,0.60483875274658205,0.60957438945770259,0,0
hospital_removal,5857,V32P-A043100,0,0.46132822036743165,0.4767799973487854,0,0
hospital_removal,5858,V32P-A043101,0,0.52858421206474304,0.54103367924690249,0,0
hospital_removal,5859,V32P-A043102,0,0.51283560991287236,0.51779266595840456,0,0
hospital_removal,5860,V32P-A043103,0,0.4424824297428131,0.4505144774913788,0,0
hospital_removal,5861,V32P-A043104,0,0.040977166406810282,0.044064771942794324,0,0
hospital_removal,5862,V32P-A043111,0,0.40647892951965331,0.40071492791175845,0,0
hospital_removal,5863,V32P-A043112,0,0.46843754649162295,0.45459978580474852,0,0
hospital_removal,5864,V32P-A043113,0,0.4504664123058319,0.43286334872245791,0,0
hospital_removal,5865,V32P-A043114,0,0.39303579926490784,0.37318481802940368,0,0
hospital_removal,5866,V32P-A043115,0,0.33328988552093508,0.31392059326171873,0,0
hospital_removal,5867,V32P-A043116,0,0.028541274741291998,0.029815388470888139,0,0
hospital_removal,5868,V32P-A043117,0,0.62006856799125676,0.63655521273612981,1,1
hospital_removal,5869,V32P-A043118,0,0.59759370088577268,0.61442867517471311,0,0
hospital_removal,5870,V32P-A043119,0,0.55233386754989622,0.57714511752128606,0,0
hospital_removal,5871,V32P-A043120,0,0.53781046867370608,0.55036308169364934,0,0
hospital_removal,5872,V32P-A043121,0,0.48158106803894041,0.49319655895233155,0,0
hospital_removal,5873,V32P-A043122,0,0.27205932438373565,0.28698149621486663,0,0
hospital_removal,5874,V32P-A043159,0,0.62766872644424443,0.62734292745590214,1,1
hospital_removal,5875,V32P-A043160,0,0.50615414381027224,0.50518884062767033,0,0
hospital_removal,5876,V32P-A043161,0,0.45196242928504943,0.45009407997131345,0,0
hospital_removal,5877,V32P-A043162,0,0.36886996030807495,0.37160980701446533,0,0
hospital_removal,5878,V32P-A043163,0,0.3618359327316284,0.36234046816825866,0,0
hospital_removal,5879,V32P-A043164,0,0.14407321065664291,0.14648745805025101,0,0
hospital_removal,5880,V32P-A043165,0,0.33162886798381808,0.33411016166210172,0,0
hospital_removal,5881,V32P-A043166,0,0.47672297358512877,0.47831522822380068,0,0
hospital_removal,5882,V32P-A043167,0,0.52023895382881169,0.51281113028526304,0,0
hospital_removal,5883,V32P-A043168,0,0.3919969856739044,0.38864644765853884,0,0
hospital_removal,5884,V32P-A043169,0,0.33301663398742676,0.32849700450897218,0,0
hospital_removal,5885,V32P-A043170,0,0.15175616443157197,0.15522297322750092,0,0
hospital_removal,5886,V32P-A043243,0,0.53298444151878355,0.53000440597534182,0,0
hospital_removal,5887,V32P-A043244,0,0.4384105086326599,0.43608171939849855,0,0
hospital_removal,5888,V32P-A043245,0,0.36099200844764712,0.36079526543617246,0,0
hospital_removal,5889,V32P-A043246,0,0.28651455342769622,0.28717288672924041,0,0
hospital_removal,5890,V32P-A043247,0,0.21805329024791717,0.217617729306221,0,0
hospital_removal,5891,V32P-A043248,0,0.11218243390321732,0.11559691280126572,0,0
hospital_removal,5892,V32P-A043255,1,0.79965144395828247,0.79677077531814577,1,1
hospital_removal,5893,V32P-A043256,1,0.64833699464797978,0.65048687458038335,1,1
hospital_removal,5894,V32P-A043257,1,0.70649755001068115,0.7085338830947876,1,1
hospital_removal,5895,V32P-A043258,0,0.13617918044328689,0.13817082494497299,0,0
hospital_removal,5896,V32P-A043259,0,0.10559160895645618,0.10844872780144214,0,0
hospital_removal,5897,V32P-A043260,0,0.044137998297810552,0.046842781081795695,0,0
hospital_removal,5898,V32P-A043339,0,0.48384748101234437,0.47386650443077089,0,0
hospital_removal,5899,V32P-A043340,0,0.36920840740203859,0.36340294480323793,0,0
hospital_removal,5900,V32P-A043341,0,0.34881576299667361,0.3367178738117218,0,0
hospital_removal,5901,V32P-A043342,0,0.2982562780380249,0.28218597769737241,0,0
hospital_removal,5902,V32P-A043343,0,0.23306773006916046,0.22108667492866516,0,0
hospital_removal,5903,V32P-A043344,0,0.10409943908452987,0.10110059976577759,0,0
hospital_removal,5904,V32P-A043375,0,0.36886357665061953,0.38104848265647889,0,0
hospital_removal,5905,V32P-A043376,0,0.40983043313026429,0.41369883418083192,0,0
hospital_removal,5906,V32P-A043377,0,0.40037592649459841,0.40091304779052733,0,0
hospital_removal,5907,V32P-A043378,0,0.34101074337959292,0.34056089520454408,0,0
hospital_removal,5908,V32P-A043379,0,0.28713318705558777,0.2859193027019501,0,0
hospital_removal,5909,V32P-A043380,0,0.14134459644556047,0.13880430907011032,0,0
hospital_removal,5910,V32P-A043387,0,0.69303884506225588,0.70513669252395628,1,1
hospital_removal,5911,V32P-A043388,0,0.60014903545379639,0.61244126558303835,0,0
hospital_removal,5912,V32P-A043389,0,0.58241945505142212,0.59310551881790163,0,0
hospital_removal,5913,V32P-A043390,0,0.5020246744155884,0.51018532514572146,0,0
hospital_removal,5914,V32P-A043391,0,0.42725158333778379,0.43659570217132571,0,0
hospital_removal,5915,V32P-A043392,0,0.21731766611337661,0.22088659852743148,0,0
hospital_removal,5916,V32P-A043405,0,0.55287441611289978,0.56222093701362608,0,0
hospital_removal,5917,V32P-A043406,0,0.57070134878158574,0.57530398368835445,0,0
hospital_removal,5918,V32P-A043407,0,0.56000028848648076,0.56402385234832764,0,0
hospital_removal,5919,V32P-A043408,0,0.56573005914688113,0.57024562358856201,0,0
hospital_removal,5920,V32P-A043409,0,0.48253496289253234,0.49288188815116885,0,0
hospital_removal,5921,V32P-A043410,0,0.233073890209198,0.25479742884635925,0,0
hospital_removal,5922,V32P-A043417,0,0.41384410262107851,0.42162190079689027,0,0
hospital_removal,5923,V32P-A043418,0,0.37680785655975341,0.38502957224845885,0,0
hospital_removal,5924,V32P-A043419,0,0.35105530023574827,0.35752105116844179,0,0
hospital_removal,5925,V32P-A043420,0,0.28420309126377108,0.29037318527698519,0,0
hospital_removal,5926,V32P-A043421,0,0.22205334901809692,0.2284141480922699,0,0
hospital_removal,5927,V32P-A043422,0,0.095723569393157959,0.099923186004161835,0,0
hospital_removal,5928,V32P-A043495,1,0.56920778155326845,0.57638128399848942,0,0
hospital_removal,5929,V32P-A043496,1,0.41898309290409086,0.43013953268527982,0,0
hospital_removal,5930,V32P-A043497,0,0.060822594910860062,0.067684151977300641,0,0
hospital_removal,5931,V32P-A043498,0,0.065752874314785006,0.075460785627365107,0,0
hospital_removal,5932,V32P-A043499,0,0.037223587743937969,0.041265747509896755,0,0
hospital_removal,5933,V32P-A043500,0,0.016250542225316168,0.017939891712740064,0,0
hospital_removal,5934,V32P-A043561,0,0.76930478811264036,0.76846897602081299,1,1
hospital_removal,5935,V32P-A043562,0,0.66357370615005495,0.66486179828643799,1,1
hospital_removal,5936,V32P-A043563,0,0.63469973802566526,0.6328872919082642,1,1
hospital_removal,5937,V32P-A043564,1,0.56818780899047849,0.56697003841400151,0,0
hospital_removal,5938,V32P-A043565,0,0.084709958732128138,0.088991457223892206,0,0
hospital_removal,5939,V32P-A043566,0,0.03339253142476082,0.035792847722768785,0,0
hospital_removal,5940,V32P-A043573,0,0.6731062173843384,0.68087326288223271,1,1
hospital_removal,5941,V32P-A043574,0,0.50341340899467468,0.51173486113548283,0,0
hospital_removal,5942,V32P-A043575,0,0.50128448605537412,0.50097313523292542,0,0
hospital_removal,5943,V32P-A043576,0,0.48794243335723875,0.48330051302909849,0,0
hospital_removal,5944,V32P-A043577,0,0.4979098618030548,0.49352926611900327,0,0
hospital_removal,5945,V32P-A043578,0,0.23450189530849458,0.23469813168048859,0,0
hospital_removal,5946,V32P-A043585,0,0.6490042924880981,0.64861501455307002,1,1
hospital_removal,5947,V32P-A043586,0,0.49507944583892821,0.49300221800804139,0,0
hospital_removal,5948,V32P-A043587,0,0.4234308421611786,0.42400361299514772,0,0
hospital_removal,5949,V32P-A043588,0,0.32009361088275912,0.32375532686710357,0,0
hospital_removal,5950,V32P-A043589,0,0.24539671242237091,0.24884155690670012,0,0
hospital_removal,5951,V32P-A043590,0,0.10673674121499062,0.10968031659722328,0,0
hospital_removal,5952,V32P-A043639,0,0.51684654355049131,0.51904775500297551,0,0
hospital_removal,5953,V32P-A043640,0,0.51041287183761597,0.50750542283058164,0,0
hospital_removal,5954,V32P-A043641,0,0.42523152828216554,0.41863802671432493,0,0
hospital_removal,5955,V32P-A043642,0,0.44786191582679746,0.44064664244651797,0,0
hospital_removal,5956,V32P-A043643,1,0.29404518306255339,0.29323494732379912,0,0
hospital_removal,5957,V32P-A043644,0,0.021694772411137819,0.023509084340184928,0,0
hospital_removal,5958,V32P-A043657,0,0.49379565715789797,0.4960255980491638,0,0
hospital_removal,5959,V32P-A043658,0,0.51337981224060059,0.51582323312759404,0,0
hospital_removal,5960,V32P-A043659,0,0.52545298337936397,0.52673740386962886,0,0
hospital_removal,5961,V32P-A043660,0,0.49635382294654845,0.50093773007392883,0,0
hospital_removal,5962,V32P-A043661,0,0.45269361734390257,0.46569219827651975,0,0
hospital_removal,5963,V32P-A043662,0,0.26267797350883482,0.27470946907997129,0,0
hospital_removal,5964,V32P-A043711,0,0.66473133563995357,0.63911610841751099,1,1
hospital_removal,5965,V32P-A043712,0,0.43034788966178894,0.420876145362854,0,0
hospital_removal,5966,V32P-A043713,0,0.39511381983757021,0.37211203575134277,0,0
hospital_removal,5967,V32P-A043714,0,0.30520723760128021,0.29083752930164336,0,0
hospital_removal,5968,V32P-A043715,0,0.23652072250843048,0.22848667800426484,0,0
hospital_removal,5969,V32P-A043716,0,0.10609003454446793,0.10535181760787964,0,0
hospital_removal,5970,V32P-A043765,0,0.59801991581916814,0.63124437928199773,0,1
hospital_removal,5971,V32P-A043766,0,0.5489655673503876,0.58437468409538273,0,0
hospital_removal,5972,V32P-A043767,0,0.4398098111152649,0.47470289468765259,0,0
hospital_removal,5973,V32P-A043768,0,0.37145748734474182,0.40517630577087405,0,0
hospital_removal,5974,V32P-A043769,0,0.30308547914028167,0.33153498470783233,0,0
hospital_removal,5975,V32P-A043770,0,0.14273766502738,0.16118289157748222,0,0
hospital_removal,5976,V32P-A043783,0,0.69881032705307011,0.69544577598571777,1,1
hospital_removal,5977,V32P-A043784,0,0.49418598413467407,0.49290410280227659,0,0
hospital_removal,5978,V32P-A043785,0,0.41526376008987426,0.4138918101787567,0,0
hospital_removal,5979,V32P-A043786,0,0.42588929533958436,0.4257409691810608,0,0
hospital_removal,5980,V32P-A043787,0,0.30441603809595108,0.30008921772241592,0,0
hospital_removal,5981,V32P-A043788,0,0.14164518751204014,0.14003653563559054,0,0
hospital_removal,5982,V32P-A043849,0,0.81555665731430049,0.81722553968429568,1,1
hospital_removal,5983,V32P-A043850,0,0.6545863151550293,0.66701204776763912,1,1
hospital_removal,5984,V32P-A043851,0,0.62301976680755611,0.63703980445861819,1,1
hospital_removal,5985,V32P-A043852,0,0.64822074174880984,0.65649075508117671,1,1
hospital_removal,5986,V32P-A043853,0,0.58248528242111208,0.59312112331390376,0,0
hospital_removal,5987,V32P-A043854,0,0.32635776400566102,0.34254336655139922,0,0
hospital_removal,5988,V32P-A043867,0,0.68176416158676145,0.69178305864334111,1,1
hospital_removal,5989,V32P-A043868,0,0.59726371765136721,0.61719217300415041,0,0
hospital_removal,5990,V32P-A043869,0,0.58134506344795223,0.59228613972663879,0,0
hospital_removal,5991,V32P-A043870,0,0.51172745227813721,0.51915134191513057,0,0
hospital_removal,5992,V32P-A043871,0,0.42889569401741029,0.43712533712387086,0,0
hospital_removal,5993,V32P-A043872,0,0.18640228062868119,0.19225793033838273,0,0
hospital_removal,5994,V32P-A043891,0,0.72146903276443486,0.72648633718490596,1,1
hospital_removal,5995,V32P-A043892,0,0.65412366390228271,0.6484703063964844,1,1
hospital_removal,5996,V32P-A043893,0,0.53849114775657658,0.53008836507797241,0,0
hospital_removal,5997,V32P-A043894,0,0.57108249664306643,0.56171811819076534,0,0
hospital_removal,5998,V32P-A043895,0,0.56648405790328982,0.55493358373641966,0,0
hospital_removal,5999,V32P-A043896,0,0.35259117186069489,0.34740408360958097,0,0
hospital_removal,6000,V32P-A043897,0,0.6877156734466553,0.67747528553009029,1,1
hospital_removal,6001,V32P-A043898,0,0.48848816752433777,0.49052965044975283,0,0
hospital_removal,6002,V32P-A043899,0,0.59220534563064575,0.58738644123077388,0,0
hospital_removal,6003,V32P-A043900,0,0.5421190738677979,0.53853328227996822,0,0
hospital_removal,6004,V32P-A043901,0,0.38399100899696348,0.39003602266311643,0,0
hospital_removal,6005,V32P-A043902,0,0.17015603035688401,0.17800808995962142,0,0
hospital_removal,6006,V32P-A043903,0,0.44778230190277102,0.4442813813686371,0,0
hospital_removal,6007,V32P-A043904,0,0.45228826403617861,0.44780631065368653,0,0
hospital_removal,6008,V32P-A043905,0,0.41195364594459533,0.40138959884643555,0,0
hospital_removal,6009,V32P-A043906,0,0.33774221539497373,0.32233966588974,0,0
hospital_removal,6010,V32P-A043907,0,0.2995786339044571,0.28417446911334993,0,0
hospital_removal,6011,V32P-A043908,0,0.14779701232910156,0.14313068687915803,0,0
hospital_removal,6012,V32P-A043933,0,0.48197941184043885,0.47329748868942262,0,0
hospital_removal,6013,V32P-A043934,0,0.51191294789314268,0.49895552992820741,0,0
hospital_removal,6014,V32P-A043935,0,0.52039251923561092,0.50370828509330745,0,0
hospital_removal,6015,V32P-A043936,0,0.45251348614692688,0.42986065149307251,0,0
hospital_removal,6016,V32P-A043937,0,0.37887180447578428,0.35844312310218812,0,0
hospital_removal,6017,V32P-A043938,0,0.18120769858360292,0.17566426396369933,0,0
hospital_removal,6018,V32P-A043987,0,0.62912158966064458,0.61053322553634648,1,0
hospital_removal,6019,V32P-A043988,0,0.50586599707603452,0.48618198633193971,0,0
hospital_removal,6020,V32P-A043989,0,0.39464152455329893,0.38181028366088865,0,0
hospital_removal,6021,V32P-A043990,0,0.34794755876064298,0.3385849207639694,0,0
hospital_removal,6022,V32P-A043991,0,0.32747423946857451,0.31654740273952486,0,0
hospital_removal,6023,V32P-A043992,0,0.17316385507583618,0.17091836631298066,0,0
hospital_removal,6024,V32P-A043993,0,0.60859384536743166,0.61302603483200069,0,0
hospital_removal,6025,V32P-A043994,0,0.59783034324646001,0.60517526865005489,0,0
hospital_removal,6026,V32P-A043995,0,0.64114302396774292,0.642896580696106,1,1
hospital_removal,6027,V32P-A043996,0,0.58277779817581177,0.5844109892845154,0,0
hospital_removal,6028,V32P-A043997,0,0.52023729681968689,0.52100661396980286,0,0
hospital_removal,6029,V32P-A043998,0,0.29315319359302522,0.29722030460834503,0,0
hospital_removal,6030,V32P-A044005,0,0.74527300596237178,0.74508235454559324,1,1
hospital_removal,6031,V32P-A044006,0,0.68582054376602175,0.68087120056152339,1,1
hospital_removal,6032,V32P-A044007,0,0.61652141809463501,0.60822016000747681,0,0
hospital_removal,6033,V32P-A044008,0,0.56641391515731809,0.56040900945663452,0,0
hospital_removal,6034,V32P-A044009,0,0.56121557950973511,0.55354325771331792,0,0
hospital_removal,6035,V32P-A044010,0,0.28407698273658755,0.28312371969223021,0,0
hospital_removal,6036,V32P-A044035,0,0.6250036358833313,0.63070260286331181,1,1
hospital_removal,6037,V32P-A044036,0,0.64542845487594602,0.6508232474327087,1,1
hospital_removal,6038,V32P-A044037,0,0.55586040616035459,0.56799646019935612,0,0
hospital_removal,6039,V32P-A044038,0,0.55965371727943425,0.56356596350669863,0,0
hospital_removal,6040,V32P-A044039,0,0.50486815571784971,0.51006095409393315,0,0
hospital_removal,6041,V32P-A044040,0,0.26362309157848357,0.27364669740200043,0,0
hospital_removal,6042,V32P-A044077,0,0.44371162056922914,0.45074033141136172,0,0
hospital_removal,6043,V32P-A044078,0,0.43761923909187317,0.43880978226661682,0,0
hospital_removal,6044,V32P-A044079,0,0.3871916949748993,0.38450121283531191,0,0
hospital_removal,6045,V32P-A044080,0,0.32085660696029661,0.31355143785476686,0,0
hospital_removal,6046,V32P-A044081,0,0.25979886353015902,0.24938351213932036,0,0
hospital_removal,6047,V32P-A044082,0,0.11672507822513581,0.11836589574813842,0,0
hospital_removal,6048,V32P-A044125,0,0.75998815298080447,0.76816132068634035,1,1
hospital_removal,6049,V32P-A044126,0,0.66356766223907471,0.67418705224990849,1,1
hospital_removal,6050,V32P-A044127,0,0.58399021029472353,0.59226922392845149,0,0
hospital_removal,6051,V32P-A044128,0,0.51318903565406804,0.51775794029235844,0,0
hospital_removal,6052,V32P-A044129,0,0.41714779138565061,0.42049908638000488,0,0
hospital_removal,6053,V32P-A044130,0,0.19134329706430436,0.19401425570249559,0,0
hospital_removal,6054,V32P-A044167,0,0.44040574431419371,0.44053092002868655,0,0
hospital_removal,6055,V32P-A044168,0,0.44704453349113465,0.4427252233028412,0,0
hospital_removal,6056,V32P-A044169,0,0.39288094639778137,0.38529136180877688,0,0
hospital_removal,6057,V32P-A044170,0,0.31440902948379518,0.30923436284065248,0,0
hospital_removal,6058,V32P-A044171,0,0.24188544154167174,0.23844341039657593,0,0
hospital_removal,6059,V32P-A044172,0,0.099553324282169342,0.09970448911190033,0,0
hospital_removal,6060,V32P-A044185,0,0.48528816699981692,0.48644721508026123,0,0
hospital_removal,6061,V32P-A044186,0,0.39992385506629946,0.40541486740112304,0,0
hospital_removal,6062,V32P-A044187,0,0.35525730848312376,0.35790463685989382,0,0
hospital_removal,6063,V32P-A044188,0,0.29226413369178772,0.29313769340515139,0,0
hospital_removal,6064,V32P-A044189,0,0.22515926957130433,0.22920379042625427,0,0
hospital_removal,6065,V32P-A044190,0,0.095395562052726743,0.10176893472671508,0,0
hospital_removal,6066,V32P-A044209,0,0.4422967553138733,0.44779143333435056,0,0
hospital_removal,6067,V32P-A044210,0,0.43526117205619813,0.4407808780670166,0,0
hospital_removal,6068,V32P-A044211,0,0.40418303608894346,0.40957542061805724,0,0
hospital_removal,6069,V32P-A044212,0,0.33478571176528932,0.33967548012733462,0,0
hospital_removal,6070,V32P-A044213,0,0.27602177858352661,0.28217039704322816,0,0
hospital_removal,6071,V32P-A044214,0,0.12636923193931579,0.13133857548236846,0,0
hospital_removal,6072,V32P-A044251,0,0.71919258832931521,0.72265129089355473,1,1
hospital_removal,6073,V32P-A044252,0,0.61980711221694951,0.62182276248931889,0,1
hospital_removal,6074,V32P-A044253,0,0.55975227952003481,0.55665960907936096,0,0
hospital_removal,6075,V32P-A044254,0,0.49826937317848208,0.48945248723030088,0,0
hospital_removal,6076,V32P-A044255,0,0.42840657830238343,0.4190489172935486,0,0
hospital_removal,6077,V32P-A044256,0,0.20584636181592941,0.2014279469847679,0,0
hospital_removal,6078,V32P-A044263,0,0.56684227585792546,0.55706267952919009,0,0
hospital_removal,6079,V32P-A044264,0,0.67345165014266972,0.65857253074645994,1,1
hospital_removal,6080,V32P-A044265,0,0.41986050009727477,0.40650099515914917,0,0
hospital_removal,6081,V32P-A044266,1,0.35282736420631411,0.34400789141654969,0,0
hospital_removal,6082,V32P-A044267,0,0.059039087593555452,0.060062766820192334,0,0
hospital_removal,6083,V32P-A044268,0,0.027066901046782731,0.027835403103381395,0,0
hospital_removal,6084,V32P-A044413,0,0.53619851469993596,0.54623382687568667,0,0
hospital_removal,6085,V32P-A044414,0,0.4451893985271454,0.45305802226066588,0,0
hospital_removal,6086,V32P-A044415,0,0.39677973985671999,0.39427518844604492,0,0
hospital_removal,6087,V32P-A044416,0,0.32422176301479338,0.3218636602163315,0,0
hospital_removal,6088,V32P-A044417,0,0.24809246063232421,0.24843302965164185,0,0
hospital_removal,6089,V32P-A044418,0,0.1128396786749363,0.11524792388081551,0,0
hospital_removal,6090,V32P-A044437,0,0.62959980964660645,0.63950610160827637,1,1
hospital_removal,6091,V32P-A044438,0,0.6179003119468689,0.62380615472793577,0,1
hospital_removal,6092,V32P-A044439,0,0.64905154705047607,0.64475611448287962,1,1
hospital_removal,6093,V32P-A044440,0,0.63825836181640627,0.6306530237197876,1,1
hospital_removal,6094,V32P-A044441,0,0.50587292313575749,0.4975227415561676,0,0
hospital_removal,6095,V32P-A044442,0,0.30362032353878021,0.3015798658132553,0,0
hospital_removal,6096,V32P-A044473,0,0.57310991883277895,0.58880546689033508,0,0
hospital_removal,6097,V32P-A044474,0,0.46619992852211001,0.4921099007129669,0,0
hospital_removal,6098,V32P-A044475,0,0.53215826749801631,0.55669038295745854,0,0
hospital_removal,6099,V32P-A044476,0,0.35952959060668943,0.37636133432388308,0,0
hospital_removal,6100,V32P-A044477,0,0.28406388759613038,0.29434899389743807,0,0
hospital_removal,6101,V32P-A044478,0,0.146527449041605,0.15123859271407128,0,0
hospital_removal,6102,V32P-A044587,0,0.78149640560150146,0.78802099227905276,1,1
hospital_removal,6103,V32P-A044588,0,0.6349928498268127,0.65415067672729488,1,1
hospital_removal,6104,V32P-A044589,0,0.54861865043640134,0.57104018926620481,0,0
hospital_removal,6105,V32P-A044590,0,0.5929642915725708,0.60761601924896236,0,0
hospital_removal,6106,V32P-A044591,0,0.44363608956336975,0.4643629014492035,0,0
hospital_removal,6107,V32P-A044592,0,0.26488182246685027,0.27392318844795227,0,0
hospital_removal,6108,V32P-A044617,1,0.70142484903335567,0.71643530130386357,1,1
hospital_removal,6109,V32P-A044618,1,0.67738813161849976,0.69102128744125368,1,1
hospital_removal,6110,V32P-A044619,1,0.70476365089416504,0.71129149198532104,1,1
hospital_removal,6111,V32P-A044620,0,0.10268343687057495,0.11106920540332794,0,0
hospital_removal,6112,V32P-A044621,0,0.06883533596992493,0.07526145875453949,0,0
hospital_removal,6113,V32P-A044622,0,0.026083499193191528,0.028957269713282587,0,0
hospital_removal,6114,V32P-A044629,0,0.606244295835495,0.60170715451240542,0,0
hospital_removal,6115,V32P-A044630,0,0.41754187643527985,0.42439757883548734,0,0
hospital_removal,6116,V32P-A044631,0,0.52025715112686155,0.51689261198043823,0,0
hospital_removal,6117,V32P-A044632,0,0.41354789733886721,0.41491731405258181,0,0
hospital_removal,6118,V32P-A044633,1,0.27971906661987306,0.28237449526786806,0,0
hospital_removal,6119,V32P-A044634,0,0.019037275947630404,0.020492814853787421,0,0
hospital_removal,6120,V32P-A044641,0,0.68303190469741826,0.6871303915977478,1,1
hospital_removal,6121,V32P-A044642,0,0.63698602914810176,0.63846288919448857,1,1
hospital_removal,6122,V32P-A044643,0,0.61311242580413816,0.61276834011077885,0,0
hospital_removal,6123,V32P-A044644,1,0.5228877484798431,0.52241181731224062,0,0
hospital_removal,6124,V32P-A044645,0,0.064729802310466766,0.067884884774684906,0,0
hospital_removal,6125,V32P-A044646,0,0.027151959389448165,0.029135413095355035,0,0
hospital_removal,6126,V32P-A044647,0,0.60276816487312312,0.61357340216636658,0,0
hospital_removal,6127,V32P-A044648,0,0.50721721649169926,0.51610294580459593,0,0
hospital_removal,6128,V32P-A044649,0,0.45730049610137941,0.46426597237586975,0,0
hospital_removal,6129,V32P-A044650,0,0.39389228820800781,0.39739804863929751,0,0
hospital_removal,6130,V32P-A044651,0,0.32182446420192717,0.3225221961736679,0,0
hospital_removal,6131,V32P-A044652,0,0.17402718961238861,0.17346756160259247,0,0
hospital_removal,6132,V32P-A044665,0,0.44194022417068479,0.46074582338333131,0,0
hospital_removal,6133,V32P-A044666,0,0.41036071777343752,0.42729802131652833,0,0
hospital_removal,6134,V32P-A044667,0,0.38052328526973722,0.39286671578884125,0,0
hospital_removal,6135,V32P-A044668,0,0.30996800661087037,0.32188782691955564,0,0
hospital_removal,6136,V32P-A044669,0,0.23991377651691437,0.25082373321056367,0,0
hospital_removal,6137,V32P-A044670,0,0.10429360941052437,0.11242839768528938,0,0
hospital_removal,6138,V32P-A044731,1,0.83467602729797363,0.82994346618652348,1,1
hospital_removal,6139,V32P-A044732,1,0.64472426176071163,0.66857123374938965,1,1
hospital_removal,6140,V32P-A044733,1,0.75779346227645872,0.77198436260223391,1,1
hospital_removal,6141,V32P-A044734,0,0.15985697060823439,0.1781095489859581,0,0
hospital_removal,6142,V32P-A044735,0,0.12400468960404396,0.13556692898273467,0,0
hospital_removal,6143,V32P-A044736,0,0.061134768649935722,0.06459473334252834,0,0
hospital_removal,6144,V32P-A044749,0,0.63596267700195308,0.64378987550735478,1,1
hospital_removal,6145,V32P-A044750,0,0.63072311878204346,0.63397969007492061,1,1
hospital_removal,6146,V32P-A044751,0,0.60385262966156006,0.60388747453689573,0,0
hospital_removal,6147,V32P-A044752,0,0.56723598837852474,0.56451884508132932,0,0
hospital_removal,6148,V32P-A044753,0,0.51066035628318784,0.50972181558609009,0,0
hospital_removal,6149,V32P-A044754,0,0.044691326469182967,0.046872564777731898,0,0
hospital_removal,6150,V32P-A044773,0,0.64265142679214482,0.64375765323638912,1,1
hospital_removal,6151,V32P-A044774,0,0.48563973307609559,0.49107252955436709,0,0
hospital_removal,6152,V32P-A044775,0,0.43580244779586791,0.44027247428894045,0,0
hospital_removal,6153,V32P-A044776,0,0.43603608608245847,0.43912079334259035,0,0
hospital_removal,6154,V32P-A044777,0,0.31595138609409334,0.32327965199947356,0,0
hospital_removal,6155,V32P-A044778,0,0.15808653980493545,0.16562353819608688,0,0
hospital_removal,6156,V32P-A044797,0,0.44736507534980774,0.45255905389785767,0,0
hospital_removal,6157,V32P-A044798,0,0.46209663748741148,0.46625291705131533,0,0
hospital_removal,6158,V32P-A044799,0,0.44913851618766787,0.45116817355155947,0,0
hospital_removal,6159,V32P-A044800,0,0.39628121852874754,0.39582110643386842,0,0
hospital_removal,6160,V32P-A044801,0,0.33954210281372071,0.33868933320045469,0,0
hospital_removal,6161,V32P-A044802,0,0.16990507841110231,0.17008832991123199,0,0
hospital_removal,6162,V32P-A044947,0,0.74676811695098877,0.73824194669723509,1,1
hospital_removal,6163,V32P-A044948,0,0.56884055137634282,0.57025529146194454,0,0
hospital_removal,6164,V32P-A044949,0,0.51859733462333679,0.51300292611122134,0,0
hospital_removal,6165,V32P-A044950,0,0.39813581705093382,0.38428466320037841,0,0
hospital_removal,6166,V32P-A044951,0,0.40933021306991579,0.39897757172584536,0,0
hospital_removal,6167,V32P-A044952,0,0.17194918692111968,0.17042309045791626,0,0
hospital_removal,6168,V32P-A045013,0,0.66635271310806277,0.67702617645263674,1,1
hospital_removal,6169,V32P-A045014,0,0.53283962607383728,0.55252609848976131,0,0
hospital_removal,6170,V32P-A045015,0,0.52661758065223696,0.54293480515480042,0,0
hospital_removal,6171,V32P-A045016,0,0.4673369824886322,0.48097251057624818,0,0
hospital_removal,6172,V32P-A045017,0,0.36927441358566282,0.38181087374687195,0,0
hospital_removal,6173,V32P-A045018,0,0.14954534769058228,0.15910003781318666,0,0
hospital_removal,6174,V32P-A045037,0,0.6295749425888062,0.65257210731506343,1,1
hospital_removal,6175,V32P-A045038,0,0.6244725823402405,0.64190797805786137,1,1
hospital_removal,6176,V32P-A045039,0,0.55069917440414429,0.56061533689498899,0,0
hospital_removal,6177,V32P-A045040,0,0.45625411272048949,0.4629600763320923,0,0
hospital_removal,6178,V32P-A045041,0,0.37480658888816831,0.38079184293746948,0,0
hospital_removal,6179,V32P-A045042,0,0.14169294238090516,0.14957643151283265,0,0
hospital_removal,6180,V32P-A045043,0,0.68739988803863528,0.69348095655441289,1,1
hospital_removal,6181,V32P-A045044,0,0.51984174847602849,0.52636055350303645,0,0
hospital_removal,6182,V32P-A045045,0,0.42523784637451173,0.43108313083648681,0,0
hospital_removal,6183,V32P-A045046,0,0.28218325376510622,0.28674860596656798,0,0
hospital_removal,6184,V32P-A045047,0,0.19772807955741883,0.20070018172264098,0,0
hospital_removal,6185,V32P-A045048,0,0.07372869029641152,0.075175445526838303,0,0
hospital_removal,6186,V32P-A045085,0,0.46279991865158082,0.45886871814727781,0,0
hospital_removal,6187,V32P-A045086,0,0.41995211839675906,0.42318142652511598,0,0
hospital_removal,6188,V32P-A045087,0,0.41080918908119202,0.3994507849216461,0,0
hospital_removal,6189,V32P-A045088,0,0.33633830547332766,0.32435849905014036,0,0
hospital_removal,6190,V32P-A045089,0,0.27002499699592591,0.25947370529174807,0,0
hospital_removal,6191,V32P-A045090,0,0.12264809906482696,0.12095439732074738,0,0
hospital_removal,6192,V32P-A045163,0,0.6786661028862,0.68813639879226685,1,1
hospital_removal,6193,V32P-A045164,0,0.56455537080764773,0.5747651338577271,0,0
hospital_removal,6194,V32P-A045165,0,0.51680128574371342,0.52481468915939333,0,0
hospital_removal,6195,V32P-A045166,0,0.41987572908401488,0.42595516443252562,0,0
hospital_removal,6196,V32P-A045167,0,0.33651834130287173,0.34045411944389342,0,0
hospital_removal,6197,V32P-A045168,0,0.15145898759365081,0.15314612686634063,0,0
hospital_removal,6198,V32P-A045199,0,0.53139678835868831,0.56035326123237605,0,0
hospital_removal,6199,V32P-A045200,0,0.54818845391273496,0.57164834141731258,0,0
hospital_removal,6200,V32P-A045201,0,0.5150582075119019,0.52997049689292908,0,0
hospital_removal,6201,V32P-A045202,0,0.44127106666564941,0.45022932887077333,0,0
hospital_removal,6202,V32P-A045203,0,0.36134071052074435,0.36698444187641144,0,0
hospital_removal,6203,V32P-A045204,0,0.17117226421833037,0.17344750463962555,0,0
hospital_removal,6204,V32P-A045259,0,0.70146925449371333,0.69493645429611206,1,1
hospital_removal,6205,V32P-A045260,0,0.5572023212909698,0.56033205389976504,0,0
hospital_removal,6206,V32P-A045261,0,0.63762059211730959,0.63409998416900637,1,1
hospital_removal,6207,V32P-A045262,0,0.47706519961357119,0.47577669620513918,0,0
hospital_removal,6208,V32P-A045263,0,0.39255295097827914,0.39127334058284757,0,0
hospital_removal,6209,V32P-A045264,0,0.19201916158199311,0.19570599198341371,0,0
hospital_removal,6210,V32P-A045325,0,0.62768976688385014,0.60959188938140874,1,0
hospital_removal,6211,V32P-A045326,0,0.63844060897827148,0.62423233985900883,1,1
hospital_removal,6212,V32P-A045327,0,0.64945501089096069,0.63512551784515381,1,1
hospital_removal,6213,V32P-A045328,0,0.59495853185653691,0.58040167093276973,0,0
hospital_removal,6214,V32P-A045329,0,0.54106758832931523,0.52726117968559261,0,0
hospital_removal,6215,V32P-A045330,0,0.3305992126464844,0.32774044573307037,0,0
hospital_removal,6216,V32P-A045337,0,0.67388444542884829,0.69137654900550838,1,1
hospital_removal,6217,V32P-A045338,0,0.56564879417419434,0.59387986660003667,0,0
hospital_removal,6218,V32P-A045339,0,0.47078260779380798,0.5053859174251556,0,0
hospital_removal,6219,V32P-A045340,0,0.33857856392860414,0.38901570439338684,0,0
hospital_removal,6220,V32P-A045341,0,0.25527174174785616,0.3078626126050949,0,0
hospital_removal,6221,V32P-A045342,0,0.1119884666055441,0.13314501754939556,0,0
hospital_removal,6222,V32P-A045361,0,0.30658324062824249,0.32604462802410128,0,0
hospital_removal,6223,V32P-A045362,0,0.35441232323646543,0.36951958537101748,0,0
hospital_removal,6224,V32P-A045363,0,0.36546071767807009,0.37520748972892759,0,0
hospital_removal,6225,V32P-A045364,0,0.30487498641014099,0.31495718955993651,0,0
hospital_removal,6226,V32P-A045365,0,0.25088168382644654,0.26085361242294314,0,0
hospital_removal,6227,V32P-A045366,0,0.11542299985885621,0.12852844297885896,0,0
hospital_removal,6228,V32P-A045457,0,0.68991659879684453,0.68753829002380373,1,1
hospital_removal,6229,V32P-A045458,0,0.57604990005493162,0.57060649394989016,0,0
hospital_removal,6230,V32P-A045459,0,0.50700013041496272,0.50069202780723576,0,0
hospital_removal,6231,V32P-A045460,0,0.42913210988044737,0.42129442095756531,0,0
hospital_removal,6232,V32P-A045461,0,0.35314182043075559,0.34839691519737243,0,0
hospital_removal,6233,V32P-A045462,0,0.029909844137728216,0.031207202188670635,0,0
hospital_removal,6234,V32P-A045469,0,0.69550318717956539,0.69347336292266848,1,1
hospital_removal,6235,V32P-A045470,0,0.63833562135696409,0.6408238410949707,1,1
hospital_removal,6236,V32P-A045471,0,0.66775075197219846,0.66763608455657963,1,1
hospital_removal,6237,V32P-A045472,0,0.68714790344238286,0.68100758790969851,1,1
hospital_removal,6238,V32P-A045473,1,0.57703940272331233,0.5752058267593384,0,0
hospital_removal,6239,V32P-A045474,0,0.041555895842611788,0.043844703957438468,0,0
hospital_removal,6240,V32P-A045523,0,0.4286171317100525,0.41639026999473572,0,0
hospital_removal,6241,V32P-A045524,0,0.40751117467880249,0.39570240974426268,0,0
hospital_removal,6242,V32P-A045525,0,0.38064826130867002,0.36826207041740416,0,0
hospital_removal,6243,V32P-A045526,0,0.31997432708740237,0.30851136445999144,0,0
hospital_removal,6244,V32P-A045527,0,0.25339565277099607,0.24423299431800843,0,0
hospital_removal,6245,V32P-A045528,0,0.1164748415350914,0.11372222900390624,0,0
hospital_removal,6246,V32P-A045583,0,0.4973915755748749,0.50355948805809025,0,0
hospital_removal,6247,V32P-A045584,0,0.44679169058799745,0.45417086482048036,0,0
hospital_removal,6248,V32P-A045585,0,0.46338741183280946,0.46463885903358459,0,0
hospital_removal,6249,V32P-A045586,0,0.414928138256073,0.41687829494476319,0,0
hospital_removal,6250,V32P-A045587,1,0.35136050879955294,0.35324373543262483,0,0
hospital_removal,6251,V32P-A045588,0,0.025757108256220816,0.029975442588329314,0,0
hospital_removal,6252,V32P-A045619,0,0.54596682786941531,0.53909993171691895,0,0
hospital_removal,6253,V32P-A045620,0,0.50901219844818113,0.50089994668960569,0,0
hospital_removal,6254,V32P-A045621,0,0.47729062438011172,0.46867572665214541,0,0
hospital_removal,6255,V32P-A045622,0,0.39260908365249636,0.38370807766914367,0,0
hospital_removal,6256,V32P-A045623,0,0.31649452745914458,0.31099345982074739,0,0
hospital_removal,6257,V32P-A045624,0,0.02344478163868189,0.025911098532378673,0,0
hospital_removal,6258,V32P-A045697,0,0.78918526172637937,0.78072462081909177,1,1
hospital_removal,6259,V32P-A045698,0,0.63288053274154665,0.6211350202560425,1,1
hospital_removal,6260,V32P-A045699,0,0.66431977748870852,0.6500118494033813,1,1
hospital_removal,6261,V32P-A045700,0,0.52361497282981873,0.50624837279319768,0,0
hospital_removal,6262,V32P-A045701,0,0.5375433743000031,0.51845288872718809,0,0
hospital_removal,6263,V32P-A045702,0,0.27290453314781188,0.26968407332897187,0,0
hospital_removal,6264,V32P-A045811,0,0.62139402627944951,0.62364426851272581,1,1
hospital_removal,6265,V32P-A045812,0,0.56279366016387944,0.55845075845718384,0,0
hospital_removal,6266,V32P-A045813,0,0.40861862897872925,0.39668891429901121,0,0
hospital_removal,6267,V32P-A045814,0,0.34453150928020476,0.33660013973712921,0,0
hospital_removal,6268,V32P-A045815,0,0.32333746552467346,0.31662402153015134,0,0
hospital_removal,6269,V32P-A045816,0,0.15546747297048569,0.15728965252637864,0,0
hospital_removal,6270,V32P-A045841,0,0.62459034919738765,0.62222951650619507,1,1
hospital_removal,6271,V32P-A045842,0,0.46264201402664185,0.46358736753463747,0,0
hospital_removal,6272,V32P-A045843,0,0.37096228003501891,0.37085902690887451,0,0
hospital_removal,6273,V32P-A045844,0,0.35746200680732726,0.35502554178237916,0,0
hospital_removal,6274,V32P-A045845,0,0.29906839430332183,0.3087561219930649,0,0
hospital_removal,6275,V32P-A045846,0,0.16610246896743774,0.1658651351928711,0,0
hospital_removal,6276,V32P-A045871,0,0.46313300728797913,0.47516800761222838,0,0
hospital_removal,6277,V32P-A045872,0,0.41856852769851682,0.4244334578514099,0,0
hospital_removal,6278,V32P-A045873,0,0.40702058672904967,0.41054890155792234,0,0
hospital_removal,6279,V32P-A045874,1,0.34369604587554931,0.34473322033882142,0,0
hospital_removal,6280,V32P-A045875,0,0.04965096488595009,0.051211731135845186,0,0
hospital_removal,6281,V32P-A045876,0,0.020141690038144588,0.021204116381704809,0,0
hospital_removal,6282,V32P-A045877,0,0.48313031792640687,0.48471996188163757,0,0
hospital_removal,6283,V32P-A045878,0,0.4485261797904968,0.44962124228477479,0,0
hospital_removal,6284,V32P-A045879,0,0.40394487977027893,0.4031012296676636,0,0
hospital_removal,6285,V32P-A045880,0,0.33697329163551332,0.33474876880645754,0,0
hospital_removal,6286,V32P-A045881,0,0.28163838684558867,0.27733107507228849,0,0
hospital_removal,6287,V32P-A045882,0,0.16268757432699205,0.15835698544979096,0,0
hospital_removal,6288,V32P-A045895,0,0.28405464589595797,0.27432669103145602,0,0
hospital_removal,6289,V32P-A045896,0,0.31737516522407533,0.30380620956420901,0,0
hospital_removal,6290,V32P-A045897,0,0.28402180671691896,0.27055785059928894,0,0
hospital_removal,6291,V32P-A045898,1,0.22732940912246705,0.21288260221481323,0,0
hospital_removal,6292,V32P-A045899,0,0.029641312733292579,0.031448505446314813,0,0
hospital_removal,6293,V32P-A045900,0,0.012987512350082397,0.014118404686450958,0,0
hospital_removal,6294,V32P-A045907,0,0.72101166248321535,0.75007816553115847,1,1
hospital_removal,6295,V32P-A045908,0,0.51595367789268498,0.55465772151947024,0,0
hospital_removal,6296,V32P-A045909,0,0.47489234209060671,0.50330865383148193,0,0
hospital_removal,6297,V32P-A045910,0,0.41593945622444151,0.43238182067871095,0,0
hospital_removal,6298,V32P-A045911,0,0.33490230739116666,0.34628539979457856,0,0
hospital_removal,6299,V32P-A045912,0,0.14950617104768754,0.15368063747882843,0,0
hospital_removal,6300,V32P-A045919,0,0.5097313463687897,0.52411937713623047,0,0
hospital_removal,6301,V32P-A045920,0,0.45742951631546019,0.47626147270202634,0,0
hospital_removal,6302,V32P-A045921,0,0.40174929201602938,0.42028888165950773,0,0
hospital_removal,6303,V32P-A045922,0,0.34784866869449615,0.36552286446094512,0,0
hospital_removal,6304,V32P-A045923,0,0.28035401105880736,0.29550344944000245,0,0
hospital_removal,6305,V32P-A045924,0,0.14517229571938514,0.14983763173222542,0,0
hospital_removal,6306,V32P-A046081,1,0.60553703308105467,0.61253201961517334,0,0
hospital_removal,6307,V32P-A046082,1,0.57483462095260618,0.56950055956840517,0,0
hospital_removal,6308,V32P-A046083,1,0.53404719233512876,0.52491497397422793,0,0
hospital_removal,6309,V32P-A046084,0,0.07838016003370285,0.080832035094499585,0,0
hospital_removal,6310,V32P-A046085,0,0.058108435571193696,0.060156627744436267,0,0
hospital_removal,6311,V32P-A046086,0,0.025150470435619354,0.026299197785556318,0,0
hospital_removal,6312,V32P-A046165,0,0.80884931087493894,0.82050939798355105,1,1
hospital_removal,6313,V32P-A046166,0,0.73062634468078613,0.75245742797851567,1,1
hospital_removal,6314,V32P-A046167,0,0.63155540227890017,0.66840567588806155,1,1
hospital_removal,6315,V32P-A046168,0,0.54123354554176328,0.57377021908760073,0,0
hospital_removal,6316,V32P-A046169,0,0.44570990204811095,0.47821998596191406,0,0
hospital_removal,6317,V32P-A046170,0,0.036473254673182964,0.038320562057197097,0,0
hospital_removal,6318,V32P-A046177,0,0.59787084460258488,0.60464032292366032,0,0
hospital_removal,6319,V32P-A046178,0,0.5481659889221191,0.54798758029937744,0,0
hospital_removal,6320,V32P-A046179,0,0.50787382721900942,0.49798387289047241,0,0
hospital_removal,6321,V32P-A046180,0,0.42132559418678284,0.40817191600799563,0,0
hospital_removal,6322,V32P-A046181,0,0.34729866385459901,0.3358147144317627,0,0
hospital_removal,6323,V32P-A046182,0,0.19347117245197296,0.1898467719554901,0,0
hospital_removal,6324,V32P-A046189,0,0.65405956506729124,0.64340265989303591,1,1
hospital_removal,6325,V32P-A046190,0,0.57883312702178957,0.56820249557495117,0,0
hospital_removal,6326,V32P-A046191,0,0.54326966404914856,0.52591265439987178,0,0
hospital_removal,6327,V32P-A046192,0,0.47039169669151304,0.44908704161643981,0,0
hospital_removal,6328,V32P-A046193,1,0.42936131954193113,0.41029456853866575,0,0
hospital_removal,6329,V32P-A046194,0,0.031804678216576579,0.032920059561729428,0,0
hospital_removal,6330,V32P-A046195,0,0.62341699600219724,0.64492964744567871,1,1
hospital_removal,6331,V32P-A046196,0,0.6085077047348022,0.62967965602874754,0,1
hospital_removal,6332,V32P-A046197,0,0.49280755519866942,0.51206210255622864,0,0
hospital_removal,6333,V32P-A046198,0,0.41141906976699827,0.42566016316413879,0,0
hospital_removal,6334,V32P-A046199,0,0.33509009778499604,0.34230295717716219,0,0
hospital_removal,6335,V32P-A046200,0,0.16641346812248231,0.16542212367057801,0,0
hospital_removal,6336,V32P-A046267,0,0.51409628391265871,0.54352717399597172,0,0
hospital_removal,6337,V32P-A046268,0,0.48036629855632784,0.50593814551830296,0,0
hospital_removal,6338,V32P-A046269,0,0.42033103108406067,0.44672806859016417,0,0
hospital_removal,6339,V32P-A046270,0,0.35492637753486633,0.38747631311416625,0,0
hospital_removal,6340,V32P-A046271,0,0.29066730588674544,0.32839676588773725,0,0
hospital_removal,6341,V32P-A046272,0,0.13376010023057461,0.1674220111221075,0,0
hospital_removal,6342,V32P-A046273,0,0.3487565040588379,0.34595807194709777,0,0
hospital_removal,6343,V32P-A046274,0,0.40459781885147095,0.41151309013366699,0,0
hospital_removal,6344,V32P-A046275,0,0.40595298409461977,0.39400835037231446,0,0
hospital_removal,6345,V32P-A046276,0,0.34931633472442625,0.33550323247909547,0,0
hospital_removal,6346,V32P-A046277,0,0.28580447733402253,0.27160948812961577,0,0
hospital_removal,6347,V32P-A046278,0,0.13333601951599122,0.12809357196092605,0,0
hospital_removal,6348,V32P-A046291,0,0.83376731872558596,0.8369775533676147,1,1
hospital_removal,6349,V32P-A046292,0,0.6846749067306519,0.70028654336929319,1,1
hospital_removal,6350,V32P-A046293,0,0.59843073487281795,0.60874413251876835,0,0
hospital_removal,6351,V32P-A046294,0,0.54809180498123167,0.55750682353973391,0,0
hospital_removal,6352,V32P-A046295,0,0.53832541108131404,0.54545117020606992,0,0
hospital_removal,6353,V32P-A046296,0,0.048664445988833904,0.050311473570764063,0,0
hospital_removal,6354,V32P-A046309,0,0.70055533647537227,0.71411126852035522,1,1
hospital_removal,6355,V32P-A046310,0,0.6433422446250916,0.65685793161392214,1,1
hospital_removal,6356,V32P-A046311,0,0.57123546600341801,0.57846804857254031,0,0
hospital_removal,6357,V32P-A046312,0,0.44338836669921877,0.44404513835906984,0,0
hospital_removal,6358,V32P-A046313,0,0.33853269219398496,0.33956491947174072,0,0
hospital_removal,6359,V32P-A046314,0,0.13694998621940613,0.13948963284492494,0,0
hospital_removal,6360,V32P-A046351,0,0.70467183589935301,0.69238935708999638,1,1
hospital_removal,6361,V32P-A046352,0,0.50783328413963313,0.50250299572944646,0,0
hospital_removal,6362,V32P-A046353,0,0.39187849760055543,0.39493398070335389,0,0
hospital_removal,6363,V32P-A046354,0,0.46755187511444091,0.46022568345069886,0,0
hospital_removal,6364,V32P-A046355,0,0.31894119381904601,0.31994015574455259,0,0
hospital_removal,6365,V32P-A046356,0,0.15839838981628418,0.16380987465381622,0,0
hospital_removal,6366,V32P-A046429,1,0.77562445402145386,0.78681114912033079,1,1
hospital_removal,6367,V32P-A046430,1,0.67815421819686894,0.70112334489822392,1,1
hospital_removal,6368,V32P-A046431,1,0.60680550336837769,0.62915147542953487,0,1
hospital_removal,6369,V32P-A046432,0,0.095589126273989675,0.099886282905936236,0,0
hospital_removal,6370,V32P-A046433,0,0.071090316399931908,0.073278426751494402,0,0
hospital_removal,6371,V32P-A046434,0,0.031990458630025385,0.032810218445956704,0,0
hospital_removal,6372,V32P-A046453,0,0.2704898238182068,0.26736131906509397,0,0
hospital_removal,6373,V32P-A046454,0,0.30280227065086363,0.30189555287361147,0,0
hospital_removal,6374,V32P-A046455,0,0.27584846317768097,0.27410176694393157,0,0
hospital_removal,6375,V32P-A046456,0,0.22953736186027526,0.22775387167930602,0,0
hospital_removal,6376,V32P-A046457,0,0.18162370324134827,0.17992385029792785,0,0
hospital_removal,6377,V32P-A046458,0,0.086785578727722162,0.086680123209953303,0,0
hospital_removal,6378,V32P-A046477,0,0.65611007213592532,0.65661987066268923,1,1
hospital_removal,6379,V32P-A046478,0,0.48517481088638303,0.49896289110183717,0,0
hospital_removal,6380,V32P-A046479,0,0.43908041715621948,0.45775285363197327,0,0
hospital_removal,6381,V32P-A046480,0,0.42989656925201414,0.44921259880065917,0,0
hospital_removal,6382,V32P-A046481,0,0.35768496990203857,0.38141745924949644,0,0
hospital_removal,6383,V32P-A046482,0,0.19204827547073364,0.22139149904251099,0,0
hospital_removal,6384,V32P-A046519,0,0.46307885050773623,0.48026688694953917,0,0
hospital_removal,6385,V32P-A046520,0,0.43617326021194458,0.45169725418090823,0,0
hospital_removal,6386,V32P-A046521,0,0.35948235392570493,0.36593546867370608,0,0
hospital_removal,6387,V32P-A046522,0,0.28478987216949464,0.28768129348754884,0,0
hospital_removal,6388,V32P-A046523,1,0.24967696368694306,0.25264157950878141,0,0
hospital_removal,6389,V32P-A046524,0,0.024344847397878767,0.025175433652475477,0,0
hospital_removal,6390,V32P-A046543,0,0.48855226635932925,0.48705485463142395,0,0
hospital_removal,6391,V32P-A046544,0,0.46038331985473635,0.45916061997413637,0,0
hospital_removal,6392,V32P-A046545,0,0.41644493937492372,0.40964024066925048,0,0
hospital_removal,6393,V32P-A046546,0,0.40217734575271608,0.39708665013313293,0,0
hospital_removal,6394,V32P-A046547,0,0.31745093762874604,0.32451618611812594,0,0
hospital_removal,6395,V32P-A046548,0,0.14094898998737335,0.13930375874042511,0,0
hospital_removal,6396,V32P-A046567,0,0.60763574242591856,0.62563715577125545,0,1
hospital_removal,6397,V32P-A046568,0,0.63399745225906368,0.64684203863143919,1,1
hospital_removal,6398,V32P-A046569,0,0.60922721624374387,0.61975340843200688,0,0
hospital_removal,6399,V32P-A046570,0,0.55930144190788267,0.5693845927715302,0,0
hospital_removal,6400,V32P-A046571,0,0.5003037571907043,0.51094396114349361,0,0
hospital_removal,6401,V32P-A046572,0,0.28570819795131686,0.29533554911613463,0,0
hospital_removal,6402,V32P-A046609,0,0.66339951753616333,0.6637470483779907,1,1
hospital_removal,6403,V32P-A046610,0,0.55979648828506468,0.56834853887557979,0,0
hospital_removal,6404,V32P-A046611,0,0.54973345994949341,0.54855190515518193,0,0
hospital_removal,6405,V32P-A046612,0,0.48427361845970152,0.48280428051948548,0,0
hospital_removal,6406,V32P-A046613,0,0.39199877977371217,0.3940117359161377,0,0
hospital_removal,6407,V32P-A046614,0,0.16658059060573577,0.17432449758052826,0,0
hospital_removal,6408,V32P-A046687,0,0.80514043569564819,0.79968771934509275,1,1
hospital_removal,6409,V32P-A046688,0,0.74145377874374385,0.74047579765319826,1,1
hospital_removal,6410,V32P-A046689,0,0.59055085182189937,0.58342781066894533,0,0
hospital_removal,6411,V32P-A046690,0,0.53421630859375002,0.52874161601066594,0,0
hospital_removal,6412,V32P-A046691,0,0.43077138066291809,0.42927158474922178,0,0
hospital_removal,6413,V32P-A046692,0,0.20122458338737487,0.20299464166164399,0,0
hospital_removal,6414,V32P-A046705,0,0.42094679474830626,0.43096143007278442,0,0
hospital_removal,6415,V32P-A046706,0,0.37003051042556762,0.37660522460937501,0,0
hospital_removal,6416,V32P-A046707,0,0.37388526797294619,0.37970727086067202,0,0
hospital_removal,6417,V32P-A046708,0,0.3263719230890274,0.33225503861904143,0,0
hospital_removal,6418,V32P-A046709,1,0.26559560596942899,0.27378780543804171,0,0
hospital_removal,6419,V32P-A046710,0,0.024134816508740185,0.028447691258043049,0,0
hospital_removal,6420,V32P-A046819,0,0.46666162014007567,0.47859257459640503,0,0
hospital_removal,6421,V32P-A046820,0,0.50718251466751096,0.51218945980072017,0,0
hospital_removal,6422,V32P-A046821,0,0.4755123734474182,0.47756418585777283,0,0
hospital_removal,6423,V32P-A046822,1,0.43743059635162351,0.43695431351661684,0,0
hospital_removal,6424,V32P-A046823,0,0.059281956031918527,0.062974961474537849,0,0
hospital_removal,6425,V32P-A046824,0,0.028214374743402004,0.030490939505398273,0,0
hospital_removal,6426,V32P-A046975,0,0.83659231662750244,0.84382860660552983,1,1
hospital_removal,6427,V32P-A046976,0,0.75077768564224245,0.76836246252059937,1,1
hospital_removal,6428,V32P-A046977,0,0.73657016754150395,0.75239014625549316,1,1
hospital_removal,6429,V32P-A046978,0,0.6831268191337585,0.70168635845184324,1,1
hospital_removal,6430,V32P-A046979,1,0.75183283090591435,0.76134560108184812,1,1
hospital_removal,6431,V32P-A046980,0,0.080059409514069563,0.08737481981515885,0,0
hospital_removal,6432,V32P-A047089,0,0.63137555122375488,0.62148457765579224,1,1
hospital_removal,6433,V32P-A047090,0,0.62586667537689211,0.61764752864837646,1,0
hospital_removal,6434,V32P-A047091,0,0.60385780334472661,0.59689629673957822,0,0
hospital_removal,6435,V32P-A047092,0,0.5968849301338196,0.58497309088706972,0,0
hospital_removal,6436,V32P-A047093,0,0.52719774246215823,0.51502178907394414,0,0
hospital_removal,6437,V32P-A047094,0,0.30606532692909239,0.30358911752700807,0,0
hospital_removal,6438,V32P-A047143,0,0.72028270959854124,0.72221013307571413,1,1
hospital_removal,6439,V32P-A047144,0,0.58963686227798462,0.60068584680557247,0,0
hospital_removal,6440,V32P-A047145,0,0.46946387290954589,0.4778573989868164,0,0
hospital_removal,6441,V32P-A047146,0,0.5302807092666626,0.53252236843109135,0,0
hospital_removal,6442,V32P-A047147,0,0.34729951620101929,0.35475414991378784,0,0
hospital_removal,6443,V32P-A047148,0,0.17725424319505692,0.18497800976037979,0,0
hospital_removal,6444,V32P-A047173,0,0.54513323903083799,0.56561867594718929,0,0
hospital_removal,6445,V32P-A047174,0,0.50870695114135744,0.51892261505126958,0,0
hospital_removal,6446,V32P-A047175,0,0.47343506217002868,0.47572081089019774,0,0
hospital_removal,6447,V32P-A047176,0,0.41124122738838198,0.4138320326805115,0,0
hospital_removal,6448,V32P-A047177,1,0.37025989890098571,0.37540236115455627,0,0
hospital_removal,6449,V32P-A047178,0,0.028925811313092707,0.03260973934084177,0,0
hospital_removal,6450,V32P-A047179,0,0.56834889650344844,0.57537622451782222,0,0
hospital_removal,6451,V32P-A047180,0,0.45912346243858337,0.46559247970581052,0,0
hospital_removal,6452,V32P-A047181,0,0.44609280824661257,0.44343302249908445,0,0
hospital_removal,6453,V32P-A047182,0,0.35891786217689514,0.35513063073158263,0,0
hospital_removal,6454,V32P-A047183,0,0.28135991692543028,0.27764096260070803,0,0
hospital_removal,6455,V32P-A047184,0,0.10972974896430969,0.11102968752384186,0,0
hospital_removal,6456,V32P-A047269,1,0.52199816703796387,0.52058922052383427,0,0
hospital_removal,6457,V32P-A047270,1,0.56953799128532412,0.56447910666465761,0,0
hospital_removal,6458,V32P-A047271,1,0.65662212371826167,0.64827729463577266,1,1
hospital_removal,6459,V32P-A047272,0,0.09946470707654953,0.10042860805988311,0,0
hospital_removal,6460,V32P-A047273,0,0.078600245714187625,0.078832417726516724,0,0
hospital_removal,6461,V32P-A047274,0,0.034728356078267096,0.034864075854420661,0,0
hospital_removal,6462,V32P-A047311,0,0.6308418273925781,0.63098844289779665,1,1
hospital_removal,6463,V32P-A047312,0,0.59141941070556636,0.58721892237663265,0,0
hospital_removal,6464,V32P-A047313,0,0.50864194035530086,0.50204769968986507,0,0
hospital_removal,6465,V32P-A047314,0,0.43467158079147339,0.42690725922584533,0,0
hospital_removal,6466,V32P-A047315,0,0.37037321925163269,0.36365410685539246,0,0
hospital_removal,6467,V32P-A047316,0,0.035312923789024356,0.036418563313782217,0,0
hospital_removal,6468,V32P-A047395,1,0.84161908626556392,0.83432136774063115,1,1
hospital_removal,6469,V32P-A047396,1,0.69557088613510132,0.69957388639450069,1,1
hospital_removal,6470,V32P-A047397,1,0.67371351718902583,0.67657738924026489,1,1
hospital_removal,6471,V32P-A047398,0,0.24353308528661727,0.24838279485702514,0,0
hospital_removal,6472,V32P-A047399,0,0.15855617299675942,0.16138266324996947,0,0
hospital_removal,6473,V32P-A047400,0,0.069742823019623756,0.071118598431348795,0,0
hospital_removal,6474,V32P-A047455,0,0.84450322389602661,0.84591164588928225,1,1
hospital_removal,6475,V32P-A047456,0,0.72717441320419307,0.73825417757034306,1,1
hospital_removal,6476,V32P-A047457,0,0.8207326292991638,0.82609601020812984,1,1
hospital_removal,6477,V32P-A047458,0,0.59063799381256099,0.60952141284942629,0,0
hospital_removal,6478,V32P-A047459,0,0.50324834585189815,0.52169350385665891,0,0
hospital_removal,6479,V32P-A047460,0,0.24352947771549224,0.26025498211383818,0,0
hospital_removal,6480,V32P-A047491,0,0.79293369054794316,0.79959259033203123,1,1
hospital_removal,6481,V32P-A047492,0,0.66506655216217037,0.68701242208480839,1,1
hospital_removal,6482,V32P-A047493,0,0.75665937662124638,0.76667639017105105,1,1
hospital_removal,6483,V32P-A047494,0,0.61321212053298946,0.63830924034118652,0,1
hospital_removal,6484,V32P-A047495,0,0.56664590239524837,0.59217092394828796,0,0
hospital_removal,6485,V32P-A047496,0,0.34891979098320008,0.37340763807296751,0,0
hospital_removal,6486,V32P-A047527,0,0.49191071987152102,0.49731774330139161,0,0
hospital_removal,6487,V32P-A047528,0,0.43188664615154265,0.43716090619564058,0,0
hospital_removal,6488,V32P-A047529,0,0.38956162631511687,0.3909456104040146,0,0
hospital_removal,6489,V32P-A047530,0,0.32195111215114591,0.31376908719539642,0,0
hospital_removal,6490,V32P-A047531,1,0.25698614865541458,0.24694495052099227,0,0
hospital_removal,6491,V32P-A047532,0,0.026049215206876399,0.026357576483860612,0,0
hospital_removal,6492,V32P-A047533,0,0.65971695184707646,0.66470561027526853,1,1
hospital_removal,6493,V32P-A047534,0,0.56483058333396907,0.5776534378528595,0,0
hospital_removal,6494,V32P-A047535,0,0.54213305115699773,0.55114521384239201,0,0
hospital_removal,6495,V32P-A047536,1,0.47414633631706238,0.48430383801460264,0,0
hospital_removal,6496,V32P-A047537,0,0.067479113489389425,0.074320458620786664,0,0
hospital_removal,6497,V32P-A047538,0,0.032716271933168173,0.036840688716620204,0,0
hospital_removal,6498,V32P-A047539,0,0.71253113746643071,0.71451545953750606,1,1
hospital_removal,6499,V32P-A047540,0,0.59909584522247317,0.60082031488418575,0,0
hospital_removal,6500,V32P-A047541,0,0.53492324948310854,0.53507422804832461,0,0
hospital_removal,6501,V32P-A047542,0,0.4134253919124603,0.40969113707542421,0,0
hospital_removal,6502,V32P-A047543,0,0.32556522488594053,0.319391793012619,0,0
hospital_removal,6503,V32P-A047544,0,0.14229729920625686,0.1390572264790535,0,0
hospital_removal,6504,V32P-A047569,0,0.72137386798858638,0.71692200899124148,1,1
hospital_removal,6505,V32P-A047570,0,0.5913782477378845,0.59867881536483769,0,0
hospital_removal,6506,V32P-A047571,0,0.53450227975845332,0.54059662818908694,0,0
hospital_removal,6507,V32P-A047572,0,0.47124644517898562,0.47605246901512144,0,0
hospital_removal,6508,V32P-A047573,0,0.44984458088874818,0.45199933052062991,0,0
hospital_removal,6509,V32P-A047574,0,0.20030192136764527,0.20600191950798036,0,0
hospital_removal,6510,V32P-A047731,1,0.51965531110763552,0.51641039848327641,0,0
hospital_removal,6511,V32P-A047732,1,0.37572208642959593,0.37566931247711183,0,0
hospital_removal,6512,V32P-A047733,1,0.36712682843208311,0.36559234857559203,0,0
hospital_removal,6513,V32P-A047734,0,0.067869482561945915,0.073817877098917961,0,0
hospital_removal,6514,V32P-A047735,0,0.04282041173428297,0.04499088730663061,0,0
hospital_removal,6515,V32P-A047736,0,0.016924569103866815,0.01790468944236636,0,0
hospital_removal,6516,V32P-A047815,0,0.66376346349716187,0.65966174602508543,1,1
hospital_removal,6517,V32P-A047816,0,0.59312135577201841,0.59378879666328432,0,0
hospital_removal,6518,V32P-A047817,0,0.59437522888183592,0.58247882127761841,0,0
hospital_removal,6519,V32P-A047818,0,0.57172409296035764,0.55996966361999512,0,0
hospital_removal,6520,V32P-A047819,0,0.54934213757514949,0.53558899164199825,0,0
hospital_removal,6521,V32P-A047820,0,0.29896295964717867,0.29448829591274261,0,0
hospital_removal,6522,V32P-A047833,0,0.37008367180824281,0.38652961254119872,0,0
hospital_removal,6523,V32P-A047834,0,0.43639179468154909,0.45170537233352659,0,0
hospital_removal,6524,V32P-A047835,0,0.4299512505531311,0.43839175105094907,0,0
hospital_removal,6525,V32P-A047836,0,0.36703423261642454,0.37293906211853028,0,0
hospital_removal,6526,V32P-A047837,0,0.29735121726989744,0.30260899066925051,0,0
hospital_removal,6527,V32P-A047838,0,0.12774230837821959,0.13117501139640808,0,0
hospital_removal,6528,V32P-A047869,0,0.82011040449142458,0.81704233884811406,1,1
hospital_removal,6529,V32P-A047870,0,0.7483836770057678,0.74388808012008667,1,1
hospital_removal,6530,V32P-A047871,0,0.73094034194946289,0.72078702449798582,1,1
hospital_removal,6531,V32P-A047872,0,0.72936860322952268,0.71702460050582884,1,1
hospital_removal,6532,V32P-A047873,0,0.71083238124847414,0.69567370414733887,1,1
hospital_removal,6533,V32P-A047874,0,0.48797181844711301,0.47968127727508547,0,0
hospital_removal,6534,V32P-A047875,0,0.44794185161590577,0.44909692406654356,0,0
hospital_removal,6535,V32P-A047876,0,0.47403990030288695,0.47032474279403685,0,0
hospital_removal,6536,V32P-A047877,0,0.43798251748085021,0.43120240569114687,0,0
hospital_removal,6537,V32P-A047878,0,0.36726441383361819,0.35966618061065675,0,0
hospital_removal,6538,V32P-A047879,0,0.28697419762611387,0.28123462200164795,0,0
hospital_removal,6539,V32P-A047880,0,0.12058632224798202,0.12039181888103485,0,0
hospital_removal,6540,V32P-A047905,0,0.49138441085815432,0.49184284210205076,0,0
hospital_removal,6541,V32P-A047906,0,0.52052710056304929,0.51721898317337034,0,0
hospital_removal,6542,V32P-A047907,0,0.50859109759330745,0.50060286521911623,0,0
hospital_removal,6543,V32P-A047908,0,0.44766424894332885,0.43445727229118347,0,0
hospital_removal,6544,V32P-A047909,0,0.37669345140457156,0.3651256263256073,0,0
hospital_removal,6545,V32P-A047910,0,0.18208580315113068,0.18152350485324859,0,0
hospital_removal,6546,V32P-A047935,1,0.68049495220184331,0.692868959903717,1,1
hospital_removal,6547,V32P-A047936,1,0.55652913451194763,0.56492028832435603,0,0
hospital_removal,6548,V32P-A047937,1,0.42542434334754942,0.41347105503082277,0,0
hospital_removal,6549,V32P-A047938,0,0.06327430456876755,0.064978174120187762,0,0
hospital_removal,6550,V32P-A047939,0,0.044407571852207187,0.04544941708445549,0,0
hospital_removal,6551,V32P-A047940,0,0.019272555597126484,0.019856557622551917,0,0
hospital_removal,6552,V32P-A047947,0,0.5085627496242523,0.50949299335479736,0,0
hospital_removal,6553,V32P-A047948,0,0.42523783445358276,0.42686249017715455,0,0
hospital_removal,6554,V32P-A047949,0,0.35214594006538391,0.35298170447349547,0,0
hospital_removal,6555,V32P-A047950,0,0.27791282832622527,0.27763778865337374,0,0
hospital_removal,6556,V32P-A047951,0,0.21983853578567505,0.21821849346160888,0,0
hospital_removal,6557,V32P-A047952,0,0.11462230309844017,0.11322609111666679,0,0
hospital_removal,6558,V32P-A048001,1,0.70263592004775999,0.71770904064178465,1,1
hospital_removal,6559,V32P-A048002,1,0.6101734399795532,0.6289619922637939,0,1
hospital_removal,6560,V32P-A048003,0,0.11121402084827423,0.12295676618814469,0,0
hospital_removal,6561,V32P-A048004,0,0.12123522609472275,0.13498709797859193,0,0
hospital_removal,6562,V32P-A048005,0,0.062601156160235399,0.06691720150411129,0,0
hospital_removal,6563,V32P-A048006,0,0.028353104926645757,0.030363305099308492,0,0
hospital_removal,6564,V32P-A048025,0,0.46461372971534731,0.46478797793388366,0,0
hospital_removal,6565,V32P-A048026,0,0.46535032391548159,0.46499287486076357,0,0
hospital_removal,6566,V32P-A048027,0,0.38844469785690305,0.38096078634262087,0,0
hospital_removal,6567,V32P-A048028,0,0.282814222574234,0.27229723334312439,0,0
hospital_removal,6568,V32P-A048029,0,0.19363996684551238,0.18228355050086975,0,0
hospital_removal,6569,V32P-A048030,0,0.080635587871074679,0.077383917570114133,0,0
hospital_removal,6570,V32P-A048031,1,0.57190292477607729,0.58809033036231995,0,0
hospital_removal,6571,V32P-A048032,1,0.50307212471961971,0.51538538336753847,0,0
hospital_removal,6572,V32P-A048033,1,0.42204625904560089,0.42835222184658051,0,0
hospital_removal,6573,V32P-A048034,0,0.084448183141648772,0.088741112314164636,0,0
hospital_removal,6574,V32P-A048035,0,0.070399935543537143,0.074210132658481601,0,0
hospital_removal,6575,V32P-A048036,0,0.034512255806475878,0.036800091806799176,0,0
hospital_removal,6576,V32P-A048061,0,0.40662892758846281,0.41586977541446685,0,0
hospital_removal,6577,V32P-A048062,0,0.42028598189353944,0.43133795857429502,0,0
hospital_removal,6578,V32P-A048063,0,0.42723268270492554,0.43928008675575259,0,0
hospital_removal,6579,V32P-A048064,0,0.4008027255535126,0.41570975780487063,0,0
hospital_removal,6580,V32P-A048065,0,0.33684382140636443,0.35668780505657194,0,0
hospital_removal,6581,V32P-A048066,0,0.19407535046339036,0.21968307048082353,0,0
hospital_removal,6582,V32P-A048073,0,0.5579412162303925,0.57435302138328548,0,0
hospital_removal,6583,V32P-A048074,0,0.56079584360122681,0.57735893726348875,0,0
hospital_removal,6584,V32P-A048075,0,0.5488664329051971,0.56643258929252627,0,0
hospital_removal,6585,V32P-A048076,0,0.51488359570503239,0.53581016659736636,0,0
hospital_removal,6586,V32P-A048077,0,0.47071579098701477,0.49461090564727783,0,0
hospital_removal,6587,V32P-A048078,0,0.33587810695171355,0.37272808253765105,0,0
hospital_removal,6588,V32P-A048079,0,0.43101544976234435,0.44142817854881289,0,0
hospital_removal,6589,V32P-A048080,0,0.479240220785141,0.48282949328422547,0,0
hospital_removal,6590,V32P-A048081,0,0.38806667327880862,0.39726523756980897,0,0
hospital_removal,6591,V32P-A048082,0,0.28238855302333832,0.28694570958614352,0,0
hospital_removal,6592,V32P-A048083,0,0.20814969539642333,0.21040350198745728,0,0
hospital_removal,6593,V32P-A048084,0,0.087294032424688334,0.091785021871328351,0,0
hospital_removal,6594,V32P-A048127,0,0.54060736894607542,0.55395125150680546,0,0
hospital_removal,6595,V32P-A048128,0,0.4933532178401947,0.5095289528369904,0,0
hospital_removal,6596,V32P-A048129,0,0.43403201103210448,0.44919973611831665,0,0
hospital_removal,6597,V32P-A048130,0,0.40875846743583677,0.4213806688785553,0,0
hospital_removal,6598,V32P-A048131,0,0.28996945917606354,0.31112045943737032,0,0
hospital_removal,6599,V32P-A048132,0,0.13624454736709596,0.15206083059310913,0,0
hospital_removal,6600,V32P-A048181,0,0.81032109260559082,0.80798991918563845,1,1
hospital_removal,6601,V32P-A048182,0,0.6661638617515564,0.66585372686386113,1,1
hospital_removal,6602,V32P-A048183,0,0.59149281978607182,0.59313881397247314,0,0
hospital_removal,6603,V32P-A048184,0,0.71674213409423826,0.71752632856369014,1,1
hospital_removal,6604,V32P-A048185,0,0.56700651645660405,0.56798344850540161,0,0
hospital_removal,6605,V32P-A048186,0,0.048443314433097837,0.051965270191431046,0,0
hospital_removal,6606,V32P-A048187,0,0.53163114786148069,0.53622848391532896,0,0
hospital_removal,6607,V32P-A048188,0,0.50832074880599976,0.50568886399269108,0,0
hospital_removal,6608,V32P-A048189,0,0.45720046758651733,0.44920574426651,0,0
hospital_removal,6609,V32P-A048190,0,0.47531939148902891,0.46142767667770385,0,0
hospital_removal,6610,V32P-A048191,0,0.31643322408199309,0.31187236607074736,0,0
hospital_removal,6611,V32P-A048192,0,0.15150620192289352,0.15324777811765672,0,0
hospital_removal,6612,V32P-A048253,0,0.50029172897338869,0.48802960515022276,0,0
hospital_removal,6613,V32P-A048254,0,0.42949842810630801,0.41928915977478026,0,0
hospital_removal,6614,V32P-A048255,0,0.39311636686325074,0.38091441392898562,0,0
hospital_removal,6615,V32P-A048256,0,0.327333003282547,0.31751344799995423,0,0
hospital_removal,6616,V32P-A048257,0,0.26932199597358703,0.2628700524568558,0,0
hospital_removal,6617,V32P-A048258,0,0.12789289355278016,0.1289896473288536,0,0
hospital_removal,6618,V32P-A048301,1,0.70555448532104492,0.69379831552505489,1,1
hospital_removal,6619,V32P-A048302,1,0.61365335583686831,0.59617965817451479,0,0
hospital_removal,6620,V32P-A048303,1,0.55832768678665157,0.53583171367645266,0,0
hospital_removal,6621,V32P-A048304,0,0.10281084328889847,0.098967298865318298,0,0
hospital_removal,6622,V32P-A048305,0,0.089172942191362375,0.088267029076814649,0,0
hospital_removal,6623,V32P-A048306,0,0.032713486067950728,0.032696242444217205,0,0
hospital_removal,6624,V32P-A048361,0,0.56009217500686648,0.54789860248565669,0,0
hospital_removal,6625,V32P-A048362,0,0.4559513986110687,0.44683998823165894,0,0
hospital_removal,6626,V32P-A048363,0,0.41007090806961061,0.39667927026748656,0,0
hospital_removal,6627,V32P-A048364,0,0.37949491143226621,0.36767864227294922,0,0
hospital_removal,6628,V32P-A048365,0,0.32058119773864746,0.31103994250297545,0,0
hospital_removal,6629,V32P-A048366,0,0.14906495809555054,0.1502892106771469,0,0
hospital_removal,6630,V32P-A048427,0,0.7385827898979187,0.75549439191818235,1,1
hospital_removal,6631,V32P-A048428,0,0.61567524671554563,0.65073820352554324,0,1
hospital_removal,6632,V32P-A048429,0,0.54928669333457947,0.58527492284774785,0,0
hospital_removal,6633,V32P-A048430,0,0.47290561795234681,0.50709766149520874,0,0
hospital_removal,6634,V32P-A048431,0,0.39774786233901976,0.42808033823966979,0,0
hospital_removal,6635,V32P-A048432,0,0.22924667000770568,0.24186116755008696,0,0
hospital_removal,6636,V32P-A048517,0,0.54937307834625249,0.56217834949493406,0,0
hospital_removal,6637,V32P-A048518,0,0.48750568628311158,0.5041523694992065,0,0
hospital_removal,6638,V32P-A048519,0,0.50292355418205259,0.51431514620780949,0,0
hospital_removal,6639,V32P-A048520,0,0.39868460297584535,0.41688996553421021,0,0
hospital_removal,6640,V32P-A048521,1,0.38377826213836669,0.39795209765434264,0,0
hospital_removal,6641,V32P-A048522,0,0.033673723228275776,0.036033273302018644,0,0
hospital_removal,6642,V32P-A048559,0,0.68000242710113523,0.68448045253753664,1,1
hospital_removal,6643,V32P-A048560,0,0.63971828222274785,0.64121198654174805,1,1
hospital_removal,6644,V32P-A048561,0,0.58044441938400271,0.57180315256118774,0,0
hospital_removal,6645,V32P-A048562,0,0.52159473299980164,0.51414628028869624,0,0
hospital_removal,6646,V32P-A048563,1,0.44321420192718508,0.43731273412704469,0,0
hospital_removal,6647,V32P-A048564,0,0.031271794252097605,0.032753618247807023,0,0
hospital_removal,6648,V32P-A048577,0,0.72612330913543699,0.73274612426757812,1,1
hospital_removal,6649,V32P-A048578,0,0.65668692588806155,0.66422210931777959,1,1
hospital_removal,6650,V32P-A048579,0,0.60537977218627925,0.61146154999732971,0,0
hospital_removal,6651,V32P-A048580,0,0.57210687994956966,0.56598544120788574,0,0
hospital_removal,6652,V32P-A048581,0,0.50336257219314573,0.49457844495773318,0,0
hospital_removal,6653,V32P-A048582,0,0.26352633833885192,0.26276030540466311,0,0
hospital_removal,6654,V32P-A048685,0,0.7435694813728333,0.73479207754135134,1,1
hospital_removal,6655,V32P-A048686,0,0.55090159773826597,0.54111289381980898,0,0
hospital_removal,6656,V32P-A048687,0,0.43894643187522886,0.43345986008644105,0,0
hospital_removal,6657,V32P-A048688,0,0.48892611861228941,0.47663463950157164,0,0
hospital_removal,6658,V32P-A048689,0,0.33675937056541444,0.33506732583045962,0,0
hospital_removal,6659,V32P-A048690,0,0.17554198801517487,0.18168112337589265,0,0
hospital_removal,6660,V32P-A048907,0,0.48813272118568418,0.50207363963127138,0,0
hospital_removal,6661,V32P-A048908,0,0.48948595523834226,0.4951371908187866,0,0
hospital_removal,6662,V32P-A048909,0,0.46219449043273925,0.46762703061103822,0,0
hospital_removal,6663,V32P-A048910,0,0.39452567100524905,0.39973899722099304,0,0
hospital_removal,6664,V32P-A048911,0,0.33408527970314028,0.33891507983207703,0,0
hospital_removal,6665,V32P-A048912,0,0.16636249870061875,0.16765202730894088,0,0
hospital_removal,6666,V32P-A048925,0,0.60538855791091917,0.60995891094207766,0,0
hospital_removal,6667,V32P-A048926,0,0.59146733283996578,0.58559229373931887,0,0
hospital_removal,6668,V32P-A048927,0,0.54169873595237727,0.52871577143669124,0,0
hospital_removal,6669,V32P-A048928,1,0.49135027527809144,0.47495627999305723,0,0
hospital_removal,6670,V32P-A048929,0,0.073447123914957044,0.074681700021028516,0,0
hospital_removal,6671,V32P-A048930,0,0.032937229424715039,0.034300967305898669,0,0
hospital_removal,6672,V32P-A048943,0,0.39388430714607237,0.39851779341697691,0,0
hospital_removal,6673,V32P-A048944,0,0.38313525319099428,0.38777289986610414,0,0
hospital_removal,6674,V32P-A048945,0,0.35170598626136779,0.35542080402374265,0,0
hospital_removal,6675,V32P-A048946,0,0.28174811005592348,0.28432495594024659,0,0
hospital_removal,6676,V32P-A048947,0,0.22323637008666991,0.22465362548828124,0,0
hospital_removal,6677,V32P-A048948,0,0.10524498149752617,0.10558268055319786,0,0
hospital_removal,6678,V32P-A048991,0,0.53328822255134578,0.52572639584541325,0,0
hospital_removal,6679,V32P-A048992,0,0.47421420812606813,0.4699836313724518,0,0
hospital_removal,6680,V32P-A048993,0,0.43065398931503296,0.424510657787323,0,0
hospital_removal,6681,V32P-A048994,0,0.35672746896743773,0.35043056011199952,0,0
hospital_removal,6682,V32P-A048995,0,0.28994026780128479,0.28405858278274537,0,0
hospital_removal,6683,V32P-A048996,0,0.14218382984399797,0.14093455672264099,0,0
hospital_removal,6684,V32P-A049039,0,0.44695629179477692,0.46843738853931427,0,0
hospital_removal,6685,V32P-A049040,0,0.53006102442741398,0.53879075646400454,0,0
hospital_removal,6686,V32P-A049041,0,0.53807877302169804,0.54542223215103147,0,0
hospital_removal,6687,V32P-A049042,0,0.38616251647472383,0.40975729525089266,0,0
hospital_removal,6688,V32P-A049043,0,0.27986931949853899,0.30604883581399916,0,0
hospital_removal,6689,V32P-A049044,0,0.11809232532978058,0.13227723985910417,0,0
hospital_removal,6690,V32P-A049045,0,0.398658949136734,0.40555843710899353,0,0
hospital_removal,6691,V32P-A049046,0,0.39461863636970518,0.39546337723731995,0,0
hospital_removal,6692,V32P-A049047,0,0.36607124805450442,0.36144176721572874,0,0
hospital_removal,6693,V32P-A049048,0,0.32002449929714205,0.31403283774852753,0,0
hospital_removal,6694,V32P-A049049,0,0.25777505040168763,0.25360121726989748,0,0
hospital_removal,6695,V32P-A049050,0,0.12684117257595062,0.12664773613214492,0,0
hospital_removal,6696,V32P-A049081,0,0.77675504684448238,0.77477905750274656,1,1
hospital_removal,6697,V32P-A049082,0,0.60512653589248655,0.61033972501754763,0,0
hospital_removal,6698,V32P-A049083,0,0.56676156520843501,0.56573282480239873,0,0
hospital_removal,6699,V32P-A049084,0,0.5030286371707916,0.49820693731307986,0,0
hospital_removal,6700,V32P-A049085,0,0.42971456646919248,0.42467318773269652,0,0
hospital_removal,6701,V32P-A049086,0,0.21032883524894713,0.21461944580078124,0,0
hospital_removal,6702,V32P-A049099,0,0.61911211013793943,0.62806756496429439,0,1
hospital_removal,6703,V32P-A049100,0,0.53022162914276127,0.53544865250587459,0,0
hospital_removal,6704,V32P-A049101,0,0.42000707387924197,0.41915191411972047,0,0
hospital_removal,6705,V32P-A049102,0,0.35320895910263062,0.35167986154556274,0,0
hospital_removal,6706,V32P-A049103,0,0.27851786315441129,0.27795299887657166,0,0
hospital_removal,6707,V32P-A049104,0,0.15371796935796739,0.15607903599739076,0,0
hospital_removal,6708,V32P-A049171,0,0.51224009990692143,0.51820465326309206,0,0
hospital_removal,6709,V32P-A049172,0,0.48993267416954039,0.49061451554298402,0,0
hospital_removal,6710,V32P-A049173,0,0.47717217206954954,0.47725683450698853,0,0
hospital_removal,6711,V32P-A049174,0,0.388795804977417,0.39094880223274231,0,0
hospital_removal,6712,V32P-A049175,0,0.29907692670822145,0.30230298638343811,0,0
hospital_removal,6713,V32P-A049176,0,0.12573928087949754,0.12911165207624437,0,0
hospital_removal,6714,V32P-A049177,0,0.73835574388504033,0.74517484903335574,1,1
hospital_removal,6715,V32P-A049178,0,0.66309218406677251,0.66800514459609983,1,1
hospital_removal,6716,V32P-A049179,0,0.56948788166046138,0.57257148027420046,0,0
hospital_removal,6717,V32P-A049180,0,0.49196345806121827,0.49501498937606814,0,0
hospital_removal,6718,V32P-A049181,0,0.46231451034545901,0.46255241036415101,0,0
hospital_removal,6719,V32P-A049182,0,0.18753376305103303,0.18728498220443726,0,0
hospital_removal,6720,V32P-A049261,0,0.60044413208961489,0.59725013375282288,0,0
hospital_removal,6721,V32P-A049262,0,0.50615707635879514,0.4980826139450073,0,0
hospital_removal,6722,V32P-A049263,0,0.42607873678207397,0.41389695405960081,0,0
hospital_removal,6723,V32P-A049264,0,0.28614879548549654,0.27520632445812226,0,0
hospital_removal,6724,V32P-A049265,0,0.28814916908740995,0.27586992084980011,0,0
hospital_removal,6725,V32P-A049266,0,0.099292153120040888,0.096892717480659488,0,0
hospital_removal,6726,V32P-A049321,0,0.46896955966949461,0.4805737376213074,0,0
hospital_removal,6727,V32P-A049322,0,0.47288696467876434,0.48291752040386199,0,0
hospital_removal,6728,V32P-A049323,0,0.46393465399742129,0.47742606997489928,0,0
hospital_removal,6729,V32P-A049324,0,0.4112606942653656,0.4141319513320923,0,0
hospital_removal,6730,V32P-A049325,0,0.33279927372932433,0.3336456775665283,0,0
hospital_removal,6731,V32P-A049326,0,0.14614841789007188,0.15394715070724488,0,0
hospital_removal,6732,V32P-A049375,0,0.72582160234451298,0.73476468324661259,1,1
hospital_removal,6733,V32P-A049376,0,0.6362907886505127,0.65344357490539551,1,1
hospital_removal,6734,V32P-A049377,0,0.59613072872161865,0.61221348047256474,0,0
hospital_removal,6735,V32P-A049378,0,0.51860348582267757,0.53501165509223936,0,0
hospital_removal,6736,V32P-A049379,1,0.44074663519859314,0.45786238908767701,0,0
hospital_removal,6737,V32P-A049380,0,0.035366804338991642,0.037705308385193349,0,0
hospital_removal,6738,V32P-A049381,0,0.73690130710601809,0.7331499457359314,1,1
hospital_removal,6739,V32P-A049382,0,0.54537903070449834,0.54179695844650266,0,0
hospital_removal,6740,V32P-A049383,0,0.49585239291191102,0.48403679728507998,0,0
hospital_removal,6741,V32P-A049384,0,0.42152771949768064,0.4116049647331238,0,0
hospital_removal,6742,V32P-A049385,0,0.38058156967163087,0.37520561218261717,0,0
hospital_removal,6743,V32P-A049386,0,0.13710347712039947,0.14053784757852555,0,0
hospital_removal,6744,V32P-A049399,0,0.78276487588882449,0.78004822731018064,1,1
hospital_removal,6745,V32P-A049400,0,0.63429304361343386,0.63521718978881836,1,1
hospital_removal,6746,V32P-A049401,0,0.58922130465507505,0.58696653246879582,0,0
hospital_removal,6747,V32P-A049402,0,0.51511368751525877,0.51108420491218565,0,0
hospital_removal,6748,V32P-A049403,0,0.44044013023376466,0.43761090636253358,0,0
hospital_removal,6749,V32P-A049404,0,0.2400415062904358,0.23923825323581696,0,0
hospital_removal,6750,V32P-A049501,0,0.7426058888435364,0.72101950645446777,1,1
hospital_removal,6751,V32P-A049502,0,0.53641301393508911,0.527114349603653,0,0
hospital_removal,6752,V32P-A049503,0,0.60742894411087034,0.59314478635787959,0,0
hospital_removal,6753,V32P-A049504,0,0.55940911769866941,0.55217446684837346,0,0
hospital_removal,6754,V32P-A049505,0,0.42638379335403442,0.4197133481502533,0,0
hospital_removal,6755,V32P-A049506,0,0.20683670341968535,0.20015012919902803,0,0
hospital_removal,6756,V32P-A049513,0,0.78644969463348391,0.80477638244628902,1,1
hospital_removal,6757,V32P-A049514,0,0.72032641172409062,0.74946606159210205,1,1
hospital_removal,6758,V32P-A049515,0,0.6664147257804871,0.69896442890167232,1,1
hospital_removal,6759,V32P-A049516,0,0.61730078458786009,0.649763035774231,0,1
hospital_removal,6760,V32P-A049517,0,0.54941771626472469,0.58146257400512691,0,0
hospital_removal,6761,V32P-A049518,0,0.30632519423961641,0.32970747053623201,0,0
hospital_removal,6762,V32P-A049585,1,0.79278739690780642,0.80903974771499632,1,1
hospital_removal,6763,V32P-A049586,1,0.72780369520187382,0.75492027997970579,1,1
hospital_removal,6764,V32P-A049587,1,0.69761644601821904,0.72999920845031741,1,1
hospital_removal,6765,V32P-A049588,0,0.30460446029901506,0.36341860443353652,0,0
hospital_removal,6766,V32P-A049589,0,0.1816340520977974,0.23284672945737839,0,0
hospital_removal,6767,V32P-A049590,0,0.072967362031340605,0.08592138700187206,0,0
hospital_removal,6768,V32P-A049633,0,0.55465416312217708,0.54430752396583559,0,0
hospital_removal,6769,V32P-A049634,0,0.41500403881073,0.40332313776016238,0,0
hospital_removal,6770,V32P-A049635,0,0.36647034287452696,0.35747648477554322,0,0
hospital_removal,6771,V32P-A049636,0,0.36208552122116089,0.35146644115448,0,0
hospital_removal,6772,V32P-A049637,0,0.29446342885494231,0.28808442056179046,0,0
hospital_removal,6773,V32P-A049638,0,0.131071138381958,0.13386005461215972,0,0
hospital_removal,6774,V32P-A049705,0,0.64277805089950557,0.66160968542098997,1,1
hospital_removal,6775,V32P-A049706,0,0.62442687749862669,0.63972296714782717,1,1
hospital_removal,6776,V32P-A049707,0,0.57024968862533565,0.58445746898651119,0,0
hospital_removal,6777,V32P-A049708,0,0.51567448973655705,0.53095235228538518,0,0
hospital_removal,6778,V32P-A049709,0,0.45741798877716067,0.46428840160369872,0,0
hospital_removal,6779,V32P-A049710,0,0.17216074764728545,0.18354478478431702,0,0
hospital_removal,6780,V32P-A049777,1,0.82051016092300411,0.82016037702560429,1,1
hospital_removal,6781,V32P-A049778,1,0.6862573981285095,0.69296212196350093,1,1
hospital_removal,6782,V32P-A049779,1,0.62820315361022949,0.63193362951278687,1,1
hospital_removal,6783,V32P-A049780,0,0.11852120012044906,0.12010306715965272,0,0
hospital_removal,6784,V32P-A049781,0,0.11209461688995362,0.11371360123157501,0,0
hospital_removal,6785,V32P-A049782,0,0.046178819611668587,0.047515854239463806,0,0
hospital_removal,6786,V32P-A049789,0,0.72641543149948118,0.70989699363708492,1,1
hospital_removal,6787,V32P-A049790,0,0.56108734011650085,0.54507215619087224,0,0
hospital_removal,6788,V32P-A049791,0,0.45945737957954408,0.45161364078521726,0,0
hospital_removal,6789,V32P-A049792,0,0.50119073987007146,0.48581511974334718,0,0
hospital_removal,6790,V32P-A049793,0,0.46487191915512083,0.45489912629127505,0,0
hospital_removal,6791,V32P-A049794,0,0.2035880133509636,0.20944038778543472,0,0
hospital_removal,6792,V32P-A049807,0,0.51477835178375242,0.509502786397934,0,0
hospital_removal,6793,V32P-A049808,0,0.44841349124908447,0.44984112977981566,0,0
hospital_removal,6794,V32P-A049809,0,0.40210142135620119,0.40299336910247802,0,0
hospital_removal,6795,V32P-A049810,0,0.34119418263435364,0.34067138433456423,0,0
hospital_removal,6796,V32P-A049811,0,0.2674259513616562,0.26757946908473967,0,0
hospital_removal,6797,V32P-A049812,0,0.026747554913163184,0.029335687682032586,0,0
hospital_removal,6798,V32P-A049855,0,0.39345211982727052,0.39921334385871887,0,0
hospital_removal,6799,V32P-A049856,0,0.39180492758750918,0.396338152885437,0,0
hospital_removal,6800,V32P-A049857,0,0.34305655360221865,0.34614342451095581,0,0
hospital_removal,6801,V32P-A049858,0,0.28369815945625304,0.28814550042152404,0,0
hospital_removal,6802,V32P-A049859,0,0.22042723000049591,0.22462891042232513,0,0
hospital_removal,6803,V32P-A049860,0,0.099441039562225345,0.10314974039793015,0,0
hospital_removal,6804,V32P-A049921,0,0.58488106727600098,0.59769576787948608,0,0
hospital_removal,6805,V32P-A049922,0,0.60603659749031069,0.61225960850715633,0,0
hospital_removal,6806,V32P-A049923,0,0.52710168361663823,0.51986528038978574,0,0
hospital_removal,6807,V32P-A049924,0,0.46441873311996462,0.45137645006179811,0,0
hospital_removal,6808,V32P-A049925,0,0.38476396203041074,0.3728426218032837,0,0
hospital_removal,6809,V32P-A049926,0,0.17139472514390947,0.16916331797838211,0,0
hospital_removal,6810,V32P-A049927,0,0.45593887567520142,0.45161282420158388,0,0
hospital_removal,6811,V32P-A049928,0,0.4870757281780243,0.48175233006477358,0,0
hospital_removal,6812,V32P-A049929,0,0.45655857324600219,0.44855321049690244,0,0
hospital_removal,6813,V32P-A049930,0,0.39108715057373045,0.38188319802284243,0,0
hospital_removal,6814,V32P-A049931,0,0.33171954751014709,0.32397342324256895,0,0
hospital_removal,6815,V32P-A049932,0,0.1518057480454445,0.15143509656190873,0,0
hospital_removal,6816,V32P-A049933,0,0.44691486954689025,0.46889368891716005,0,0
hospital_removal,6817,V32P-A049934,0,0.4725750148296356,0.48632624149322512,0,0
hospital_removal,6818,V32P-A049935,0,0.53378788232803343,0.54157202243804936,0,0
hospital_removal,6819,V32P-A049936,0,0.46614832878112794,0.47340160608291626,0,0
hospital_removal,6820,V32P-A049937,0,0.40368638634681703,0.4150670886039734,0,0
hospital_removal,6821,V32P-A049938,0,0.17745692729949952,0.1834246337413788,0,0
hospital_removal,6822,V32P-A049957,0,0.69489136934280393,0.67814134359359746,1,1
hospital_removal,6823,V32P-A049958,0,0.58414462804794309,0.57675293684005735,0,0
hospital_removal,6824,V32P-A049959,0,0.51224178075790405,0.50515398383140564,0,0
hospital_removal,6825,V32P-A049960,0,0.47474937438964843,0.46362159252166746,0,0
hospital_removal,6826,V32P-A049961,0,0.32903151512145995,0.31806835234165193,0,0
hospital_removal,6827,V32P-A049962,0,0.15456384271383286,0.15024340897798538,0,0
hospital_removal,6828,V32P-A049987,1,0.85708525180816653,0.86366784572601318,1,1
hospital_removal,6829,V32P-A049988,1,0.76123739480972286,0.774157190322876,1,1
hospital_removal,6830,V32P-A049989,1,0.69163526296615596,0.70523051023483274,1,1
hospital_removal,6831,V32P-A049990,0,0.14645327478647233,0.15686948150396346,0,0
hospital_removal,6832,V32P-A049991,0,0.10059882998466492,0.10740395933389664,0,0
hospital_removal,6833,V32P-A049992,0,0.040250421687960627,0.042373191565275192,0,0
hospital_removal,6834,V32P-A050071,0,0.34517281055450438,0.34195320606231688,0,0
hospital_removal,6835,V32P-A050072,0,0.41445083022117613,0.40099196434020995,0,0
hospital_removal,6836,V32P-A050073,0,0.43152990341186526,0.41090584397315977,0,0
hospital_removal,6837,V32P-A050074,0,0.37347303032875062,0.35317770838737489,0,0
hospital_removal,6838,V32P-A050075,1,0.31442393660545348,0.29568715095520021,0,0
hospital_removal,6839,V32P-A050076,0,0.025586673617362977,0.027525287866592408,0,0
hospital_removal,6840,V32P-A050179,0,0.48092544078826904,0.46373562812805175,0,0
hospital_removal,6841,V32P-A050180,0,0.45961528420448305,0.44405633211135864,0,0
hospital_removal,6842,V32P-A050181,0,0.45660071372985839,0.42846224308013914,0,0
hospital_removal,6843,V32P-A050182,0,0.41990646719932556,0.3909823179244995,0,0
hospital_removal,6844,V32P-A050183,0,0.36843861937522887,0.34414301812648773,0,0
hospital_removal,6845,V32P-A050184,0,0.18358975350856782,0.17741025984287262,0,0
hospital_removal,6846,V32P-A050317,0,0.43779829144477844,0.44495701193809511,0,0
hospital_removal,6847,V32P-A050318,0,0.4243489742279053,0.42657693624496462,0,0
hospital_removal,6848,V32P-A050319,0,0.38470502495765685,0.38489859700202944,0,0
hospital_removal,6849,V32P-A050320,0,0.30496236979961394,0.30500928461551668,0,0
hospital_removal,6850,V32P-A050321,1,0.22800674438476562,0.2270653486251831,0,0
hospital_removal,6851,V32P-A050322,0,0.014976332802325487,0.016282054316252469,0,0
hospital_removal,6852,V32P-A050329,1,0.72197693586349487,0.74222947359085079,1,1
hospital_removal,6853,V32P-A050330,1,0.70018838644027714,0.72153700590133663,1,1
hospital_removal,6854,V32P-A050331,1,0.70871983766555791,0.72773689031600952,1,1
hospital_removal,6855,V32P-A050332,0,0.20289151072502137,0.23649609684944153,0,0
hospital_removal,6856,V32P-A050333,0,0.15857833921909331,0.1782946303486824,0,0
hospital_removal,6857,V32P-A050334,0,0.077347688004374499,0.083141380921006203,0,0
hospital_removal,6858,V32P-A050359,0,0.41575573086738588,0.40844048261642457,0,0
hospital_removal,6859,V32P-A050360,0,0.38295744657516478,0.37532283663749694,0,0
hospital_removal,6860,V32P-A050361,0,0.39581727385520937,0.40016232132911683,0,0
hospital_removal,6861,V32P-A050362,0,0.35073884725570681,0.33728434443473815,0,0
hospital_removal,6862,V32P-A050363,0,0.27990665435791018,0.26859157681465151,0,0
hospital_removal,6863,V32P-A050364,0,0.029564567841589451,0.030593635328114033,0,0
hospital_removal,6864,V32P-A050377,0,0.64122365713119511,0.65298883914947514,1,1
hospital_removal,6865,V32P-A050378,0,0.57522680163383488,0.58234035372734072,0,0
hospital_removal,6866,V32P-A050379,0,0.45773864388465879,0.45841684937477112,0,0
hospital_removal,6867,V32P-A050380,0,0.31284252405166624,0.31270558238029478,0,0
hospital_removal,6868,V32P-A050381,0,0.22466115057468414,0.22551310956478118,0,0
hospital_removal,6869,V32P-A050382,0,0.086828131973743436,0.090877774357795718,0,0
hospital_removal,6870,V32P-A050413,0,0.74385353326797488,0.75915710926055913,1,1
hospital_removal,6871,V32P-A050414,0,0.60015233755111697,0.62252731323242183,0,1
hospital_removal,6872,V32P-A050415,0,0.52126395106315615,0.54294356107711794,0,0
hospital_removal,6873,V32P-A050416,0,0.43912336826324461,0.46279375553131102,0,0
hospital_removal,6874,V32P-A050417,0,0.4936107575893402,0.50667315721511841,0,0
hospital_removal,6875,V32P-A050418,0,0.15681190937757492,0.16437319517135621,0,0
hospital_removal,6876,V32P-A050431,0,0.70456508398056028,0.7031420826911926,1,1
hospital_removal,6877,V32P-A050432,0,0.64687428474426267,0.64530934095382686,1,1
hospital_removal,6878,V32P-A050433,0,0.61733515262603755,0.61314467191696165,0,0
hospital_removal,6879,V32P-A050434,0,0.55553798675537114,0.54777553081512453,0,0
hospital_removal,6880,V32P-A050435,0,0.42885205149650574,0.43312807083129884,0,0
hospital_removal,6881,V32P-A050436,0,0.22090100347995759,0.22791861593723298,0,0
hospital_removal,6882,V32P-A050545,0,0.72472865581512447,0.7258002758026123,1,1
hospital_removal,6883,V32P-A050546,0,0.69423232078552244,0.69967442750930786,1,1
hospital_removal,6884,V32P-A050547,0,0.65631029605865476,0.6640044689178467,1,1
hospital_removal,6885,V32P-A050548,1,0.59115169048309324,0.5930957674980164,0,0
hospital_removal,6886,V32P-A050549,0,0.096489119529724124,0.099441000819206232,0,0
hospital_removal,6887,V32P-A050550,0,0.043833108246326448,0.045352670550346377,0,0
hospital_removal,6888,V32P-A050581,0,0.40387617945671084,0.39678773283958435,0,0
hospital_removal,6889,V32P-A050582,0,0.39388731718063352,0.38645584583282472,0,0
hospital_removal,6890,V32P-A050583,0,0.32731131315231321,0.32263222336769104,0,0
hospital_removal,6891,V32P-A050584,0,0.26114314794540405,0.25929819941520693,0,0
hospital_removal,6892,V32P-A050585,0,0.20206579566001892,0.20209710001945497,0,0
hospital_removal,6893,V32P-A050586,0,0.085593606531620028,0.087907409667968756,0,0
hospital_removal,6894,V32P-A050755,0,0.61624974012374878,0.62499796152114873,0,1
hospital_removal,6895,V32P-A050756,0,0.51724103093147278,0.53366653919219975,0,0
hospital_removal,6896,V32P-A050757,0,0.5543865919113159,0.5499063193798065,0,0
hospital_removal,6897,V32P-A050758,0,0.50325436592102046,0.49636303782463076,0,0
hospital_removal,6898,V32P-A050759,0,0.48432705998420716,0.47407386898994447,0,0
hospital_removal,6899,V32P-A050760,0,0.21894534826278686,0.22406792044639587,0,0
hospital_removal,6900,V32P-A050773,0,0.63837155103683474,0.62625381946563718,1,1
hospital_removal,6901,V32P-A050774,0,0.53205221891403198,0.52233301997184756,0,0
hospital_removal,6902,V32P-A050775,0,0.46674727201461791,0.46181671023368837,0,0
hospital_removal,6903,V32P-A050776,0,0.38892547488212587,0.38673301935195925,0,0
hospital_removal,6904,V32P-A050777,0,0.31767510175704955,0.31801857948303225,0,0
hospital_removal,6905,V32P-A050778,0,0.14305291026830674,0.14699961990118027,0,0
hospital_removal,6906,V32P-A050809,0,0.28125782310962677,0.29433917701244355,0,0
hospital_removal,6907,V32P-A050810,0,0.27074663937091825,0.28406457602977753,0,0
hospital_removal,6908,V32P-A050811,0,0.27926380038261411,0.28790780901908875,0,0
hospital_removal,6909,V32P-A050812,0,0.22230262160301209,0.23130280971527101,0,0
hospital_removal,6910,V32P-A050813,0,0.17519136369228364,0.18224442899227142,0,0
hospital_removal,6911,V32P-A050814,0,0.082248459756374362,0.086031268537044528,0,0
hospital_removal,6912,V32P-A050911,0,0.39599384665489196,0.39527907967567444,0,0
hospital_removal,6913,V32P-A050912,0,0.45626346468925477,0.44788472056388856,0,0
hospital_removal,6914,V32P-A050913,0,0.45253803133964537,0.43949273228645325,0,0
hospital_removal,6915,V32P-A050914,0,0.38613942265510559,0.3716059446334839,0,0
hospital_removal,6916,V32P-A050915,0,0.30236108005046847,0.28887626230716706,0,0
hospital_removal,6917,V32P-A050916,0,0.13603299409151076,0.13350619375705719,0,0
hospital_removal,6918,V32P-A050953,0,0.52430202364921574,0.50923392772674558,0,0
hospital_removal,6919,V32P-A050954,0,0.51612769961357119,0.50011420249938965,0,0
hospital_removal,6920,V32P-A050955,0,0.48516737222671508,0.46525034904479978,0,0
hospital_removal,6921,V32P-A050956,0,0.42727991938591003,0.40415881872177123,0,0
hospital_removal,6922,V32P-A050957,0,0.32945426702499392,0.32111055850982667,0,0
hospital_removal,6923,V32P-A050958,0,0.16444722712039947,0.16050976514816284,0,0
hospital_removal,6924,V32P-A051031,0,0.48842591047286987,0.4858426094055176,0,0
hospital_removal,6925,V32P-A051032,0,0.44521002769470214,0.44011931419372557,0,0
hospital_removal,6926,V32P-A051033,0,0.38062698245048521,0.36592792868614199,0,0
hospital_removal,6927,V32P-A051034,0,0.29320896863937379,0.28221635818481444,0,0
hospital_removal,6928,V32P-A051035,0,0.21952350437641144,0.21364745795726775,0,0
hospital_removal,6929,V32P-A051036,0,0.086906628310680384,0.089170034229755404,0,0
hospital_removal,6930,V32P-A051067,0,0.82262593507766724,0.81909017562866215,1,1
hospital_removal,6931,V32P-A051068,0,0.69537545442581172,0.69648991823196416,1,1
hospital_removal,6932,V32P-A051069,0,0.60063825845718388,0.6054413914680481,0,0
hospital_removal,6933,V32P-A051070,0,0.49122800230979918,0.4912481725215912,0,0
hospital_removal,6934,V32P-A051071,0,0.41616110801696776,0.41603640317916868,0,0
hospital_removal,6935,V32P-A051072,0,0.18251292705535888,0.18316702842712401,0,0
hospital_removal,6936,V32P-A051073,0,0.4888600170612335,0.47728564739227297,0,0
hospital_removal,6937,V32P-A051074,0,0.49092472791671754,0.47587294578552247,0,0
hospital_removal,6938,V32P-A051075,0,0.4437485933303833,0.4297495663166046,0,0
hospital_removal,6939,V32P-A051076,0,0.34847581088542939,0.34096751511096957,0,0
hospital_removal,6940,V32P-A051077,0,0.30482136309146879,0.29806221425533297,0,0
hospital_removal,6941,V32P-A051078,0,0.13401018679141999,0.13412835597991943,0,0
hospital_removal,6942,V32P-A051079,0,0.37102833986282346,0.38155217170715333,0,0
hospital_removal,6943,V32P-A051080,0,0.4893357276916504,0.49437036514282229,0,0
hospital_removal,6944,V32P-A051081,0,0.53235964179038997,0.53122012019157405,0,0
hospital_removal,6945,V32P-A051082,0,0.50843518376350405,0.50114701390266414,0,0
hospital_removal,6946,V32P-A051083,0,0.4054068148136139,0.41038018465042114,0,0
hospital_removal,6947,V32P-A051084,0,0.037098973803222177,0.038934975303709506,0,0
hospital_removal,6948,V32P-A051259,0,0.6811573266983032,0.69619731903076176,1,1
hospital_removal,6949,V32P-A051260,0,0.59918271303176884,0.61091840267181396,0,0
hospital_removal,6950,V32P-A051261,0,0.52570788860321049,0.53412665128707881,0,0
hospital_removal,6951,V32P-A051262,0,0.42368264794349669,0.43142348527908325,0,0
hospital_removal,6952,V32P-A051263,0,0.34572580456733704,0.35487825870513917,0,0
hospital_removal,6953,V32P-A051264,0,0.17064886838197707,0.18567072302103044,0,0
hospital_removal,6954,V32P-A051301,0,0.3946107029914856,0.39229055643081667,0,0
hospital_removal,6955,V32P-A051302,0,0.3474242091178894,0.34332964420318601,0,0
hospital_removal,6956,V32P-A051303,0,0.31456408202648162,0.30834971368312836,0,0
hospital_removal,6957,V32P-A051304,0,0.25655156075954438,0.24967462122440337,0,0
hospital_removal,6958,V32P-A051305,0,0.20237978100776671,0.1965497463941574,0,0
hospital_removal,6959,V32P-A051306,0,0.097068539261817938,0.095646409690380102,0,0
hospital_removal,6960,V32P-A051307,0,0.52965782880783085,0.51035710573196413,0,0
hospital_removal,6961,V32P-A051308,0,0.55651005506515505,0.53947262763977055,0,0
hospital_removal,6962,V32P-A051309,0,0.52726778388023376,0.5073390424251556,0,0
hospital_removal,6963,V32P-A051310,0,0.47977591753005983,0.45698296427726748,0,0
hospital_removal,6964,V32P-A051311,0,0.40307102203369138,0.38005401492118834,0,0
hospital_removal,6965,V32P-A051312,0,0.18957216739654542,0.18281235247850419,0,0
hospital_removal,6966,V32P-A051325,0,0.72309501171112056,0.72774505615234375,1,1
hospital_removal,6967,V32P-A051326,0,0.66175063848495486,0.66770265102386472,1,1
hospital_removal,6968,V32P-A051327,0,0.59590126276016231,0.60113257169723511,0,0
hospital_removal,6969,V32P-A051328,0,0.51323117017745967,0.51637732982635498,0,0
hospital_removal,6970,V32P-A051329,0,0.39687200188636779,0.40939803719520568,0,0
hospital_removal,6971,V32P-A051330,0,0.18646245747804641,0.2001703605055809,0,0
hospital_removal,6972,V32P-A051457,0,0.69707942008972168,0.71290240287780759,1,1
hospital_removal,6973,V32P-A051458,0,0.66051992177963259,0.66845767498016362,1,1
hospital_removal,6974,V32P-A051459,0,0.60116051435470585,0.60271580219268794,0,0
hospital_removal,6975,V32P-A051460,0,0.54719969034194949,0.54104801416397097,0,0
hospital_removal,6976,V32P-A051461,1,0.45850935578346252,0.45089415907859803,0,0
hospital_removal,6977,V32P-A051462,0,0.027738341875374318,0.030222951062023641,0,0
hospital_removal,6978,V32P-A051493,0,0.74439556598663326,0.74354146718978886,1,1
hospital_removal,6979,V32P-A051494,0,0.72093334197998049,0.7222208619117737,1,1
hospital_removal,6980,V32P-A051495,0,0.72927256822586062,0.73137340545654295,1,1
hospital_removal,6981,V32P-A051496,0,0.66152925491333003,0.66628090143203733,1,1
hospital_removal,6982,V32P-A051497,0,0.57202697396278379,0.5793421804904938,0,0
hospital_removal,6983,V32P-A051498,0,0.30847827196121214,0.317976775765419,0,0
hospital_removal,6984,V32P-A051499,0,0.72288706302642824,0.74156683683395386,1,1
hospital_removal,6985,V32P-A051500,0,0.61000134348869328,0.63352825641632082,0,1
hospital_removal,6986,V32P-A051501,0,0.54572762250900264,0.55652728676795959,0,0
hospital_removal,6987,V32P-A051502,0,0.48455072045326231,0.48737157583236695,0,0
hospital_removal,6988,V32P-A051503,0,0.41311628818511964,0.41342981457710265,0,0
hospital_removal,6989,V32P-A051504,0,0.24619074165821075,0.24438668489456178,0,0
hospital_removal,6990,V32P-A051511,0,0.5721022427082062,0.5897686362266541,0,0
hospital_removal,6991,V32P-A051512,0,0.6323134660720825,0.64338792562484737,1,1
hospital_removal,6992,V32P-A051513,0,0.63688250780105593,0.63902833461761477,1,1
hospital_removal,6993,V32P-A051514,0,0.61241796016693117,0.61082106828689575,0,0
hospital_removal,6994,V32P-A051515,1,0.49363589286804199,0.49606621265411377,0,0
hospital_removal,6995,V32P-A051516,0,0.04148783087730408,0.043796927854418757,0,0
hospital_removal,6996,V32P-A051547,1,0.68263043165206905,0.68448488712310795,1,1
hospital_removal,6997,V32P-A051548,1,0.67751437425613403,0.68248863220214839,1,1
hospital_removal,6998,V32P-A051549,1,0.76836117506027224,0.7664583802223206,1,1
hospital_removal,6999,V32P-A051550,0,0.10412367582321166,0.12261145859956742,0,0
hospital_removal,7000,V32P-A051551,0,0.14762768000364304,0.17448997795581817,0,0
hospital_removal,7001,V32P-A051552,0,0.043068671785295012,0.048144116066396236,0,0
hospital_removal,7002,V32P-A051679,0,0.42859595417976382,0.44752264022827148,0,0
hospital_removal,7003,V32P-A051680,0,0.57607976198196409,0.57976235151290889,0,0
hospital_removal,7004,V32P-A051681,0,0.59198210239410398,0.58984160423278809,0,0
hospital_removal,7005,V32P-A051682,0,0.49426403045654299,0.49144880771636962,0,0
hospital_removal,7006,V32P-A051683,0,0.38519054651260376,0.38305578827857972,0,0
hospital_removal,7007,V32P-A051684,0,0.16324505805969239,0.17034379839897157,0,0
hospital_removal,7008,V32P-A051697,0,0.47420162558555601,0.47051358222961426,0,0
hospital_removal,7009,V32P-A051698,0,0.47070289850234986,0.46348316669464112,0,0
hospital_removal,7010,V32P-A051699,0,0.45033934712409973,0.44210436940193176,0,0
hospital_removal,7011,V32P-A051700,0,0.38267086744308471,0.37593304514884951,0,0
hospital_removal,7012,V32P-A051701,0,0.29140940308570862,0.29656990766525271,0,0
hospital_removal,7013,V32P-A051702,0,0.14718748778104782,0.14718654304742812,0,0
hospital_removal,7014,V32P-A051721,0,0.6457284688949585,0.64984816312789917,1,1
hospital_removal,7015,V32P-A051722,0,0.53791711330413816,0.53257646560668948,0,0
hospital_removal,7016,V32P-A051723,0,0.44234301447868346,0.44019885659217833,0,0
hospital_removal,7017,V32P-A051724,1,0.36341736912727357,0.36569076180458071,0,0
hospital_removal,7018,V32P-A051725,0,0.055106751993298529,0.059688305482268333,0,0
hospital_removal,7019,V32P-A051726,0,0.018294281326234341,0.020349277742207052,0,0
hospital_removal,7020,V32P-A051751,0,0.71549930572509768,0.71679445505142214,1,1
hospital_removal,7021,V32P-A051752,0,0.63858618736267092,0.63310326337814327,1,1
hospital_removal,7022,V32P-A051753,0,0.6017750144004822,0.58583327531814577,0,0
hospital_removal,7023,V32P-A051754,1,0.53369301557540894,0.51246845126152041,0,0
hospital_removal,7024,V32P-A051755,0,0.077807650715112683,0.079678176343441015,0,0
hospital_removal,7025,V32P-A051756,0,0.035958312451839447,0.037009049952030179,0,0
hospital_removal,7026,V32P-A051757,0,0.51477780342102053,0.4875766158103943,0,0
hospital_removal,7027,V32P-A051758,0,0.52684994339942937,0.50961293578147893,0,0
hospital_removal,7028,V32P-A051759,0,0.51548593640327456,0.48507248163223265,0,0
hospital_removal,7029,V32P-A051760,0,0.39319728016853334,0.36348580718040469,0,0
hospital_removal,7030,V32P-A051761,0,0.2961826831102371,0.27788161337375639,0,0
hospital_removal,7031,V32P-A051762,0,0.13533467054367065,0.13131800293922424,0,0
hospital_removal,7032,V32P-A051769,0,0.5931834876537323,0.60054863095283506,0,0
hospital_removal,7033,V32P-A051770,0,0.57178903222084043,0.5723929166793823,0,0
hospital_removal,7034,V32P-A051771,0,0.535315477848053,0.52529209852218628,0,0
hospital_removal,7035,V32P-A051772,0,0.47126176357269289,0.45511397123336794,0,0
hospital_removal,7036,V32P-A051773,0,0.35741618275642395,0.34820796847343444,0,0
hospital_removal,7037,V32P-A051774,0,0.18753086328506469,0.18343037366867065,0,0
hospital_removal,7038,V32P-A051781,0,0.77701965570449827,0.77236056327819824,1,1
hospital_removal,7039,V32P-A051782,0,0.62234479188919067,0.60067212581634521,1,0
hospital_removal,7040,V32P-A051783,0,0.52553250789642336,0.50362722873687749,0,0
hospital_removal,7041,V32P-A051784,0,0.56792372465133667,0.55562866926193233,0,0
hospital_removal,7042,V32P-A051785,1,0.56436765789985655,0.55322504639625547,0,0
hospital_removal,7043,V32P-A051786,0,0.04425283037126064,0.045535585284233092,0,0
hospital_removal,7044,V32P-A051811,0,0.70016106367111208,0.69025329351425169,1,1
hospital_removal,7045,V32P-A051812,0,0.56668291091918943,0.56552593708038335,0,0
hospital_removal,7046,V32P-A051813,0,0.67220528125762935,0.66526434421539304,1,1
hospital_removal,7047,V32P-A051814,0,0.60066592693328857,0.59839144945144651,0,0
hospital_removal,7048,V32P-A051815,0,0.44335063099861144,0.44718046784400939,0,0
hospital_removal,7049,V32P-A051816,0,0.19712495058774948,0.20327298492193221,0,0
hospital_removal,7050,V32P-A051823,0,0.65461813211441044,0.66816294193267822,1,1
hospital_removal,7051,V32P-A051824,0,0.62628637552261357,0.62689298391342163,1,1
hospital_removal,7052,V32P-A051825,0,0.57846487760543819,0.5760679960250854,0,0
hospital_removal,7053,V32P-A051826,1,0.45895048975944519,0.45617677569389342,0,0
hospital_removal,7054,V32P-A051827,0,0.055784508213400842,0.060558668896555902,0,0
hospital_removal,7055,V32P-A051828,0,0.024338774941861631,0.026926813274621965,0,0
hospital_removal,7056,V32P-A051859,0,0.72594830989837644,0.71774250268936157,1,1
hospital_removal,7057,V32P-A051860,0,0.50725267529487605,0.50820474028587337,0,0
hospital_removal,7058,V32P-A051861,0,0.44634692668914794,0.44758635759353638,0,0
hospital_removal,7059,V32P-A051862,0,0.45704185962677002,0.45236144065856931,0,0
hospital_removal,7060,V32P-A051863,0,0.30451229214668274,0.30170407891273499,0,0
hospital_removal,7061,V32P-A051864,0,0.14002653211355209,0.14231964498758315,0,0
hospital_removal,7062,V32P-A052057,0,0.44439398050308226,0.44800668954849243,0,0
hospital_removal,7063,V32P-A052058,0,0.45920489430427552,0.46589087843894961,0,0
hospital_removal,7064,V32P-A052059,0,0.43488055467605591,0.44045190811157225,0,0
hospital_removal,7065,V32P-A052060,0,0.35467828810214996,0.37009219825267792,0,0
hospital_removal,7066,V32P-A052061,0,0.30448266267776491,0.30749740004539489,0,0
hospital_removal,7067,V32P-A052062,0,0.023130711819976568,0.02488195737823844,0,0
hospital_removal,7068,V32P-A052135,0,0.72468258142471309,0.73110581636428829,1,1
hospital_removal,7069,V32P-A052136,0,0.60348448753356931,0.61529664993286137,0,0
hospital_removal,7070,V32P-A052137,0,0.47263080477714536,0.49327358603477478,0,0
hospital_removal,7071,V32P-A052138,0,0.42509323358535767,0.42778765559196474,0,0
hospital_removal,7072,V32P-A052139,0,0.32104253768920898,0.31972239613533021,0,0
hospital_removal,7073,V32P-A052140,0,0.14505003839731218,0.14484611004590989,0,0
hospital_removal,7074,V32P-A052159,0,0.71642770767211916,0.73533186912536619,1,1
hospital_removal,7075,V32P-A052160,0,0.65643554925918579,0.67726298570632937,1,1
hospital_removal,7076,V32P-A052161,0,0.55011471509933474,0.56662557125091551,0,0
hospital_removal,7077,V32P-A052162,0,0.47587029337882997,0.48741298317909243,0,0
hospital_removal,7078,V32P-A052163,0,0.36955625116825103,0.37398532927036288,0,0
hospital_removal,7079,V32P-A052164,0,0.17137133032083512,0.16876995712518691,0,0
hospital_removal,7080,V32P-A052195,0,0.64122251272201536,0.64847744703292842,1,1
hospital_removal,7081,V32P-A052196,0,0.58730981349945066,0.59511290788650517,0,0
hospital_removal,7082,V32P-A052197,0,0.50508795976638798,0.50891658663749695,0,0
hospital_removal,7083,V32P-A052198,0,0.43570370078086851,0.43447170257568357,0,0
hospital_removal,7084,V32P-A052199,0,0.37029971480369567,0.36608751416206359,0,0
hospital_removal,7085,V32P-A052200,0,0.039614285714924334,0.040176653116941449,0,0
hospital_removal,7086,V32P-A052267,0,0.67065439224243162,0.66674344539642338,1,1
hospital_removal,7087,V32P-A052268,0,0.46757549047470093,0.4615479648113251,0,0
hospital_removal,7088,V32P-A052269,0,0.39468010663986208,0.38847862482070922,0,0
hospital_removal,7089,V32P-A052270,0,0.32217576801776887,0.3228489965200424,0,0
hospital_removal,7090,V32P-A052271,0,0.30545162558555605,0.30814915895462036,0,0
hospital_removal,7091,V32P-A052272,0,0.11959062218666076,0.12468503415584564,0,0
hospital_removal,7092,V32P-A052321,0,0.62830216884613033,0.65103012323379517,1,1
hospital_removal,7093,V32P-A052322,0,0.52087074518203735,0.54820569753646853,0,0
hospital_removal,7094,V32P-A052323,0,0.49126710295677184,0.50741191506385808,0,0
hospital_removal,7095,V32P-A052324,0,0.40946145057678224,0.42612270712852479,0,0
hospital_removal,7096,V32P-A052325,0,0.35611773133277891,0.37422752976417539,0,0
hospital_removal,7097,V32P-A052326,0,0.12750242501497269,0.13532688915729524,0,0
hospital_removal,7098,V32P-A052453,0,0.63109703063964839,0.66395674943923955,1,1
hospital_removal,7099,V32P-A052454,0,0.58477084636688237,0.619826877117157,0,0
hospital_removal,7100,V32P-A052455,0,0.53811093568801882,0.57218924760818479,0,0
hospital_removal,7101,V32P-A052456,0,0.48489046692848203,0.51519442796707149,0,0
hospital_removal,7102,V32P-A052457,0,0.41026773750782014,0.43284530341625216,0,0
hospital_removal,7103,V32P-A052458,0,0.19984214454889299,0.21041172891855239,0,0
hospital_removal,7104,V32P-A052501,0,0.71827903985977171,0.72385395765304561,1,1
hospital_removal,7105,V32P-A052502,0,0.60276021361351018,0.60996628403663633,0,0
hospital_removal,7106,V32P-A052503,0,0.53848258256912229,0.53808369636535647,0,0
hospital_removal,7107,V32P-A052504,0,0.45519075393676756,0.44248428344726565,0,0
hospital_removal,7108,V32P-A052505,0,0.36632140874862673,0.34916105270385744,0,0
hospital_removal,7109,V32P-A052506,0,0.20211426913738251,0.19138371348381042,0,0
hospital_removal,7110,V32P-A052537,0,0.61354676485061643,0.6344168066978455,0,1
hospital_removal,7111,V32P-A052538,0,0.58348002433776858,0.60485670566558836,0,0
hospital_removal,7112,V32P-A052539,0,0.56608796119689941,0.57791174650192256,0,0
hospital_removal,7113,V32P-A052540,0,0.50552591681480408,0.51367858648300169,0,0
hospital_removal,7114,V32P-A052541,0,0.41066849827766416,0.41580162644386293,0,0
hospital_removal,7115,V32P-A052542,0,0.17257015258073807,0.17547484189271928,0,0
hospital_removal,7116,V32P-A052603,0,0.73395212888717654,0.71888664960861204,1,1
hospital_removal,7117,V32P-A052604,0,0.57773796916007991,0.54571540355682369,0,0
hospital_removal,7118,V32P-A052605,0,0.4968384265899658,0.48394641876220701,0,0
hospital_removal,7119,V32P-A052606,0,0.44039883017539977,0.41503253579139709,0,0
hospital_removal,7120,V32P-A052607,0,0.34087376892566679,0.3245248317718506,0,0
hospital_removal,7121,V32P-A052608,0,0.1564669817686081,0.15541351884603499,0,0
hospital_removal,7122,V32P-A052633,1,0.73452363014221189,0.73937159776687622,1,1
hospital_removal,7123,V32P-A052634,1,0.6526004552841187,0.64599608182907109,1,1
hospital_removal,7124,V32P-A052635,0,0.14117307364940643,0.14493568390607833,0,0
hospital_removal,7125,V32P-A052636,0,0.13981850296258927,0.14362183511257171,0,0
hospital_removal,7126,V32P-A052637,0,0.091968183219432828,0.095000224560499197,0,0
hospital_removal,7127,V32P-A052638,0,0.0398672791197896,0.041291508823633194,0,0
hospital_removal,7128,V32P-A052675,1,0.54246720075607302,0.53474978208541868,0,0
hospital_removal,7129,V32P-A052676,1,0.44935963153839109,0.44056378006935121,0,0
hospital_removal,7130,V32P-A052677,1,0.41833939552307131,0.40922771692276,0,0
hospital_removal,7131,V32P-A052678,0,0.074427992850542066,0.079064507037401199,0,0
hospital_removal,7132,V32P-A052679,0,0.057780522480607034,0.061993198469281197,0,0
hospital_removal,7133,V32P-A052680,0,0.027599186822772025,0.029937207698822021,0,0
hospital_removal,7134,V32P-A052681,0,0.78665815591812138,0.79992532730102539,1,1
hospital_removal,7135,V32P-A052682,0,0.56439632773399351,0.57978963255882265,0,0
hospital_removal,7136,V32P-A052683,0,0.55660083293914797,0.56208028793334963,0,0
hospital_removal,7137,V32P-A052684,0,0.50930719375610356,0.51402809619903567,0,0
hospital_removal,7138,V32P-A052685,0,0.42259334921836855,0.4258066713809967,0,0
hospital_removal,7139,V32P-A052686,0,0.23382717669010161,0.24071537554264069,0,0
hospital_removal,7140,V32P-A052687,0,0.68941798210144045,0.68636481761932377,1,1
hospital_removal,7141,V32P-A052688,0,0.55832748413085942,0.55823217630386357,0,0
hospital_removal,7142,V32P-A052689,0,0.45498780608177186,0.44502286314964296,0,0
hospital_removal,7143,V32P-A052690,0,0.36056798696517944,0.34967395067214968,0,0
hospital_removal,7144,V32P-A052691,0,0.27759132385253904,0.2662734776735306,0,0
hospital_removal,7145,V32P-A052692,0,0.13220243155956268,0.1281178817152977,0,0
hospital_removal,7146,V32P-A052747,0,0.76984027624130247,0.75917866230010989,1,1
hospital_removal,7147,V32P-A052748,0,0.55428806543350218,0.54870993494987486,0,0
hospital_removal,7148,V32P-A052749,0,0.54637818932533266,0.53176241517066958,0,0
hospital_removal,7149,V32P-A052750,0,0.64072387218475346,0.62037833929061892,1,1
hospital_removal,7150,V32P-A052751,0,0.3869616687297821,0.37702683210372923,0,0
hospital_removal,7151,V32P-A052752,0,0.17605988830327987,0.17984677553176881,0,0
hospital_removal,7152,V32P-A052849,0,0.55846303105354311,0.5462706983089447,0,0
hospital_removal,7153,V32P-A052850,0,0.55538393855094914,0.54259271025657652,0,0
hospital_removal,7154,V32P-A052851,0,0.53282073736190794,0.51979355812072758,0,0
hospital_removal,7155,V32P-A052852,0,0.39164417386054995,0.37293126583099367,0,0
hospital_removal,7156,V32P-A052853,0,0.29537252783775331,0.27835443019866946,0,0
hospital_removal,7157,V32P-A052854,0,0.14013309478759767,0.13346721827983857,0,0
hospital_removal,7158,V32P-A052873,0,0.62378747463226314,0.65804070234298706,1,1
hospital_removal,7159,V32P-A052874,0,0.63312599658966062,0.66250663995742798,1,1
hospital_removal,7160,V32P-A052875,0,0.65281274318695071,0.67380381822586055,1,1
hospital_removal,7161,V32P-A052876,0,0.6166404008865356,0.63624132871627803,0,1
hospital_removal,7162,V32P-A052877,0,0.56368152499198909,0.58420748114585874,0,0
hospital_removal,7163,V32P-A052878,0,0.050562899187207223,0.055919170007109643,0,0
hospital_removal,7164,V32P-A052999,0,0.51396482586860659,0.51972592473030088,0,0
hospital_removal,7165,V32P-A053000,0,0.49087577462196352,0.49355482459068301,0,0
hospital_removal,7166,V32P-A053001,0,0.4681499660015106,0.46796113848686216,0,0
hospital_removal,7167,V32P-A053002,0,0.42581387162208556,0.41906618475914004,0,0
hospital_removal,7168,V32P-A053003,0,0.35382577478885652,0.34478954970836639,0,0
hospital_removal,7169,V32P-A053004,0,0.15761439204216005,0.15293222069740295,0,0
hospital_removal,7170,V32P-A053023,0,0.56530709266662593,0.56826757192611699,0,0
hospital_removal,7171,V32P-A053024,0,0.45572017431259154,0.46020602583885195,0,0
hospital_removal,7172,V32P-A053025,0,0.38578889966011048,0.3913238227367401,0,0
hospital_removal,7173,V32P-A053026,0,0.311652147769928,0.31492912173271181,0,0
hospital_removal,7174,V32P-A053027,0,0.24135950207710266,0.24164529740810395,0,0
hospital_removal,7175,V32P-A053028,0,0.11236661225557328,0.11257027834653854,0,0
hospital_removal,7176,V32P-A053113,0,0.77900476455688472,0.76624445915222172,1,1
hospital_removal,7177,V32P-A053114,0,0.59219994544982912,0.57641525268554683,0,0
hospital_removal,7178,V32P-A053115,0,0.53694968819618227,0.52534165978431702,0,0
hospital_removal,7179,V32P-A053116,0,0.56982710957527161,0.55358965992927556,0,0
hospital_removal,7180,V32P-A053117,0,0.53683396577835085,0.51896233558654781,0,0
hospital_removal,7181,V32P-A053118,0,0.29586499631404878,0.28104087412357331,0,0
hospital_removal,7182,V32P-A053125,0,0.77103310823440552,0.77222211360931392,1,1
hospital_removal,7183,V32P-A053126,0,0.60274597406387331,0.60749472379684444,0,0
hospital_removal,7184,V32P-A053127,0,0.52756050229072571,0.53748607635498047,0,0
hospital_removal,7185,V32P-A053128,0,0.486909818649292,0.48527923822402952,0,0
hospital_removal,7186,V32P-A053129,0,0.38307852149009702,0.38218688368797304,0,0
hospital_removal,7187,V32P-A053130,0,0.17104420065879822,0.17307400703430176,0,0
hospital_removal,7188,V32P-A053191,0,0.730019211769104,0.73387141227722164,1,1
hospital_removal,7189,V32P-A053192,0,0.48670738935470581,0.51193854808807371,0,0
hospital_removal,7190,V32P-A053193,0,0.60773090124130247,0.62349501848220823,0,1
hospital_removal,7191,V32P-A053194,0,0.64805142879486088,0.65771487951278684,1,1
hospital_removal,7192,V32P-A053195,1,0.39118180871009828,0.4136173903942108,0,0
hospital_removal,7193,V32P-A053196,0,0.032878106459975243,0.035262263566255572,0,0
hospital_removal,7194,V32P-A053233,0,0.73680341243743896,0.73900202512741087,1,1
hospital_removal,7195,V32P-A053234,0,0.56798481941223145,0.57789013385772703,0,0
hospital_removal,7196,V32P-A053235,0,0.62762740850448606,0.64102207422256474,1,1
hospital_removal,7197,V32P-A053236,0,0.62566715478897095,0.63441066741943364,1,1
hospital_removal,7198,V32P-A053237,0,0.54273552894592281,0.55190649628639221,0,0
hospital_removal,7199,V32P-A053238,0,0.24430472254753113,0.25154757797718047,0,0
hospital_removal,7200,V32P-A053263,0,0.63132879734039304,0.65244519710540771,1,1
hospital_removal,7201,V32P-A053264,0,0.67314430475234988,0.68721216917037964,1,1
hospital_removal,7202,V32P-A053265,0,0.65284653902053835,0.66765216588973997,1,1
hospital_removal,7203,V32P-A053266,0,0.57535160779952998,0.58682912588119507,0,0
hospital_removal,7204,V32P-A053267,1,0.46938164830207824,0.47729350328445436,0,0
hospital_removal,7205,V32P-A053268,0,0.045031100325286386,0.046743128262460229,0,0
hospital_removal,7206,V32P-A053275,0,0.41642155051231383,0.46589877605438235,0,0
hospital_removal,7207,V32P-A053276,0,0.57143467664718628,0.59468557834625246,0,0
hospital_removal,7208,V32P-A053277,0,0.55760694146156309,0.57873629927635195,0,0
hospital_removal,7209,V32P-A053278,0,0.44105753302574158,0.47832929491996767,0,0
hospital_removal,7210,V32P-A053279,1,0.35324852168560028,0.39470749199390409,0,0
hospital_removal,7211,V32P-A053280,0,0.036369419656693935,0.039109721966087821,0,0
hospital_removal,7212,V32P-A053359,0,0.60249065756797793,0.6038675725460052,0,0
hospital_removal,7213,V32P-A053360,0,0.49286608695983886,0.50385055541992185,0,0
hospital_removal,7214,V32P-A053361,0,0.45167427659034731,0.45583886504173277,0,0
hospital_removal,7215,V32P-A053362,0,0.36193088293075559,0.35979669690132143,0,0
hospital_removal,7216,V32P-A053363,0,0.28969098925590514,0.28638024926185607,0,0
hospital_removal,7217,V32P-A053364,0,0.12639535516500472,0.12769693583250047,0,0
hospital_removal,7218,V32P-A053377,0,0.86753439903259277,0.86729512214660642,1,1
hospital_removal,7219,V32P-A053378,0,0.7522929310798645,0.76269541978836064,1,1
hospital_removal,7220,V32P-A053379,0,0.82610241174697874,0.82308624982833867,1,1
hospital_removal,7221,V32P-A053380,0,0.68982840776443477,0.69870333671569829,1,1
hospital_removal,7222,V32P-A053381,1,0.62229175567626949,0.63230904340744021,1,1
hospital_removal,7223,V32P-A053382,0,0.03921252116560936,0.041131407395005225,0,0
hospital_removal,7224,V32P-A053389,0,0.69439692497253414,0.69582724571228027,1,1
hospital_removal,7225,V32P-A053390,0,0.57630519270896907,0.58213495612144472,0,0
hospital_removal,7226,V32P-A053391,0,0.5522717952728271,0.55450283288955693,0,0
hospital_removal,7227,V32P-A053392,0,0.44160320162773131,0.44848318696022033,0,0
hospital_removal,7228,V32P-A053393,0,0.32321541309356688,0.33531274199485778,0,0
hospital_removal,7229,V32P-A053394,0,0.12097322940826416,0.136577308177948,0,0
hospital_removal,7230,V32P-A053395,0,0.58332884311676025,0.58851311206817625,0,0
hospital_removal,7231,V32P-A053396,0,0.49474034309387205,0.50857148170471189,0,0
hospital_removal,7232,V32P-A053397,0,0.45890595912933352,0.47439079284667968,0,0
hospital_removal,7233,V32P-A053398,0,0.42006347477436068,0.43565652668476107,0,0
hospital_removal,7234,V32P-A053399,0,0.35987617075443268,0.38226136267185212,0,0
hospital_removal,7235,V32P-A053400,0,0.033684929925948383,0.038916074950248,0,0
hospital_removal,7236,V32P-A053407,1,0.83825712203979497,0.82700624465942385,1,1
hospital_removal,7237,V32P-A053408,1,0.69794802665710454,0.68770220279693606,1,1
hospital_removal,7238,V32P-A053409,0,0.36229317784309389,0.36078352928161622,0,0
hospital_removal,7239,V32P-A053410,0,0.15172916352748872,0.15613970458507537,0,0
hospital_removal,7240,V32P-A053411,0,0.12629570662975312,0.13058860152959822,0,0
hospital_removal,7241,V32P-A053412,0,0.048637724295258519,0.050668387115001677,0,0
hospital_removal,7242,V32P-A053437,1,0.69270631074905398,0.71919950246810915,1,1
hospital_removal,7243,V32P-A053438,1,0.57758450508117676,0.60979107618331907,0,0
hospital_removal,7244,V32P-A053439,0,0.15692055821418763,0.17087008059024811,0,0
hospital_removal,7245,V32P-A053440,0,0.1190432883799076,0.1259608618915081,0,0
hospital_removal,7246,V32P-A053441,0,0.10259463787078857,0.10846361294388771,0,0
hospital_removal,7247,V32P-A053442,0,0.041522563993930818,0.043276985920965669,0,0
hospital_removal,7248,V32P-A053461,0,0.42197224497795105,0.4208477556705475,0,0
hospital_removal,7249,V32P-A053462,0,0.51956977248191838,0.50501023530960087,0,0
hospital_removal,7250,V32P-A053463,0,0.52683277130126949,0.50685888528823853,0,0
hospital_removal,7251,V32P-A053464,0,0.47420666217803953,0.45532363653182983,0,0
hospital_removal,7252,V32P-A053465,1,0.40755566954612732,0.39319065809249876,0,0
hospital_removal,7253,V32P-A053466,0,0.032892215065658092,0.034778109006583693,0,0
hospital_removal,7254,V32P-A053467,0,0.52019734978675847,0.5537173807621002,0,0
hospital_removal,7255,V32P-A053468,0,0.48961475491523743,0.52135744690895081,0,0
hospital_removal,7256,V32P-A053469,0,0.75166592597961424,0.75753475427627559,1,1
hospital_removal,7257,V32P-A053470,0,0.36272926926612853,0.3956515848636627,0,0
hospital_removal,7258,V32P-A053471,1,0.37568293511867523,0.40572018325328829,0,0
hospital_removal,7259,V32P-A053472,0,0.040321553871035573,0.045531009510159495,0,0
hospital_removal,7260,V32P-A053491,0,0.52606006264686589,0.5001469731330872,0,0
hospital_removal,7261,V32P-A053492,0,0.42242206931114196,0.40142762660980225,0,0
hospital_removal,7262,V32P-A053493,0,0.45917903184890746,0.43371359705924989,0,0
hospital_removal,7263,V32P-A053494,0,0.46231743693351746,0.43324108719825744,0,0
hospital_removal,7264,V32P-A053495,0,0.38408975601196288,0.35601786971092225,0,0
hospital_removal,7265,V32P-A053496,0,0.2278285264968872,0.2134627103805542,0,0
hospital_removal,7266,V32P-A053497,0,0.64698352813720705,0.64266324043273926,1,1
hospital_removal,7267,V32P-A053498,0,0.64272814989089966,0.63909409046173093,1,1
hospital_removal,7268,V32P-A053499,0,0.63223911523818965,0.62938448190689089,1,1
hospital_removal,7269,V32P-A053500,0,0.64958299398422237,0.64553322792053225,1,1
hospital_removal,7270,V32P-A053501,0,0.5910839796066284,0.5877000093460083,0,0
hospital_removal,7271,V32P-A053502,0,0.35944998264312744,0.36171513199806216,0,0
hospital_removal,7272,V32P-A053527,0,0.75299303531646733,0.75802911520004268,1,1
hospital_removal,7273,V32P-A053528,0,0.72555872201919558,0.73604598045349123,1,1
hospital_removal,7274,V32P-A053529,0,0.75255733728408813,0.75776579380035403,1,1
hospital_removal,7275,V32P-A053530,0,0.74335175752639771,0.74840550422668461,1,1
hospital_removal,7276,V32P-A053531,0,0.69589489698410034,0.70253959894180296,1,1
hospital_removal,7277,V32P-A053532,0,0.48058697581291199,0.48422142267227175,0,0
hospital_removal,7278,V32P-A053575,0,0.56122590303421016,0.56912585496902468,0,0
hospital_removal,7279,V32P-A053576,0,0.54405025839805599,0.55050904154777525,0,0
hospital_removal,7280,V32P-A053577,0,0.60978922843933103,0.60949821472167964,0,0
hospital_removal,7281,V32P-A053578,0,0.58320369720458987,0.57903587818145752,0,0
hospital_removal,7282,V32P-A053579,0,0.48326188325881958,0.48367629051208494,0,0
hospital_removal,7283,V32P-A053580,0,0.037740061432123183,0.042197238653898239,0,0
hospital_removal,7284,V32P-A053617,0,0.73483421802520754,0.72992746829986577,1,1
hospital_removal,7285,V32P-A053618,0,0.7438113331794739,0.74118620157241821,1,1
hospital_removal,7286,V32P-A053619,0,0.77283875942230229,0.77519080638885496,1,1
hospital_removal,7287,V32P-A053620,0,0.5935528159141541,0.60302493572235105,0,0
hospital_removal,7288,V32P-A053621,0,0.52606164813041689,0.53186332583427431,0,0
hospital_removal,7289,V32P-A053622,0,0.23067809939384459,0.22930049002170563,0,0
hospital_removal,7290,V32P-A053635,0,0.6076274693012238,0.61978681087493892,0,0
hospital_removal,7291,V32P-A053636,0,0.60189165472984318,0.60430574417114258,0,0
hospital_removal,7292,V32P-A053637,0,0.58354984521865849,0.5752089858055115,0,0
hospital_removal,7293,V32P-A053638,0,0.56598668098449711,0.55024848580360408,0,0
hospital_removal,7294,V32P-A053639,0,0.50474965572357178,0.4912554442882538,0,0
hospital_removal,7295,V32P-A053640,0,0.28496835231781004,0.28230951726436615,0,0
hospital_removal,7296,V32P-A053647,1,0.61481537818908694,0.60858812332153323,0,0
hospital_removal,7297,V32P-A053648,1,0.58164634704589846,0.57464874982833858,0,0
hospital_removal,7298,V32P-A053649,1,0.53278869986534116,0.52304638028144834,0,0
hospital_removal,7299,V32P-A053650,0,0.092773903906345365,0.092933747172355655,0,0
hospital_removal,7300,V32P-A053651,0,0.066221918910741806,0.06668222919106484,0,0
hospital_removal,7301,V32P-A053652,0,0.026589542627334595,0.027190070599317551,0,0
hospital_removal,7302,V32P-A053659,1,0.61805063486099243,0.59668376445770266,0,0
hospital_removal,7303,V32P-A053660,1,0.51118526458740232,0.48115536570549011,0,0
hospital_removal,7304,V32P-A053661,1,0.43997460603713989,0.41402474045753479,0,0
hospital_removal,7305,V32P-A053662,0,0.068010795116424563,0.067270071059465406,0,0
hospital_removal,7306,V32P-A053663,0,0.050109783560037612,0.049868674576282503,0,0
hospital_removal,7307,V32P-A053664,0,0.020326353423297406,0.0204076973721385,0,0
hospital_removal,7308,V32P-A053779,0,0.72297618389129636,0.72108081579208372,1,1
hospital_removal,7309,V32P-A053780,0,0.65286115407943723,0.66087079048156738,1,1
hospital_removal,7310,V32P-A053781,0,0.62540522813796995,0.63432459831237797,1,1
hospital_removal,7311,V32P-A053782,0,0.53809086680412288,0.54732106328010555,0,0
hospital_removal,7312,V32P-A053783,0,0.43522102236747739,0.44676389098167418,0,0
hospital_removal,7313,V32P-A053784,0,0.036800372228026387,0.038448505476117133,0,0
hospital_removal,7314,V32P-A053797,1,0.79057381153106687,0.79380813837051389,1,1
hospital_removal,7315,V32P-A053798,1,0.72823692560195918,0.7378492593765259,1,1
hospital_removal,7316,V32P-A053799,1,0.65683193206787105,0.66544831991195674,1,1
hospital_removal,7317,V32P-A053800,0,0.13676167875528336,0.14206355959177017,0,0
hospital_removal,7318,V32P-A053801,0,0.10333304107189178,0.10707943141460419,0,0
hospital_removal,7319,V32P-A053802,0,0.045138168707489969,0.04674463979899883,0,0
hospital_removal,7320,V32P-A053851,1,0.76795252561569216,0.76258192062377927,1,1
hospital_removal,7321,V32P-A053852,1,0.67170994281768803,0.67550618648529048,1,1
hospital_removal,7322,V32P-A053853,1,0.7641173124313354,0.75530464649200435,1,1
hospital_removal,7323,V32P-A053854,0,0.14160301983356477,0.14601362720131875,0,0
hospital_removal,7324,V32P-A053855,0,0.10150288790464401,0.10459426492452621,0,0
hospital_removal,7325,V32P-A053856,0,0.045749077759683135,0.047191514447331426,0,0
hospital_removal,7326,V32P-A053887,1,0.74727709293365474,0.7644760847091675,1,1
hospital_removal,7327,V32P-A053888,1,0.63003463745117183,0.65761219263076787,1,1
hospital_removal,7328,V32P-A053889,1,0.516458660364151,0.54705109000205998,0,0
hospital_removal,7329,V32P-A053890,0,0.071543344482779506,0.075253260508179667,0,0
hospital_removal,7330,V32P-A053891,0,0.052889202535152433,0.05554324463009834,0,0
hospital_removal,7331,V32P-A053892,0,0.024400530569255351,0.025499427504837514,0,0
hospital_removal,7332,V32P-A053965,0,0.57450007200241093,0.57822890281677242,0,0
hospital_removal,7333,V32P-A053966,0,0.50407730937004092,0.51296254992485046,0,0
hospital_removal,7334,V32P-A053967,0,0.44051809906959533,0.45017974972724917,0,0
hospital_removal,7335,V32P-A053968,0,0.35425835251808169,0.36355996727943418,0,0
hospital_removal,7336,V32P-A053969,0,0.26810750961303709,0.27699854969978333,0,0
hospital_removal,7337,V32P-A053970,0,0.11746385172009469,0.12047259286046028,0,0
hospital_removal,7338,V32P-A053971,0,0.52609962821006773,0.55737473368644719,0,0
hospital_removal,7339,V32P-A053972,0,0.63945147395133972,0.65437235236167912,1,1
hospital_removal,7340,V32P-A053973,0,0.63726812601089478,0.6533522486686707,1,1
hospital_removal,7341,V32P-A053974,0,0.52818564772605892,0.55256833434104924,0,0
hospital_removal,7342,V32P-A053975,0,0.42802740931510924,0.45462771058082579,0,0
hospital_removal,7343,V32P-A053976,0,0.22396352589130403,0.23706432878971101,0,0
hospital_removal,7344,V32P-A054025,0,0.79016339778900146,0.77241898775100704,1,1
hospital_removal,7345,V32P-A054026,0,0.64655235409736633,0.64423955082893369,1,1
hospital_removal,7346,V32P-A054027,0,0.72380774021148686,0.71847088336944576,1,1
hospital_removal,7347,V32P-A054028,0,0.59609632492065434,0.59467690587043764,0,0
hospital_removal,7348,V32P-A054029,0,0.50910224318504338,0.50893910527229314,0,0
hospital_removal,7349,V32P-A054030,0,0.051387453079223634,0.053057802841067314,0,0
hospital_removal,7350,V32P-A054037,0,0.66871635913848881,0.64064505100250246,1,1
hospital_removal,7351,V32P-A054038,0,0.46270315051078797,0.44998311996459961,0,0
hospital_removal,7352,V32P-A054039,0,0.63509342074394226,0.61388253569602969,1,0
hospital_removal,7353,V32P-A054040,0,0.37504213452339175,0.36537609100341795,0,0
hospital_removal,7354,V32P-A054041,0,0.2837763547897339,0.27837297618389129,0,0
hospital_removal,7355,V32P-A054042,0,0.022067696228623389,0.022599380649626254,0,0
hospital_removal,7356,V32P-A054043,0,0.56260160207748411,0.59217794537544255,0,0
hospital_removal,7357,V32P-A054044,0,0.5809528589248657,0.6068552494049072,0,0
hospital_removal,7358,V32P-A054045,0,0.49126952290534975,0.50887137055397036,0,0
hospital_removal,7359,V32P-A054046,0,0.3903944969177246,0.40770562887191775,0,0
hospital_removal,7360,V32P-A054047,1,0.31226437687873843,0.32480689287185671,0,0
hospital_removal,7361,V32P-A054048,0,0.037622156925499438,0.038925242796540263,0,0
hospital_removal,7362,V32P-A054097,0,0.81843385696411131,0.82417473793029783,1,1
hospital_removal,7363,V32P-A054098,0,0.67741055488586421,0.70544691085815425,1,1
hospital_removal,7364,V32P-A054099,0,0.79492391347885127,0.80451469421386723,1,1
hospital_removal,7365,V32P-A054100,0,0.77148488759994505,0.78406339883804321,1,1
hospital_removal,7366,V32P-A054101,0,0.68928176164627075,0.71390455961227417,1,1
hospital_removal,7367,V32P-A054102,0,0.43531196415424345,0.48813576996326447,0,0
hospital_removal,7368,V32P-A054133,1,0.69925763607025149,0.69405667781829838,1,1
hospital_removal,7369,V32P-A054134,1,0.59921877384185795,0.59172515869140629,0,0
hospital_removal,7370,V32P-A054135,1,0.5086709797382355,0.49623770713806153,0,0
hospital_removal,7371,V32P-A054136,0,0.10148701518774032,0.10537351816892623,0,0
hospital_removal,7372,V32P-A054137,0,0.07157450877130031,0.074424314871430391,0,0
hospital_removal,7373,V32P-A054138,0,0.032124197576195002,0.03340093055739999,0,0
hospital_removal,7374,V32P-A054157,0,0.5751376748085022,0.57244770526885991,0,0
hospital_removal,7375,V32P-A054158,0,0.63583765029907224,0.6259574294090271,1,1
hospital_removal,7376,V32P-A054159,0,0.63306170701980591,0.61866067647933964,1,0
hospital_removal,7377,V32P-A054160,1,0.60344045162200932,0.5829430997371674,0,0
hospital_removal,7378,V32P-A054161,0,0.090684066712856296,0.093491142988204962,0,0
hospital_removal,7379,V32P-A054162,0,0.044546034745872022,0.046066542714834215,0,0
hospital_removal,7380,V32P-A054175,0,0.6913301944732666,0.69586561918258671,1,1
hospital_removal,7381,V32P-A054176,0,0.5718292832374573,0.58818223476409914,0,0
hospital_removal,7382,V32P-A054177,0,0.56837978959083557,0.57948216795921326,0,0
hospital_removal,7383,V32P-A054178,0,0.54331206679344179,0.55375550389289852,0,0
hospital_removal,7384,V32P-A054179,0,0.45290894508361818,0.47196508646011354,0,0
hospital_removal,7385,V32P-A054180,0,0.20518014281988145,0.23136034160852431,0,0
hospital_removal,7386,V32P-A054193,1,0.74269832372665401,0.73809462785720825,1,1
hospital_removal,7387,V32P-A054194,1,0.62437566518783572,0.62089571952819822,1,1
hospital_removal,7388,V32P-A054195,1,0.51170119047164919,0.5062677264213562,0,0
hospital_removal,7389,V32P-A054196,0,0.083107420057058332,0.087181826680898661,0,0
hospital_removal,7390,V32P-A054197,0,0.077838812768459317,0.081675614416599276,0,0
hospital_removal,7391,V32P-A054198,0,0.027351516485214233,0.028643296286463737,0,0
hospital_removal,7392,V32P-A054307,0,0.40645074248313906,0.42291288971900942,0,0
hospital_removal,7393,V32P-A054308,0,0.44347718358039856,0.45655406117439268,0,0
hospital_removal,7394,V32P-A054309,0,0.43972133398056029,0.44962912797927856,0,0
hospital_removal,7395,V32P-A054310,0,0.39392100572586058,0.40894521474838258,0,0
hospital_removal,7396,V32P-A054311,0,0.32821315228939058,0.34340929687023164,0,0
hospital_removal,7397,V32P-A054312,0,0.029188271798193454,0.032765828631818296,0,0
hospital_removal,7398,V32P-A054391,0,0.6229505062103271,0.6257144689559937,1,1
hospital_removal,7399,V32P-A054392,0,0.56793736219406132,0.5695126414299011,0,0
hospital_removal,7400,V32P-A054393,0,0.59520987868309017,0.59819337725639343,0,0
hospital_removal,7401,V32P-A054394,0,0.39303083419799806,0.38897433280944826,0,0
hospital_removal,7402,V32P-A054395,1,0.32423914670944215,0.31979097723960875,0,0
hospital_removal,7403,V32P-A054396,0,0.027720895316451787,0.028641371708363294,0,0
hospital_removal,7404,V32P-A054475,1,0.59665371179580684,0.60293506383895878,0,0
hospital_removal,7405,V32P-A054476,1,0.61944212913513186,0.62527073621749873,0,1
hospital_removal,7406,V32P-A054477,0,0.16136536300182341,0.16840080320835113,0,0
hospital_removal,7407,V32P-A054478,0,0.10577152073383331,0.10996358022093773,0,0
hospital_removal,7408,V32P-A054479,0,0.075661005452275276,0.078335339203476906,0,0
hospital_removal,7409,V32P-A054480,0,0.034232010878622529,0.035544993914663793,0,0
hospital_removal,7410,V32P-A054547,0,0.71759454011917112,0.71189978122711184,1,1
hospital_removal,7411,V32P-A054548,0,0.57919273972511287,0.58041281700134273,0,0
hospital_removal,7412,V32P-A054549,0,0.65831260681152348,0.65583913326263432,1,1
hospital_removal,7413,V32P-A054550,0,0.6348478436470032,0.63162331581115727,1,1
hospital_removal,7414,V32P-A054551,0,0.48375715017318727,0.48758087158203123,0,0
hospital_removal,7415,V32P-A054552,0,0.21839830577373504,0.22911602556705474,0,0
hospital_removal,7416,V32P-A054643,1,0.62527774572372441,0.61455127000808718,1,0
hospital_removal,7417,V32P-A054644,1,0.38496852517127989,0.36874232888221742,0,0
hospital_removal,7418,V32P-A054645,0,0.08204762265086174,0.082613926380872726,0,0
hospital_removal,7419,V32P-A054646,0,0.072021111845970154,0.073075862228870386,0,0
hospital_removal,7420,V32P-A054647,0,0.058301737532019615,0.059484672173857688,0,0
hospital_removal,7421,V32P-A054648,0,0.028129872400313616,0.028876828309148551,0,0
hospital_removal,7422,V32P-A054751,0,0.39667246639728548,0.43402934372425078,0,0
hospital_removal,7423,V32P-A054752,0,0.41074160039424895,0.44369531571865084,0,0
hospital_removal,7424,V32P-A054753,0,0.33160794377326963,0.35383337140083315,0,0
hospital_removal,7425,V32P-A054754,0,0.28297860324382784,0.29998094439506529,0,0
hospital_removal,7426,V32P-A054755,0,0.24027691930532455,0.2537036404013634,0,0
hospital_removal,7427,V32P-A054756,0,0.12010372653603554,0.12716691866517066,0,0
hospital_removal,7428,V32P-A054775,0,0.68922965526580815,0.68434785604476933,1,1
hospital_removal,7429,V32P-A054776,0,0.66406648159027104,0.66143869161605839,1,1
hospital_removal,7430,V32P-A054777,0,0.69099525213241575,0.68731963634490967,1,1
hospital_removal,7431,V32P-A054778,0,0.63988689184188841,0.63574726581573482,1,1
hospital_removal,7432,V32P-A054779,0,0.59809359312057497,0.59376481771469114,0,0
hospital_removal,7433,V32P-A054780,0,0.40169479846954348,0.40157428979873655,0,0
hospital_removal,7434,V32P-A054889,1,0.70289652347564702,0.68041372299194336,1,1
hospital_removal,7435,V32P-A054890,1,0.63787400722503662,0.62689408063888552,1,1
hospital_removal,7436,V32P-A054891,1,0.74675846099853516,0.72900408506393433,1,1
hospital_removal,7437,V32P-A054892,0,0.1373546078801155,0.13958247601985932,0,0
hospital_removal,7438,V32P-A054893,0,0.10016987696290017,0.10187682732939721,0,0
hospital_removal,7439,V32P-A054894,0,0.046515303850173953,0.047547806054353714,0,0
hospital_removal,7440,V32P-A054937,0,0.72716411352157595,0.72062301635742188,1,1
hospital_removal,7441,V32P-A054938,0,0.61108044385910032,0.60454214811325069,0,0
hospital_removal,7442,V32P-A054939,0,0.58823401927947994,0.58308027982711796,0,0
hospital_removal,7443,V32P-A054940,1,0.63688638210296633,0.63220187425613406,1,1
hospital_removal,7444,V32P-A054941,0,0.12707192003726958,0.12992453724145889,0,0
hospital_removal,7445,V32P-A054942,0,0.047900007292628291,0.04934500753879547,0,0
hospital_removal,7446,V32P-A055045,0,0.4602856397628784,0.45702360272407533,0,0
hospital_removal,7447,V32P-A055046,0,0.46553338170051572,0.46145595312118531,0,0
hospital_removal,7448,V32P-A055047,0,0.44801068305969238,0.44474805593490602,0,0
hospital_removal,7449,V32P-A055048,0,0.5273907482624054,0.52476341128349302,0,0
hospital_removal,7450,V32P-A055049,0,0.35657949149608614,0.35548139512538912,0,0
hospital_removal,7451,V32P-A055050,0,0.18210149109363555,0.18148949146270751,0,0
hospital_removal,7452,V32P-A055129,0,0.75270142555236819,0.73283337354660039,1,1
hospital_removal,7453,V32P-A055130,0,0.63027967214584346,0.60953924059867859,1,0
hospital_removal,7454,V32P-A055131,0,0.6567480087280273,0.63402683734893794,1,1
hospital_removal,7455,V32P-A055132,0,0.62748874425888057,0.60025947093963627,1,0
hospital_removal,7456,V32P-A055133,0,0.48697943091392515,0.46225491762161253,0,0
hospital_removal,7457,V32P-A055134,0,0.24465871751308441,0.23544047772884369,0,0
hospital_removal,7458,V32P-A055177,0,0.77099541425704954,0.76591162681579594,1,1
hospital_removal,7459,V32P-A055178,0,0.75288025140762327,0.74855556488037112,1,1
hospital_removal,7460,V32P-A055179,0,0.78503199815750124,0.77913497686386113,1,1
hospital_removal,7461,V32P-A055180,0,0.64797773957252502,0.64007685184478758,1,1
hospital_removal,7462,V32P-A055181,0,0.57585688829421999,0.56905717849731441,0,0
hospital_removal,7463,V32P-A055182,0,0.31813366115093233,0.31669092923402786,0,0
hospital_removal,7464,V32P-A055183,0,0.42658329010009766,0.43177478313446044,0,0
hospital_removal,7465,V32P-A055184,0,0.51943632960319519,0.51897140145301823,0,0
hospital_removal,7466,V32P-A055185,0,0.52556518912315364,0.52022010684013364,0,0
hospital_removal,7467,V32P-A055186,0,0.45615863204002383,0.45504390001296996,0,0
hospital_removal,7468,V32P-A055187,0,0.32905506491661074,0.3362607419490814,0,0
hospital_removal,7469,V32P-A055188,0,0.18908050060272216,0.19628814458847046,0,0
hospital_removal,7470,V32P-A055297,0,0.57325665354728694,0.55393616557121272,0,0
hospital_removal,7471,V32P-A055298,0,0.51763192415237425,0.50170987248420718,0,0
hospital_removal,7472,V32P-A055299,0,0.54951688051223757,0.53122583627700803,0,0
hospital_removal,7473,V32P-A055300,1,0.39385356903076174,0.37900405526161196,0,0
hospital_removal,7474,V32P-A055301,0,0.055752053484320642,0.057149164006114007,0,0
hospital_removal,7475,V32P-A055302,0,0.024689661525189876,0.025630445592105387,0,0
hospital_removal,7476,V32P-A055327,0,0.70937303304672239,0.72614845037460329,1,1
hospital_removal,7477,V32P-A055328,0,0.57333233952522278,0.59983593821525572,0,0
hospital_removal,7478,V32P-A055329,0,0.48213579654693606,0.51041048765182495,0,0
hospital_removal,7479,V32P-A055330,0,0.37207641303539274,0.39945785701274872,0,0
hospital_removal,7480,V32P-A055331,0,0.3333269000053406,0.35687326192855834,0,0
hospital_removal,7481,V32P-A055332,0,0.12710973247885704,0.13275130912661554,0,0
hospital_removal,7482,V32P-A055423,0,0.5875626802444458,0.58479626178741451,0,0
hospital_removal,7483,V32P-A055424,0,0.51701185703277586,0.50308012962341309,0,0
hospital_removal,7484,V32P-A055425,0,0.45166839957237243,0.43039888143539429,0,0
hospital_removal,7485,V32P-A055426,0,0.39420461654663086,0.37534285783767701,0,0
hospital_removal,7486,V32P-A055427,0,0.3117682307958603,0.29433941543102266,0,0
hospital_removal,7487,V32P-A055428,0,0.12973190695047379,0.12668043822050096,0,0
hospital_removal,7488,V32P-A055543,0,0.3502441167831421,0.35086855292320251,0,0
hospital_removal,7489,V32P-A055544,0,0.44085818529129028,0.43797535896301271,0,0
hospital_removal,7490,V32P-A055545,0,0.42733585238456728,0.42344291806221007,0,0
hospital_removal,7491,V32P-A055546,0,0.36106565594673157,0.35926780700683592,0,0
hospital_removal,7492,V32P-A055547,0,0.29300982654094698,0.2944231778383255,0,0
hospital_removal,7493,V32P-A055548,0,0.13264086842536926,0.14179953038692475,0,0
hospital_removal,7494,V32P-A055633,0,0.60209403634071346,0.60765524506568913,0,0
hospital_removal,7495,V32P-A055634,0,0.50793951749801636,0.51317458152771001,0,0
hospital_removal,7496,V32P-A055635,0,0.44542500972747801,0.4399374186992645,0,0
hospital_removal,7497,V32P-A055636,0,0.44963296651840212,0.44463887810707092,0,0
hospital_removal,7498,V32P-A055637,0,0.38024790883064269,0.37737351655960083,0,0
hospital_removal,7499,V32P-A055638,0,0.17765321433544159,0.1799498826265335,0,0
hospital_removal,7500,V32P-A055669,0,0.71013318300247197,0.71823046207427976,1,1
hospital_removal,7501,V32P-A055670,0,0.55992766022682194,0.57093338370323177,0,0
hospital_removal,7502,V32P-A055671,0,0.45093887448310854,0.46350932717323301,0,0
hospital_removal,7503,V32P-A055672,0,0.37364359498023986,0.38764370679855348,0,0
hospital_removal,7504,V32P-A055673,0,0.30130351185798643,0.31349525451660154,0,0
hospital_removal,7505,V32P-A055674,0,0.124248968064785,0.1342857524752617,0,0
hospital_removal,7506,V32P-A055735,0,0.72126233577728271,0.72450387477874756,1,1
hospital_removal,7507,V32P-A055736,0,0.67128745317459104,0.68442425727844236,1,1
hospital_removal,7508,V32P-A055737,0,0.65755947828292849,0.67262345552444458,1,1
hospital_removal,7509,V32P-A055738,0,0.66351450681686397,0.67616652250289921,1,1
hospital_removal,7510,V32P-A055739,0,0.48022764921188354,0.50283098220825195,0,0
hospital_removal,7511,V32P-A055740,0,0.038438718207180499,0.040371969528496268,0,0
hospital_removal,7512,V32P-A055741,0,0.77384539842605593,0.78220602273941042,1,1
hospital_removal,7513,V32P-A055742,0,0.56831449866294859,0.58936499953269961,0,0
hospital_removal,7514,V32P-A055743,0,0.47307307720184327,0.48883294463157656,0,0
hospital_removal,7515,V32P-A055744,0,0.56486879587173466,0.58179149627685545,0,0
hospital_removal,7516,V32P-A055745,0,0.50090890526771548,0.51900973916053772,0,0
hospital_removal,7517,V32P-A055746,0,0.20860670506954193,0.21651147305965424,0,0
hospital_removal,7518,V32P-A055771,0,0.59127110242843628,0.59293414354324336,0,0
hospital_removal,7519,V32P-A055772,0,0.51717284917831419,0.51971567869186397,0,0
hospital_removal,7520,V32P-A055773,0,0.55638127326965336,0.55930765867233279,0,0
hospital_removal,7521,V32P-A055774,0,0.41882265806198121,0.42525501251220704,0,0
hospital_removal,7522,V32P-A055775,0,0.32752807140350343,0.33836935758590697,0,0
hospital_removal,7523,V32P-A055776,0,0.13845259547233582,0.1518731564283371,0,0
hospital_removal,7524,V32P-A055861,0,0.57794411778450017,0.60003951191902161,0,0
hospital_removal,7525,V32P-A055862,0,0.55843734145164492,0.5791552007198334,0,0
hospital_removal,7526,V32P-A055863,0,0.47654669880867007,0.49091625809669492,0,0
hospital_removal,7527,V32P-A055864,0,0.40320925712585448,0.41547004580497743,0,0
hospital_removal,7528,V32P-A055865,0,0.37080602049827577,0.38312345743179321,0,0
hospital_removal,7529,V32P-A055866,0,0.022367348987609149,0.024608123023062943,0,0
hospital_removal,7530,V32P-A055885,0,0.41035598516464233,0.40140943527221679,0,0
hospital_removal,7531,V32P-A055886,0,0.39622759222984316,0.40279589295387269,0,0
hospital_removal,7532,V32P-A055887,0,0.40443882942199705,0.38840025663375854,0,0
hospital_removal,7533,V32P-A055888,0,0.33086787462234496,0.31920943260192869,0,0
hospital_removal,7534,V32P-A055889,0,0.27028385698795321,0.26238417327404023,0,0
hospital_removal,7535,V32P-A055890,0,0.13680762201547622,0.1378148913383484,0,0
hospital_removal,7536,V32P-A055897,0,0.64242913722991946,0.65374288558959959,1,1
hospital_removal,7537,V32P-A055898,0,0.66046141386032109,0.6692222595214844,1,1
hospital_removal,7538,V32P-A055899,0,0.6635728001594543,0.67091367244720457,1,1
hospital_removal,7539,V32P-A055900,0,0.63173763751983647,0.639545738697052,1,1
hospital_removal,7540,V32P-A055901,0,0.5945448040962219,0.61368132829666133,0,0
hospital_removal,7541,V32P-A055902,0,0.41492435634136199,0.44389789402484892,0,0
hospital_removal,7542,V32P-A055921,0,0.5700766265392303,0.5693419873714447,0,0
hospital_removal,7543,V32P-A055922,0,0.47713418006896974,0.4745476245880127,0,0
hospital_removal,7544,V32P-A055923,0,0.3888624906539917,0.39392244815826416,0,0
hospital_removal,7545,V32P-A055924,0,0.35188778042793273,0.34753063917160032,0,0
hospital_removal,7546,V32P-A055925,0,0.27389900684356688,0.26970146298408509,0,0
hospital_removal,7547,V32P-A055926,0,0.11779157668352128,0.12303312569856643,0,0
hospital_removal,7548,V32P-A055939,0,0.68255033493041994,0.67056344747543339,1,1
hospital_removal,7549,V32P-A055940,0,0.46976774334907534,0.45521116852760313,0,0
hospital_removal,7550,V32P-A055941,0,0.3415265679359436,0.3332330584526062,0,0
hospital_removal,7551,V32P-A055942,0,0.29586837291717527,0.29147933125495912,0,0
hospital_removal,7552,V32P-A055943,0,0.26927295029163362,0.26810577213764192,0,0
hospital_removal,7553,V32P-A055944,0,0.13031181544065476,0.13192032724618913,0,0
hospital_removal,7554,V32P-A055957,0,0.49994853138923645,0.4985505282878876,0,0
hospital_removal,7555,V32P-A055958,0,0.4796618938446045,0.47645897865295411,0,0
hospital_removal,7556,V32P-A055959,0,0.44985020160675049,0.44740012288093567,0,0
hospital_removal,7557,V32P-A055960,0,0.3925910949707031,0.38896508216857911,0,0
hospital_removal,7558,V32P-A055961,0,0.33812577724456788,0.33250189423561094,0,0
hospital_removal,7559,V32P-A055962,0,0.16905643641948701,0.16897529363632202,0,0
hospital_removal,7560,V32P-A055993,0,0.62762368917465206,0.63913030624389644,1,1
hospital_removal,7561,V32P-A055994,0,0.62781337499618528,0.63204874992370608,1,1
hospital_removal,7562,V32P-A055995,0,0.51351394653320315,0.52161943912506104,0,0
hospital_removal,7563,V32P-A055996,0,0.43033491373062133,0.43730012178421018,0,0
hospital_removal,7564,V32P-A055997,0,0.3275707423686981,0.33508659005165098,0,0
hospital_removal,7565,V32P-A055998,0,0.12540817707777024,0.13026894181966781,0,0
hospital_removal,7566,V32P-A056023,0,0.5442865788936615,0.5834324896335602,0,0
hospital_removal,7567,V32P-A056024,0,0.63916338086128233,0.66317083239555363,1,1
hospital_removal,7568,V32P-A056025,0,0.73233875036239626,0.74050096273422239,1,1
hospital_removal,7569,V32P-A056026,1,0.68990941047668453,0.69825142621994019,1,1
hospital_removal,7570,V32P-A056027,0,0.070603772625327105,0.086863689497113233,0,0
hospital_removal,7571,V32P-A056028,0,0.027312094159424306,0.030710518918931486,0,0
hospital_removal,7572,V32P-A056047,0,0.5447522044181824,0.5475327849388123,0,0
hospital_removal,7573,V32P-A056048,0,0.48598440289497374,0.48710870146751406,0,0
hospital_removal,7574,V32P-A056049,0,0.43648763895034792,0.43296524286270144,0,0
hospital_removal,7575,V32P-A056050,0,0.35516079068183898,0.35133000016212462,0,0
hospital_removal,7576,V32P-A056051,0,0.28079799115657805,0.28072420656681063,0,0
hospital_removal,7577,V32P-A056052,0,0.12198144793510438,0.12955109179019927,0,0
hospital_removal,7578,V32P-A056065,0,0.73398647308349607,0.75101916790008549,1,1
hospital_removal,7579,V32P-A056066,0,0.58502674102783203,0.6062968373298645,0,0
hospital_removal,7580,V32P-A056067,0,0.5170635521411896,0.52238137722015376,0,0
hospital_removal,7581,V32P-A056068,0,0.44817896485328673,0.44879531860351562,0,0
hospital_removal,7582,V32P-A056069,0,0.35840445160865786,0.35921543836593628,0,0
hospital_removal,7583,V32P-A056070,0,0.16909816116094589,0.17289627045392991,0,0
hospital_removal,7584,V32P-A056101,0,0.618189525604248,0.62540047168731694,0,1
hospital_removal,7585,V32P-A056102,0,0.67063210010528562,0.67408082485198972,1,1
hospital_removal,7586,V32P-A056103,0,0.66696637868881226,0.66736528873443601,1,1
hospital_removal,7587,V32P-A056104,0,0.65048112869262698,0.64851893186569209,1,1
hospital_removal,7588,V32P-A056105,0,0.59754420518875118,0.59341904520988464,0,0
hospital_removal,7589,V32P-A056106,0,0.35769626498222351,0.35488803982734679,0,0
hospital_removal,7590,V32P-A056167,0,0.40250935256481168,0.42485210597515105,0,0
hospital_removal,7591,V32P-A056168,0,0.44247361421585085,0.45852549076080323,0,0
hospital_removal,7592,V32P-A056169,0,0.39596861004829409,0.40785420536994932,0,0
hospital_removal,7593,V32P-A056170,0,0.31880491971969604,0.32817016243934632,0,0
hospital_removal,7594,V32P-A056171,0,0.23513843417167662,0.24532625675201417,0,0
hospital_removal,7595,V32P-A056172,0,0.094224303960800171,0.10197759568691253,0,0
hospital_removal,7596,V32P-A056209,0,0.70526118278503414,0.71884418725967403,1,1
hospital_removal,7597,V32P-A056210,0,0.62961946725845341,0.64567618370056157,1,1
hospital_removal,7598,V32P-A056211,0,0.56603652238845825,0.57778130769729619,0,0
hospital_removal,7599,V32P-A056212,0,0.50094229578971861,0.50848127007484434,0,0
hospital_removal,7600,V32P-A056213,0,0.42562199831008912,0.42950296401977539,0,0
hospital_removal,7601,V32P-A056214,0,0.19451642036437988,0.1950114369392395,0,0
hospital_removal,7602,V32P-A056227,0,0.32336226701736448,0.31767311096191408,0,0
hospital_removal,7603,V32P-A056228,0,0.29391593337059019,0.28727551102638244,0,0
hospital_removal,7604,V32P-A056229,0,0.28792191445827486,0.28058119714260099,0,0
hospital_removal,7605,V32P-A056230,0,0.23593269288539886,0.22973263859748841,0,0
hospital_removal,7606,V32P-A056231,0,0.18260249793529509,0.17707297503948211,0,0
hospital_removal,7607,V32P-A056232,0,0.089530298113822931,0.087309828400611883,0,0
hospital_removal,7608,V32P-A056287,1,0.48017750978469848,0.4548356831073761,0,0
hospital_removal,7609,V32P-A056288,1,0.42521885633468626,0.40013135671615602,0,0
hospital_removal,7610,V32P-A056289,1,0.37135804295539854,0.34966841936111448,0,0
hospital_removal,7611,V32P-A056290,0,0.065066632255911833,0.065346775576472282,0,0
hospital_removal,7612,V32P-A056291,0,0.068187851831316953,0.069893090054392815,0,0
hospital_removal,7613,V32P-A056292,0,0.021819097455590963,0.022110640350729228,0,0
hospital_removal,7614,V32P-A056299,0,0.60489372014999387,0.6099141120910645,0,0
hospital_removal,7615,V32P-A056300,0,0.61770821809768672,0.62009625434875493,0,1
hospital_removal,7616,V32P-A056301,0,0.50307501554489131,0.51167329549789431,0,0
hospital_removal,7617,V32P-A056302,0,0.43271231651306152,0.44216394424438477,0,0
hospital_removal,7618,V32P-A056303,0,0.35410932302474973,0.36289842724800109,0,0
hospital_removal,7619,V32P-A056304,0,0.15112318396568297,0.15568161606788636,0,0
hospital_removal,7620,V32P-A056353,0,0.51424911022186282,0.52413325309753422,0,0
hospital_removal,7621,V32P-A056354,0,0.50206201076507573,0.51007195711135866,0,0
hospital_removal,7622,V32P-A056355,0,0.46996071934700012,0.47294103503227236,0,0
hospital_removal,7623,V32P-A056356,0,0.43314329385757444,0.42960651516914367,0,0
hospital_removal,7624,V32P-A056357,0,0.36188955307006837,0.35775881409645083,0,0
hospital_removal,7625,V32P-A056358,0,0.16917125284671783,0.16747971177101134,0,0
hospital_removal,7626,V32P-A056377,1,0.75317150354385376,0.76626929044723513,1,1
hospital_removal,7627,V32P-A056378,1,0.65578824281692505,0.67896751165390012,1,1
hospital_removal,7628,V32P-A056379,1,0.63742784261703489,0.65645670890808105,1,1
hospital_removal,7629,V32P-A056380,0,0.1200028233230114,0.14451841935515403,0,0
hospital_removal,7630,V32P-A056381,0,0.085354965925216672,0.1016284853219986,0,0
hospital_removal,7631,V32P-A056382,0,0.036646734923124313,0.041461651772260667,0,0
hospital_removal,7632,V32P-A056419,0,0.5236259818077087,0.54197357892990117,0,0
hospital_removal,7633,V32P-A056420,0,0.50509657263755803,0.52130714058876038,0,0
hospital_removal,7634,V32P-A056421,0,0.44190796017646788,0.45352569222450256,0,0
hospital_removal,7635,V32P-A056422,0,0.34720396697521211,0.36242652237415313,0,0
hospital_removal,7636,V32P-A056423,0,0.31968991458415985,0.33065744340419767,0,0
hospital_removal,7637,V32P-A056424,0,0.13662343993782997,0.14630889967083932,0,0
hospital_removal,7638,V32P-A056587,0,0.68994102478027342,0.71384359598159786,1,1
hospital_removal,7639,V32P-A056588,0,0.61875740289688108,0.64357924461364746,0,1
hospital_removal,7640,V32P-A056589,0,0.60834482908248899,0.62607386112213137,0,1
hospital_removal,7641,V32P-A056590,0,0.61764119863510136,0.63052002191543577,0,1
hospital_removal,7642,V32P-A056591,0,0.46067196130752563,0.48377390503883361,0,0
hospital_removal,7643,V32P-A056592,0,0.21299857199192046,0.22768065035343171,0,0
hospital_removal,7644,V32P-A056779,0,0.63334196805953979,0.63635609149932859,1,1
hospital_removal,7645,V32P-A056780,0,0.62253261804580684,0.62882552146911619,1,1
hospital_removal,7646,V32P-A056781,0,0.69775739908218382,0.69706635475158696,1,1
hospital_removal,7647,V32P-A056782,0,0.47068399786949155,0.48174679875373838,0,0
hospital_removal,7648,V32P-A056783,0,0.40128063559532168,0.41074729561805723,0,0
hospital_removal,7649,V32P-A056784,0,0.21267806291580199,0.22635746002197266,0,0
hospital_removal,7650,V32P-A056821,0,0.36279554367065431,0.36024858951568606,0,0
hospital_removal,7651,V32P-A056822,0,0.41829758286476137,0.40598613023757935,0,0
hospital_removal,7652,V32P-A056823,0,0.40774746537208556,0.39393279552459715,0,0
hospital_removal,7653,V32P-A056824,0,0.35045540928840635,0.33773481845855713,0,0
hospital_removal,7654,V32P-A056825,0,0.28344116210937498,0.27624696493148804,0,0
hospital_removal,7655,V32P-A056826,0,0.13246871083974837,0.13501678556203842,0,0
hospital_removal,7656,V32P-A056857,0,0.4155902534723282,0.42306706607341765,0,0
hospital_removal,7657,V32P-A056858,0,0.45667104125022889,0.46083976626396178,0,0
hospital_removal,7658,V32P-A056859,0,0.42775552868843081,0.42844325304031372,0,0
hospital_removal,7659,V32P-A056860,0,0.37814547121524811,0.37590318620204927,0,0
hospital_removal,7660,V32P-A056861,0,0.31490584909915925,0.31107975542545319,0,0
hospital_removal,7661,V32P-A056862,0,0.15672525912523269,0.15811456739902496,0,0
hospital_removal,7662,V32P-A056887,0,0.56625082492828371,0.55288363695144649,0,0
hospital_removal,7663,V32P-A056888,0,0.57798380851745601,0.55761933326721191,0,0
hospital_removal,7664,V32P-A056889,0,0.56018955707550044,0.53347505927085881,0,0
hospital_removal,7665,V32P-A056890,0,0.57703551054000857,0.54004321098327634,0,0
hospital_removal,7666,V32P-A056891,0,0.44356979727745055,0.42715738713741302,0,0
hospital_removal,7667,V32P-A056892,0,0.037871078588068485,0.0383321188390255,0,0
hospital_removal,7668,V32P-A056947,0,0.73371186256408694,0.750990879535675,1,1
hospital_removal,7669,V32P-A056948,0,0.63258728981018064,0.64825452566146846,1,1
hospital_removal,7670,V32P-A056949,0,0.58847981095314028,0.59737702012062077,0,0
hospital_removal,7671,V32P-A056950,0,0.6334303617477417,0.63686426877975466,1,1
hospital_removal,7672,V32P-A056951,0,0.5485840976238251,0.55200092196464534,0,0
hospital_removal,7673,V32P-A056952,0,0.04436148889362812,0.046110716462135312,0,0
hospital_removal,7674,V32P-A056953,0,0.73418712615966797,0.70670924186706541,1,1
hospital_removal,7675,V32P-A056954,0,0.56473674178123479,0.54575592279434204,0,0
hospital_removal,7676,V32P-A056955,0,0.6550076365470886,0.62796524763107298,1,1
hospital_removal,7677,V32P-A056956,1,0.40318071842193604,0.39166126251220701,0,0
hospital_removal,7678,V32P-A056957,0,0.070530690997838971,0.071745777875185018,0,0
hospital_removal,7679,V32P-A056958,0,0.033085085637867453,0.033860182203352449,0,0
hospital_removal,7680,V32P-A057043,0,0.74995435476303096,0.76471794843673702,1,1
hospital_removal,7681,V32P-A057044,0,0.67260996103286741,0.69623023271560669,1,1
hospital_removal,7682,V32P-A057045,0,0.58421264886856084,0.61257442235946657,0,0
hospital_removal,7683,V32P-A057046,0,0.53320498466491695,0.55968728065490725,0,0
hospital_removal,7684,V32P-A057047,0,0.60700041055679321,0.63120313882827761,0,1
hospital_removal,7685,V32P-A057048,0,0.25246031880378722,0.27257879972457888,0,0
hospital_removal,7686,V32P-A057265,0,0.42436343431472778,0.44740369915962219,0,0
hospital_removal,7687,V32P-A057266,0,0.46507743597030637,0.47242758274078367,0,0
hospital_removal,7688,V32P-A057267,0,0.40920590758323672,0.41471705436706541,0,0
hospital_removal,7689,V32P-A057268,0,0.33672047257423399,0.34838578104972839,0,0
hospital_removal,7690,V32P-A057269,0,0.28499493002891541,0.29695911407470704,0,0
hospital_removal,7691,V32P-A057270,0,0.11128201335668564,0.12314880341291427,0,0
hospital_removal,7692,V32P-A057295,0,0.71510311365127566,0.70838155746459963,1,1
hospital_removal,7693,V32P-A057296,0,0.57580025792121892,0.56752111911773684,0,0
hospital_removal,7694,V32P-A057297,0,0.49930379390716551,0.50294154286384585,0,0
hospital_removal,7695,V32P-A057298,0,0.52495043873786928,0.51957198977470398,0,0
hospital_removal,7696,V32P-A057299,0,0.46511095166206362,0.46305639743804933,0,0
hospital_removal,7697,V32P-A057300,0,0.23883562684059143,0.24160068333148957,0,0
hospital_removal,7698,V32P-A057343,0,0.60743603110313416,0.61245961785316472,0,0
hospital_removal,7699,V32P-A057344,0,0.47941732108592988,0.4865359991788864,0,0
hospital_removal,7700,V32P-A057345,0,0.37862469255924225,0.3745609551668167,0,0
hospital_removal,7701,V32P-A057346,0,0.30111954510211947,0.29606359899044038,0,0
hospital_removal,7702,V32P-A057347,0,0.23408722877502441,0.23132923245429993,0,0
hospital_removal,7703,V32P-A057348,0,0.1263732798397541,0.12482929602265358,0,0
hospital_removal,7704,V32P-A057355,0,0.36269975602626803,0.36937920749187469,0,0
hospital_removal,7705,V32P-A057356,0,0.38055835068225863,0.38681887090206146,0,0
hospital_removal,7706,V32P-A057357,0,0.31858921945095064,0.31979357898235322,0,0
hospital_removal,7707,V32P-A057358,0,0.26195962727069855,0.2602451115846634,0,0
hospital_removal,7708,V32P-A057359,0,0.20437622666358948,0.2017811954021454,0,0
hospital_removal,7709,V32P-A057360,0,0.09315884746611118,0.092731029167771345,0,0
hospital_removal,7710,V32P-A057385,1,0.6400378942489624,0.66543501615524292,1,1
hospital_removal,7711,V32P-A057386,1,0.70967957973480222,0.72957296371459956,1,1
hospital_removal,7712,V32P-A057387,0,0.37365941405296327,0.38379955887794492,0,0
hospital_removal,7713,V32P-A057388,0,0.15068174302577972,0.15895124226808549,0,0
hospital_removal,7714,V32P-A057389,0,0.11505106166005134,0.11877756640315056,0,0
hospital_removal,7715,V32P-A057390,0,0.053797164931893349,0.055127605423331262,0,0
hospital_removal,7716,V32P-A057439,0,0.60633425712585454,0.64076321125030522,0,1
hospital_removal,7717,V32P-A057440,0,0.63179821968078609,0.64942823648452763,1,1
hospital_removal,7718,V32P-A057441,0,0.57950330972671504,0.58720603585243225,0,0
hospital_removal,7719,V32P-A057442,0,0.5228779077529907,0.5212335526943207,0,0
hospital_removal,7720,V32P-A057443,0,0.44815776348114011,0.44234455823898317,0,0
hospital_removal,7721,V32P-A057444,0,0.20162166953086852,0.20210676193237304,0,0
hospital_removal,7722,V32P-A057499,0,0.67585797309875484,0.66519942283630373,1,1
hospital_removal,7723,V32P-A057500,0,0.60547651052474971,0.58841969370841984,0,0
hospital_removal,7724,V32P-A057501,0,0.54099053144454956,0.51378690004348759,0,0
hospital_removal,7725,V32P-A057502,0,0.44949470758438109,0.42373372316360475,0,0
hospital_removal,7726,V32P-A057503,0,0.35019149482250211,0.33003140091896055,0,0
hospital_removal,7727,V32P-A057504,0,0.16106107532978059,0.15333839207887651,0,0
hospital_removal,7728,V32P-A057511,0,0.76609950065612797,0.75027527809143069,1,1
hospital_removal,7729,V32P-A057512,0,0.46174461245536802,0.45300762057304383,0,0
hospital_removal,7730,V32P-A057513,0,0.62608326673507686,0.60895236730575564,1,0
hospital_removal,7731,V32P-A057514,0,0.58313118219375615,0.56552271842956547,0,0
hospital_removal,7732,V32P-A057515,0,0.4911243259906769,0.47287772893905639,0,0
hospital_removal,7733,V32P-A057516,0,0.25180712938308714,0.25049422085285189,0,0
hospital_removal,7734,V32P-A057529,0,0.51107392609119418,0.54341892302036288,0,0
hospital_removal,7735,V32P-A057530,0,0.51749652922153477,0.54036066830158236,0,0
hospital_removal,7736,V32P-A057531,0,0.48784913420677184,0.50559369921684261,0,0
hospital_removal,7737,V32P-A057532,0,0.4300717979669571,0.44206062853336336,0,0
hospital_removal,7738,V32P-A057533,0,0.35873996615409853,0.3681167006492615,0,0
hospital_removal,7739,V32P-A057534,0,0.17536595836281776,0.18237126246094704,0,0
hospital_removal,7740,V32P-A057541,0,0.65682629346847532,0.6805342435836792,1,1
hospital_removal,7741,V32P-A057542,0,0.58482688069343569,0.60565683245658875,0,0
hospital_removal,7742,V32P-A057543,0,0.4939884305000305,0.51051553487777712,0,0
hospital_removal,7743,V32P-A057544,0,0.44210133552551267,0.45237568616867063,0,0
hospital_removal,7744,V32P-A057545,0,0.38934726417064669,0.39478128850460054,0,0
hospital_removal,7745,V32P-A057546,0,0.030747609212994576,0.033655967190861703,0,0
hospital_removal,7746,V32P-A057601,0,0.44462143778800967,0.4449056088924408,0,0
hospital_removal,7747,V32P-A057602,0,0.39341685771942136,0.39933432936668395,0,0
hospital_removal,7748,V32P-A057603,0,0.35898586511611941,0.35615633130073548,0,0
hospital_removal,7749,V32P-A057604,0,0.26854860186576845,0.26620523333549501,0,0
hospital_removal,7750,V32P-A057605,0,0.20148376226425171,0.20180698037147521,0,0
hospital_removal,7751,V32P-A057606,0,0.089193972200155264,0.092173639684915543,0,0
hospital_removal,7752,V32P-A057619,0,0.42964918613433839,0.46029876470565795,0,0
hospital_removal,7753,V32P-A057620,0,0.47137509584426879,0.48897072076797488,0,0
hospital_removal,7754,V32P-A057621,0,0.52091092467308042,0.53002278208732601,0,0
hospital_removal,7755,V32P-A057622,0,0.52416619658470154,0.53049642443656919,0,0
hospital_removal,7756,V32P-A057623,0,0.46724788248538973,0.46810399591922758,0,0
hospital_removal,7757,V32P-A057624,0,0.33339918553829195,0.33649329245090487,0,0
hospital_removal,7758,V32P-A057685,0,0.84692909717559817,0.85579469203948977,1,1
hospital_removal,7759,V32P-A057686,0,0.70904747247695921,0.73275090456008907,1,1
hospital_removal,7760,V32P-A057687,0,0.71269708871841431,0.73302428722381596,1,1
hospital_removal,7761,V32P-A057688,0,0.72540385723114009,0.74159870147705076,1,1
hospital_removal,7762,V32P-A057689,1,0.67570756673812871,0.69575598239898684,1,1
hospital_removal,7763,V32P-A057690,0,0.083582139015197759,0.089077338948845869,0,0
hospital_removal,7764,V32P-A057697,0,0.60470312833786011,0.59319899082183836,0,0
hospital_removal,7765,V32P-A057698,0,0.48980231881141661,0.47337240576744077,0,0
hospital_removal,7766,V32P-A057699,0,0.40560356974601747,0.3922357499599457,0,0
hospital_removal,7767,V32P-A057700,0,0.42292632460594176,0.41046906709671022,0,0
hospital_removal,7768,V32P-A057701,0,0.29050655961036681,0.28497161865234377,0,0
hospital_removal,7769,V32P-A057702,0,0.11469365954399109,0.11778752654790878,0,0
hospital_removal,7770,V32P-A057715,0,0.59783216714859011,0.5870318651199341,0,0
hospital_removal,7771,V32P-A057716,0,0.54820784330368044,0.54031051397323604,0,0
hospital_removal,7772,V32P-A057717,0,0.51174854636192324,0.50056028366088867,0,0
hospital_removal,7773,V32P-A057718,0,0.4689328670501709,0.45504634976387026,0,0
hospital_removal,7774,V32P-A057719,0,0.45026694536209105,0.43314136862754821,0,0
hospital_removal,7775,V32P-A057720,0,0.029989354312419891,0.03086487539112568,0,0
hospital_removal,7776,V32P-A057793,0,0.68808200359344485,0.69460049867630003,1,1
hospital_removal,7777,V32P-A057794,0,0.59075092077255253,0.59636171460151677,0,0
hospital_removal,7778,V32P-A057795,0,0.57511149644851689,0.57190976738929744,0,0
hospital_removal,7779,V32P-A057796,0,0.54333267807960506,0.53676178455352785,0,0
hospital_removal,7780,V32P-A057797,0,0.52285699248313899,0.51391535401344302,0,0
hospital_removal,7781,V32P-A057798,0,0.25606625080108641,0.25637466311454771,0,0
hospital_removal,7782,V32P-A057853,0,0.51572727560997011,0.52027828097343443,0,0
hospital_removal,7783,V32P-A057854,0,0.47641668319702146,0.47861478328704832,0,0
hospital_removal,7784,V32P-A057855,0,0.50299006700515747,0.5074832081794739,0,0
hospital_removal,7785,V32P-A057856,0,0.37205723524093626,0.37103366851806641,0,0
hospital_removal,7786,V32P-A057857,0,0.3014691650867462,0.29895483255386351,0,0
hospital_removal,7787,V32P-A057858,0,0.029479577951133252,0.030262358114123346,0,0
hospital_removal,7788,V32P-A057883,0,0.55765994191169743,0.54105718731880192,0,0
hospital_removal,7789,V32P-A057884,0,0.38180701136589051,0.37338425517082213,0,0
hospital_removal,7790,V32P-A057885,0,0.38638117313385012,0.37450680732727049,0,0
hospital_removal,7791,V32P-A057886,0,0.32850778698921201,0.31878214478492739,0,0
hospital_removal,7792,V32P-A057887,0,0.29271801710128786,0.28491555154323578,0,0
hospital_removal,7793,V32P-A057888,0,0.12248391807079315,0.11800410002470016,0,0
hospital_removal,7794,V32P-A057937,0,0.68769444227218623,0.68437535762786861,1,1
hospital_removal,7795,V32P-A057938,0,0.56264030933380127,0.54868823289871216,0,0
hospital_removal,7796,V32P-A057939,0,0.46587727665901185,0.45106933712959291,0,0
hospital_removal,7797,V32P-A057940,0,0.40038387775421141,0.38609524369239806,0,0
hospital_removal,7798,V32P-A057941,0,0.30725238323211668,0.29682232737541198,0,0
hospital_removal,7799,V32P-A057942,0,0.12021875083446502,0.11903996616601945,0,0
hospital_removal,7800,V32P-A057967,0,0.3639743387699127,0.36373184323310853,0,0
hospital_removal,7801,V32P-A057968,0,0.44179505109786987,0.44020448327064515,0,0
hospital_removal,7802,V32P-A057969,0,0.4174270212650299,0.41382919549942015,0,0
hospital_removal,7803,V32P-A057970,0,0.36923559904098513,0.36510682702064512,0,0
hospital_removal,7804,V32P-A057971,0,0.31127169132232668,0.3095088005065918,0,0
hospital_removal,7805,V32P-A057972,0,0.14629697948694229,0.1526270553469658,0,0
hospital_removal,7806,V32P-A057973,0,0.42261344790458677,0.42377625703811644,0,0
hospital_removal,7807,V32P-A057974,0,0.52276749014854429,0.52058520913124084,0,0
hospital_removal,7808,V32P-A057975,0,0.54263652563095088,0.5342334091663361,0,0
hospital_removal,7809,V32P-A057976,0,0.48780181407928469,0.47587789893150328,0,0
hospital_removal,7810,V32P-A057977,0,0.37357673943042757,0.3748126834630966,0,0
hospital_removal,7811,V32P-A057978,0,0.22405605316162108,0.22157655954360961,0,0
hospital_removal,7812,V32P-A057985,0,0.63065297603607173,0.66485227346420284,1,1
hospital_removal,7813,V32P-A057986,0,0.62564175128936772,0.6509339332580566,1,1
hospital_removal,7814,V32P-A057987,0,0.55221623182296753,0.56742612123489378,0,0
hospital_removal,7815,V32P-A057988,0,0.48270126581192019,0.49024277925491333,0,0
hospital_removal,7816,V32P-A057989,0,0.37137785255908967,0.37394470274448394,0,0
hospital_removal,7817,V32P-A057990,0,0.1495371714234352,0.15147728472948074,0,0
hospital_removal,7818,V32P-A057991,0,0.69772635698318486,0.69183882474899294,1,1
hospital_removal,7819,V32P-A057992,0,0.60152769088745117,0.59772464036941531,0,0
hospital_removal,7820,V32P-A057993,0,0.68722740411758421,0.68673005104064944,1,1
hospital_removal,7821,V32P-A057994,0,0.54061207175254822,0.5419702470302582,0,0
hospital_removal,7822,V32P-A057995,0,0.46209846735000609,0.4639298439025879,0,0
hospital_removal,7823,V32P-A057996,0,0.2045815646648407,0.20872387588024138,0,0
hospital_removal,7824,V32P-A058009,0,0.56570206284523006,0.57476043105125429,0,0
hospital_removal,7825,V32P-A058010,0,0.47677281498908997,0.48823085427284241,0,0
hospital_removal,7826,V32P-A058011,0,0.51383492946624754,0.52242697477340694,0,0
hospital_removal,7827,V32P-A058012,0,0.45934916138648985,0.46945931315422057,0,0
hospital_removal,7828,V32P-A058013,0,0.39040513634681701,0.40165957808494568,0,0
hospital_removal,7829,V32P-A058014,0,0.033439110405743121,0.036045443825423719,0,0
hospital_removal,7830,V32P-A058033,0,0.67617378234863279,0.68474315404891972,1,1
hospital_removal,7831,V32P-A058034,0,0.63405630588531492,0.6409754753112793,1,1
hospital_removal,7832,V32P-A058035,0,0.56415553092956539,0.56447457075119023,0,0
hospital_removal,7833,V32P-A058036,0,0.4925084888935089,0.48559990525245667,0,0
hospital_removal,7834,V32P-A058037,0,0.38282350301742551,0.37825686335563657,0,0
hospital_removal,7835,V32P-A058038,0,0.025233538448810579,0.027432548068463802,0,0
hospital_removal,7836,V32P-A058051,0,0.67461119890213017,0.6686917662620544,1,1
hospital_removal,7837,V32P-A058052,0,0.49585809707641604,0.49589666128158572,0,0
hospital_removal,7838,V32P-A058053,0,0.43810399770736697,0.4368183732032776,0,0
hospital_removal,7839,V32P-A058054,0,0.43885447978973391,0.43413088321685789,0,0
hospital_removal,7840,V32P-A058055,0,0.32839638888835909,0.32737216651439666,0,0
hospital_removal,7841,V32P-A058056,0,0.14863034784793855,0.14878095984458922,0,0
hospital_removal,7842,V32P-A058069,0,0.46333441138267517,0.46450390219688414,0,0
hospital_removal,7843,V32P-A058070,0,0.46005829572677615,0.45563277006149294,0,0
hospital_removal,7844,V32P-A058071,0,0.39553279876708985,0.38607145547866822,0,0
hospital_removal,7845,V32P-A058072,0,0.37313534021377565,0.36266438364982606,0,0
hospital_removal,7846,V32P-A058073,0,0.2312542200088501,0.22737256586551666,0,0
hospital_removal,7847,V32P-A058074,0,0.099425396323204046,0.1008798286318779,0,0
hospital_removal,7848,V32P-A058123,0,0.63358446359634402,0.62596919536590578,1,1
hospital_removal,7849,V32P-A058124,0,0.60829131603240971,0.59761877059936519,0,0
hospital_removal,7850,V32P-A058125,0,0.57589210271835323,0.55947614312171934,0,0
hospital_removal,7851,V32P-A058126,0,0.57412075996398926,0.55571799278259282,0,0
hospital_removal,7852,V32P-A058127,0,0.51940111517906185,0.49868581891059877,0,0
hospital_removal,7853,V32P-A058128,0,0.046649742126464847,0.046954984217882155,0,0
hospital_removal,7854,V32P-A058147,0,0.6371712207794189,0.63941251039505009,1,1
hospital_removal,7855,V32P-A058148,0,0.51031140089035032,0.51469005346298213,0,0
hospital_removal,7856,V32P-A058149,0,0.36457366943359376,0.38181865215301514,0,0
hospital_removal,7857,V32P-A058150,0,0.30860092639923098,0.3110648810863495,0,0
hospital_removal,7858,V32P-A058151,0,0.20544365048408508,0.20502002835273742,0,0
hospital_removal,7859,V32P-A058152,0,0.085450490564107889,0.08503253385424614,0,0
hospital_removal,7860,V32P-A058267,0,0.56179995536804195,0.57162771224975584,0,0
hospital_removal,7861,V32P-A058268,0,0.55420841574668889,0.55582625269889829,0,0
hospital_removal,7862,V32P-A058269,0,0.49249878525733948,0.4908230245113373,0,0
hospital_removal,7863,V32P-A058270,0,0.38607026338577272,0.38011701703071593,0,0
hospital_removal,7864,V32P-A058271,0,0.29843934476375578,0.293447008728981,0,0
hospital_removal,7865,V32P-A058272,0,0.12484234124422074,0.12565321028232573,0,0
hospital_removal,7866,V32P-A058273,1,0.80528869628906252,0.79332106113433842,1,1
hospital_removal,7867,V32P-A058274,1,0.74376956224441526,0.73446538448333742,1,1
hospital_removal,7868,V32P-A058275,1,0.71642729043960574,0.70526248216629028,1,1
hospital_removal,7869,V32P-A058276,0,0.19122501462697983,0.19260486215353012,0,0
hospital_removal,7870,V32P-A058277,0,0.12272506207227707,0.12551945447921753,0,0
hospital_removal,7871,V32P-A058278,0,0.049312297999858853,0.051342730969190599,0,0
hospital_removal,7872,V32P-A058285,0,0.75076425075531006,0.75762759447097783,1,1
hospital_removal,7873,V32P-A058286,0,0.73862934112548828,0.7505274176597595,1,1
hospital_removal,7874,V32P-A058287,0,0.74528172016143801,0.75776309967041011,1,1
hospital_removal,7875,V32P-A058288,0,0.75695769786834721,0.76502448320388794,1,1
hospital_removal,7876,V32P-A058289,0,0.71714164018630977,0.72566726207733157,1,1
hospital_removal,7877,V32P-A058290,0,0.52951806187629702,0.54518175721168516,0,0
hospital_removal,7878,V32P-A058375,0,0.41404545903205869,0.40975520014762878,0,0
hospital_removal,7879,V32P-A058376,0,0.37620771527290342,0.38292014598846436,0,0
hospital_removal,7880,V32P-A058377,0,0.37184445261955262,0.36426329612731934,0,0
hospital_removal,7881,V32P-A058378,0,0.35757135748863222,0.35184497237205503,0,0
hospital_removal,7882,V32P-A058379,0,0.23647793531417846,0.23596134483814241,0,0
hospital_removal,7883,V32P-A058380,0,0.09703760445117951,0.099619036912918096,0,0
hospital_removal,7884,V32P-A058423,0,0.63863289356231689,0.61543480157852171,1,0
hospital_removal,7885,V32P-A058424,0,0.34846985340118408,0.34071300625801088,0,0
hospital_removal,7886,V32P-A058425,0,0.52571156024932864,0.50933978557586668,0,0
hospital_removal,7887,V32P-A058426,0,0.40745340585708617,0.39533179402351382,0,0
hospital_removal,7888,V32P-A058427,0,0.27934441566467283,0.27446058392524719,0,0
hospital_removal,7889,V32P-A058428,0,0.11836199909448623,0.12104256004095078,0,0
hospital_removal,7890,V32P-A058507,0,0.59854468107223513,0.6026139378547668,0,0
hospital_removal,7891,V32P-A058508,0,0.60331667661666866,0.60495507717132568,0,0
hospital_removal,7892,V32P-A058509,0,0.59785058498382571,0.59596941471099851,0,0
hospital_removal,7893,V32P-A058510,0,0.55566890239715572,0.54926078319549565,0,0
hospital_removal,7894,V32P-A058511,0,0.49889425635337831,0.49100618958473208,0,0
hospital_removal,7895,V32P-A058512,0,0.044783362001180646,0.046069003269076349,0,0
hospital_removal,7896,V32P-A058525,0,0.47643802762031556,0.49743354916572569,0,0
hospital_removal,7897,V32P-A058526,0,0.47345831394195559,0.49363563060760496,0,0
hospital_removal,7898,V32P-A058527,0,0.46571587920188906,0.48309684395790098,0,0
hospital_removal,7899,V32P-A058528,0,0.40507287383079527,0.42244896292686462,0,0
hospital_removal,7900,V32P-A058529,1,0.33467436432838438,0.34953361749649048,0,0
hospital_removal,7901,V32P-A058530,0,0.031332938931882381,0.033427994884550574,0,0
hospital_removal,7902,V32P-A058549,0,0.49796070456504821,0.50687217116355898,0,0
hospital_removal,7903,V32P-A058550,0,0.45251495242118833,0.45990352034568788,0,0
hospital_removal,7904,V32P-A058551,0,0.41225858330726622,0.41713976263999941,0,0
hospital_removal,7905,V32P-A058552,0,0.33995562791824341,0.33977672457695007,0,0
hospital_removal,7906,V32P-A058553,0,0.2781145364046097,0.27580497562885287,0,0
hospital_removal,7907,V32P-A058554,0,0.13964894413948059,0.1379891663789749,0,0
hospital_removal,7908,V32P-A058561,0,0.68271810412406919,0.70185080170631409,1,1
hospital_removal,7909,V32P-A058562,0,0.56296568512916567,0.59347700476646426,0,0
hospital_removal,7910,V32P-A058563,0,0.50845128893852232,0.54226678013801577,0,0
hospital_removal,7911,V32P-A058564,0,0.35524867773056029,0.39806756973266599,0,0
hospital_removal,7912,V32P-A058565,0,0.24546793699264527,0.28261483311653135,0,0
hospital_removal,7913,V32P-A058566,0,0.09459876492619515,0.10462714508175849,0,0
hospital_removal,7914,V32P-A058585,0,0.6167934656143188,0.65256848335266116,0,1
hospital_removal,7915,V32P-A058586,0,0.53215189576148991,0.56674489378929138,0,0
hospital_removal,7916,V32P-A058587,0,0.53059126734733586,0.55809594988822941,0,0
hospital_removal,7917,V32P-A058588,0,0.47292433381080629,0.49399188160896301,0,0
hospital_removal,7918,V32P-A058589,0,0.40364208221435549,0.42168114781379701,0,0
hospital_removal,7919,V32P-A058590,0,0.19702458679676055,0.20795352458953859,0,0
hospital_removal,7920,V32P-A058603,0,0.39713616967201232,0.39977544546127319,0,0
hospital_removal,7921,V32P-A058604,0,0.41056828498840331,0.40434944629669189,0,0
hospital_removal,7922,V32P-A058605,0,0.37361990213394164,0.36340432167053222,0,0
hospital_removal,7923,V32P-A058606,0,0.32328735589981078,0.30989167094230652,0,0
hospital_removal,7924,V32P-A058607,0,0.26931493580341337,0.25761519372463226,0,0
hospital_removal,7925,V32P-A058608,0,0.12226428538560867,0.12186377942562103,0,0
hospital_removal,7926,V32P-A058621,0,0.58268923759460445,0.57133198380470274,0,0
hospital_removal,7927,V32P-A058622,0,0.57108460068702693,0.55974344611167903,0,0
hospital_removal,7928,V32P-A058623,0,0.5919950008392334,0.5784206867218018,0,0
hospital_removal,7929,V32P-A058624,0,0.5706037223339081,0.5550696015357971,0,0
hospital_removal,7930,V32P-A058625,0,0.52064782381057739,0.5042677164077759,0,0
hospital_removal,7931,V32P-A058626,0,0.049973342195153238,0.051413563266396525,0,0
hospital_removal,7932,V32P-A058657,0,0.6489695072174072,0.66411147117614744,1,1
hospital_removal,7933,V32P-A058658,0,0.51597835421562199,0.53094266653060918,0,0
hospital_removal,7934,V32P-A058659,0,0.47108827233314515,0.47713192105293273,0,0
hospital_removal,7935,V32P-A058660,0,0.40190803408622744,0.40387315750122071,0,0
hospital_removal,7936,V32P-A058661,0,0.30828814506530761,0.3096336007118225,0,0
hospital_removal,7937,V32P-A058662,0,0.12766993939876556,0.1350260317325592,0,0
hospital_removal,7938,V32P-A058729,0,0.77166343927383418,0.76774983406066899,1,1
hospital_removal,7939,V32P-A058730,0,0.70594251155853271,0.70340685844421391,1,1
hospital_removal,7940,V32P-A058731,0,0.63140769004821773,0.62731328010559084,1,1
hospital_removal,7941,V32P-A058732,0,0.54783003926277163,0.54707708358764651,0,0
hospital_removal,7942,V32P-A058733,0,0.51921758651733396,0.51587266921997066,0,0
hospital_removal,7943,V32P-A058734,0,0.03446274120360613,0.035932866856455803,0,0
hospital_removal,7944,V32P-A058789,0,0.53932366967201228,0.56285693645477297,0,0
hospital_removal,7945,V32P-A058790,0,0.51836756467819212,0.53623702526092532,0,0
hospital_removal,7946,V32P-A058791,0,0.47595336437225344,0.48911772370338441,0,0
hospital_removal,7947,V32P-A058792,0,0.51556983590126038,0.51593202948570249,0,0
hospital_removal,7948,V32P-A058793,0,0.44894863963127135,0.45026395916938783,0,0
hospital_removal,7949,V32P-A058794,0,0.23103769570589067,0.23597604781389236,0,0
hospital_removal,7950,V32P-A058849,0,0.41026315689086912,0.45788164138793946,0,0
hospital_removal,7951,V32P-A058850,0,0.41361671686172485,0.45187078714370726,0,0
hospital_removal,7952,V32P-A058851,0,0.37357336878776548,0.40201132297515868,0,0
hospital_removal,7953,V32P-A058852,0,0.50930821895599365,0.51999210119247441,0,0
hospital_removal,7954,V32P-A058853,0,0.26138991713523863,0.281404048204422,0,0
hospital_removal,7955,V32P-A058854,0,0.029662737250328065,0.031535730324685575,0,0
hospital_removal,7956,V32P-A058921,0,0.77890216112136845,0.7907885670661926,1,1
hospital_removal,7957,V32P-A058922,0,0.77268890142440794,0.78601386547088625,1,1
hospital_removal,7958,V32P-A058923,0,0.7664371132850647,0.78062574863433842,1,1
hospital_removal,7959,V32P-A058924,0,0.73792865276336672,0.75617731809616084,1,1
hospital_removal,7960,V32P-A058925,0,0.68680615425109859,0.71047037839889526,1,1
hospital_removal,7961,V32P-A058926,0,0.49728718101978303,0.52703903913497929,0,0
hospital_removal,7962,V32P-A058999,0,0.81169712543487549,0.8072030663490295,1,1
hospital_removal,7963,V32P-A059000,0,0.59770106077194218,0.59818820953369145,0,0
hospital_removal,7964,V32P-A059001,0,0.50164099931716921,0.49029201865196226,0,0
hospital_removal,7965,V32P-A059002,0,0.53016192913055415,0.51640369892120364,0,0
hospital_removal,7966,V32P-A059003,0,0.40485326647758485,0.39223989248275759,0,0
hospital_removal,7967,V32P-A059004,0,0.19299380630254745,0.19193212091922759,0,0
hospital_removal,7968,V32P-A059005,0,0.60723142623901372,0.60648124217987065,0,0
hospital_removal,7969,V32P-A059006,0,0.53208013176918034,0.54457931518554692,0,0
hospital_removal,7970,V32P-A059007,0,0.53741472363471987,0.5373605489730835,0,0
hospital_removal,7971,V32P-A059008,0,0.45631678700447081,0.45512944459915161,0,0
hospital_removal,7972,V32P-A059009,0,0.38006832003593444,0.37761762738227844,0,0
hospital_removal,7973,V32P-A059010,0,0.19467908442020415,0.19220055937767028,0,0
hospital_removal,7974,V32P-A059011,0,0.39123446345329282,0.38772231340408325,0,0
hospital_removal,7975,V32P-A059012,0,0.42407318353652956,0.4163241982460022,0,0
hospital_removal,7976,V32P-A059013,0,0.38677021265029909,0.37884103059768676,0,0
hospital_removal,7977,V32P-A059014,0,0.3121153235435486,0.30712677240371705,0,0
hospital_removal,7978,V32P-A059015,0,0.23804954588413238,0.23658064901828765,0,0
hospital_removal,7979,V32P-A059016,0,0.1032591238617897,0.10665748417377471,0,0
hospital_removal,7980,V32P-A059023,0,0.8149988055229187,0.82675892114639282,1,1
hospital_removal,7981,V32P-A059024,0,0.72632396221160889,0.74585623741149898,1,1
hospital_removal,7982,V32P-A059025,0,0.62808672189712522,0.65002908706665041,1,1
hospital_removal,7983,V32P-A059026,0,0.57923552989959715,0.59661582708358762,0,0
hospital_removal,7984,V32P-A059027,0,0.54601730108261104,0.56311591863632204,0,0
hospital_removal,7985,V32P-A059028,0,0.30606822669506073,0.32356315851211548,0,0
hospital_removal,7986,V32P-A059041,0,0.48772076368331907,0.48559839725494386,0,0
hospital_removal,7987,V32P-A059042,0,0.5196959793567657,0.51178396344184873,0,0
hospital_removal,7988,V32P-A059043,0,0.57745085358619686,0.56749896407127376,0,0
hospital_removal,7989,V32P-A059044,0,0.53251518011093135,0.52527762651443477,0,0
hospital_removal,7990,V32P-A059045,0,0.44915584921836854,0.44519975781440735,0,0
hospital_removal,7991,V32P-A059046,0,0.21744369268417357,0.22726424932479858,0,0
hospital_removal,7992,V32P-A059131,0,0.60224450826644893,0.60330408811569214,0,0
hospital_removal,7993,V32P-A059132,0,0.5020935714244843,0.50627562403678894,0,0
hospital_removal,7994,V32P-A059133,0,0.45320379734039307,0.45753349661827086,0,0
hospital_removal,7995,V32P-A059134,0,0.39125365018844604,0.39649210572242738,0,0
hospital_removal,7996,V32P-A059135,0,0.31811202168464658,0.32114906311035157,0,0
hospital_removal,7997,V32P-A059136,0,0.16935328692197799,0.17002478688955308,0,0
hospital_removal,7998,V32P-A059185,0,0.69424017667770388,0.67659622430801392,1,1
hospital_removal,7999,V32P-A059186,0,0.5967498183250427,0.57980843782424929,0,0
hospital_removal,8000,V32P-A059187,0,0.53089130520820615,0.51770536899566655,0,0
hospital_removal,8001,V32P-A059188,0,0.5184326589107513,0.50301290750503536,0,0
hospital_removal,8002,V32P-A059189,0,0.39971499443054198,0.38696813583374023,0,0
hospital_removal,8003,V32P-A059190,0,0.20167639255523681,0.19647524058818816,0,0
hospital_removal,8004,V32P-A059197,0,0.66907716989517207,0.67021565437316899,1,1
hospital_removal,8005,V32P-A059198,0,0.62349500656127932,0.62182332873344426,1,1
hospital_removal,8006,V32P-A059199,0,0.58892689943313603,0.58405416607856753,0,0
hospital_removal,8007,V32P-A059200,0,0.49230793714523313,0.48751793503761293,0,0
hospital_removal,8008,V32P-A059201,0,0.40788256525993349,0.40268113017082213,0,0
hospital_removal,8009,V32P-A059202,0,0.17168120294809341,0.17063191384077073,0,0
hospital_removal,8010,V32P-A059221,0,0.60470757484436033,0.62556388378143313,0,1
hospital_removal,8011,V32P-A059222,0,0.62299612760543821,0.64004248380661011,1,1
hospital_removal,8012,V32P-A059223,0,0.59585285186767578,0.60847233533859257,0,0
hospital_removal,8013,V32P-A059224,0,0.54294022917747498,0.55015620589256287,0,0
hospital_removal,8014,V32P-A059225,0,0.45985530018806459,0.46657547354698181,0,0
hospital_removal,8015,V32P-A059226,0,0.22867700159549714,0.23307096064090729,0,0
hospital_removal,8016,V32P-A059257,1,0.68068598508834843,0.68273036479949956,1,1
hospital_removal,8017,V32P-A059258,1,0.57997038960456848,0.58287718892097473,0,0
hospital_removal,8018,V32P-A059259,1,0.54925842285156246,0.5507515609264374,0,0
hospital_removal,8019,V32P-A059260,0,0.10802090018987656,0.11114363819360733,0,0
hospital_removal,8020,V32P-A059261,0,0.083429983258247381,0.08606560826301575,0,0
hospital_removal,8021,V32P-A059262,0,0.038189499266445638,0.039656370319426058,0,0
hospital_removal,8022,V32P-A059269,0,0.69613915681838989,0.70985420942306521,1,1
hospital_removal,8023,V32P-A059270,0,0.58759613037109371,0.61075500249862669,0,0
hospital_removal,8024,V32P-A059271,0,0.49501575827598571,0.51403408050537114,0,0
hospital_removal,8025,V32P-A059272,0,0.41325279474258425,0.42264326214790343,0,0
hospital_removal,8026,V32P-A059273,0,0.32650313377380369,0.33042900562286376,0,0
hospital_removal,8027,V32P-A059274,0,0.16380441486835479,0.16459447294473648,0,0
hospital_removal,8028,V32P-A059317,0,0.65948545932769775,0.662721860408783,1,1
hospital_removal,8029,V32P-A059318,0,0.56207282543182369,0.57491579055786135,0,0
hospital_removal,8030,V32P-A059319,0,0.52091659307479854,0.53117593526840212,0,0
hospital_removal,8031,V32P-A059320,0,0.5525648713111877,0.55490819215774534,0,0
hospital_removal,8032,V32P-A059321,0,0.46523166894912721,0.47323773503303529,0,0
hospital_removal,8033,V32P-A059322,0,0.23005169332027436,0.24936589002609252,0,0
hospital_removal,8034,V32P-A059449,0,0.70926539897918706,0.69637193679809573,1,1
hospital_removal,8035,V32P-A059450,0,0.58032394647598262,0.56415833830833439,0,0
hospital_removal,8036,V32P-A059451,0,0.50941817760467534,0.49242209792137148,0,0
hospital_removal,8037,V32P-A059452,0,0.39623979926109315,0.38115808963775633,0,0
hospital_removal,8038,V32P-A059453,0,0.31200975179672241,0.30069057345390321,0,0
hospital_removal,8039,V32P-A059454,0,0.135633884370327,0.13250832110643387,0,0
hospital_removal,8040,V32P-A059641,0,0.47195992469787595,0.50728781223297115,0,0
hospital_removal,8041,V32P-A059642,0,0.45820745229721072,0.48819931745529177,0,0
hospital_removal,8042,V32P-A059643,0,0.46752464771270752,0.48582090139389039,0,0
hospital_removal,8043,V32P-A059644,0,0.38933427929878234,0.41145445704460143,0,0
hospital_removal,8044,V32P-A059645,1,0.32666105926036837,0.34981153309345248,0,0
hospital_removal,8045,V32P-A059646,0,0.0284612693823874,0.031397048477083446,0,0
hospital_removal,8046,V32P-A059653,0,0.61762253046035764,0.60752106308937071,0,0
hospital_removal,8047,V32P-A059654,0,0.57009060382843013,0.54939695596694949,0,0
hospital_removal,8048,V32P-A059655,0,0.5030845642089844,0.4784738004207611,0,0
hospital_removal,8049,V32P-A059656,0,0.43835647702217101,0.41411647200584412,0,0
hospital_removal,8050,V32P-A059657,0,0.35766081809997557,0.33735210001468657,0,0
hospital_removal,8051,V32P-A059658,0,0.16194305568933487,0.15638089478015899,0,0
hospital_removal,8052,V32P-A059677,0,0.809443187713623,0.82593621015548702,1,1
hospital_removal,8053,V32P-A059678,0,0.74044419527053829,0.76459367275238033,1,1
hospital_removal,8054,V32P-A059679,0,0.70668742656707761,0.72841328382492065,1,1
hospital_removal,8055,V32P-A059680,0,0.67736192941665652,0.69829015731811528,1,1
hospital_removal,8056,V32P-A059681,0,0.60871269702911379,0.62923454046249394,0,1
hospital_removal,8057,V32P-A059682,0,0.33041920065879821,0.34138717055320739,0,0
hospital_removal,8058,V32P-A059689,0,0.74689655303955083,0.76363518238067629,1,1
hospital_removal,8059,V32P-A059690,0,0.67719919681549068,0.69867919683456425,1,1
hospital_removal,8060,V32P-A059691,0,0.61441563367843632,0.62776585817337038,0,1
hospital_removal,8061,V32P-A059692,0,0.52519717812538147,0.52938455939292905,0,0
hospital_removal,8062,V32P-A059693,1,0.4412392318248749,0.44151871800422671,0,0
hospital_removal,8063,V32P-A059694,0,0.040091338567435741,0.042157486826181409,0,0
hospital_removal,8064,V32P-A059725,0,0.52853862047195432,0.51703892946243291,0,0
hospital_removal,8065,V32P-A059726,0,0.49094759821891787,0.47468485832214358,0,0
hospital_removal,8066,V32P-A059727,0,0.45530540347099302,0.4335052013397217,0,0
hospital_removal,8067,V32P-A059728,0,0.37969139814376829,0.35172263979911805,0,0
hospital_removal,8068,V32P-A059729,0,0.29593525826931,0.26978851854801178,0,0
hospital_removal,8069,V32P-A059730,0,0.12336934953927994,0.11414691060781479,0,0
hospital_removal,8070,V32P-A059761,0,0.71999310255050664,0.7295184373855591,1,1
hospital_removal,8071,V32P-A059762,0,0.66564946174621586,0.67879186868667607,1,1
hospital_removal,8072,V32P-A059763,0,0.62739512920379636,0.6397148489952087,1,1
hospital_removal,8073,V32P-A059764,0,0.56862645745277407,0.5776638805866241,0,0
hospital_removal,8074,V32P-A059765,1,0.48803510069847106,0.49233139157295225,0,0
hospital_removal,8075,V32P-A059766,0,0.038202833384275436,0.040628453344106676,0,0
hospital_removal,8076,V32P-A059779,0,0.54809961318969724,0.5579105019569397,0,0
hospital_removal,8077,V32P-A059780,0,0.51992532014846804,0.52705945968627932,0,0
hospital_removal,8078,V32P-A059781,0,0.50040242075920105,0.50448922514915462,0,0
hospital_removal,8079,V32P-A059782,0,0.42519528269767759,0.42929203510284425,0,0
hospital_removal,8080,V32P-A059783,0,0.33280213773250578,0.33670270740985869,0,0
hospital_removal,8081,V32P-A059784,0,0.1533259242773056,0.16297125816345215,0,0
hospital_removal,8082,V32P-A059785,0,0.31390892267227172,0.29682888984680178,0,0
hospital_removal,8083,V32P-A059786,0,0.35718326568603515,0.33724812865257264,0,0
hospital_removal,8084,V32P-A059787,0,0.33555842041969297,0.31566393971443174,0,0
hospital_removal,8085,V32P-A059788,0,0.25033526122570038,0.23459559977054595,0,0
hospital_removal,8086,V32P-A059789,0,0.20577416121959685,0.19288844764232635,0,0
hospital_removal,8087,V32P-A059790,0,0.099187481403350833,0.093395695090293884,0,0
hospital_removal,8088,V32P-A059845,0,0.59159600734710693,0.59194501638412478,0,0
hospital_removal,8089,V32P-A059846,0,0.55168763399124143,0.54887967705726626,0,0
hospital_removal,8090,V32P-A059847,0,0.51287105679512024,0.5024857223033905,0,0
hospital_removal,8091,V32P-A059848,0,0.42864627242088316,0.41772852540016175,0,0
hospital_removal,8092,V32P-A059849,0,0.34429475665092468,0.33655946552753446,0,0
hospital_removal,8093,V32P-A059850,0,0.15132296383380889,0.15202592611312865,0,0
hospital_removal,8094,V32P-A059905,0,0.60595338344573979,0.62073112726211543,0,1
hospital_removal,8095,V32P-A059906,0,0.58907159566879275,0.60107080936431889,0,0
hospital_removal,8096,V32P-A059907,0,0.53874995708465578,0.54645626544952397,0,0
hospital_removal,8097,V32P-A059908,0,0.49288250207901002,0.49668420553207399,0,0
hospital_removal,8098,V32P-A059909,0,0.40413925647735593,0.40355834364891052,0,0
hospital_removal,8099,V32P-A059910,0,0.17280267179012299,0.16860109865665435,0,0
hospital_removal,8100,V32P-A059911,0,0.77453634738922117,0.76621201038360598,1,1
hospital_removal,8101,V32P-A059912,0,0.66806577444076543,0.66699484586715696,1,1
hospital_removal,8102,V32P-A059913,0,0.58080277442932127,0.57568148970603938,0,0
hospital_removal,8103,V32P-A059914,0,0.50049780011177059,0.48892049193382264,0,0
hospital_removal,8104,V32P-A059915,0,0.47187800407409669,0.45980441570281982,0,0
hospital_removal,8105,V32P-A059916,0,0.037137094885110855,0.037843041494488715,0,0
hospital_removal,8106,V32P-A059917,0,0.59806529283523557,0.60087451934814451,0,0
hospital_removal,8107,V32P-A059918,0,0.48261029720306398,0.49684727191925049,0,0
hospital_removal,8108,V32P-A059919,0,0.40280073285102846,0.41369962096214297,0,0
hospital_removal,8109,V32P-A059920,0,0.31657943427562713,0.32418800890445709,0,0
hospital_removal,8110,V32P-A059921,1,0.24147490859031678,0.24631674885749816,0,0
hospital_removal,8111,V32P-A059922,0,0.022623520437628032,0.02438311753794551,0,0
hospital_removal,8112,V32P-A059941,0,0.74111980199813843,0.76858981847763064,1,1
hospital_removal,8113,V32P-A059942,0,0.64264982938766479,0.67330372333526611,1,1
hospital_removal,8114,V32P-A059943,0,0.61457313895225529,0.63728737235069277,0,1
hospital_removal,8115,V32P-A059944,0,0.54607886075973511,0.56733030080795288,0,0
hospital_removal,8116,V32P-A059945,0,0.45453393459320068,0.47821379899978639,0,0
hospital_removal,8117,V32P-A059946,0,0.038271777145564553,0.043057105131447317,0,0
hospital_removal,8118,V32P-A059971,0,0.50659698247909546,0.5274132907390594,0,0
hospital_removal,8119,V32P-A059972,0,0.44618150591850281,0.45988451838493349,0,0
hospital_removal,8120,V32P-A059973,0,0.35531064271926882,0.36431923508644104,0,0
hospital_removal,8121,V32P-A059974,0,0.2894903361797333,0.29894598126411437,0,0
hospital_removal,8122,V32P-A059975,0,0.26862946152687073,0.28511975407600404,0,0
hospital_removal,8123,V32P-A059976,0,0.12380855679512023,0.13903090357780457,0,0
invalid_consent,0,V32P-A000025,0,0.64196459054946897,0.68119963407516482,1,1
invalid_consent,1,V32P-A000026,0,0.54580625891685486,0.58960852622985838,0,0
invalid_consent,2,V32P-A000027,0,0.45527541637420654,0.50140483379364009,0,0
invalid_consent,3,V32P-A000028,0,0.47681547999382018,0.53017484545707705,0,0
invalid_consent,4,V32P-A000029,0,0.31462445259094241,0.35244522988796234,0,0
invalid_consent,5,V32P-A000030,0,0.038141265418380497,0.035400789603590964,0,0
invalid_consent,6,V32P-A000055,0,0.7662831783294678,0.77189372777938847,1,1
invalid_consent,7,V32P-A000058,0,0.62380927801132202,0.66023488044738765,1,1
invalid_consent,8,V32P-A000059,0,0.42977386713027954,0.44493874311447146,0,0
invalid_consent,9,V32P-A000060,0,0.17423627376556397,0.17731684297323227,0,0
invalid_consent,10,V32P-A000133,1,0.66907008886337282,0.68145637512207036,1,1
invalid_consent,11,V32P-A000134,1,0.60441773533821108,0.62422106266021726,0,1
invalid_consent,12,V32P-A000135,1,0.53488787412643435,0.56489511728286745,0,0
invalid_consent,13,V32P-A000136,0,0.07007151991128921,0.070959863066673276,0,0
invalid_consent,14,V32P-A000137,0,0.050932205840945245,0.051059652119874954,0,0
invalid_consent,15,V32P-A000138,0,0.020815097820013763,0.020072662830352785,0,0
invalid_consent,16,V32P-A000151,0,0.4802298307418823,0.47822820544242861,0,0
invalid_consent,17,V32P-A000152,0,0.31345358490943909,0.31490553617477418,0,0
invalid_consent,18,V32P-A000153,0,0.27060325443744659,0.31558783948421476,0,0
invalid_consent,19,V32P-A000154,0,0.25513446033000947,0.25315273404121397,0,0
invalid_consent,20,V32P-A000155,0,0.1863671898841858,0.18487813770771028,0,0
invalid_consent,21,V32P-A000156,0,0.086802083998918533,0.085207948833704,0,0
invalid_consent,22,V32P-A000175,1,0.81364271640777586,0.82511343955993655,1,1
invalid_consent,23,V32P-A000176,1,0.66830750703811648,0.70152555704116826,1,1
invalid_consent,24,V32P-A000177,1,0.74108881950378414,0.75460838079452519,1,1
invalid_consent,25,V32P-A000178,0,0.13470991998910903,0.13177770674228667,0,0
invalid_consent,26,V32P-A000179,0,0.1005596674978733,0.09889861717820167,0,0
invalid_consent,27,V32P-A000180,0,0.043079922348260878,0.041735721006989482,0,0
invalid_consent,28,V32P-A000205,0,0.6780752897262573,0.68077850341796875,1,1
invalid_consent,29,V32P-A000206,0,0.59811351299285886,0.59889544248580928,0,0
invalid_consent,30,V32P-A000207,0,0.57274052500724792,0.57337476015090938,0,0
invalid_consent,31,V32P-A000208,0,0.48540135622024538,0.48281276822090147,0,0
invalid_consent,32,V32P-A000209,0,0.40022924542427063,0.39430672526359556,0,0
invalid_consent,33,V32P-A000210,0,0.18451943695545198,0.17962235063314438,0,0
invalid_consent,34,V32P-A000253,0,0.63338264226913454,0.65715645551681523,1,1
invalid_consent,35,V32P-A000256,1,0.60749281644821163,0.63012344837188716,0,1
invalid_consent,36,V32P-A000257,0,0.10723498389124871,0.097580389678478235,0,0
invalid_consent,37,V32P-A000258,0,0.05866676643490791,0.053248501569032672,0,0
invalid_consent,38,V32P-A000283,0,0.67715648412704466,0.67383966445922849,1,1
invalid_consent,39,V32P-A000284,0,0.5112620532512665,0.51590798497200008,0,0
invalid_consent,40,V32P-A000286,0,0.3635817587375641,0.36763811111450195,0,0
invalid_consent,41,V32P-A000287,0,0.33036087453365326,0.33397597968578341,0,0
invalid_consent,42,V32P-A000288,0,0.12582589834928512,0.12580882459878923,0,0
invalid_consent,43,V32P-A000301,0,0.76935782432556155,0.78341002464294429,1,1
invalid_consent,44,V32P-A000304,0,0.54285869002342224,0.57676448225975041,0,0
invalid_consent,45,V32P-A000305,0,0.45511153340339661,0.51573166251182556,0,0
invalid_consent,46,V32P-A000306,0,0.21196887791156768,0.23246664702892303,0,0
invalid_consent,47,V32P-A000307,1,0.55317733883857723,0.5730654120445251,0,0
invalid_consent,48,V32P-A000308,1,0.56885576844215391,0.59082829356193545,0,0
invalid_consent,49,V32P-A000309,1,0.55909919738769531,0.58608686923980713,0,0
invalid_consent,50,V32P-A000310,0,0.087644403427839274,0.084824592620134351,0,0
invalid_consent,51,V32P-A000311,0,0.067176416516304016,0.064682514965534205,0,0
invalid_consent,52,V32P-A000312,0,0.030575655214488507,0.028655639104545116,0,0
invalid_consent,53,V32P-A000313,1,0.61686277389526367,0.63029623031616211,0,1
invalid_consent,54,V32P-A000316,0,0.078995821624994272,0.075531607866287237,0,0
invalid_consent,55,V32P-A000317,0,0.059819506853818892,0.057773546501994136,0,0
invalid_consent,56,V32P-A000318,0,0.024684707075357436,0.023677710629999637,0,0
invalid_consent,57,V32P-A000385,0,0.5940270721912384,0.62170412540435793,0,1
invalid_consent,58,V32P-A000386,0,0.51156868338584904,0.53109346032142635,0,0
invalid_consent,59,V32P-A000387,0,0.55435971021652219,0.58128677606582646,0,0
invalid_consent,60,V32P-A000388,0,0.48722062110900877,0.51211284399032597,0,0
invalid_consent,61,V32P-A000389,0,0.39751036167144777,0.41993452310562135,0,0
invalid_consent,62,V32P-A000390,0,0.17962228059768676,0.1935128688812256,0,0
invalid_consent,63,V32P-A000505,0,0.40282809138298037,0.41343145370483397,0,0
invalid_consent,64,V32P-A000506,0,0.42570905089378358,0.43752427101135255,0,0
invalid_consent,65,V32P-A000508,0,0.3385697603225708,0.35114955902099609,0,0
invalid_consent,66,V32P-A000509,0,0.27491993606090548,0.28342486619949342,0,0
invalid_consent,67,V32P-A000510,0,0.12452323138713836,0.12678025811910629,0,0
invalid_consent,68,V32P-A000595,0,0.69363397359848022,0.70556396245956421,1,1
invalid_consent,69,V32P-A000596,0,0.61326445341110225,0.63176822662353516,0,1
invalid_consent,70,V32P-A000597,0,0.55624698996543886,0.57583312392234798,0,0
invalid_consent,71,V32P-A000598,0,0.47436484694480896,0.49563682079315186,0,0
invalid_consent,72,V32P-A000599,0,0.46565389633178711,0.47863362431526185,0,0
invalid_consent,73,V32P-A000600,0,0.22660112380981445,0.2329416185617447,0,0
invalid_consent,74,V32P-A000631,0,0.35442115962505338,0.36272926330566407,0,0
invalid_consent,75,V32P-A000632,0,0.4237193763256073,0.43718902468681337,0,0
invalid_consent,76,V32P-A000633,0,0.37804747223854063,0.39591233730316161,0,0
invalid_consent,77,V32P-A000634,0,0.31083613336086274,0.32697188854217529,0,0
invalid_consent,78,V32P-A000635,0,0.24839633405208589,0.26201210916042328,0,0
invalid_consent,79,V32P-A000636,0,0.018583244364708661,0.017551164329051971,0,0
invalid_consent,80,V32P-A000685,0,0.46635974049568174,0.4892870604991913,0,0
invalid_consent,81,V32P-A000686,0,0.47904475927352907,0.49678397774696348,0,0
invalid_consent,82,V32P-A000687,0,0.42209690809249878,0.45030732750892638,0,0
invalid_consent,83,V32P-A000688,0,0.45922012925148009,0.49290473461151124,0,0
invalid_consent,84,V32P-A000689,0,0.35228869020938874,0.3915479749441147,0,0
invalid_consent,85,V32P-A000690,0,0.032635345123708248,0.031519786641001704,0,0
invalid_consent,86,V32P-A000703,0,0.8269545793533325,0.83777173757553103,1,1
invalid_consent,87,V32P-A000706,0,0.74787431955337524,0.75902004241943355,1,1
invalid_consent,88,V32P-A000707,1,0.61796449422836308,0.62870920896530147,0,1
invalid_consent,89,V32P-A000708,0,0.063759598135948184,0.059236491844058034,0,0
invalid_consent,90,V32P-A000793,0,0.73406701087951665,0.74976515769958496,1,1
invalid_consent,91,V32P-A000794,0,0.6397982597351074,0.6582051753997803,1,1
invalid_consent,92,V32P-A000795,0,0.60804705619812016,0.62613213062286377,0,1
invalid_consent,93,V32P-A000796,0,0.48298515677452086,0.50575195550918584,0,0
invalid_consent,94,V32P-A000797,0,0.43525897860527041,0.45052711963653563,0,0
invalid_consent,95,V32P-A000798,0,0.16734732389450074,0.17473543584346771,0,0
invalid_consent,96,V32P-A000823,0,0.53424145579338078,0.55135704874992375,0,0
invalid_consent,97,V32P-A000826,0,0.35945431590080262,0.3922940194606781,0,0
invalid_consent,98,V32P-A000827,0,0.28158844411373141,0.34042972922325132,0,0
invalid_consent,99,V32P-A000828,0,0.12691233456134796,0.13723259121179582,0,0
invalid_consent,100,V32P-A000835,0,0.69524428844451902,0.71525350809097288,1,1
invalid_consent,101,V32P-A000836,0,0.73205002546310427,0.75512675046920774,1,1
invalid_consent,102,V32P-A000838,0,0.75668982267379759,0.76629012823104858,1,1
invalid_consent,103,V32P-A000839,1,0.70993820428848264,0.71550352573394771,1,1
invalid_consent,104,V32P-A000840,0,0.069703712314367297,0.068992678076028824,0,0
invalid_consent,105,V32P-A000841,0,0.47689735293388369,0.48375207781791685,0,0
invalid_consent,106,V32P-A000842,0,0.46355682015419009,0.47042666077613832,0,0
invalid_consent,107,V32P-A000843,0,0.43989791274070739,0.44735975265502931,0,0
invalid_consent,108,V32P-A000844,0,0.38814433813095095,0.39645696878433229,0,0
invalid_consent,109,V32P-A000845,1,0.32721944451332091,0.32957473993301389,0,0
invalid_consent,110,V32P-A000846,0,0.025377197563648222,0.023576443642377855,0,0
invalid_consent,111,V32P-A000865,0,0.50820101499557491,0.53852274417877199,0,0
invalid_consent,112,V32P-A000866,0,0.5341369152069092,0.56429545879364018,0,0
invalid_consent,113,V32P-A000868,0,0.44078563451766967,0.47276131510734559,0,0
invalid_consent,114,V32P-A000869,0,0.36980617344379424,0.39950109124183653,0,0
invalid_consent,115,V32P-A000870,0,0.16598979830741883,0.18314631283283234,0,0
invalid_consent,116,V32P-A000901,0,0.51399408578872685,0.53877419233322144,0,0
invalid_consent,117,V32P-A000902,0,0.53078427314758303,0.55101624727249143,0,0
invalid_consent,118,V32P-A000903,0,0.49858161807060242,0.52332714200019836,0,0
invalid_consent,119,V32P-A000904,0,0.46599304676055908,0.52015177607536311,0,0
invalid_consent,120,V32P-A000905,0,0.37998404204845426,0.40989916026592255,0,0
invalid_consent,121,V32P-A000906,0,0.17508004903793334,0.19297993183135986,0,0
invalid_consent,122,V32P-A000985,0,0.44770550131797793,0.47928886413574218,0,0
invalid_consent,123,V32P-A000988,0,0.34536088705062867,0.37890257835388186,0,0
invalid_consent,124,V32P-A000989,0,0.26183221042156218,0.28932943940162659,0,0
invalid_consent,125,V32P-A000990,0,0.11000665724277496,0.11971457600593567,0,0
invalid_consent,126,V32P-A001021,0,0.3813913345336914,0.40704737901687621,0,0
invalid_consent,127,V32P-A001022,0,0.42707443237304688,0.45224016308784487,0,0
invalid_consent,128,V32P-A001023,0,0.39945326447486879,0.42581687569618226,0,0
invalid_consent,129,V32P-A001024,0,0.37751774191856385,0.40948985219001771,0,0
invalid_consent,130,V32P-A001025,1,0.3121606707572937,0.37473248243331908,0,0
invalid_consent,131,V32P-A001026,0,0.02769757490605116,0.027742349542677402,0,0
invalid_consent,132,V32P-A001045,0,0.22652143836021424,0.24475464820861817,0,0
invalid_consent,133,V32P-A001046,0,0.31232826709747313,0.3364161729812622,0,0
invalid_consent,134,V32P-A001048,0,0.23708249330520631,0.2506988853216171,0,0
invalid_consent,135,V32P-A001049,0,0.18678943514823915,0.19522618949413301,0,0
invalid_consent,136,V32P-A001050,0,0.085132873058319097,0.088582935184240347,0,0
invalid_consent,137,V32P-A001051,0,0.59880909919738767,0.61077749729156494,0,0
invalid_consent,138,V32P-A001052,0,0.57418878078460689,0.58826234936714172,0,0
invalid_consent,139,V32P-A001053,0,0.54315474629402161,0.56021459698677067,0,0
invalid_consent,140,V32P-A001054,1,0.47917137145996092,0.50556304454803469,0,0
invalid_consent,141,V32P-A001055,0,0.080414929986000055,0.075785614550113678,0,0
invalid_consent,142,V32P-A001056,0,0.033008613437414167,0.031414457596838474,0,0
invalid_consent,143,V32P-A001069,0,0.76341285705566408,0.77754064798355105,1,1
invalid_consent,144,V32P-A001070,0,0.56992943286895748,0.59612940549850468,0,0
invalid_consent,145,V32P-A001071,0,0.49816913008689878,0.52827030420303345,0,0
invalid_consent,146,V32P-A001072,0,0.49421527385711672,0.52754072546958919,0,0
invalid_consent,147,V32P-A001073,0,0.42258700728416443,0.4575615465641022,0,0
invalid_consent,148,V32P-A001074,0,0.16944733262062073,0.18703991919755936,0,0
invalid_consent,149,V32P-A001075,0,0.70791112184524541,0.70661891698837276,1,1
invalid_consent,150,V32P-A001078,0,0.40337086319923399,0.40485796928405759,0,0
invalid_consent,151,V32P-A001079,0,0.3711400032043457,0.37240693569183347,0,0
invalid_consent,152,V32P-A001080,0,0.18158216178417205,0.18578208237886429,0,0
invalid_consent,153,V32P-A001153,0,0.63186240196228027,0.65513243675231936,1,1
invalid_consent,154,V32P-A001156,0,0.47409929037094117,0.49499652981758119,0,0
invalid_consent,155,V32P-A001157,0,0.3876383274793625,0.40986427068710329,0,0
invalid_consent,156,V32P-A001158,0,0.16910392194986343,0.18670545816421508,0,0
invalid_consent,157,V32P-A001171,0,0.67028689384460449,0.69078028202056885,1,1
invalid_consent,158,V32P-A001174,0,0.42816772460937502,0.46868051290512086,0,0
invalid_consent,159,V32P-A001175,0,0.41771349310874939,0.45781532526016233,0,0
invalid_consent,160,V32P-A001176,0,0.21221380531787873,0.23588518798351288,0,0
invalid_consent,161,V32P-A001183,0,0.28911103308200836,0.29411197006702422,0,0
invalid_consent,162,V32P-A001186,0,0.30115773379802702,0.30567279756069182,0,0
invalid_consent,163,V32P-A001187,0,0.22915431261062622,0.23369672894477844,0,0
invalid_consent,164,V32P-A001188,0,0.096344706416130063,0.099191989749670029,0,0
invalid_consent,165,V32P-A001189,1,0.83762208223342893,0.8483704090118408,1,1
invalid_consent,166,V32P-A001190,1,0.84257129430770872,0.85910665988922119,1,1
invalid_consent,167,V32P-A001192,0,0.090628972649574285,0.08791244104504585,0,0
invalid_consent,168,V32P-A001193,0,0.065020577609539026,0.062313763052225114,0,0
invalid_consent,169,V32P-A001194,0,0.027785720676183699,0.026236636005342005,0,0
invalid_consent,170,V32P-A001207,0,0.56630830764770512,0.58468707799911501,0,0
invalid_consent,171,V32P-A001208,0,0.47598040103912354,0.49709124565124513,0,0
invalid_consent,172,V32P-A001210,0,0.42334024310112001,0.45461835265159606,0,0
invalid_consent,173,V32P-A001211,0,0.33776573538780214,0.41876842379570006,0,0
invalid_consent,174,V32P-A001212,0,0.17060689628124237,0.18594712316989898,0,0
invalid_consent,175,V32P-A001213,0,0.59481037855148311,0.62255092263221745,0,1
invalid_consent,176,V32P-A001216,0,0.67358238697051998,0.71443475484848018,1,1
invalid_consent,177,V32P-A001217,1,0.48090843558311464,0.5192948579788208,0,0
invalid_consent,178,V32P-A001218,0,0.037240629643201829,0.035204567015171051,0,0
invalid_consent,179,V32P-A001273,0,0.36339149475097654,0.37557593584060667,0,0
invalid_consent,180,V32P-A001274,0,0.46533071398735049,0.48677026033401488,0,0
invalid_consent,181,V32P-A001275,0,0.44413897991180418,0.46421278715133668,0,0
invalid_consent,182,V32P-A001276,0,0.3764055848121643,0.39061077833175661,0,0
invalid_consent,183,V32P-A001277,0,0.30235656797885896,0.30994761288166045,0,0
invalid_consent,184,V32P-A001278,0,0.12631162106990815,0.13228378444910049,0,0
invalid_consent,185,V32P-A001285,0,0.36870201230049132,0.39022938609123231,0,0
invalid_consent,186,V32P-A001286,0,0.35854617357254026,0.3773709237575531,0,0
invalid_consent,187,V32P-A001287,0,0.31717353463172915,0.33710892796516417,0,0
invalid_consent,188,V32P-A001288,0,0.25275432765483857,0.27193888425827029,0,0
invalid_consent,189,V32P-A001289,0,0.19435904324054717,0.2106331095099449,0,0
invalid_consent,190,V32P-A001290,0,0.082048158347606662,0.089829385280609131,0,0
invalid_consent,191,V32P-A001375,0,0.6107490062713623,0.63809242248535158,0,1
invalid_consent,192,V32P-A001376,0,0.59939473867416382,0.62097165584564207,0,1
invalid_consent,193,V32P-A001378,0,0.53089336156845091,0.55201883316040035,0,0
invalid_consent,194,V32P-A001379,0,0.50577720403671267,0.53194316625595095,0,0
invalid_consent,195,V32P-A001380,0,0.2812043994665146,0.30695538520812987,0,0
invalid_consent,196,V32P-A001393,0,0.7528433561325073,0.76056323051452634,1,1
invalid_consent,197,V32P-A001394,0,0.77086366415023799,0.77832877635955811,1,1
invalid_consent,198,V32P-A001395,0,0.62805564403533931,0.63505755662918095,1,1
invalid_consent,199,V32P-A001396,0,0.56320298910140987,0.56006243824958801,0,0
invalid_consent,200,V32P-A001397,0,0.44576854109764097,0.43728785514831542,0,0
invalid_consent,201,V32P-A001398,0,0.21026773154735565,0.20324377566576005,0,0
invalid_consent,202,V32P-A001441,0,0.47222425341606139,0.47312373518943784,0,0
invalid_consent,203,V32P-A001442,0,0.47050016522407534,0.4767222821712494,0,0
invalid_consent,204,V32P-A001443,0,0.42800483703613279,0.442978572845459,0,0
invalid_consent,205,V32P-A001444,0,0.33708738088607787,0.35658452510833738,0,0
invalid_consent,206,V32P-A001445,0,0.25236440598964693,0.26894845366477965,0,0
invalid_consent,207,V32P-A001446,0,0.10755635201930999,0.11092334687709808,0,0
invalid_consent,208,V32P-A001486,0,0.15940920859575272,0.14817917346954346,0,0
invalid_consent,209,V32P-A001487,0,0.11953032165765762,0.10849324315786361,0,0
invalid_consent,210,V32P-A001488,0,0.054716236889362335,0.050249423086643222,0,0
invalid_consent,211,V32P-A001495,0,0.61084514856338501,0.61966154575347898,0,0
invalid_consent,212,V32P-A001496,0,0.44443625211715698,0.45787709355354311,0,0
invalid_consent,213,V32P-A001498,0,0.29490059614181519,0.30817965865135194,0,0
invalid_consent,214,V32P-A001499,0,0.27569379806518557,0.28836852312088013,0,0
invalid_consent,215,V32P-A001500,0,0.11748635470867157,0.12382737696170806,0,0
invalid_consent,216,V32P-A001531,0,0.71186968088150027,0.72259826660156246,1,1
invalid_consent,217,V32P-A001532,0,0.66488353013992307,0.67572708129882808,1,1
invalid_consent,218,V32P-A001533,0,0.63516050577163696,0.64467527866363528,1,1
invalid_consent,219,V32P-A001534,0,0.59318915605545042,0.60101444721221919,0,0
invalid_consent,220,V32P-A001535,0,0.53305268883705137,0.5407792747020721,0,0
invalid_consent,221,V32P-A001536,0,0.2539191782474518,0.25730684101581575,0,0
invalid_consent,222,V32P-A001543,0,0.60241648554801941,0.61576381921768186,0,0
invalid_consent,223,V32P-A001544,0,0.40385270714759824,0.42574309706687929,0,0
invalid_consent,224,V32P-A001545,0,0.35954103767871859,0.3827822208404541,0,0
invalid_consent,225,V32P-A001546,0,0.34578704237937929,0.37154963612556458,0,0
invalid_consent,226,V32P-A001547,0,0.26734339594841006,0.29156908988952634,0,0
invalid_consent,227,V32P-A001548,0,0.024213672801852226,0.023134328145533799,0,0
invalid_consent,228,V32P-A001591,0,0.57766028642654421,0.58805187940597536,0,0
invalid_consent,229,V32P-A001592,0,0.50872859954833982,0.52182606458663938,0,0
invalid_consent,230,V32P-A001594,0,0.46145450472831728,0.46923772096633909,0,0
invalid_consent,231,V32P-A001595,0,0.40953215360641482,0.41659253239631655,0,0
invalid_consent,232,V32P-A001596,0,0.18383446335792542,0.18568391352891922,0,0
invalid_consent,233,V32P-A001609,0,0.60920507907867427,0.62550112009048464,0,1
invalid_consent,234,V32P-A001610,0,0.56459053158760075,0.56953522562980652,0,0
invalid_consent,235,V32P-A001611,0,0.50707571506500249,0.50279696583747868,0,0
invalid_consent,236,V32P-A001612,0,0.46573998332023619,0.46060905456542967,0,0
invalid_consent,237,V32P-A001613,0,0.45353848338127134,0.45060801804065703,0,0
invalid_consent,238,V32P-A001614,0,0.22730989754199982,0.2293274775147438,0,0
invalid_consent,239,V32P-A001615,0,0.74191153049468994,0.764544153213501,1,1
invalid_consent,240,V32P-A001616,0,0.55447670221328738,0.59093346595764162,0,0
invalid_consent,241,V32P-A001617,0,0.67599167823791506,0.71767606735229494,1,1
invalid_consent,242,V32P-A001618,0,0.50882276892662048,0.55182632803916931,0,0
invalid_consent,243,V32P-A001619,0,0.42972991466522215,0.48104856610298158,0,0
invalid_consent,244,V32P-A001620,0,0.235362908244133,0.26802051365375518,0,0
invalid_consent,245,V32P-A001645,0,0.57389662265777586,0.58587160110473635,0,0
invalid_consent,246,V32P-A001646,0,0.54104135036468504,0.55237888097763066,0,0
invalid_consent,247,V32P-A001647,0,0.49688331484794618,0.51282360553741457,0,0
invalid_consent,248,V32P-A001648,0,0.51548393964767458,0.53553755283355708,0,0
invalid_consent,249,V32P-A001649,0,0.42731707096099852,0.44945132136344912,0,0
invalid_consent,250,V32P-A001650,0,0.14761431515216827,0.15543983429670333,0,0
invalid_consent,251,V32P-A001663,0,0.74190235137939453,0.74925142526626587,1,1
invalid_consent,252,V32P-A001664,0,0.63984488248825078,0.65426363945007326,1,1
invalid_consent,253,V32P-A001665,0,0.5335847079753876,0.55832680463790896,0,0
invalid_consent,254,V32P-A001666,0,0.45905565619468691,0.49025047421455381,0,0
invalid_consent,255,V32P-A001667,0,0.40952440500259402,0.44264100790023803,0,0
invalid_consent,256,V32P-A001668,0,0.055163808166980743,0.05163881741464138,0,0
invalid_consent,257,V32P-A001693,0,0.65860999822616573,0.68014457225799563,1,1
invalid_consent,258,V32P-A001694,0,0.61691789031028743,0.66243094205856323,0,1
invalid_consent,259,V32P-A001695,0,0.59913890361785893,0.62766805291175842,0,1
invalid_consent,260,V32P-A001696,0,0.49567960500717162,0.53503464460372929,0,0
invalid_consent,261,V32P-A001697,0,0.41226053237915039,0.45680305957794187,0,0
invalid_consent,262,V32P-A001698,0,0.18270244300365449,0.20837324559688569,0,0
invalid_consent,263,V32P-A001723,0,0.46310582756996155,0.46313765645027161,0,0
invalid_consent,264,V32P-A001726,0,0.30938799381256105,0.31565905213356016,0,0
invalid_consent,265,V32P-A001727,1,0.23683771193027497,0.2410329282283783,0,0
invalid_consent,266,V32P-A001728,0,0.018336363136768341,0.017104275524616241,0,0
invalid_consent,267,V32P-A001747,0,0.60205925107002256,0.60385332107543943,0,0
invalid_consent,268,V32P-A001748,0,0.48779756426811216,0.49326478242874144,0,0
invalid_consent,269,V32P-A001750,0,0.39754096865653993,0.40177287459373473,0,0
invalid_consent,270,V32P-A001751,0,0.32484565377235414,0.35075514912605288,0,0
invalid_consent,271,V32P-A001752,0,0.15328875035047532,0.1525191381573677,0,0
invalid_consent,272,V32P-A001759,0,0.2762769550085068,0.30491423606872559,0,0
invalid_consent,273,V32P-A001760,0,0.29018560945987704,0.31294544637203214,0,0
invalid_consent,274,V32P-A001762,0,0.22634280920028688,0.24605965614318848,0,0
invalid_consent,275,V32P-A001763,0,0.17850461155176162,0.19518836885690688,0,0
invalid_consent,276,V32P-A001764,0,0.078984338790178299,0.086542908847331998,0,0
invalid_consent,277,V32P-A001888,0,0.42501457333564757,0.47175565958023069,0,0
invalid_consent,278,V32P-A001889,1,0.28659965693950651,0.32911495268344881,0,0
invalid_consent,279,V32P-A001890,0,0.024457702971994878,0.023308194614946841,0,0
invalid_consent,280,V32P-A001909,0,0.78875169754028318,0.79960080385208132,1,1
invalid_consent,281,V32P-A001910,0,0.70179585218429563,0.7129424929618835,1,1
invalid_consent,282,V32P-A001911,0,0.62505322694778442,0.64371186494827271,1,1
invalid_consent,283,V32P-A001912,0,0.65379328727722164,0.67271227836608882,1,1
invalid_consent,284,V32P-A001913,0,0.59968920946121218,0.62036831378936763,0,1
invalid_consent,285,V32P-A001914,0,0.30355674326419829,0.31887598037719728,0,0
invalid_consent,286,V32P-A001915,0,0.52819711565971372,0.5620066225528717,0,0
invalid_consent,287,V32P-A001916,0,0.50858445167541499,0.54361339807510378,0,0
invalid_consent,288,V32P-A001917,0,0.49133318066596987,0.52721761465072636,0,0
invalid_consent,289,V32P-A001918,0,0.42745886445045472,0.46647738218307494,0,0
invalid_consent,290,V32P-A001919,0,0.34820740818977358,0.3857674479484558,0,0
invalid_consent,291,V32P-A001920,0,0.15457552224397658,0.17018349021673201,0,0
invalid_consent,292,V32P-A001945,0,0.80202749967575071,0.80855035781860352,1,1
invalid_consent,293,V32P-A001948,0,0.59883773326873779,0.6081552386283875,0,0
invalid_consent,294,V32P-A001949,0,0.55663342475891109,0.56550936102867122,0,0
invalid_consent,295,V32P-A001950,0,0.32514527440071106,0.33045625090599062,0,0
invalid_consent,296,V32P-A002041,0,0.35087300539016725,0.3801139831542969,0,0
invalid_consent,297,V32P-A002042,0,0.28666165173053743,0.35905801951885224,0,0
invalid_consent,298,V32P-A002043,0,0.27837767004966735,0.30181131362915037,0,0
invalid_consent,299,V32P-A002044,0,0.22169157266616821,0.24294375181198119,0,0
invalid_consent,300,V32P-A002045,0,0.16426690518856049,0.17954140603542329,0,0
invalid_consent,301,V32P-A002046,0,0.070127583295106891,0.075571732223033899,0,0
invalid_consent,302,V32P-A002089,0,0.7538784265518188,0.77893134355545046,1,1
invalid_consent,303,V32P-A002092,0,0.48241212368011477,0.51713929176330564,0,0
invalid_consent,304,V32P-A002093,0,0.49181069135665895,0.5493352591991425,0,0
invalid_consent,305,V32P-A002094,0,0.23877271115779877,0.25093913078308105,0,0
invalid_consent,306,V32P-A002095,0,0.47555451989173891,0.52517231106758122,0,0
invalid_consent,307,V32P-A002098,0,0.33608816266059877,0.39141348004341125,0,0
invalid_consent,308,V32P-A002099,0,0.27114332020282744,0.32051584124565125,0,0
invalid_consent,309,V32P-A002100,0,0.12980465590953827,0.15162922143936158,0,0
invalid_consent,310,V32P-A002113,1,0.75138243436813357,0.7704237699508667,1,1
invalid_consent,311,V32P-A002114,1,0.66047033071517947,0.67786170244216915,1,1
invalid_consent,312,V32P-A002115,0,0.19736829549074172,0.19250008612871169,0,0
invalid_consent,313,V32P-A002116,0,0.18838281333446502,0.18443084508180618,0,0
invalid_consent,314,V32P-A002117,0,0.10778202265501022,0.10441084280610084,0,0
invalid_consent,315,V32P-A002118,0,0.045776675641536715,0.044001735746860504,0,0
invalid_consent,316,V32P-A002131,0,0.4307952642440796,0.44781030416488649,0,0
invalid_consent,317,V32P-A002132,0,0.45697892308235166,0.47327049970626833,0,0
invalid_consent,318,V32P-A002133,0,0.39782399535179136,0.41590504050254823,0,0
invalid_consent,319,V32P-A002134,0,0.38216650485992432,0.39989588260650633,0,0
invalid_consent,320,V32P-A002135,1,0.32543457448482516,0.3444535404443741,0,0
invalid_consent,321,V32P-A002136,0,0.03554114606231451,0.033575703389942646,0,0
invalid_consent,322,V32P-A002185,0,0.5633306562900543,0.60333801507949825,0,0
invalid_consent,323,V32P-A002186,0,0.40664853453636168,0.4489185154438019,0,0
invalid_consent,324,V32P-A002188,0,0.29750100970268251,0.33478628695011137,0,0
invalid_consent,325,V32P-A002189,0,0.20808153152465819,0.26981474161148072,0,0
invalid_consent,326,V32P-A002190,0,0.10114446133375168,0.11197669655084611,0,0
invalid_consent,327,V32P-A002221,0,0.52676931023597717,0.5574054598808289,0,0
invalid_consent,328,V32P-A002222,0,0.48538171052932738,0.516511595249176,0,0
invalid_consent,329,V32P-A002223,0,0.45122172236442565,0.48092089891433715,0,0
invalid_consent,330,V32P-A002224,0,0.39402357339859007,0.41927566528320315,0,0
invalid_consent,331,V32P-A002225,0,0.33487522006034853,0.35677864551544192,0,0
invalid_consent,332,V32P-A002226,0,0.17504103183746339,0.17995856702327728,0,0
invalid_consent,333,V32P-A002239,0,0.60499740242958067,0.6324458956718445,0,1
invalid_consent,334,V32P-A002240,0,0.59491686820983891,0.62145212888717649,0,1
invalid_consent,335,V32P-A002242,0,0.44070341587066653,0.4798639714717865,0,0
invalid_consent,336,V32P-A002243,0,0.34853374361991885,0.38764243125915526,0,0
invalid_consent,337,V32P-A002244,0,0.13869649916887283,0.16146725565195083,0,0
invalid_consent,338,V32P-A002281,0,0.62105449438095095,0.63810986280441284,1,1
invalid_consent,339,V32P-A002282,0,0.57051689624786373,0.58776360750198364,0,0
invalid_consent,340,V32P-A002283,0,0.51917032599449153,0.53600416183471677,0,0
invalid_consent,341,V32P-A002284,1,0.50232352614402775,0.51268137693405147,0,0
invalid_consent,342,V32P-A002285,0,0.061914823949337006,0.059338115155696869,0,0
invalid_consent,343,V32P-A002286,0,0.026340806111693382,0.025182274170219898,0,0
invalid_consent,344,V32P-A002299,0,0.84537013769149782,0.85733982324600222,1,1
invalid_consent,345,V32P-A002300,0,0.75937423706054685,0.77887890338897703,1,1
invalid_consent,346,V32P-A002301,0,0.66409212350845337,0.70447143316268923,1,1
invalid_consent,347,V32P-A002302,0,0.59161964058876038,0.62338898181915281,0,1
invalid_consent,348,V32P-A002303,0,0.52822929024696352,0.56403996348381047,0,0
invalid_consent,349,V32P-A002304,0,0.054809764400124548,0.049318352341651918,0,0
invalid_consent,350,V32P-A002308,0,0.10016762614250183,0.091070619225502011,0,0
invalid_consent,351,V32P-A002309,0,0.062687861174345022,0.05731243006885052,0,0
invalid_consent,352,V32P-A002310,0,0.025446337275207044,0.023848704528063536,0,0
invalid_consent,353,V32P-A002317,0,0.78378194570541382,0.7997498154640198,1,1
invalid_consent,354,V32P-A002318,0,0.67961285114288328,0.70114009380340581,1,1
invalid_consent,355,V32P-A002319,0,0.63209671974182124,0.64915273189544676,1,1
invalid_consent,356,V32P-A002320,0,0.76285878419876096,0.77429418563842778,1,1
invalid_consent,357,V32P-A002321,0,0.60327526926994324,0.61754860281944279,0,0
invalid_consent,358,V32P-A002322,0,0.056452025100588797,0.050381385535001752,0,0
invalid_consent,359,V32P-A002335,0,0.61560633182525637,0.64107816219329838,0,1
invalid_consent,360,V32P-A002336,0,0.56105680465698238,0.58705061078071596,0,0
invalid_consent,361,V32P-A002337,0,0.5094445586204529,0.54182636141777041,0,0
invalid_consent,362,V32P-A002338,0,0.44907274246215823,0.48768130540847776,0,0
invalid_consent,363,V32P-A002339,0,0.33887410163879395,0.38157632350921633,0,0
invalid_consent,364,V32P-A002340,0,0.14056159406900406,0.15993260592222214,0,0
invalid_consent,365,V32P-A002359,1,0.71452144384384153,0.73347581624984737,1,1
invalid_consent,366,V32P-A002360,1,0.65448534488677979,0.66512637138366704,1,1
invalid_consent,367,V32P-A002361,1,0.70538777112960815,0.71043906211853025,1,1
invalid_consent,368,V32P-A002362,0,0.10047744512557984,0.096213363111019135,0,0
invalid_consent,369,V32P-A002363,0,0.074197410047054296,0.070689443871378904,0,0
invalid_consent,370,V32P-A002364,0,0.032653446123003957,0.031577877700328827,0,0
invalid_consent,371,V32P-A002395,0,0.63599197864532475,0.65991600751876833,1,1
invalid_consent,372,V32P-A002396,0,0.5942093074321747,0.6137133121490479,0,0
invalid_consent,373,V32P-A002397,0,0.55273095369338987,0.57016282677650454,0,0
invalid_consent,374,V32P-A002398,0,0.48678773045539858,0.50028211474418638,0,0
invalid_consent,375,V32P-A002399,0,0.40594059228897095,0.41827123165130614,0,0
invalid_consent,376,V32P-A002400,0,0.19518902003765107,0.20257455259561538,0,0
invalid_consent,377,V32P-A002503,0,0.65966423749923708,0.66201820373535158,1,1
invalid_consent,378,V32P-A002504,0,0.67726495265960696,0.67899383306503291,1,1
invalid_consent,379,V32P-A002505,0,0.68841135501861572,0.68864523172378544,1,1
invalid_consent,380,V32P-A002506,0,0.6757300972938538,0.6760064959526062,1,1
invalid_consent,381,V32P-A002507,0,0.63288736343383789,0.63626506328582766,1,1
invalid_consent,382,V32P-A002508,0,0.39524534344673157,0.40117644667625429,0,0
invalid_consent,383,V32P-A002548,0,0.16857483685016633,0.16356048583984376,0,0
invalid_consent,384,V32P-A002549,0,0.15363970398902893,0.15100724399089813,0,0
invalid_consent,385,V32P-A002550,0,0.058286233618855474,0.055602505058050158,0,0
invalid_consent,386,V32P-A002593,0,0.6424564480781555,0.62622556686401365,1,1
invalid_consent,387,V32P-A002594,0,0.59227272868156433,0.57979604601860046,0,0
invalid_consent,388,V32P-A002595,0,0.58205244541168211,0.56964042782783508,0,0
invalid_consent,389,V32P-A002596,0,0.53116528391838069,0.51684395074844358,0,0
invalid_consent,390,V32P-A002597,0,0.45581530928611758,0.43813219666481018,0,0
invalid_consent,391,V32P-A002598,0,0.24808037877082825,0.23348451703786849,0,0
invalid_consent,392,V32P-A002629,1,0.74763966798782344,0.76715756654739375,1,1
invalid_consent,393,V32P-A002632,0,0.16616197377443315,0.16438882052898407,0,0
invalid_consent,394,V32P-A002633,0,0.11151251494884491,0.11016875803470612,0,0
invalid_consent,395,V32P-A002634,0,0.045028676092624662,0.042673951759934423,0,0
invalid_consent,396,V32P-A002635,0,0.73075600862503054,0.74229938983917232,1,1
invalid_consent,397,V32P-A002636,0,0.63450483083724973,0.64825426340103154,1,1
invalid_consent,398,V32P-A002637,0,0.58377200961112974,0.59576706290245052,0,0
invalid_consent,399,V32P-A002638,0,0.54189221858978276,0.55773543119430546,0,0
invalid_consent,400,V32P-A002639,0,0.46062944531440736,0.48503214716911314,0,0
invalid_consent,401,V32P-A002640,0,0.23032639920711517,0.24077100455760955,0,0
invalid_consent,402,V32P-A002665,0,0.73220679759979246,0.74358444213867192,1,1
invalid_consent,403,V32P-A002668,0,0.53826466798782346,0.54344969391822817,0,0
invalid_consent,404,V32P-A002669,0,0.51250358223915105,0.51708676218986516,0,0
invalid_consent,405,V32P-A002670,0,0.26641306281089783,0.27263998985290527,0,0
invalid_consent,406,V32P-A002695,0,0.5434399485588074,0.56736453175544743,0,0
invalid_consent,407,V32P-A002696,0,0.55769235491752622,0.58219144940376277,0,0
invalid_consent,408,V32P-A002697,0,0.53451336026191709,0.56033722758293147,0,0
invalid_consent,409,V32P-A002698,0,0.46984500288963316,0.50173136591911316,0,0
invalid_consent,410,V32P-A002699,0,0.38309596180915834,0.41557658910751344,0,0
invalid_consent,411,V32P-A002700,0,0.16244138479232789,0.18180418759584427,0,0
invalid_consent,412,V32P-A002767,0,0.61679944992065427,0.62597159743309017,0,1
invalid_consent,413,V32P-A002768,0,0.58887610435485838,0.59359027743339543,0,0
invalid_consent,414,V32P-A002769,0,0.52474489212036135,0.5264341473579407,0,0
invalid_consent,415,V32P-A002770,0,0.45018216967582703,0.45190541744232177,0,0
invalid_consent,416,V32P-A002771,0,0.37199935615062713,0.37076159715652468,0,0
invalid_consent,417,V32P-A002772,0,0.16479447782039641,0.16322340071201324,0,0
invalid_consent,418,V32P-A002839,0,0.67889959812164302,0.69627237319946289,1,1
invalid_consent,419,V32P-A002840,0,0.61450333595275874,0.62890802621841435,0,1
invalid_consent,420,V32P-A002841,0,0.55645661950111391,0.57152397036552427,0,0
invalid_consent,421,V32P-A002842,0,0.43794990777969361,0.456541109085083,0,0
invalid_consent,422,V32P-A002843,0,0.35328862369060515,0.37734037935733794,0,0
invalid_consent,423,V32P-A002844,0,0.16530764400959014,0.18737260699272157,0,0
invalid_consent,424,V32P-A002863,0,0.46319455504417417,0.4903277039527893,0,0
invalid_consent,425,V32P-A002864,0,0.53127505183219914,0.55913186669349668,0,0
invalid_consent,426,V32P-A002865,0,0.54132310152053831,0.56850201487541197,0,0
invalid_consent,427,V32P-A002866,1,0.48141298294067381,0.511918181180954,0,0
invalid_consent,428,V32P-A002867,0,0.08291566781699658,0.078107760101556775,0,0
invalid_consent,429,V32P-A002868,0,0.041826916113495829,0.038186793588101862,0,0
invalid_consent,430,V32P-A002881,0,0.67885053157806396,0.69981257915496831,1,1
invalid_consent,431,V32P-A002884,0,0.4854184091091156,0.52465828061103825,0,0
invalid_consent,432,V32P-A002885,0,0.33585158884525301,0.37800294458866118,0,0
invalid_consent,433,V32P-A002886,0,0.14032359123229982,0.15328586697578431,0,0
invalid_consent,434,V32P-A003055,0,0.56322143673896785,0.5820976614952087,0,0
invalid_consent,435,V32P-A003056,0,0.51036269068717954,0.53372287154197695,0,0
invalid_consent,436,V32P-A003057,0,0.46359697580337522,0.4901417553424835,0,0
invalid_consent,437,V32P-A003058,0,0.39595526456832886,0.42295640110969546,0,0
invalid_consent,438,V32P-A003059,0,0.32117843627929688,0.34770169258117678,0,0
invalid_consent,439,V32P-A003060,0,0.023569001629948617,0.02243789527565241,0,0
invalid_consent,440,V32P-A003085,1,0.81307888031005859,0.82633392810821538,1,1
invalid_consent,441,V32P-A003086,1,0.72050174474716189,0.73757762908935542,1,1
invalid_consent,442,V32P-A003088,0,0.22813720405101776,0.22238694131374359,0,0
invalid_consent,443,V32P-A003089,0,0.13413992002606392,0.1267944723367691,0,0
invalid_consent,444,V32P-A003090,0,0.055559368804097176,0.051369825750589369,0,0
invalid_consent,445,V32P-A003103,0,0.42524473667144774,0.43749881386756895,0,0
invalid_consent,446,V32P-A003104,0,0.42726510763168335,0.44203770160675049,0,0
invalid_consent,447,V32P-A003105,0,0.41094428896903989,0.43484913110733031,0,0
invalid_consent,448,V32P-A003106,0,0.33656976222991941,0.35971043705940248,0,0
invalid_consent,449,V32P-A003107,0,0.2560335099697113,0.27845767736434934,0,0
invalid_consent,450,V32P-A003108,0,0.12305648177862168,0.13000652790069581,0,0
invalid_consent,451,V32P-A003115,0,0.44892992973327639,0.46145063042640688,0,0
invalid_consent,452,V32P-A003116,0,0.44891533851623533,0.46008722186088563,0,0
invalid_consent,453,V32P-A003117,0,0.49480906724929807,0.51126964688301091,0,0
invalid_consent,454,V32P-A003118,0,0.42272543907165527,0.43265950679779053,0,0
invalid_consent,455,V32P-A003119,0,0.34578253626823424,0.35003859400749204,0,0
invalid_consent,456,V32P-A003120,0,0.029020389169454576,0.027887366712093353,0,0
invalid_consent,457,V32P-A003235,0,0.45924503803253175,0.48157297968864443,0,0
invalid_consent,458,V32P-A003236,0,0.47377946972846985,0.49539966583251954,0,0
invalid_consent,459,V32P-A003237,0,0.44179118275642393,0.46592655181884768,0,0
invalid_consent,460,V32P-A003238,0,0.36087094545364379,0.38421923518180845,0,0
invalid_consent,461,V32P-A003239,0,0.28259305953979491,0.302292937040329,0,0
invalid_consent,462,V32P-A003240,0,0.12273155152797699,0.12785164415836334,0,0
invalid_consent,463,V32P-A003241,0,0.3581567257642746,0.34804036617279055,0,0
invalid_consent,464,V32P-A003244,0,0.31292659938335421,0.30727563798427582,0,0
invalid_consent,465,V32P-A003245,0,0.21630582511425017,0.25298073589801789,0,0
invalid_consent,466,V32P-A003246,0,0.11401749700307846,0.1116256482899189,0,0
invalid_consent,467,V32P-A003331,0,0.60593992471694946,0.5925894618034363,0,0
invalid_consent,468,V32P-A003332,0,0.44583804011344907,0.4235786497592926,0,0
invalid_consent,469,V32P-A003333,0,0.3664462625980377,0.34137730896472929,0,0
invalid_consent,470,V32P-A003334,0,0.37134562134742738,0.34666385650634768,0,0
invalid_consent,471,V32P-A003335,0,0.2527746081352234,0.23573260307312011,0,0
invalid_consent,472,V32P-A003336,0,0.13404810801148415,0.12614622600376607,0,0
invalid_consent,473,V32P-A003343,0,0.86697126626968379,0.8693983674049377,1,1
invalid_consent,474,V32P-A003344,0,0.7739355802536011,0.77792274951934814,1,1
invalid_consent,475,V32P-A003346,0,0.72205171585083006,0.7334370970726013,1,1
invalid_consent,476,V32P-A003347,0,0.6234073162078857,0.64019191265106201,1,1
invalid_consent,477,V32P-A003348,0,0.085226745158433911,0.077364703267812723,0,0
invalid_consent,478,V32P-A003409,0,0.5971010804176331,0.60604836940765383,0,0
invalid_consent,479,V32P-A003410,0,0.66326106786727901,0.66828751564025879,1,1
invalid_consent,480,V32P-A003411,0,0.65644183158874514,0.66026562452316284,1,1
invalid_consent,481,V32P-A003412,0,0.59535115361213686,0.59879056811332698,0,0
invalid_consent,482,V32P-A003413,0,0.51868827342987056,0.52074534893035884,0,0
invalid_consent,483,V32P-A003414,0,0.037122845835983756,0.035029099322855473,0,0
invalid_consent,484,V32P-A003481,0,0.64216934442520146,0.66718564033508299,1,1
invalid_consent,485,V32P-A003484,0,0.46074958443641661,0.48813176751136778,0,0
invalid_consent,486,V32P-A003485,0,0.36636552214622498,0.39667502045631409,0,0
invalid_consent,487,V32P-A003486,0,0.16233581304550171,0.18117134124040604,0,0
invalid_consent,488,V32P-A003493,0,0.51343076825141909,0.51878641843795781,0,0
invalid_consent,489,V32P-A003496,0,0.35692437291145324,0.3594189524650574,0,0
invalid_consent,490,V32P-A003497,0,0.27447039186954497,0.27768651247024534,0,0
invalid_consent,491,V32P-A003498,0,0.11611251384019852,0.12062426581978798,0,0
invalid_consent,492,V32P-A003517,1,0.65974122881889341,0.68514982461929319,1,1
invalid_consent,493,V32P-A003518,1,0.5273833215236664,0.54842695593833923,0,0
invalid_consent,494,V32P-A003519,1,0.42358146905899047,0.44568510651588439,0,0
invalid_consent,495,V32P-A003520,0,0.086227626353502271,0.083051142841577524,0,0
invalid_consent,496,V32P-A003521,0,0.066987866163253779,0.065067894011735919,0,0
invalid_consent,497,V32P-A003522,0,0.034056660532951352,0.032940092124044897,0,0
invalid_consent,498,V32P-A003595,0,0.48473453521728516,0.5240263879299164,0,0
invalid_consent,499,V32P-A003596,0,0.35897662043571471,0.44409166574478148,0,0
invalid_consent,500,V32P-A003597,0,0.36240315437316895,0.40421596169471741,0,0
invalid_consent,501,V32P-A003598,0,0.28437066674232481,0.32001554071903227,0,0
invalid_consent,502,V32P-A003599,0,0.22044235169887544,0.25094688832759859,0,0
invalid_consent,503,V32P-A003600,0,0.098827394843101504,0.11185765415430068,0,0
invalid_consent,504,V32P-A003718,0,0.10119681432843208,0.097060795873403549,0,0
invalid_consent,505,V32P-A003719,0,0.076168958097696304,0.073390886187553406,0,0
invalid_consent,506,V32P-A003720,0,0.033730574324727057,0.033026207797229291,0,0
invalid_consent,507,V32P-A003829,0,0.6872696161270142,0.70571165084838872,1,1
invalid_consent,508,V32P-A003830,0,0.6367157459259033,0.65890681743621826,1,1
invalid_consent,509,V32P-A003831,0,0.60239005088806152,0.62606042623519897,0,1
invalid_consent,510,V32P-A003832,0,0.54905040860176091,0.57363467812538149,0,0
invalid_consent,511,V32P-A003833,1,0.45706472992897035,0.48464538455009459,0,0
invalid_consent,512,V32P-A003834,0,0.039752076379954815,0.037355712801218036,0,0
invalid_consent,513,V32P-A003907,0,0.72306938171386714,0.73087034225463865,1,1
invalid_consent,514,V32P-A003910,1,0.58675719499588008,0.60059813261032102,0,0
invalid_consent,515,V32P-A003911,0,0.065624771267175669,0.062481381744146344,0,0
invalid_consent,516,V32P-A003912,0,0.027791630849242209,0.026065454632043839,0,0
invalid_consent,517,V32P-A003955,0,0.68708188533782955,0.69355403184890752,1,1
invalid_consent,518,V32P-A003956,0,0.62313346862792973,0.62967228889465332,1,1
invalid_consent,519,V32P-A003958,0,0.54078883528709409,0.54499360322952273,0,0
invalid_consent,520,V32P-A003959,0,0.45895794034004211,0.46152908802032472,0,0
invalid_consent,521,V32P-A003960,0,0.21867585480213164,0.22463736236095427,0,0
invalid_consent,522,V32P-A003961,0,0.36983639597892759,0.37706172764301299,0,0
invalid_consent,523,V32P-A003962,0,0.4859063386917114,0.49474147558212278,0,0
invalid_consent,524,V32P-A003963,0,0.47727970480918885,0.49235996007919314,0,0
invalid_consent,525,V32P-A003964,0,0.41064561009407041,0.46735985279083253,0,0
invalid_consent,526,V32P-A003965,0,0.3587396264076233,0.37910319268703463,0,0
invalid_consent,527,V32P-A003966,0,0.20271313041448594,0.21680231839418412,0,0
invalid_consent,528,V32P-A003973,0,0.57979364395141597,0.59529628753662112,0,0
invalid_consent,529,V32P-A003974,0,0.49076035022735598,0.50563619136810301,0,0
invalid_consent,530,V32P-A003976,0,0.3388896048069,0.3529257893562317,0,0
invalid_consent,531,V32P-A003977,0,0.25331895053386688,0.27091419398784639,0,0
invalid_consent,532,V32P-A003978,0,0.10682712644338607,0.1154529757797718,0,0
invalid_consent,533,V32P-A003997,1,0.6744291424751282,0.68525699377059934,1,1
invalid_consent,534,V32P-A004000,0,0.11478438302874565,0.1078377053141594,0,0
invalid_consent,535,V32P-A004001,0,0.092037996649742132,0.086660534143447876,0,0
invalid_consent,536,V32P-A004002,0,0.038370490074157715,0.03558958247303963,0,0
invalid_consent,537,V32P-A004033,0,0.63572504520416262,0.66667363643646238,1,1
invalid_consent,538,V32P-A004034,0,0.59897784590721126,0.63662728667259216,0,1
invalid_consent,539,V32P-A004036,0,0.56576725840568542,0.61266466975212097,0,0
invalid_consent,540,V32P-A004037,0,0.49857596755027772,0.55119692087173466,0,0
invalid_consent,541,V32P-A004038,0,0.28976783156394958,0.32523511350154877,0,0
invalid_consent,542,V32P-A004081,0,0.8014773845672607,0.81459571123123165,1,1
invalid_consent,543,V32P-A004082,0,0.66273801922798159,0.69218902587890629,1,1
invalid_consent,544,V32P-A004083,0,0.7270408987998962,0.76224373579025273,1,1
invalid_consent,545,V32P-A004084,1,0.59673239588737492,0.63279554843902586,0,1
invalid_consent,546,V32P-A004085,0,0.13859252557158469,0.13309532701969146,0,0
invalid_consent,547,V32P-A004086,0,0.077763809822499752,0.073457023128867149,0,0
invalid_consent,548,V32P-A004105,0,0.73197200298309328,0.74308012723922734,1,1
invalid_consent,549,V32P-A004106,0,0.60597721338272093,0.62391718626022341,0,1
invalid_consent,550,V32P-A004107,0,0.53039901256561284,0.55393578410148625,0,0
invalid_consent,551,V32P-A004108,0,0.6530958235263824,0.69797223806381226,1,1
invalid_consent,552,V32P-A004109,0,0.42901940345764161,0.46038473248481748,0,0
invalid_consent,553,V32P-A004110,0,0.21749228835105897,0.24275623857975007,0,0
invalid_consent,554,V32P-A004183,0,0.5505460381507874,0.54411351680755615,0,0
invalid_consent,555,V32P-A004184,0,0.46298558115959165,0.45806344151496886,0,0
invalid_consent,556,V32P-A004185,0,0.51280044913291933,0.50530369877815251,0,0
invalid_consent,557,V32P-A004186,0,0.4607664108276367,0.45214833021163942,0,0
invalid_consent,558,V32P-A004187,0,0.39197340607643127,0.38288651406764984,0,0
invalid_consent,559,V32P-A004188,0,0.1857164204120636,0.17714412361383439,0,0
invalid_consent,560,V32P-A004231,0,0.68046594858169551,0.6898348331451416,1,1
invalid_consent,561,V32P-A004232,0,0.54589600563049312,0.56212490200996401,0,0
invalid_consent,562,V32P-A004233,0,0.39108337163925172,0.42890997529029845,0,0
invalid_consent,563,V32P-A004234,0,0.40588670372962954,0.43198852539062499,0,0
invalid_consent,564,V32P-A004235,0,0.33317173123359678,0.35923155546188357,0,0
invalid_consent,565,V32P-A004236,0,0.19129025936126709,0.20010641664266587,0,0
invalid_consent,566,V32P-A004255,0,0.71356791257858276,0.72085468769073491,1,1
invalid_consent,567,V32P-A004256,0,0.60541421175003052,0.61205689907073979,0,0
invalid_consent,568,V32P-A004257,0,0.55794013142585752,0.56326405405998226,0,0
invalid_consent,569,V32P-A004258,0,0.54836446642875669,0.58618250489234924,0,0
invalid_consent,570,V32P-A004259,0,0.40392663478851321,0.41505775451660154,0,0
invalid_consent,571,V32P-A004260,0,0.20511039197444916,0.21202467381954193,0,0
invalid_consent,572,V32P-A004273,0,0.3650639235973358,0.38336334824562074,0,0
invalid_consent,573,V32P-A004274,0,0.41983596086502073,0.44391816854476929,0,0
invalid_consent,574,V32P-A004276,0,0.31081169843673706,0.33419936895370483,0,0
invalid_consent,575,V32P-A004277,0,0.24703549742698669,0.26783886253833772,0,0
invalid_consent,576,V32P-A004278,0,0.12307512164115905,0.13036776185035706,0,0
invalid_consent,577,V32P-A004291,0,0.52843509912490849,0.53502154946327207,0,0
invalid_consent,578,V32P-A004292,0,0.53918489813804626,0.53626417517662051,0,0
invalid_consent,579,V32P-A004293,0,0.45979651808738708,0.45391010642051699,0,0
invalid_consent,580,V32P-A004294,0,0.45082569122314453,0.48743576407432554,0,0
invalid_consent,581,V32P-A004295,0,0.33338308930397031,0.32915261387825012,0,0
invalid_consent,582,V32P-A004296,0,0.12304139733314515,0.12300312072038651,0,0
invalid_consent,583,V32P-A004399,0,0.5901263952255249,0.60968074798583982,0,0
invalid_consent,584,V32P-A004402,0,0.59508904218673708,0.60891184210777283,0,0
invalid_consent,585,V32P-A004403,0,0.5337677001953125,0.54827267527580259,0,0
invalid_consent,586,V32P-A004404,0,0.28062652349472045,0.28784066438674927,0,0
invalid_consent,587,V32P-A004411,1,0.65296069383621214,0.66545404195785518,1,1
invalid_consent,588,V32P-A004412,1,0.46048163175582885,0.46926833391189576,0,0
invalid_consent,589,V32P-A004414,0,0.073457914590835574,0.06961540281772613,0,0
invalid_consent,590,V32P-A004415,0,0.05202411487698555,0.048059802874922751,0,0
invalid_consent,591,V32P-A004416,0,0.024593005329370497,0.022464467212557793,0,0
invalid_consent,592,V32P-A004423,0,0.6046026349067688,0.62001763582229619,0,1
invalid_consent,593,V32P-A004424,0,0.39081877470016479,0.38539714813232423,0,0
invalid_consent,594,V32P-A004425,0,0.49518492817878723,0.49767493605613711,0,0
invalid_consent,595,V32P-A004426,0,0.40935410857200621,0.40263045430183408,0,0
invalid_consent,596,V32P-A004427,0,0.34781164228916167,0.33818005621433256,0,0
invalid_consent,597,V32P-A004428,0,0.16938612163066863,0.16433537900447845,0,0
invalid_consent,598,V32P-A004453,0,0.64451253414154053,0.65946980714797976,1,1
invalid_consent,599,V32P-A004454,0,0.59876272082328796,0.63550213575363157,0,1
invalid_consent,600,V32P-A004455,0,0.61469471454620361,0.62870968580245967,0,1
invalid_consent,601,V32P-A004456,0,0.62691255807876589,0.63820500969886784,1,1
invalid_consent,602,V32P-A004457,0,0.57059025764465332,0.58262604475021362,0,0
invalid_consent,603,V32P-A004458,0,0.31057175993919373,0.32454398870468137,0,0
invalid_consent,604,V32P-A004603,0,0.41610045433044435,0.42645928859710691,0,0
invalid_consent,605,V32P-A004604,0,0.41708008646965028,0.43360790610313416,0,0
invalid_consent,606,V32P-A004605,0,0.37381912469863893,0.39950294494628907,0,0
invalid_consent,607,V32P-A004606,0,0.28300248086452484,0.31187956631183622,0,0
invalid_consent,608,V32P-A004607,0,0.23271479904651643,0.25638978183269501,0,0
invalid_consent,609,V32P-A004608,0,0.10902432054281234,0.11450616419315338,0,0
invalid_consent,610,V32P-A004651,0,0.82171810865402217,0.81322892904281618,1,1
invalid_consent,611,V32P-A004652,0,0.82297370433807371,0.81592979431152346,1,1
invalid_consent,612,V32P-A004654,0,0.58442367911338811,0.57184927463531499,0,0
invalid_consent,613,V32P-A004655,0,0.51685226559638975,0.50338525176048277,0,0
invalid_consent,614,V32P-A004656,0,0.041608534939587119,0.038309353590011599,0,0
invalid_consent,615,V32P-A004663,0,0.67315328121185303,0.69149689674377446,1,1
invalid_consent,616,V32P-A004664,0,0.68434249162673955,0.70138202905654912,1,1
invalid_consent,617,V32P-A004665,0,0.68874402046203609,0.70522147417068481,1,1
invalid_consent,618,V32P-A004666,0,0.5946403443813324,0.61914472579956059,0,0
invalid_consent,619,V32P-A004667,0,0.49162330627441408,0.52770013213157652,0,0
invalid_consent,620,V32P-A004668,0,0.24718156456947327,0.27393414080142975,0,0
invalid_consent,621,V32P-A004675,1,0.58310450315475459,0.58913075923919678,0,0
invalid_consent,622,V32P-A004676,1,0.54257112145423891,0.54622591137886045,0,0
invalid_consent,623,V32P-A004677,0,0.11760756522417068,0.1049271859228611,0,0
invalid_consent,624,V32P-A004678,0,0.088131216168403623,0.079112939536571503,0,0
invalid_consent,625,V32P-A004679,0,0.065986808389425278,0.05929999202489853,0,0
invalid_consent,626,V32P-A004680,0,0.027328023687005043,0.025137752573937178,0,0
invalid_consent,627,V32P-A004717,0,0.61544169783592229,0.64036598205566408,0,1
invalid_consent,628,V32P-A004720,1,0.46679383516311646,0.51512170433998106,0,0
invalid_consent,629,V32P-A004721,0,0.071166165918111798,0.070304551720619196,0,0
invalid_consent,630,V32P-A004722,0,0.031079561356455086,0.029244987480342387,0,0
invalid_consent,631,V32P-A004729,0,0.78286994695663448,0.78733180761337285,1,1
invalid_consent,632,V32P-A004730,0,0.75311188697814946,0.76533653736114504,1,1
invalid_consent,633,V32P-A004731,0,0.61710451841354375,0.63672466874122624,0,1
invalid_consent,634,V32P-A004732,0,0.55349895954132078,0.5730309367179871,0,0
invalid_consent,635,V32P-A004733,0,0.46634966135025024,0.48940588235855104,0,0
invalid_consent,636,V32P-A004734,0,0.044507659645751117,0.039562291279435155,0,0
invalid_consent,637,V32P-A004789,0,0.72628573179244993,0.73561805486679077,1,1
invalid_consent,638,V32P-A004790,0,0.51340562105178833,0.52323700785636906,0,0
invalid_consent,639,V32P-A004791,0,0.51554477214813232,0.55496354699134831,0,0
invalid_consent,640,V32P-A004792,0,0.3907733976840973,0.40146276354789734,0,0
invalid_consent,641,V32P-A004793,0,0.31816563010215759,0.32722170352935792,0,0
invalid_consent,642,V32P-A004794,0,0.14655943512916564,0.15057354122400285,0,0
invalid_consent,643,V32P-A004855,1,0.55974639654159541,0.55358173847198489,0,0
invalid_consent,644,V32P-A004856,1,0.57847096323966984,0.56960314512252808,0,0
invalid_consent,645,V32P-A004857,1,0.59204503297805788,0.58587938547134399,0,0
invalid_consent,646,V32P-A004858,0,0.083305617421865458,0.080077289044857031,0,0
invalid_consent,647,V32P-A004859,0,0.064074093103408808,0.061361528933048248,0,0
invalid_consent,648,V32P-A004860,0,0.029693604819476603,0.028049916774034501,0,0
invalid_consent,649,V32P-A004876,0,0.46707176268100736,0.49458690285682677,0,0
invalid_consent,650,V32P-A004877,0,0.43809139132499697,0.46540524065494537,0,0
invalid_consent,651,V32P-A004878,0,0.059964909125119446,0.056958926375955343,0,0
invalid_consent,652,V32P-A004903,0,0.75994869470596316,0.77484534978866582,1,1
invalid_consent,653,V32P-A004904,0,0.69173926115036011,0.70190386772155766,1,1
invalid_consent,654,V32P-A004905,0,0.66932599544525151,0.67843530178070066,1,1
invalid_consent,655,V32P-A004906,0,0.7031948924064636,0.71425060033798216,1,1
invalid_consent,656,V32P-A004907,0,0.68713836669921879,0.69413233995437618,1,1
invalid_consent,657,V32P-A004908,0,0.43839938938617706,0.44647508859634399,0,0
invalid_consent,658,V32P-A004909,0,0.60067182779312134,0.62508119344711299,0,1
invalid_consent,659,V32P-A004910,0,0.52545450329780574,0.55199070572853093,0,0
invalid_consent,660,V32P-A004911,0,0.51731486916542058,0.55155126452445979,0,0
invalid_consent,661,V32P-A004912,1,0.49810734391212463,0.54023880958557124,0,0
invalid_consent,662,V32P-A004913,0,0.060824000090360639,0.059230184182524681,0,0
invalid_consent,663,V32P-A004914,0,0.027738297916948797,0.026391392946243285,0,0
invalid_consent,664,V32P-A004981,0,0.5871687173843384,0.5872055649757385,0,0
invalid_consent,665,V32P-A004982,0,0.50173504948616032,0.5036380350589752,0,0
invalid_consent,666,V32P-A004983,0,0.43807432651519773,0.44264542460441592,0,0
invalid_consent,667,V32P-A004984,0,0.34099139571189879,0.34690437316894529,0,0
invalid_consent,668,V32P-A004985,0,0.27492660284042358,0.27636430263519285,0,0
invalid_consent,669,V32P-A004986,0,0.12084110826253891,0.12287489175796509,0,0
invalid_consent,670,V32P-A004987,0,0.52152130007743835,0.55604164004325862,0,0
invalid_consent,671,V32P-A004990,0,0.42286533117294312,0.46452768445014953,0,0
invalid_consent,672,V32P-A004991,0,0.33840923905372622,0.38141486644744871,0,0
invalid_consent,673,V32P-A004992,0,0.027756417728960515,0.027347043342888355,0,0
invalid_consent,674,V32P-A005077,0,0.5509411096572876,0.56758224964141846,0,0
invalid_consent,675,V32P-A005078,0,0.5246637761592865,0.54338552355766301,0,0
invalid_consent,676,V32P-A005079,0,0.57188169360160823,0.59086095690727236,0,0
invalid_consent,677,V32P-A005080,1,0.50012101531028752,0.5242731392383575,0,0
invalid_consent,678,V32P-A005081,0,0.068417824059724811,0.064178872108459475,0,0
invalid_consent,679,V32P-A005082,0,0.029329540766775609,0.027135764621198176,0,0
invalid_consent,680,V32P-A005113,1,0.74607625007629397,0.74411836862564085,1,1
invalid_consent,681,V32P-A005114,1,0.5947431683540344,0.57818660736083982,0,0
invalid_consent,682,V32P-A005115,0,0.1764993466436863,0.17823512852191925,0,0
invalid_consent,683,V32P-A005116,0,0.074404308944940573,0.067000120878219604,0,0
invalid_consent,684,V32P-A005117,0,0.05846993625164032,0.053239184990525247,0,0
invalid_consent,685,V32P-A005118,0,0.027076157927513122,0.025421805959194899,0,0
invalid_consent,686,V32P-A005119,0,0.7415897130966187,0.75266866683959965,1,1
invalid_consent,687,V32P-A005120,0,0.60379705429077146,0.62216094732284544,0,1
invalid_consent,688,V32P-A005121,0,0.56688612103462221,0.58764327168464658,0,0
invalid_consent,689,V32P-A005122,0,0.4493322014808655,0.48292223811149598,0,0
invalid_consent,690,V32P-A005123,0,0.3783311605453491,0.41491578817367553,0,0
invalid_consent,691,V32P-A005124,0,0.14646408706903458,0.16791868209838867,0,0
invalid_consent,692,V32P-A005131,0,0.53154230713844297,0.54536498188972471,0,0
invalid_consent,693,V32P-A005132,0,0.59224102497100828,0.59898341894149776,0,0
invalid_consent,694,V32P-A005133,0,0.57388007044792178,0.57291087508201599,0,0
invalid_consent,695,V32P-A005134,0,0.50446299910545345,0.49183515310287473,0,0
invalid_consent,696,V32P-A005135,0,0.4225057899951935,0.41504179835319521,0,0
invalid_consent,697,V32P-A005136,0,0.20674215108156205,0.21852317377924918,0,0
invalid_consent,698,V32P-A005152,0,0.34932923316955566,0.36553809642791746,0,0
invalid_consent,699,V32P-A005153,0,0.28366931080818175,0.29749628305435183,0,0
invalid_consent,700,V32P-A005154,0,0.12864830195903779,0.13285016864538193,0,0
invalid_consent,701,V32P-A005197,0,0.74463566541671755,0.76469337940216064,1,1
invalid_consent,702,V32P-A005198,0,0.57163010835647587,0.60499235391616824,0,0
invalid_consent,703,V32P-A005199,0,0.45937215089797973,0.52038164734840398,0,0
invalid_consent,704,V32P-A005200,0,0.40885940790176389,0.44087898731231689,0,0
invalid_consent,705,V32P-A005201,0,0.37821497619152067,0.40903182625770568,0,0
invalid_consent,706,V32P-A005202,0,0.15627314448356627,0.16047575920820237,0,0
invalid_consent,707,V32P-A005209,0,0.72779945135116575,0.74042845964431758,1,1
invalid_consent,708,V32P-A005210,0,0.62663317322731016,0.64634711146354673,1,1
invalid_consent,709,V32P-A005211,0,0.63917710185050969,0.65581316947937007,1,1
invalid_consent,710,V32P-A005212,0,0.6272580206394196,0.64161393046379089,1,1
invalid_consent,711,V32P-A005213,0,0.59634433984756474,0.62661337852478027,0,1
invalid_consent,712,V32P-A005214,0,0.31734414696693419,0.32640986144542694,0,0
invalid_consent,713,V32P-A005257,1,0.859316098690033,0.86643748283386235,1,1
invalid_consent,714,V32P-A005258,1,0.87172366380691524,0.88107221126556401,1,1
invalid_consent,715,V32P-A005260,0,0.13281578198075294,0.13545630797743796,0,0
invalid_consent,716,V32P-A005261,0,0.084918529540300366,0.085896114259958273,0,0
invalid_consent,717,V32P-A005262,0,0.038562999479472636,0.037195893004536629,0,0
invalid_consent,718,V32P-A005299,0,0.58476166725158696,0.60001418590545652,0,0
invalid_consent,719,V32P-A005300,0,0.57659859657287593,0.59239034652709965,0,0
invalid_consent,720,V32P-A005301,0,0.53649135231971745,0.56012732386589048,0,0
invalid_consent,721,V32P-A005302,0,0.44947193264961244,0.48362595438957212,0,0
invalid_consent,722,V32P-A005303,0,0.33749153017997741,0.37519783377647398,0,0
invalid_consent,723,V32P-A005304,0,0.13772587776184081,0.15040896981954574,0,0
invalid_consent,724,V32P-A005329,0,0.76973258256912236,0.78098020553588865,1,1
invalid_consent,725,V32P-A005330,0,0.71605505943298342,0.72934688329696651,1,1
invalid_consent,726,V32P-A005332,0,0.62396599054336543,0.63916845321655269,1,1
invalid_consent,727,V32P-A005333,1,0.56257669925689702,0.57899460792541502,0,0
invalid_consent,728,V32P-A005334,0,0.055799092724919321,0.052356693893671036,0,0
invalid_consent,729,V32P-A005347,0,0.56923447847366337,0.59323955774307247,0,0
invalid_consent,730,V32P-A005348,0,0.4278779923915863,0.46328560113906858,0,0
invalid_consent,731,V32P-A005349,0,0.34790533781051636,0.38589458465576171,0,0
invalid_consent,732,V32P-A005350,0,0.27751539051532748,0.31658348739147185,0,0
invalid_consent,733,V32P-A005351,0,0.21634633541107179,0.24820060580968856,0,0
invalid_consent,734,V32P-A005352,0,0.097473190724849695,0.10487828478217125,0,0
invalid_consent,735,V32P-A005353,0,0.59477137327194218,0.59993125200271602,0,0
invalid_consent,736,V32P-A005356,0,0.37422579526901245,0.39932917952537539,0,0
invalid_consent,737,V32P-A005357,0,0.28361530900001525,0.30792371928691864,0,0
invalid_consent,738,V32P-A005358,0,0.12203955203294754,0.13046567738056183,0,0
invalid_consent,739,V32P-A005425,0,0.71743720769882202,0.73284773826599126,1,1
invalid_consent,740,V32P-A005426,0,0.56934701204299931,0.59092620611190794,0,0
invalid_consent,741,V32P-A005427,0,0.58043006658554075,0.60021826028823855,0,0
invalid_consent,742,V32P-A005428,0,0.62004022598266606,0.63698030710220332,1,1
invalid_consent,743,V32P-A005429,0,0.47233827114105226,0.49291076064109801,0,0
invalid_consent,744,V32P-A005430,0,0.23467154502868653,0.24464658200740813,0,0
invalid_consent,745,V32P-A005479,0,0.49722053408622741,0.51492323875427248,0,0
invalid_consent,746,V32P-A005480,0,0.54958381652832033,0.56686443090438843,0,0
invalid_consent,747,V32P-A005481,0,0.55587735772132874,0.57000840306282041,0,0
invalid_consent,748,V32P-A005482,0,0.49766496419906614,0.50509500503540039,0,0
invalid_consent,749,V32P-A005483,0,0.42968046069145205,0.43060757517814635,0,0
invalid_consent,750,V32P-A005484,0,0.22018635272979736,0.21636594980955123,0,0
invalid_consent,751,V32P-A005515,0,0.61271554231643677,0.62070724964141843,0,1
invalid_consent,752,V32P-A005518,0,0.41993243694305421,0.42620322108268738,0,0
invalid_consent,753,V32P-A005519,0,0.37661240100860593,0.38023197054862978,0,0
invalid_consent,754,V32P-A005520,0,0.1929330348968506,0.19291548430919647,0,0
invalid_consent,755,V32P-A005527,0,0.54076296091079712,0.5592406272888184,0,0
invalid_consent,756,V32P-A005528,0,0.52268826365470888,0.54404069185256954,0,0
invalid_consent,757,V32P-A005529,0,0.43333336114883425,0.45490849018096924,0,0
invalid_consent,758,V32P-A005530,0,0.36293584704399107,0.38519759774208068,0,0
invalid_consent,759,V32P-A005531,0,0.26403898894786837,0.28427790105342865,0,0
invalid_consent,760,V32P-A005532,0,0.10012178122997284,0.10719878524541855,0,0
invalid_consent,761,V32P-A005569,0,0.76782085895538332,0.78630733489990234,1,1
invalid_consent,762,V32P-A005570,0,0.66831055879592893,0.69752612709999084,1,1
invalid_consent,763,V32P-A005571,0,0.6092607200145721,0.64100512862205505,0,1
invalid_consent,764,V32P-A005572,0,0.65552930235862727,0.68585789203643799,1,1
invalid_consent,765,V32P-A005573,0,0.63014666438102718,0.66682723164558411,1,1
invalid_consent,766,V32P-A005574,0,0.40884148776531221,0.43769297897815707,0,0
invalid_consent,767,V32P-A005581,0,0.72902288436889651,0.74620492458343501,1,1
invalid_consent,768,V32P-A005582,0,0.53045666813850401,0.56217194795608516,0,0
invalid_consent,769,V32P-A005583,0,0.44097749590873719,0.47396818399429319,0,0
invalid_consent,770,V32P-A005584,0,0.4009652376174927,0.43524405956268308,0,0
invalid_consent,771,V32P-A005585,0,0.3569230020046234,0.39119390249252317,0,0
invalid_consent,772,V32P-A005586,0,0.21022400707006456,0.22564376443624495,0,0
invalid_consent,773,V32P-A005623,1,0.74383491277694702,0.75217847824096684,1,1
invalid_consent,774,V32P-A005624,1,0.63706446290016172,0.64712560176849365,1,1
invalid_consent,775,V32P-A005625,1,0.57499525547027586,0.58452956080436702,0,0
invalid_consent,776,V32P-A005626,0,0.1151166208088398,0.11099880561232567,0,0
invalid_consent,777,V32P-A005627,0,0.11568612828850747,0.11869742050766945,0,0
invalid_consent,778,V32P-A005628,0,0.036461823992431162,0.034229009971022607,0,0
invalid_consent,779,V32P-A005665,0,0.5213523387908936,0.55240191221237178,0,0
invalid_consent,780,V32P-A005666,0,0.54456975460052492,0.57245665788650513,0,0
invalid_consent,781,V32P-A005667,0,0.57173221111297612,0.62724777460098269,0,1
invalid_consent,782,V32P-A005668,0,0.54473434686660771,0.5720921635627747,0,0
invalid_consent,783,V32P-A005669,0,0.37982206344604491,0.41801036596298219,0,0
invalid_consent,784,V32P-A005670,0,0.15475896000862122,0.17231183350086213,0,0
invalid_consent,785,V32P-A005671,0,0.43618462681770326,0.45566014051437376,0,0
invalid_consent,786,V32P-A005672,0,0.4793765187263489,0.49932644963264466,0,0
invalid_consent,787,V32P-A005673,0,0.45075006484985353,0.47182657122611998,0,0
invalid_consent,788,V32P-A005674,0,0.38449383974075318,0.40391110181808471,0,0
invalid_consent,789,V32P-A005675,0,0.30595101714134215,0.31928499042987823,0,0
invalid_consent,790,V32P-A005676,0,0.1323486864566803,0.13692260533571243,0,0
invalid_consent,791,V32P-A005677,0,0.71883689165115361,0.7234528660774231,1,1
invalid_consent,792,V32P-A005678,0,0.62215887308120732,0.61731615066528323,1,0
invalid_consent,793,V32P-A005679,0,0.54238487482070918,0.55930804610252383,0,0
invalid_consent,794,V32P-A005680,0,0.51987127065658567,0.51533605456352238,0,0
invalid_consent,795,V32P-A005681,0,0.44678251743316649,0.44683192968368529,0,0
invalid_consent,796,V32P-A005682,0,0.21915017366409301,0.23016041070222854,0,0
invalid_consent,797,V32P-A005701,0,0.59691638350486753,0.61924080848693852,0,0
invalid_consent,798,V32P-A005704,0,0.50734375119209285,0.53379896879196165,0,0
invalid_consent,799,V32P-A005705,0,0.43837751746177672,0.47028080224990843,0,0
invalid_consent,800,V32P-A005706,0,0.033513800986111161,0.033936164528131488,0,0
invalid_consent,801,V32P-A005821,0,0.55640327930450439,0.58414331674575803,0,0
invalid_consent,802,V32P-A005822,0,0.55728144049644468,0.57551168203353886,0,0
invalid_consent,803,V32P-A005823,0,0.5325186550617218,0.54804962873458862,0,0
invalid_consent,804,V32P-A005824,0,0.466228187084198,0.48524811863899231,0,0
invalid_consent,805,V32P-A005825,0,0.38250997960567473,0.4054358869791031,0,0
invalid_consent,806,V32P-A005826,0,0.18018694818019867,0.19906617105007171,0,0
invalid_consent,807,V32P-A005833,0,0.57830440402030947,0.61172525286674495,0,0
invalid_consent,808,V32P-A005834,0,0.50286956429481511,0.52567774653434751,0,0
invalid_consent,809,V32P-A005835,0,0.47267504930496218,0.49428386688232423,0,0
invalid_consent,810,V32P-A005836,0,0.46201003789901735,0.48275703191757202,0,0
invalid_consent,811,V32P-A005837,0,0.4114322543144226,0.43149736523628235,0,0
invalid_consent,812,V32P-A005838,0,0.19583037048578261,0.21081133782863617,0,0
invalid_consent,813,V32P-A005893,0,0.59135563373565669,0.60880862474441533,0,0
invalid_consent,814,V32P-A005894,0,0.57087396383285527,0.59196786880493169,0,0
invalid_consent,815,V32P-A005895,0,0.53584324121475224,0.56157762408256529,0,0
invalid_consent,816,V32P-A005896,0,0.45237261056900024,0.47942524552345278,0,0
invalid_consent,817,V32P-A005897,0,0.36575185656547549,0.38699426651000979,0,0
invalid_consent,818,V32P-A005898,0,0.15891025364398956,0.16916967034339905,0,0
invalid_consent,819,V32P-A005899,0,0.60210787057876591,0.61715672016143797,0,0
invalid_consent,820,V32P-A005900,0,0.54658711552619932,0.56594363451004026,0,0
invalid_consent,821,V32P-A005901,0,0.49669471383094788,0.51774268150329594,0,0
invalid_consent,822,V32P-A005902,0,0.42399872541427613,0.45189021825790404,0,0
invalid_consent,823,V32P-A005903,0,0.37754606008529662,0.44421929717063902,0,0
invalid_consent,824,V32P-A005904,0,0.15333727300167083,0.16491483002901078,0,0
invalid_consent,825,V32P-A005977,0,0.54658021926879885,0.56972708702087405,0,0
invalid_consent,826,V32P-A005978,0,0.42945070862770079,0.45754660964012145,0,0
invalid_consent,827,V32P-A005979,0,0.29689607322216033,0.37662180364131925,0,0
invalid_consent,828,V32P-A005980,0,0.28462328314781188,0.32067224979400633,0,0
invalid_consent,829,V32P-A005981,0,0.21679180860519409,0.24564339816570283,0,0
invalid_consent,830,V32P-A005982,0,0.09164393469691276,0.1020907886326313,0,0
invalid_consent,831,V32P-A006025,1,0.7010339140892029,0.71389000415802006,1,1
invalid_consent,832,V32P-A006028,0,0.10490440055727959,0.10111293643712997,0,0
invalid_consent,833,V32P-A006029,0,0.10738988295197487,0.11215080916881562,0,0
invalid_consent,834,V32P-A006030,0,0.037643942423164843,0.035245393216609952,0,0
invalid_consent,835,V32P-A006031,0,0.74451678991317749,0.76375588178634646,1,1
invalid_consent,836,V32P-A006032,0,0.70799498558044438,0.72887719869613643,1,1
invalid_consent,837,V32P-A006033,0,0.64633136987686157,0.67166115045547481,1,1
invalid_consent,838,V32P-A006034,1,0.57277737855911259,0.60358093976974492,0,0
invalid_consent,839,V32P-A006035,0,0.088513540476560598,0.083316909521818167,0,0
invalid_consent,840,V32P-A006036,0,0.036975361406803131,0.033830285444855689,0,0
invalid_consent,841,V32P-A006055,0,0.26686880588531492,0.30648822784423829,0,0
invalid_consent,842,V32P-A006058,0,0.21320031285285951,0.25123398303985595,0,0
invalid_consent,843,V32P-A006059,0,0.16288496255874635,0.18965405523777007,0,0
invalid_consent,844,V32P-A006060,0,0.012331127282232046,0.012018795497715474,0,0
invalid_consent,845,V32P-A006061,0,0.62189925909042354,0.63743724822998049,1,1
invalid_consent,846,V32P-A006062,0,0.61116499900817867,0.62936022281646731,0,1
invalid_consent,847,V32P-A006063,0,0.56610937714576726,0.5904979407787323,0,0
invalid_consent,848,V32P-A006064,0,0.48441924452781676,0.51159701347351072,0,0
invalid_consent,849,V32P-A006065,0,0.39020812213420869,0.42038206160068514,0,0
invalid_consent,850,V32P-A006066,0,0.18334800899028778,0.20232008397579193,0,0
invalid_consent,851,V32P-A006115,0,0.56741639375686648,0.60002944469451902,0,0
invalid_consent,852,V32P-A006116,0,0.60580482482910158,0.63383163213729854,0,1
invalid_consent,853,V32P-A006117,0,0.55817427039146428,0.59119017720222478,0,0
invalid_consent,854,V32P-A006118,0,0.48788185119628907,0.52611222267150881,0,0
invalid_consent,855,V32P-A006119,1,0.39713900685310366,0.43370064496994021,0,0
invalid_consent,856,V32P-A006120,0,0.027231203764677046,0.026185045577585699,0,0
invalid_consent,857,V32P-A006145,0,0.81859878301620481,0.81789799928665163,1,1
invalid_consent,858,V32P-A006146,0,0.65919933319091795,0.66870822906494143,1,1
invalid_consent,859,V32P-A006147,0,0.58062291145324707,0.61806781291961665,0,0
invalid_consent,860,V32P-A006148,0,0.48870034217834474,0.48828039765357972,0,0
invalid_consent,861,V32P-A006149,0,0.38078294992446898,0.38115020394325255,0,0
invalid_consent,862,V32P-A006150,0,0.17057940363883972,0.16811268478631974,0,0
invalid_consent,863,V32P-A006163,0,0.73860069513320925,0.73319760560989378,1,1
invalid_consent,864,V32P-A006164,0,0.56861079931259151,0.55423513650894163,0,0
invalid_consent,865,V32P-A006165,0,0.44013201594352724,0.42560284137725829,0,0
invalid_consent,866,V32P-A006166,0,0.40326851606369019,0.3907423257827759,0,0
invalid_consent,867,V32P-A006167,0,0.31538191437721252,0.3059511512517929,0,0
invalid_consent,868,V32P-A006168,0,0.13376418650150299,0.1283082753419876,0,0
invalid_consent,869,V32P-A006295,1,0.71022803783416744,0.71327226161956792,1,1
invalid_consent,870,V32P-A006296,1,0.60657932758331301,0.60965247154235835,0,0
invalid_consent,871,V32P-A006297,1,0.54538902044296267,0.5555241644382477,0,0
invalid_consent,872,V32P-A006298,0,0.083524482697248464,0.077885022014379496,0,0
invalid_consent,873,V32P-A006299,0,0.06085726544260979,0.05668274648487568,0,0
invalid_consent,874,V32P-A006300,0,0.023910926282405855,0.02237108312547207,0,0
invalid_consent,875,V32P-A006331,0,0.72063301801681523,0.73213915824890141,1,1
invalid_consent,876,V32P-A006332,0,0.47237032651901245,0.4847340166568756,0,0
invalid_consent,877,V32P-A006334,0,0.41384836435317995,0.43220720291137693,0,0
invalid_consent,878,V32P-A006335,0,0.36230446100234986,0.3770053803920746,0,0
invalid_consent,879,V32P-A006336,0,0.16675478518009185,0.16988664716482163,0,0
invalid_consent,880,V32P-A006379,0,0.7046043872833252,0.7291711211204529,1,1
invalid_consent,881,V32P-A006382,0,0.44159337878227234,0.48166490793228151,0,0
invalid_consent,882,V32P-A006383,0,0.35934066176414492,0.39160411953926089,0,0
invalid_consent,883,V32P-A006384,0,0.16576969772577285,0.17708697617053987,0,0
invalid_consent,884,V32P-A006481,0,0.43903905749320982,0.46335532665252688,0,0
invalid_consent,885,V32P-A006482,0,0.58429374694824221,0.61010140180587769,0,0
invalid_consent,886,V32P-A006484,0,0.5369850158691406,0.56241705417633059,0,0
invalid_consent,887,V32P-A006485,1,0.46837314367294314,0.4920677602291107,0,0
invalid_consent,888,V32P-A006486,0,0.037860062159597876,0.035684870369732377,0,0
invalid_consent,889,V32P-A006487,0,0.56068645715713505,0.5948283910751343,0,0
invalid_consent,890,V32P-A006488,0,0.48615764379501342,0.5218911826610565,0,0
invalid_consent,891,V32P-A006490,0,0.39913177490234375,0.43930649161338808,0,0
invalid_consent,892,V32P-A006491,0,0.33816422224044801,0.37796089649200437,0,0
invalid_consent,893,V32P-A006492,0,0.14667062610387802,0.16489451825618745,0,0
invalid_consent,894,V32P-A006493,0,0.6411710739135742,0.67141796350479122,1,1
invalid_consent,895,V32P-A006494,0,0.56994695067405698,0.60465407371520996,0,0
invalid_consent,896,V32P-A006495,0,0.51687461137771606,0.56208720803260803,0,0
invalid_consent,897,V32P-A006496,0,0.49349027276039126,0.54935550689697266,0,0
invalid_consent,898,V32P-A006497,0,0.42289444804191589,0.48882287144660952,0,0
invalid_consent,899,V32P-A006498,0,0.24025436937808992,0.29067373871803281,0,0
invalid_consent,900,V32P-A006517,0,0.74033814668655396,0.74204022884368892,1,1
invalid_consent,901,V32P-A006518,0,0.57939863204956055,0.58477325439453121,0,0
invalid_consent,902,V32P-A006519,0,0.6916394829750061,0.69026224613189702,1,1
invalid_consent,903,V32P-A006520,0,0.63535835742950442,0.62975105047225954,1,1
invalid_consent,904,V32P-A006521,0,0.590038001537323,0.58406853675842285,0,0
invalid_consent,905,V32P-A006522,0,0.41109269261360171,0.39422677159309388,0,0
invalid_consent,906,V32P-A006541,0,0.79116377830505369,0.80875030755996702,1,1
invalid_consent,907,V32P-A006542,0,0.66297404766082768,0.67876621484756472,1,1
invalid_consent,908,V32P-A006543,0,0.69268530607223511,0.72534912824630737,1,1
invalid_consent,909,V32P-A006544,0,0.68483197689056396,0.70654895305633547,1,1
invalid_consent,910,V32P-A006545,0,0.58951287865638735,0.61050990223884583,0,0
invalid_consent,911,V32P-A006546,0,0.33077295124530792,0.3486511170864105,0,0
invalid_consent,912,V32P-A006547,0,0.67115020751953125,0.69063076972961424,1,1
invalid_consent,913,V32P-A006548,0,0.61066783666610713,0.6306785583496094,0,1
invalid_consent,914,V32P-A006549,0,0.54108303785324097,0.56482002735137937,0,0
invalid_consent,915,V32P-A006550,1,0.4646285057067871,0.50251771211624141,0,0
invalid_consent,916,V32P-A006551,0,0.068122844398021701,0.064971507340669629,0,0
invalid_consent,917,V32P-A006552,0,0.029003912210464479,0.027228852920234203,0,0
invalid_consent,918,V32P-A006559,0,0.54038910269737239,0.53730136156082153,0,0
invalid_consent,919,V32P-A006562,0,0.38578887581825255,0.36963823139667512,0,0
invalid_consent,920,V32P-A006563,0,0.31856755912303925,0.30701333582401275,0,0
invalid_consent,921,V32P-A006564,0,0.13903861343860627,0.13857067823410035,0,0
invalid_consent,922,V32P-A006571,0,0.5046283960342407,0.53832752108573911,0,0
invalid_consent,923,V32P-A006572,0,0.51185232400894165,0.54471457600593565,0,0
invalid_consent,924,V32P-A006574,0,0.49252417087554934,0.51804665923118587,0,0
invalid_consent,925,V32P-A006575,0,0.42248651981353758,0.44728923439979551,0,0
invalid_consent,926,V32P-A006576,0,0.21797572970390319,0.23831578791141511,0,0
invalid_consent,927,V32P-A006577,0,0.54161385893821712,0.5806515574455261,0,0
invalid_consent,928,V32P-A006578,0,0.43273511528968811,0.4679893493652344,0,0
invalid_consent,929,V32P-A006579,0,0.40523635149002074,0.44364855885505677,0,0
invalid_consent,930,V32P-A006580,0,0.33630475997924802,0.37181625366210935,0,0
invalid_consent,931,V32P-A006581,0,0.28089960515499113,0.30884294211864471,0,0
invalid_consent,932,V32P-A006582,0,0.13458153158426284,0.14450256377458573,0,0
invalid_consent,933,V32P-A006595,0,0.75321441888809204,0.77000732421874996,1,1
invalid_consent,934,V32P-A006596,0,0.6980069041252136,0.71896787881851199,1,1
invalid_consent,935,V32P-A006597,0,0.60922708511352541,0.65348525047302242,0,1
invalid_consent,936,V32P-A006598,0,0.59731237888336186,0.61703517436981203,0,0
invalid_consent,937,V32P-A006599,0,0.50849448442459111,0.53305028676986699,0,0
invalid_consent,938,V32P-A006600,0,0.23393848538398743,0.25184053778648374,0,0
invalid_consent,939,V32P-A006634,0,0.63983856439590459,0.6460042357444763,1,1
invalid_consent,940,V32P-A006635,0,0.61269578933715818,0.61623219251632688,0,0
invalid_consent,941,V32P-A006636,0,0.058671737462282179,0.054237394779920581,0,0
invalid_consent,942,V32P-A006661,0,0.82227609157562254,0.83032305240631099,1,1
invalid_consent,943,V32P-A006662,0,0.73021600246429441,0.7482586026191711,1,1
invalid_consent,944,V32P-A006664,0,0.58340919017791748,0.60436784029006962,0,0
invalid_consent,945,V32P-A006665,0,0.47694329023361204,0.50078613162040708,0,0
invalid_consent,946,V32P-A006666,0,0.21494790315628051,0.22648051977157593,0,0
invalid_consent,947,V32P-A006673,0,0.73186569213867192,0.74553709030151372,1,1
invalid_consent,948,V32P-A006674,0,0.72676634788513184,0.7425523638725281,1,1
invalid_consent,949,V32P-A006676,0,0.56985954046249387,0.59214476346969602,0,0
invalid_consent,950,V32P-A006677,0,0.47099636793136596,0.5003850638866425,0,0
invalid_consent,951,V32P-A006678,0,0.23958915770053862,0.26469169855117797,0,0
invalid_consent,952,V32P-A006817,0,0.77460545301437378,0.78520447015762329,1,1
invalid_consent,953,V32P-A006818,0,0.6755753755569458,0.6883297443389893,1,1
invalid_consent,954,V32P-A006820,0,0.46467689871788026,0.48437412381172179,0,0
invalid_consent,955,V32P-A006821,0,0.3737125277519226,0.38958796858787537,0,0
invalid_consent,956,V32P-A006822,0,0.17089974284172058,0.18033416718244552,0,0
invalid_consent,957,V32P-A006847,0,0.75366233587265019,0.75766129493713374,1,1
invalid_consent,958,V32P-A006848,0,0.68792588710784908,0.68393154144287105,1,1
invalid_consent,959,V32P-A006849,0,0.64731709957122807,0.63688834309577946,1,1
invalid_consent,960,V32P-A006850,0,0.67496097087860107,0.68784903287887578,1,1
invalid_consent,961,V32P-A006851,0,0.57030700445175175,0.55199658274650576,0,0
invalid_consent,962,V32P-A006852,0,0.034279701486229899,0.03302761930972338,0,0
invalid_consent,963,V32P-A006853,0,0.47630699872970583,0.51419061422348022,0,0
invalid_consent,964,V32P-A006854,0,0.41767694354057311,0.45550200343132019,0,0
invalid_consent,965,V32P-A006855,0,0.33882209658622742,0.37700948119163513,0,0
invalid_consent,966,V32P-A006856,0,0.26744319796562194,0.3017699897289276,0,0
invalid_consent,967,V32P-A006857,0,0.19872166514396666,0.22687731981277465,0,0
invalid_consent,968,V32P-A006858,0,0.090558367222547537,0.10111659467220306,0,0
invalid_consent,969,V32P-A006883,0,0.83987429141998293,0.85238590240478518,1,1
invalid_consent,970,V32P-A006884,0,0.69145442247390743,0.71415995359420781,1,1
invalid_consent,971,V32P-A006885,0,0.81837970018386841,0.83421037197113035,1,1
invalid_consent,972,V32P-A006886,0,0.71033215522766113,0.7297683477401733,1,1
invalid_consent,973,V32P-A006887,0,0.64323574304580688,0.66375887393951416,1,1
invalid_consent,974,V32P-A006888,0,0.06591040529310703,0.060861750319600103,0,0
invalid_consent,975,V32P-A006895,0,0.34212974607944491,0.34116437435150149,0,0
invalid_consent,976,V32P-A006896,0,0.38338260352611542,0.3932854890823364,0,0
invalid_consent,977,V32P-A006897,0,0.37249137163162233,0.37910413444042207,0,0
invalid_consent,978,V32P-A006898,0,0.33202793896198274,0.33399482667446134,0,0
invalid_consent,979,V32P-A006899,0,0.26293171346187594,0.25940469205379485,0,0
invalid_consent,980,V32P-A006900,0,0.12199888080358505,0.11829515844583512,0,0
invalid_consent,981,V32P-A006901,0,0.82027783393859866,0.83770420551300051,1,1
invalid_consent,982,V32P-A006902,0,0.71826798915863033,0.74242585897445679,1,1
invalid_consent,983,V32P-A006904,0,0.69477701187133789,0.72268288135528569,1,1
invalid_consent,984,V32P-A006905,0,0.60266724228858948,0.63219796419143681,0,1
invalid_consent,985,V32P-A006906,0,0.3830876350402832,0.40399455428123476,0,0
invalid_consent,986,V32P-A006913,0,0.66370733976364138,0.67606219053268435,1,1
invalid_consent,987,V32P-A006914,0,0.55913242101669314,0.57380418777465825,0,0
invalid_consent,988,V32P-A006915,0,0.47367757558822632,0.49267653226852415,0,0
invalid_consent,989,V32P-A006916,0,0.39832465648651122,0.4163281977176666,0,0
invalid_consent,990,V32P-A006917,0,0.32023212313652039,0.33543307185173032,0,0
invalid_consent,991,V32P-A006918,0,0.12388931363821029,0.12780936956405639,0,0
invalid_consent,992,V32P-A006931,0,0.53107504844665532,0.55014860033988955,0,0
invalid_consent,993,V32P-A006932,0,0.5328316926956177,0.55256800651550297,0,0
invalid_consent,994,V32P-A006934,0,0.45786259770393373,0.48226559758186338,0,0
invalid_consent,995,V32P-A006935,0,0.38905838727951048,0.41477950811386111,0,0
invalid_consent,996,V32P-A006936,0,0.17381713539361954,0.19527284055948257,0,0
invalid_consent,997,V32P-A006967,0,0.66686255931854244,0.68534456491470341,1,1
invalid_consent,998,V32P-A006968,0,0.59505336284637456,0.61693246364593501,0,0
invalid_consent,999,V32P-A006969,0,0.58014268875122066,0.59883058071136475,0,0
invalid_consent,1000,V32P-A006970,0,0.56763412952423098,0.58219937086105344,0,0
invalid_consent,1001,V32P-A006971,0,0.53237716555595394,0.54614966511726382,0,0
invalid_consent,1002,V32P-A006972,0,0.24101459681987764,0.26060540676116944,0,0
invalid_consent,1003,V32P-A006979,0,0.8318274259567261,0.84315893650054929,1,1
invalid_consent,1004,V32P-A006980,0,0.77350097894668579,0.7906068801879883,1,1
invalid_consent,1005,V32P-A006982,0,0.68394384384155271,0.70019793510437012,1,1
invalid_consent,1006,V32P-A006983,0,0.59328655004501341,0.60784680843353267,0,0
invalid_consent,1007,V32P-A006984,0,0.038650138676166533,0.037416613847017291,0,0
invalid_consent,1008,V32P-A007045,0,0.69065555334091189,0.69770175218582153,1,1
invalid_consent,1009,V32P-A007046,0,0.53411972522735596,0.54272687435150146,0,0
invalid_consent,1010,V32P-A007047,0,0.6633009791374207,0.69279041290283205,1,1
invalid_consent,1011,V32P-A007048,0,0.46323506832122802,0.47364470362663269,0,0
invalid_consent,1012,V32P-A007049,0,0.38061866462230681,0.38915070593357087,0,0
invalid_consent,1013,V32P-A007050,0,0.19524443596601487,0.19718627780675888,0,0
invalid_consent,1014,V32P-A007057,0,0.82748525142669682,0.82445145845413204,1,1
invalid_consent,1015,V32P-A007058,0,0.65735465288162231,0.66554668545722961,1,1
invalid_consent,1016,V32P-A007060,0,0.50519378781318669,0.51608161330223079,0,0
invalid_consent,1017,V32P-A007061,0,0.49224738478660585,0.5036685526371002,0,0
invalid_consent,1018,V32P-A007062,0,0.22738342583179474,0.23142743110656738,0,0
invalid_consent,1019,V32P-A007087,0,0.48370208144187926,0.51145175099372864,0,0
invalid_consent,1020,V32P-A007088,0,0.50575307011604309,0.53628731369972227,0,0
invalid_consent,1021,V32P-A007089,0,0.51119866967201233,0.54597480893135075,0,0
invalid_consent,1022,V32P-A007090,0,0.45401217937469485,0.49084440469741819,0,0
invalid_consent,1023,V32P-A007091,0,0.38966808915138246,0.42462470531463625,0,0
invalid_consent,1024,V32P-A007092,0,0.18527570366859436,0.20497941970825195,0,0
invalid_consent,1025,V32P-A007141,0,0.62452992200851443,0.63408404588699341,1,1
invalid_consent,1026,V32P-A007142,0,0.49769186377525332,0.5013345062732697,0,0
invalid_consent,1027,V32P-A007143,0,0.44335042238235473,0.4496819734573364,0,0
invalid_consent,1028,V32P-A007144,0,0.4280156373977661,0.43736665248870848,0,0
invalid_consent,1029,V32P-A007145,0,0.30435231328010559,0.30856775045394896,0,0
invalid_consent,1030,V32P-A007146,0,0.14541241228580476,0.15065149366855621,0,0
invalid_consent,1031,V32P-A007243,0,0.4487961709499359,0.48910470008850099,0,0
invalid_consent,1032,V32P-A007244,0,0.38614616394042967,0.43070987462997434,0,0
invalid_consent,1033,V32P-A007245,0,0.30341909229755404,0.36782788634300234,0,0
invalid_consent,1034,V32P-A007246,0,0.26330048143863677,0.28685175478458402,0,0
invalid_consent,1035,V32P-A007247,0,0.20788130462169646,0.2223454773426056,0,0
invalid_consent,1036,V32P-A007248,0,0.088142628222703939,0.091940954327583313,0,0
invalid_consent,1037,V32P-A007267,0,0.58990030288696294,0.58098378181457522,0,0
invalid_consent,1038,V32P-A007268,0,0.52632390856742861,0.51316912770271306,0,0
invalid_consent,1039,V32P-A007269,0,0.57216836810112004,0.56347479224205022,0,0
invalid_consent,1040,V32P-A007270,0,0.50326598882675166,0.54695698022842409,0,0
invalid_consent,1041,V32P-A007271,0,0.42415469288825991,0.43084285259246824,0,0
invalid_consent,1042,V32P-A007272,0,0.2247793346643448,0.23062588125467301,0,0
invalid_consent,1043,V32P-A007408,0,0.40379300713539124,0.37575648427009584,0,0
invalid_consent,1044,V32P-A007409,0,0.37758973240852356,0.3567193955183029,0,0
invalid_consent,1045,V32P-A007410,0,0.1785140335559845,0.17403531372547149,0,0
invalid_consent,1046,V32P-A007465,0,0.63201326131820679,0.65091075897216799,1,1
invalid_consent,1047,V32P-A007466,0,0.59506658911705013,0.61429893970489502,0,0
invalid_consent,1048,V32P-A007467,0,0.57160475850105286,0.59286873340606694,0,0
invalid_consent,1049,V32P-A007468,0,0.51500566005706783,0.54346694350242619,0,0
invalid_consent,1050,V32P-A007469,0,0.44973608255386355,0.4795731484889984,0,0
invalid_consent,1051,V32P-A007470,0,0.21160813570022582,0.23887789547443389,0,0
invalid_consent,1052,V32P-A007579,1,0.77484456300735471,0.78813070058822632,1,1
invalid_consent,1053,V32P-A007580,1,0.65082460641860962,0.669038450717926,1,1
invalid_consent,1054,V32P-A007582,0,0.10619578063488007,0.10090425685048103,0,0
invalid_consent,1055,V32P-A007583,0,0.080248919501900676,0.076268877089023593,0,0
invalid_consent,1056,V32P-A007584,0,0.036109204217791555,0.034161889739334581,0,0
invalid_consent,1057,V32P-A007603,0,0.77855893373489382,0.7929272413253784,1,1
invalid_consent,1058,V32P-A007606,0,0.75298870801925655,0.77773166894912715,1,1
invalid_consent,1059,V32P-A007607,0,0.63368616104125974,0.64867976903915403,1,1
invalid_consent,1060,V32P-A007608,0,0.051649954915046689,0.04873337931931019,0,0
invalid_consent,1061,V32P-A007693,0,0.62079025506973262,0.63474142551422119,1,1
invalid_consent,1062,V32P-A007694,0,0.60063869953155513,0.61287755966186519,0,0
invalid_consent,1063,V32P-A007696,0,0.49577409029006958,0.51516081094741817,0,0
invalid_consent,1064,V32P-A007697,0,0.41879534721374512,0.43313604593276978,0,0
invalid_consent,1065,V32P-A007698,0,0.19940547794103622,0.20799146741628646,0,0
invalid_consent,1066,V32P-A007729,0,0.6343579888343811,0.65456779003143306,1,1
invalid_consent,1067,V32P-A007730,0,0.63108365535736088,0.65090194940567014,1,1
invalid_consent,1068,V32P-A007731,0,0.5840364396572113,0.61033957004547124,0,0
invalid_consent,1069,V32P-A007732,0,0.51021966338157654,0.53969600796699524,0,0
invalid_consent,1070,V32P-A007733,0,0.42513567209243774,0.45469648838043214,0,0
invalid_consent,1071,V32P-A007734,0,0.18091620951890947,0.19992826133966446,0,0
invalid_consent,1072,V32P-A007957,0,0.54859907031059263,0.5539245188236237,0,0
invalid_consent,1073,V32P-A007958,0,0.51933858990669246,0.52566050887107851,0,0
invalid_consent,1074,V32P-A007959,0,0.41033245325088502,0.46858595609664916,0,0
invalid_consent,1075,V32P-A007960,0,0.36192764043807985,0.37937840819358826,0,0
invalid_consent,1076,V32P-A007961,0,0.28428955674171447,0.29891716241836547,0,0
invalid_consent,1077,V32P-A007962,0,0.11214718669652939,0.11540756374597549,0,0
invalid_consent,1078,V32P-A008041,0,0.66560404300689702,0.68159430027008061,1,1
invalid_consent,1079,V32P-A008044,0,0.48032850027084351,0.50439007282257076,0,0
invalid_consent,1080,V32P-A008045,1,0.39731407761573789,0.4178679883480072,0,0
invalid_consent,1081,V32P-A008046,0,0.03019778858870268,0.028993739560246468,0,0
invalid_consent,1082,V32P-A008119,0,0.65592534542083736,0.65647300481796267,1,1
invalid_consent,1083,V32P-A008120,0,0.59257231950759892,0.57965030074119572,0,0
invalid_consent,1084,V32P-A008121,0,0.5679690480232239,0.55297318696975706,0,0
invalid_consent,1085,V32P-A008122,0,0.45135103464126586,0.43871657848358153,0,0
invalid_consent,1086,V32P-A008123,0,0.37693966627120973,0.36996899545192719,0,0
invalid_consent,1087,V32P-A008124,0,0.17104435563087464,0.18368264436721801,0,0
invalid_consent,1088,V32P-A008167,0,0.62362792491912844,0.63797729015350346,1,1
invalid_consent,1089,V32P-A008168,0,0.53721804618835445,0.559727531671524,0,0
invalid_consent,1090,V32P-A008169,0,0.42014185190200803,0.45966652035713196,0,0
invalid_consent,1091,V32P-A008170,0,0.35776639580726621,0.40577419996261599,0,0
invalid_consent,1092,V32P-A008171,0,0.33584754467010497,0.38449011445045472,0,0
invalid_consent,1093,V32P-A008172,0,0.19089908301830291,0.21708256304264067,0,0
invalid_consent,1094,V32P-A008191,1,0.45793520808219912,0.4762223422527313,0,0
invalid_consent,1095,V32P-A008194,0,0.048047807440161704,0.045769227668642998,0,0
invalid_consent,1096,V32P-A008195,0,0.039189915917813775,0.037419913709163664,0,0
invalid_consent,1097,V32P-A008196,0,0.016106881806626915,0.015364377014338969,0,0
invalid_consent,1098,V32P-A008203,0,0.75429580211639402,0.75979958772659306,1,1
invalid_consent,1099,V32P-A008204,0,0.65762972831726074,0.65545672178268433,1,1
invalid_consent,1100,V32P-A008205,0,0.81201713085174565,0.81888569593429561,1,1
invalid_consent,1101,V32P-A008206,1,0.57583474516868594,0.57793270349502568,0,0
invalid_consent,1102,V32P-A008207,0,0.10474302694201469,0.096716990321874613,0,0
invalid_consent,1103,V32P-A008208,0,0.046207628585398196,0.043359088711440563,0,0
invalid_consent,1104,V32P-A008209,0,0.59178094863891606,0.58964809179306032,0,0
invalid_consent,1105,V32P-A008210,0,0.54700645208358767,0.5474434494972229,0,0
invalid_consent,1106,V32P-A008211,0,0.48336198329925539,0.48232485055923463,0,0
invalid_consent,1107,V32P-A008212,0,0.39730963706970213,0.39475792646408081,0,0
invalid_consent,1108,V32P-A008213,0,0.32539543509483337,0.32369895577430724,0,0
invalid_consent,1109,V32P-A008214,0,0.14752112179994584,0.14739997535943986,0,0
invalid_consent,1110,V32P-A008215,0,0.63064800500869755,0.65891970396041866,1,1
invalid_consent,1111,V32P-A008216,0,0.52177180647850041,0.55131344199180599,0,0
invalid_consent,1112,V32P-A008217,0,0.47730441689491271,0.50676797628402714,0,0
invalid_consent,1113,V32P-A008218,0,0.43479394912719727,0.47274070382118227,0,0
invalid_consent,1114,V32P-A008219,0,0.45485048294067382,0.52472766041755681,0,0
invalid_consent,1115,V32P-A008220,0,0.17545897960662843,0.1950700581073761,0,0
invalid_consent,1116,V32P-A008320,0,0.54118291735649104,0.57699734568595884,0,0
invalid_consent,1117,V32P-A008321,0,0.46005383133888245,0.50011124610900881,0,0
invalid_consent,1118,V32P-A008322,0,0.22479213178157806,0.24915995597839355,0,0
invalid_consent,1119,V32P-A008485,0,0.68946689367294312,0.70258789062500004,1,1
invalid_consent,1120,V32P-A008486,0,0.688916540145874,0.70568859577178955,1,1
invalid_consent,1121,V32P-A008487,0,0.70516734123229985,0.71965384483337402,1,1
invalid_consent,1122,V32P-A008488,0,0.68111630678176882,0.69187997579574589,1,1
invalid_consent,1123,V32P-A008489,0,0.55581842064857478,0.58345667719840999,0,0
invalid_consent,1124,V32P-A008490,0,0.053644031658768652,0.048075002804398539,0,0
invalid_consent,1125,V32P-A008533,0,0.69391210079193111,0.71498301029205324,1,1
invalid_consent,1126,V32P-A008534,0,0.63089114427566528,0.6577687203884125,1,1
invalid_consent,1127,V32P-A008535,0,0.63054491281509395,0.65771974921226506,1,1
invalid_consent,1128,V32P-A008536,0,0.6186029732227325,0.66338531374931331,0,1
invalid_consent,1129,V32P-A008537,0,0.46370319426059725,0.49063787460327146,0,0
invalid_consent,1130,V32P-A008538,0,0.2544118598103523,0.26262854933738711,0,0
invalid_consent,1131,V32P-A008632,0,0.54218617677688596,0.55778012275695799,0,0
invalid_consent,1132,V32P-A008633,0,0.48414366841316225,0.49790355563163757,0,0
invalid_consent,1133,V32P-A008634,0,0.032108712382614611,0.028635474480688573,0,0
invalid_consent,1134,V32P-A008671,0,0.55302885770797727,0.56978161334991451,0,0
invalid_consent,1135,V32P-A008672,0,0.55101876258850102,0.56809828281402586,0,0
invalid_consent,1136,V32P-A008674,0,0.53189579248428343,0.55226819515228276,0,0
invalid_consent,1137,V32P-A008675,0,0.48575206398963927,0.50133526921272276,0,0
invalid_consent,1138,V32P-A008676,0,0.27919907867908478,0.28331071138381958,0,0
invalid_consent,1139,V32P-A008686,0,0.4398435652256012,0.46663594245910645,0,0
invalid_consent,1140,V32P-A008687,1,0.34736826717853547,0.37019335031509398,0,0
invalid_consent,1141,V32P-A008688,0,0.026016646064817905,0.024806450307369231,0,0
invalid_consent,1142,V32P-A008701,0,0.58425216078758235,0.6059350907802582,0,0
invalid_consent,1143,V32P-A008702,0,0.57838000059127803,0.60278369188308711,0,0
invalid_consent,1144,V32P-A008704,0,0.51959996223449711,0.56029055714607234,0,0
invalid_consent,1145,V32P-A008705,0,0.4350061774253845,0.48020170927047728,0,0
invalid_consent,1146,V32P-A008706,0,0.2117534801363945,0.23100512623786926,0,0
invalid_consent,1147,V32P-A008749,0,0.41463326215744017,0.43811137080192564,0,0
invalid_consent,1148,V32P-A008752,0,0.31514371931552887,0.34907577335834505,0,0
invalid_consent,1149,V32P-A008753,0,0.24194731712341308,0.27068076431751253,0,0
invalid_consent,1150,V32P-A008754,0,0.10618670433759689,0.11355028301477432,0,0
invalid_consent,1151,V32P-A008761,0,0.58284885287284849,0.61840649247169499,0,0
invalid_consent,1152,V32P-A008762,0,0.45934976935386657,0.51116266846656799,0,0
invalid_consent,1153,V32P-A008763,0,0.38352169394493102,0.4442586123943329,0,0
invalid_consent,1154,V32P-A008764,0,0.30143785178661348,0.36069772541522982,0,0
invalid_consent,1155,V32P-A008765,0,0.27000315785408019,0.32430546581745145,0,0
invalid_consent,1156,V32P-A008766,0,0.1479788064956665,0.17469820231199265,0,0
invalid_consent,1157,V32P-A008797,0,0.43872440457344053,0.47340025901794436,0,0
invalid_consent,1158,V32P-A008798,0,0.40459907054901123,0.44282625913619994,0,0
invalid_consent,1159,V32P-A008799,0,0.3610779345035553,0.40559755563735961,0,0
invalid_consent,1160,V32P-A008800,0,0.29067437648773192,0.33105202317237853,0,0
invalid_consent,1161,V32P-A008801,0,0.22718494534492492,0.2583710104227066,0,0
invalid_consent,1162,V32P-A008802,0,0.108073740452528,0.11791447475552559,0,0
invalid_consent,1163,V32P-A008833,0,0.81213377714157109,0.83026319742202759,1,1
invalid_consent,1164,V32P-A008834,0,0.71134208440780644,0.73394514322280879,1,1
invalid_consent,1165,V32P-A008835,0,0.67130068540573118,0.69835243225097654,1,1
invalid_consent,1166,V32P-A008836,0,0.70956417322158816,0.73200591802597048,1,1
invalid_consent,1167,V32P-A008837,0,0.64567233324050899,0.676580798625946,1,1
invalid_consent,1168,V32P-A008838,0,0.35000033378601075,0.36949307918548585,0,0
invalid_consent,1169,V32P-A008851,0,0.61833120584487911,0.64770313501358034,0,1
invalid_consent,1170,V32P-A008852,0,0.63772493600845337,0.66322449445724485,1,1
invalid_consent,1171,V32P-A008853,0,0.59301526546478267,0.62416816949844356,0,1
invalid_consent,1172,V32P-A008854,0,0.48826287388801576,0.52266153693199158,0,0
invalid_consent,1173,V32P-A008855,0,0.38111662268638613,0.41706551909446715,0,0
invalid_consent,1174,V32P-A008856,0,0.15543721169233321,0.17844522595405579,0,0
invalid_consent,1175,V32P-A008887,0,0.80672843456268306,0.82736867666244507,1,1
invalid_consent,1176,V32P-A008888,0,0.71834462881088257,0.74847446680068974,1,1
invalid_consent,1177,V32P-A008889,0,0.66811655759811406,0.70214487314224239,1,1
invalid_consent,1178,V32P-A008890,0,0.58920776844024658,0.63382813930511472,0,1
invalid_consent,1179,V32P-A008891,0,0.49668681621551514,0.54773570895195012,0,0
invalid_consent,1180,V32P-A008892,0,0.23001352846622466,0.25876799821853635,0,0
invalid_consent,1181,V32P-A008893,0,0.68866847753524785,0.7102342486381531,1,1
invalid_consent,1182,V32P-A008894,0,0.49030162096023561,0.5102089583873749,0,0
invalid_consent,1183,V32P-A008895,0,0.43860861063003542,0.46043248772621154,0,0
invalid_consent,1184,V32P-A008896,0,0.35303052067756652,0.37026743292808534,0,0
invalid_consent,1185,V32P-A008897,0,0.34937236309051511,0.36290884613990781,0,0
invalid_consent,1186,V32P-A008898,0,0.11206801980733871,0.11571242809295654,0,0
invalid_consent,1187,V32P-A008911,0,0.72813525199890139,0.71824214458465574,1,1
invalid_consent,1188,V32P-A008912,0,0.49549571275711057,0.51415073275566103,0,0
invalid_consent,1189,V32P-A008913,0,0.47303687334060668,0.46706309318542483,0,0
invalid_consent,1190,V32P-A008914,0,0.38422287702560426,0.38123569488525388,0,0
invalid_consent,1191,V32P-A008915,0,0.29596035182476044,0.2967549800872803,0,0
invalid_consent,1192,V32P-A008916,0,0.128023724257946,0.12869080603122712,0,0
invalid_consent,1193,V32P-A008917,0,0.44271343350410464,0.46470174789428709,0,0
invalid_consent,1194,V32P-A008918,0,0.40946242213249207,0.42781013846397398,0,0
invalid_consent,1195,V32P-A008919,0,0.36526609659194947,0.38528879880905154,0,0
invalid_consent,1196,V32P-A008920,0,0.29585613310337067,0.31890656054019928,0,0
invalid_consent,1197,V32P-A008921,0,0.22313085794448853,0.24385823309421539,0,0
invalid_consent,1198,V32P-A008922,0,0.10097046419978142,0.10567409321665763,0,0
invalid_consent,1199,V32P-A008923,1,0.7114300489425659,0.7163851261138916,1,1
invalid_consent,1200,V32P-A008924,1,0.5794733464717865,0.59065650105476375,0,0
invalid_consent,1201,V32P-A008925,1,0.52602151632308958,0.53650362491607662,0,0
invalid_consent,1202,V32P-A008926,0,0.085825458168983459,0.082030377537012103,0,0
invalid_consent,1203,V32P-A008927,0,0.065940593183040616,0.062625167518854136,0,0
invalid_consent,1204,V32P-A008928,0,0.030139063671231269,0.028199005499482156,0,0
invalid_consent,1205,V32P-A008929,0,0.42728580236434938,0.46151122450828552,0,0
invalid_consent,1206,V32P-A008930,0,0.35976938307285311,0.38900408744812009,0,0
invalid_consent,1207,V32P-A008931,0,0.30023077130317688,0.32784115076065062,0,0
invalid_consent,1208,V32P-A008932,0,0.24126950949430465,0.26906446516513827,0,0
invalid_consent,1209,V32P-A008933,0,0.211052505671978,0.24649627208709718,0,0
invalid_consent,1210,V32P-A008934,0,0.1099247582256794,0.12244003787636756,0,0
invalid_consent,1211,V32P-A008959,1,0.51227697730064392,0.55051501989364626,0,0
invalid_consent,1212,V32P-A008960,1,0.40067604184150696,0.43531420826911926,0,0
invalid_consent,1213,V32P-A008961,1,0.3518608182668686,0.39263063371181489,0,0
invalid_consent,1214,V32P-A008962,0,0.083006937429308897,0.082751145213842386,0,0
invalid_consent,1215,V32P-A008963,0,0.062270247563719752,0.062220526114106181,0,0
invalid_consent,1216,V32P-A008964,0,0.028742673899978401,0.028343440871685742,0,0
invalid_consent,1217,V32P-A008983,0,0.60214117765426634,0.60790232419967649,0,0
invalid_consent,1218,V32P-A008984,0,0.48162620663642886,0.48587627410888673,0,0
invalid_consent,1219,V32P-A008985,0,0.43791977167129514,0.44024683237075807,0,0
invalid_consent,1220,V32P-A008986,0,0.33853334188461304,0.34524601101875307,0,0
invalid_consent,1221,V32P-A008987,0,0.26317867636680603,0.27123696506023409,0,0
invalid_consent,1222,V32P-A008988,0,0.098888745903968817,0.10333806946873665,0,0
invalid_consent,1223,V32P-A009007,0,0.59247696399688721,0.58120033740997312,0,0
invalid_consent,1224,V32P-A009008,0,0.50255650281906128,0.48446233272552491,0,0
invalid_consent,1225,V32P-A009009,0,0.47297002077102662,0.45549178123474121,0,0
invalid_consent,1226,V32P-A009010,0,0.39354196786880491,0.37881972789764407,0,0
invalid_consent,1227,V32P-A009011,0,0.32376947104930875,0.3107419967651367,0,0
invalid_consent,1228,V32P-A009012,0,0.14410509616136552,0.13872137591242789,0,0
invalid_consent,1229,V32P-A009031,0,0.60237675309181216,0.58794071674346926,0,0
invalid_consent,1230,V32P-A009032,0,0.42637004852294924,0.45022670626640321,0,0
invalid_consent,1231,V32P-A009033,0,0.41238097548484803,0.40935274958610535,0,0
invalid_consent,1232,V32P-A009034,0,0.36068633794784544,0.35782146453857422,0,0
invalid_consent,1233,V32P-A009035,0,0.34101028144359591,0.3347391724586487,0,0
invalid_consent,1234,V32P-A009036,0,0.16042875945568086,0.15704841166734695,0,0
invalid_consent,1235,V32P-A009049,0,0.70593695640563969,0.71712892055511479,1,1
invalid_consent,1236,V32P-A009050,0,0.54807882905006411,0.56643480658531187,0,0
invalid_consent,1237,V32P-A009051,0,0.51182529330253601,0.53378602266311648,0,0
invalid_consent,1238,V32P-A009052,0,0.51271005868911745,0.54125888347625728,0,0
invalid_consent,1239,V32P-A009053,0,0.45798419117927552,0.4868516683578491,0,0
invalid_consent,1240,V32P-A009054,0,0.24692392051219941,0.26101824343204499,0,0
invalid_consent,1241,V32P-A009073,0,0.47187297344207763,0.49096677899360658,0,0
invalid_consent,1242,V32P-A009074,0,0.49941058754920958,0.5221601128578186,0,0
invalid_consent,1243,V32P-A009075,0,0.48351173400878905,0.50500802397727962,0,0
invalid_consent,1244,V32P-A009076,0,0.45549093484878539,0.47413918375968933,0,0
invalid_consent,1245,V32P-A009077,0,0.38479071557521821,0.39682924151420595,0,0
invalid_consent,1246,V32P-A009078,0,0.18432704806327821,0.19048735946416856,0,0
invalid_consent,1247,V32P-A009115,0,0.74750915765762327,0.76219569444656377,1,1
invalid_consent,1248,V32P-A009118,0,0.46909231543540952,0.50755387544631958,0,0
invalid_consent,1249,V32P-A009119,0,0.41156100034713744,0.45210363864898684,0,0
invalid_consent,1250,V32P-A009120,0,0.15076367557048798,0.16755742877721785,0,0
invalid_consent,1251,V32P-A009181,1,0.52202394008636477,0.54094220399856563,0,0
invalid_consent,1252,V32P-A009182,1,0.44207883477210996,0.45935148596763609,0,0
invalid_consent,1253,V32P-A009183,0,0.10428801774978638,0.099738983809947973,0,0
invalid_consent,1254,V32P-A009184,0,0.082872211188077929,0.079133383929729462,0,0
invalid_consent,1255,V32P-A009185,0,0.060697840899229048,0.05736917071044445,0,0
invalid_consent,1256,V32P-A009186,0,0.026071166247129442,0.024206687510013581,0,0
invalid_consent,1257,V32P-A009271,0,0.6362049341201782,0.65881749391555788,1,1
invalid_consent,1258,V32P-A009274,0,0.57884096503257754,0.60945767760276792,0,0
invalid_consent,1259,V32P-A009275,0,0.56542065143585207,0.61970078945159912,0,0
invalid_consent,1260,V32P-A009276,0,0.34910042285919191,0.3791527420282364,0,0
invalid_consent,1261,V32P-A009319,0,0.65922781229019167,0.66723525524139404,1,1
invalid_consent,1262,V32P-A009320,0,0.43817582130432131,0.47920141220092771,0,0
invalid_consent,1263,V32P-A009321,0,0.42040901780128481,0.42314781546592711,0,0
invalid_consent,1264,V32P-A009322,0,0.32154780030250552,0.32397249042987825,0,0
invalid_consent,1265,V32P-A009323,0,0.26441971361637118,0.26941023766994476,0,0
invalid_consent,1266,V32P-A009324,0,0.10083974599838257,0.11090967133641243,0,0
invalid_consent,1267,V32P-A009355,0,0.65527718067169194,0.67955806255340578,1,1
invalid_consent,1268,V32P-A009356,0,0.60610423088073728,0.63153645992279051,0,1
invalid_consent,1269,V32P-A009357,0,0.5718353748321533,0.60398890972137453,0,0
invalid_consent,1270,V32P-A009358,0,0.5390178322792053,0.57616218328475954,0,0
invalid_consent,1271,V32P-A009359,0,0.49968073368072508,0.53882612586021428,0,0
invalid_consent,1272,V32P-A009360,0,0.23907206654548646,0.259272164106369,0,0
invalid_consent,1273,V32P-A009379,1,0.61377459764480591,0.63363116979598999,0,1
invalid_consent,1274,V32P-A009380,1,0.59567432403564458,0.61845583915710445,0,0
invalid_consent,1275,V32P-A009381,0,0.15953102111816406,0.15048184841871262,0,0
invalid_consent,1276,V32P-A009382,0,0.12588157653808593,0.12015587985515594,0,0
invalid_consent,1277,V32P-A009383,0,0.084028647094964978,0.080048999190330511,0,0
invalid_consent,1278,V32P-A009384,0,0.034994689375162126,0.033131806366145614,0,0
invalid_consent,1279,V32P-A009391,0,0.46099740266799927,0.49120091795921328,0,0
invalid_consent,1280,V32P-A009392,0,0.48798543214797974,0.51605715751647951,0,0
invalid_consent,1281,V32P-A009394,0,0.58443179726600647,0.64217864274978642,0,1
invalid_consent,1282,V32P-A009395,0,0.3167402595281601,0.34773925244808196,0,0
invalid_consent,1283,V32P-A009396,0,0.13762521296739577,0.14742432534694672,0,0
invalid_consent,1284,V32P-A009403,0,0.49956942200660703,0.50531212091445921,0,0
invalid_consent,1285,V32P-A009406,0,0.41463137865066529,0.42466431856155396,0,0
invalid_consent,1286,V32P-A009407,0,0.32537267208099363,0.32680144906044006,0,0
invalid_consent,1287,V32P-A009408,0,0.1424397960305214,0.13968304097652434,0,0
invalid_consent,1288,V32P-A009409,0,0.51497741341590886,0.52230034470558162,0,0
invalid_consent,1289,V32P-A009410,0,0.48046364188194274,0.48563355803489683,0,0
invalid_consent,1290,V32P-A009411,0,0.37157441377639772,0.37941128015518188,0,0
invalid_consent,1291,V32P-A009412,0,0.28670802712440491,0.29160492122173309,0,0
invalid_consent,1292,V32P-A009413,1,0.21905440986156463,0.22466664165258407,0,0
invalid_consent,1293,V32P-A009414,0,0.014876286312937737,0.014554559998214246,0,0
invalid_consent,1294,V32P-A009499,0,0.55558975934982302,0.56011072397232053,0,0
invalid_consent,1295,V32P-A009500,0,0.54900695085525508,0.55424876213073726,0,0
invalid_consent,1296,V32P-A009501,0,0.41569844484329221,0.47140217423439024,0,0
invalid_consent,1297,V32P-A009502,0,0.40755608081817629,0.40871931314468385,0,0
invalid_consent,1298,V32P-A009503,0,0.32283378243446348,0.3283641576766968,0,0
invalid_consent,1299,V32P-A009504,0,0.14344020336866378,0.14653382748365401,0,0
invalid_consent,1300,V32P-A009505,0,0.62923831939697261,0.65662913322448735,1,1
invalid_consent,1301,V32P-A009506,0,0.56212584972381596,0.59025022983551023,0,0
invalid_consent,1302,V32P-A009508,0,0.41760398745536803,0.45434676408767699,0,0
invalid_consent,1303,V32P-A009509,0,0.32540454566478727,0.35940598845481875,0,0
invalid_consent,1304,V32P-A009510,0,0.16802203208208083,0.18208799213171006,0,0
invalid_consent,1305,V32P-A009601,0,0.41988446116447448,0.44686207771301267,0,0
invalid_consent,1306,V32P-A009602,0,0.53384603857994084,0.57196806073188777,0,0
invalid_consent,1307,V32P-A009604,0,0.43309184312820437,0.4693389296531677,0,0
invalid_consent,1308,V32P-A009605,0,0.36706934571266175,0.39976533651351931,0,0
invalid_consent,1309,V32P-A009606,0,0.17893973439931871,0.18881964236497878,0,0
invalid_consent,1310,V32P-A009649,0,0.72152057886123655,0.71331231594085698,1,1
invalid_consent,1311,V32P-A009650,0,0.50329401493072512,0.50136191248893736,0,0
invalid_consent,1312,V32P-A009651,0,0.59640083312988279,0.61855458021163945,0,0
invalid_consent,1313,V32P-A009652,0,0.37422547936439515,0.37198880910873411,0,0
invalid_consent,1314,V32P-A009653,0,0.3199348270893097,0.31642918288707733,0,0
invalid_consent,1315,V32P-A009654,0,0.15654337406158447,0.1507265716791153,0,0
invalid_consent,1316,V32P-A009667,0,0.76343554258346558,0.77617225646972654,1,1
invalid_consent,1317,V32P-A009668,0,0.65685573816299436,0.69119523763656621,1,1
invalid_consent,1318,V32P-A009669,0,0.55789802074432371,0.59016110897064211,0,0
invalid_consent,1319,V32P-A009670,0,0.57103353142738345,0.60142760276794438,0,0
invalid_consent,1320,V32P-A009671,0,0.54307245016098027,0.57539140582084658,0,0
invalid_consent,1321,V32P-A009672,0,0.21511913239955902,0.23529077470302581,0,0
invalid_consent,1322,V32P-A009691,0,0.46967499256134032,0.48574894666671753,0,0
invalid_consent,1323,V32P-A009692,0,0.4903762459754944,0.50892056226730342,0,0
invalid_consent,1324,V32P-A009693,0,0.45693033337593081,0.4766613245010376,0,0
invalid_consent,1325,V32P-A009694,1,0.3873696982860565,0.40109002590179443,0,0
invalid_consent,1326,V32P-A009695,0,0.051834574341773985,0.049198120459914209,0,0
invalid_consent,1327,V32P-A009696,0,0.021880250982940198,0.020832865498960018,0,0
invalid_consent,1328,V32P-A009703,0,0.76998211145400997,0.77870793342590328,1,1
invalid_consent,1329,V32P-A009704,0,0.6748601078987122,0.6858964085578918,1,1
invalid_consent,1330,V32P-A009705,0,0.63979719877243046,0.653213894367218,1,1
invalid_consent,1331,V32P-A009706,0,0.64642755985260014,0.65770139694213869,1,1
invalid_consent,1332,V32P-A009707,0,0.60119688510894775,0.63800855875015261,0,1
invalid_consent,1333,V32P-A009708,0,0.28646623492240908,0.2988255560398102,0,0
invalid_consent,1334,V32P-A009727,0,0.68439098596572878,0.71213632822036743,1,1
invalid_consent,1335,V32P-A009730,0,0.36839516162872316,0.39444310069084165,0,0
invalid_consent,1336,V32P-A009731,0,0.29702358543872831,0.31558622121810914,0,0
invalid_consent,1337,V32P-A009732,0,0.035165872611105445,0.032414476759731768,0,0
invalid_consent,1338,V32P-A009763,0,0.71576471328735347,0.72155585289001467,1,1
invalid_consent,1339,V32P-A009766,0,0.39109235405921938,0.41433807015419005,0,0
invalid_consent,1340,V32P-A009767,0,0.31024874150753023,0.33532310426235201,0,0
invalid_consent,1341,V32P-A009768,0,0.1397854968905449,0.14979932606220245,0,0
invalid_consent,1342,V32P-A009781,0,0.74637537002563481,0.75305730104446411,1,1
invalid_consent,1343,V32P-A009784,1,0.43299795389175416,0.45513632893562317,0,0
invalid_consent,1344,V32P-A009785,0,0.079347196221351626,0.075253569334745404,0,0
invalid_consent,1345,V32P-A009786,0,0.037181210331618787,0.035474511794745922,0,0
invalid_consent,1346,V32P-A009787,0,0.63295634984970095,0.63761321306228635,1,1
invalid_consent,1347,V32P-A009788,0,0.56998260021209712,0.56208199858665464,0,0
invalid_consent,1348,V32P-A009789,0,0.49447591900825499,0.48180582523345949,0,0
invalid_consent,1349,V32P-A009790,0,0.41325538158416747,0.40366918444633482,0,0
invalid_consent,1350,V32P-A009791,0,0.37648590505123136,0.39423840343952177,0,0
invalid_consent,1351,V32P-A009792,0,0.14636289030313493,0.15522440150380135,0,0
invalid_consent,1352,V32P-A009799,1,0.77176877260208132,0.79080728292465208,1,1
invalid_consent,1353,V32P-A009802,0,0.10707894265651703,0.10549993664026261,0,0
invalid_consent,1354,V32P-A009803,0,0.080241297185420987,0.078216084837913508,0,0
invalid_consent,1355,V32P-A009804,0,0.036479120701551439,0.034133877418935296,0,0
invalid_consent,1356,V32P-A009835,0,0.79603606462478638,0.78161511421203611,1,1
invalid_consent,1357,V32P-A009838,0,0.49464004039764403,0.48996831774711608,0,0
invalid_consent,1358,V32P-A009839,0,0.41642993688583374,0.41707552373409273,0,0
invalid_consent,1359,V32P-A009840,0,0.19534411877393723,0.20468573272228241,0,0
invalid_consent,1360,V32P-A009865,0,0.58699805736541744,0.61832191348075871,0,0
invalid_consent,1361,V32P-A009866,0,0.61099392175674438,0.63781250715255733,0,1
invalid_consent,1362,V32P-A009867,0,0.692552638053894,0.71459187269210811,1,1
invalid_consent,1363,V32P-A009868,0,0.66817957162857056,0.68522629737854002,1,1
invalid_consent,1364,V32P-A009869,0,0.47467340826988219,0.49043002128601076,0,0
invalid_consent,1365,V32P-A009870,0,0.03792029097676277,0.034624789282679556,0,0
invalid_consent,1366,V32P-A009901,0,0.67958966493606565,0.69837250709533694,1,1
invalid_consent,1367,V32P-A009904,0,0.6308575510978699,0.65077894926071167,1,1
invalid_consent,1368,V32P-A009905,1,0.55145333409309383,0.57141059637069702,0,0
invalid_consent,1369,V32P-A009906,0,0.040477516502141951,0.03688514232635498,0,0
invalid_consent,1370,V32P-A009907,0,0.40843992829322817,0.44441518187522888,0,0
invalid_consent,1371,V32P-A009908,0,0.3420766919851303,0.37293592393398284,0,0
invalid_consent,1372,V32P-A009909,0,0.35285908579826353,0.38428776264190673,0,0
invalid_consent,1373,V32P-A009910,0,0.29035235345363619,0.31475085616111753,0,0
invalid_consent,1374,V32P-A009911,0,0.23348820805549622,0.25059614479541781,0,0
invalid_consent,1375,V32P-A009912,0,0.12195332795381546,0.1246955394744873,0,0
invalid_consent,1376,V32P-A009919,0,0.66056622266769405,0.68155628442764282,1,1
invalid_consent,1377,V32P-A009922,0,0.42437068223953245,0.47120759487152097,0,0
invalid_consent,1378,V32P-A009923,0,0.36903964579105375,0.41316347420215604,0,0
invalid_consent,1379,V32P-A009924,0,0.19895756095647812,0.22086703032255173,0,0
invalid_consent,1380,V32P-A009967,0,0.66267539262771602,0.67106268405914304,1,1
invalid_consent,1381,V32P-A009968,0,0.57842386960983272,0.59267424345016484,0,0
invalid_consent,1382,V32P-A009969,0,0.62314771413803105,0.63485407829284668,1,1
invalid_consent,1383,V32P-A009970,0,0.58582930564880376,0.60077446103096011,0,0
invalid_consent,1384,V32P-A009971,0,0.49842307567596433,0.51892080307006838,0,0
invalid_consent,1385,V32P-A009972,0,0.26294792294502256,0.27500409185886382,0,0
invalid_consent,1386,V32P-A009973,0,0.41863009333610535,0.44880521297454834,0,0
invalid_consent,1387,V32P-A009974,0,0.41707910299301149,0.44684175252914426,0,0
invalid_consent,1388,V32P-A009976,0,0.30522430539131162,0.32679241895675659,0,0
invalid_consent,1389,V32P-A009977,0,0.23509563505649567,0.24997684359550476,0,0
invalid_consent,1390,V32P-A009978,0,0.10594424605369568,0.1105535164475441,0,0
invalid_consent,1391,V32P-A009997,0,0.76879616975784304,0.78084524869918825,1,1
invalid_consent,1392,V32P-A009998,0,0.66176823377609251,0.67295231819152834,1,1
invalid_consent,1393,V32P-A009999,0,0.60442790389060974,0.64179043173789974,0,1
invalid_consent,1394,V32P-A010000,0,0.64923064708709721,0.66255571842193606,1,1
invalid_consent,1395,V32P-A010001,0,0.54844115972518925,0.56238875389099119,0,0
invalid_consent,1396,V32P-A010002,0,0.2782557398080826,0.28894851207733152,0,0
invalid_consent,1397,V32P-A010105,0,0.69080687165260313,0.69428061842918398,1,1
invalid_consent,1398,V32P-A010106,0,0.6336059987545013,0.63889822363853455,1,1
invalid_consent,1399,V32P-A010107,0,0.58624267578125,0.58858684301376341,0,0
invalid_consent,1400,V32P-A010108,1,0.5040835857391357,0.51096435785293581,0,0
invalid_consent,1401,V32P-A010109,0,0.0853337837383151,0.080454256013035769,0,0
invalid_consent,1402,V32P-A010110,0,0.039453561510890724,0.03607312459498644,0,0
invalid_consent,1403,V32P-A010153,0,0.79394817352294922,0.80033193826675419,1,1
invalid_consent,1404,V32P-A010156,0,0.61322754025459292,0.63136963248252864,0,1
invalid_consent,1405,V32P-A010157,0,0.57298679947853093,0.59345506429672246,0,0
invalid_consent,1406,V32P-A010158,0,0.35730255842208863,0.37122881710529326,0,0
invalid_consent,1407,V32P-A010171,0,0.44128693342208863,0.45253158211708067,0,0
invalid_consent,1408,V32P-A010174,0,0.31192695796489717,0.32722465097904208,0,0
invalid_consent,1409,V32P-A010175,0,0.23688728213310242,0.24737401306629181,0,0
invalid_consent,1410,V32P-A010176,0,0.10303806960582733,0.10588779896497727,0,0
invalid_consent,1411,V32P-A010231,0,0.77024383544921871,0.78930884599685669,1,1
invalid_consent,1412,V32P-A010232,0,0.69835548400878911,0.71928015947341917,1,1
invalid_consent,1413,V32P-A010233,0,0.6500225186347961,0.66954575777053837,1,1
invalid_consent,1414,V32P-A010234,0,0.59689553380012517,0.61049278974533083,0,0
invalid_consent,1415,V32P-A010235,1,0.58633200526237483,0.59979324340820317,0,0
invalid_consent,1416,V32P-A010236,0,0.062285879999399184,0.055484626069664957,0,0
invalid_consent,1417,V32P-A010291,0,0.66904065608978269,0.67540198564529419,1,1
invalid_consent,1418,V32P-A010292,0,0.5967348694801331,0.59916948080062871,0,0
invalid_consent,1419,V32P-A010293,0,0.56534838676452637,0.57157733440399172,0,0
invalid_consent,1420,V32P-A010294,0,0.49005475044250491,0.49531872868537902,0,0
invalid_consent,1421,V32P-A010295,1,0.46162374615669249,0.46726022362709047,0,0
invalid_consent,1422,V32P-A010296,0,0.035475832223892209,0.034346514753997325,0,0
invalid_consent,1423,V32P-A010297,0,0.61531742811203005,0.63374196290969853,0,1
invalid_consent,1424,V32P-A010298,0,0.57458909749984743,0.59038267135620115,0,0
invalid_consent,1425,V32P-A010300,0,0.41493618488311768,0.4384563982486725,0,0
invalid_consent,1426,V32P-A010301,0,0.3647966504096985,0.38482474088668822,0,0
invalid_consent,1427,V32P-A010302,0,0.16037729680538176,0.16644630581140518,0,0
invalid_consent,1428,V32P-A010309,0,0.41432338356971743,0.42584989666938783,0,0
invalid_consent,1429,V32P-A010310,0,0.4706605076789856,0.4899952173233032,0,0
invalid_consent,1430,V32P-A010311,0,0.46522254347801206,0.48720003962516784,0,0
invalid_consent,1431,V32P-A010312,0,0.40415315032005311,0.42715684175491331,0,0
invalid_consent,1432,V32P-A010313,0,0.33700326979160311,0.36042514741420745,0,0
invalid_consent,1433,V32P-A010314,0,0.15351690948009492,0.16412475556135178,0,0
invalid_consent,1434,V32P-A010366,0,0.27587513327598573,0.2688584804534912,0,0
invalid_consent,1435,V32P-A010367,1,0.21949226260185242,0.21484999358654022,0,0
invalid_consent,1436,V32P-A010368,0,0.017914313077926635,0.017725988198071717,0,0
invalid_consent,1437,V32P-A010381,0,0.82852786779403687,0.82965608835220339,1,1
invalid_consent,1438,V32P-A010382,0,0.72539187669754024,0.73245643377304082,1,1
invalid_consent,1439,V32P-A010383,0,0.82861191034317017,0.82917599678039555,1,1
invalid_consent,1440,V32P-A010384,0,0.70199773311614988,0.70809276103973384,1,1
invalid_consent,1441,V32P-A010385,1,0.61615968942642207,0.61818568706512456,0,0
invalid_consent,1442,V32P-A010386,0,0.062150803953409196,0.058228529617190362,0,0
invalid_consent,1443,V32P-A010429,0,0.6145994305610657,0.63294868469238286,0,1
invalid_consent,1444,V32P-A010430,0,0.5792253732681274,0.59624525308609011,0,0
invalid_consent,1445,V32P-A010432,0,0.438380229473114,0.45293188095092773,0,0
invalid_consent,1446,V32P-A010433,0,0.3144604593515396,0.32419661581516268,0,0
invalid_consent,1447,V32P-A010434,0,0.13257722556591034,0.13894436806440352,0,0
invalid_consent,1448,V32P-A010447,0,0.58303653001785283,0.59125034809112553,0,0
invalid_consent,1449,V32P-A010450,0,0.30841357111930845,0.32267376780509949,0,0
invalid_consent,1450,V32P-A010451,0,0.2967676132917404,0.30855200588703158,0,0
invalid_consent,1451,V32P-A010452,0,0.12723941057920457,0.13167375475168228,0,0
invalid_consent,1452,V32P-A010507,1,0.74498217105865483,0.75726377964019775,1,1
invalid_consent,1453,V32P-A010508,1,0.74709345102310176,0.7604463458061218,1,1
invalid_consent,1454,V32P-A010509,1,0.76623936891555788,0.78002976179122929,1,1
invalid_consent,1455,V32P-A010510,0,0.12585616558790208,0.12388183325529098,0,0
invalid_consent,1456,V32P-A010511,0,0.084687439724802971,0.080518564581871038,0,0
invalid_consent,1457,V32P-A010512,0,0.038629886880517009,0.035788031294941902,0,0
invalid_consent,1458,V32P-A010549,0,0.47393073439598082,0.49029141068458559,0,0
invalid_consent,1459,V32P-A010550,0,0.48685487508773806,0.50108029246330266,0,0
invalid_consent,1460,V32P-A010551,0,0.45788971781730653,0.47166859507560732,0,0
invalid_consent,1461,V32P-A010552,0,0.48200358748435973,0.49679522514343261,0,0
invalid_consent,1462,V32P-A010553,1,0.42007483243942262,0.43370277285575864,0,0
invalid_consent,1463,V32P-A010554,0,0.038312202692031859,0.037242790497839448,0,0
invalid_consent,1464,V32P-A010609,0,0.3913922071456909,0.41764881610870364,0,0
invalid_consent,1465,V32P-A010610,0,0.40916315317153928,0.43929051160812377,0,0
invalid_consent,1466,V32P-A010611,0,0.36396321654319763,0.39725372791290281,0,0
invalid_consent,1467,V32P-A010612,0,0.31480858027935027,0.34731415808200838,0,0
invalid_consent,1468,V32P-A010613,0,0.24737241566181184,0.27433601021766663,0,0
invalid_consent,1469,V32P-A010614,0,0.10955940037965775,0.1179216518998146,0,0
invalid_consent,1470,V32P-A010615,0,0.82849138975143433,0.83739211559295657,1,1
invalid_consent,1471,V32P-A010618,0,0.49523467421531675,0.51455926895141602,0,0
invalid_consent,1472,V32P-A010619,0,0.46272130608558654,0.48531145453453062,0,0
invalid_consent,1473,V32P-A010620,0,0.17917172908782958,0.18503167927265168,0,0
invalid_consent,1474,V32P-A010699,1,0.67838416099548338,0.67947151660919192,1,1
invalid_consent,1475,V32P-A010700,1,0.58738986253738401,0.58691647052764895,0,0
invalid_consent,1476,V32P-A010701,1,0.62863988876342769,0.63020715117454529,1,1
invalid_consent,1477,V32P-A010702,0,0.1760677844285965,0.1711068034172058,0,0
invalid_consent,1478,V32P-A010703,0,0.097695644944906235,0.089567005634307861,0,0
invalid_consent,1479,V32P-A010704,0,0.043799818865954875,0.039476381614804268,0,0
invalid_consent,1480,V32P-A010741,0,0.84964635372161867,0.85727313756942747,1,1
invalid_consent,1481,V32P-A010742,0,0.74640182256698606,0.7633108854293823,1,1
invalid_consent,1482,V32P-A010743,0,0.64109808206558228,0.67426441907882695,1,1
invalid_consent,1483,V32P-A010744,0,0.62975078821182251,0.64750723838806157,1,1
invalid_consent,1484,V32P-A010745,0,0.58199561834335323,0.59959061145782466,0,0
invalid_consent,1485,V32P-A010746,0,0.25136203765869142,0.26653778553009033,0,0
invalid_consent,1486,V32P-A010831,0,0.74844205379486084,0.75484786033630369,1,1
invalid_consent,1487,V32P-A010832,0,0.5774504959583282,0.58822714090347294,0,0
invalid_consent,1488,V32P-A010833,0,0.46541457176208495,0.48346391916275022,0,0
invalid_consent,1489,V32P-A010834,0,0.55234147310256954,0.56960107684135441,0,0
invalid_consent,1490,V32P-A010835,0,0.34928531646728517,0.36924405694007872,0,0
invalid_consent,1491,V32P-A010836,0,0.15131834894418716,0.15824272930622102,0,0
invalid_consent,1492,V32P-A010873,0,0.65087105035781856,0.67316795587539668,1,1
invalid_consent,1493,V32P-A010874,0,0.64173702001571653,0.66273608207702639,1,1
invalid_consent,1494,V32P-A010875,0,0.65560308694839475,0.67658251523971558,1,1
invalid_consent,1495,V32P-A010876,0,0.63937731981277468,0.66473935842514043,1,1
invalid_consent,1496,V32P-A010877,0,0.60306452512741093,0.63445289134979244,0,1
invalid_consent,1497,V32P-A010878,0,0.39406166076660154,0.4248674213886261,0,0
invalid_consent,1498,V32P-A010903,0,0.40144384503364561,0.41570151448249815,0,0
invalid_consent,1499,V32P-A010904,0,0.49436249732971194,0.51414221525192261,0,0
invalid_consent,1500,V32P-A010905,0,0.47233479619026186,0.49509075880050657,0,0
invalid_consent,1501,V32P-A010906,0,0.41278952956199644,0.43111965656280515,0,0
invalid_consent,1502,V32P-A010907,0,0.34589077830314635,0.35865291953086853,0,0
invalid_consent,1503,V32P-A010908,0,0.027708936110138895,0.026937736384570598,0,0
invalid_consent,1504,V32P-A010951,0,0.74613732099533081,0.77129752635955806,1,1
invalid_consent,1505,V32P-A010952,0,0.66849056482315061,0.69307839870452881,1,1
invalid_consent,1506,V32P-A010953,0,0.62032375335693357,0.64834545850753789,1,1
invalid_consent,1507,V32P-A010954,0,0.54122065901756289,0.58017404675483708,0,0
invalid_consent,1508,V32P-A010955,1,0.46637508273124695,0.51551878452301025,0,0
invalid_consent,1509,V32P-A010956,0,0.040665617957711217,0.038387785106897353,0,0
invalid_consent,1510,V32P-A011089,0,0.59779387712478638,0.62278757095336912,0,1
invalid_consent,1511,V32P-A011092,0,0.41212878823280336,0.45695005655288695,0,0
invalid_consent,1512,V32P-A011093,0,0.3546803891658783,0.40353624820709227,0,0
invalid_consent,1513,V32P-A011094,0,0.17642715871334075,0.2003907084465027,0,0
invalid_consent,1514,V32P-A011215,0,0.63408915996551518,0.66217734813690188,1,1
invalid_consent,1515,V32P-A011216,0,0.53273928761482237,0.57007941603660583,0,0
invalid_consent,1516,V32P-A011217,0,0.46413581967353823,0.50359047055244444,0,0
invalid_consent,1517,V32P-A011218,0,0.38561196923255919,0.429234915971756,0,0
invalid_consent,1518,V32P-A011219,0,0.30582497715950013,0.34709300100803375,0,0
invalid_consent,1519,V32P-A011220,0,0.13067496865987777,0.14580865502357482,0,0
invalid_consent,1520,V32P-A011227,0,0.43357880115509034,0.44024269580841063,0,0
invalid_consent,1521,V32P-A011230,0,0.25246100723743437,0.25992897152900696,0,0
invalid_consent,1522,V32P-A011231,0,0.21108798682689667,0.24125902950763703,0,0
invalid_consent,1523,V32P-A011232,0,0.089841171354055407,0.091986478120088574,0,0
invalid_consent,1524,V32P-A011299,0,0.72920579910278316,0.75129365921020508,1,1
invalid_consent,1525,V32P-A011300,0,0.5017559409141541,0.53758068680763249,0,0
invalid_consent,1526,V32P-A011301,0,0.37350686192512511,0.46083995699882507,0,0
invalid_consent,1527,V32P-A011302,0,0.36843669414520264,0.42214577794075014,0,0
invalid_consent,1528,V32P-A011303,0,0.30380909144878387,0.35573586523532869,0,0
invalid_consent,1529,V32P-A011304,0,0.14013847410678865,0.16094809174537658,0,0
invalid_consent,1530,V32P-A011359,1,0.38289973735809324,0.41218830347061158,0,0
invalid_consent,1531,V32P-A011360,1,0.39527522325515746,0.42809328436851501,0,0
invalid_consent,1532,V32P-A011361,0,0.084705745428800577,0.082861232757568362,0,0
invalid_consent,1533,V32P-A011362,0,0.064644655585289007,0.062393157184123992,0,0
invalid_consent,1534,V32P-A011363,0,0.050296603515744207,0.048234292492270472,0,0
invalid_consent,1535,V32P-A011364,0,0.022684533987194298,0.02132748030126095,0,0
invalid_consent,1536,V32P-A011449,0,0.73788746595382693,0.7542099237442017,1,1
invalid_consent,1537,V32P-A011452,0,0.54426636695861819,0.55619930624961855,0,0
invalid_consent,1538,V32P-A011453,0,0.47055978775024415,0.47824320197105408,0,0
invalid_consent,1539,V32P-A011454,0,0.22891111373901368,0.23234412223100662,0,0
invalid_consent,1540,V32P-A011455,0,0.61287499666213985,0.6215911269187927,0,1
invalid_consent,1541,V32P-A011456,0,0.54048091769218443,0.5523657917976379,0,0
invalid_consent,1542,V32P-A011457,0,0.44170757234096525,0.45440908670425417,0,0
invalid_consent,1543,V32P-A011458,0,0.46367746591567993,0.47159568071365354,0,0
invalid_consent,1544,V32P-A011459,0,0.42994407415390012,0.45509480834007265,0,0
invalid_consent,1545,V32P-A011460,0,0.19018197059631348,0.18941290080547332,0,0
invalid_consent,1546,V32P-A011467,0,0.60771893858909609,0.62843455076217647,0,1
invalid_consent,1547,V32P-A011468,0,0.5728888213634491,0.59523431062698362,0,0
invalid_consent,1548,V32P-A011469,0,0.5408075749874115,0.56255433559417722,0,0
invalid_consent,1549,V32P-A011470,0,0.55348784327507017,0.57570801377296443,0,0
invalid_consent,1550,V32P-A011471,0,0.49323852062225343,0.5157742321491241,0,0
invalid_consent,1551,V32P-A011472,0,0.054482586123049258,0.048804733902215958,0,0
invalid_consent,1552,V32P-A011503,0,0.74426081180572512,0.75491974353790281,1,1
invalid_consent,1553,V32P-A011504,0,0.64129245281219482,0.65777330398559575,1,1
invalid_consent,1554,V32P-A011505,0,0.59292529821395878,0.60646632909774778,0,0
invalid_consent,1555,V32P-A011506,0,0.5395144939422607,0.55322414636611938,0,0
invalid_consent,1556,V32P-A011507,0,0.44665072560310365,0.46524798274040224,0,0
invalid_consent,1557,V32P-A011508,0,0.21493728309869767,0.22965338230133056,0,0
invalid_consent,1558,V32P-A011533,0,0.36970373392105105,0.39775609970092773,0,0
invalid_consent,1559,V32P-A011536,0,0.22888875305652617,0.25771732032299044,0,0
invalid_consent,1560,V32P-A011537,0,0.17677776515483856,0.19875510632991791,0,0
invalid_consent,1561,V32P-A011538,0,0.078554465621709826,0.086837098747491834,0,0
invalid_consent,1562,V32P-A011683,0,0.30869494676589965,0.32390739917755129,0,0
invalid_consent,1563,V32P-A011686,0,0.36356623172760011,0.37656570672988893,0,0
invalid_consent,1564,V32P-A011687,0,0.266439288854599,0.28361875116825103,0,0
invalid_consent,1565,V32P-A011688,0,0.021634617168456317,0.020288094505667688,0,0
invalid_consent,1566,V32P-A011695,0,0.45854370594024657,0.47534497380256652,0,0
invalid_consent,1567,V32P-A011696,0,0.44796331524848937,0.46765583753585815,0,0
invalid_consent,1568,V32P-A011697,0,0.41537736654281615,0.43638899922370911,0,0
invalid_consent,1569,V32P-A011698,0,0.34758389592170713,0.36483170390129088,0,0
invalid_consent,1570,V32P-A011699,0,0.27506507635116578,0.29172135293483736,0,0
invalid_consent,1571,V32P-A011700,0,0.1201040841639042,0.12058723866939544,0,0
invalid_consent,1572,V32P-A011701,0,0.64738546013832088,0.66501479148864751,1,1
invalid_consent,1573,V32P-A011702,0,0.66381527185440059,0.68005449771881099,1,1
invalid_consent,1574,V32P-A011704,1,0.5974116742610931,0.61425274610519409,0,0
invalid_consent,1575,V32P-A011705,0,0.099059934169054037,0.094864832609891897,0,0
invalid_consent,1576,V32P-A011706,0,0.041983294114470479,0.039966537803411487,0,0
invalid_consent,1577,V32P-A011797,1,0.78684940338134768,0.79928983449935909,1,1
invalid_consent,1578,V32P-A011798,1,0.6310911893844604,0.67245336771011355,1,1
invalid_consent,1579,V32P-A011800,0,0.10781365819275379,0.10272872857749463,0,0
invalid_consent,1580,V32P-A011801,0,0.090334235504269597,0.085058435052633288,0,0
invalid_consent,1581,V32P-A011802,0,0.046051291655749081,0.041997406817972663,0,0
invalid_consent,1582,V32P-A011881,1,0.70153332948684688,0.7229752659797668,1,1
invalid_consent,1583,V32P-A011882,1,0.55218421220779423,0.58093345165252686,0,0
invalid_consent,1584,V32P-A011883,0,0.19929934293031693,0.20051127076148986,0,0
invalid_consent,1585,V32P-A011884,0,0.10254337489604951,0.095773413777351379,0,0
invalid_consent,1586,V32P-A011885,0,0.09058272242546081,0.085217916220426557,0,0
invalid_consent,1587,V32P-A011886,0,0.041291110590100287,0.037871211208403109,0,0
invalid_consent,1588,V32P-A011917,0,0.65767138004302983,0.65497771501541135,1,1
invalid_consent,1589,V32P-A011920,0,0.42913906574249266,0.43031767606735227,0,0
invalid_consent,1590,V32P-A011921,0,0.39153046607971193,0.42922972440719603,0,0
invalid_consent,1591,V32P-A011922,0,0.15089541226625441,0.15340561419725418,0,0
invalid_consent,1592,V32P-A011941,0,0.73665612936019897,0.74702225923538212,1,1
invalid_consent,1593,V32P-A011942,0,0.602981960773468,0.61509871482849121,0,0
invalid_consent,1594,V32P-A011943,0,0.52383941411972046,0.54625992774963383,0,0
invalid_consent,1595,V32P-A011944,0,0.39329702854156495,0.43005822896957396,0,0
invalid_consent,1596,V32P-A011945,0,0.31777825057506559,0.35327024757862091,0,0
invalid_consent,1597,V32P-A011946,0,0.16188260167837143,0.1786133587360382,0,0
invalid_consent,1598,V32P-A011983,0,0.76515233516693115,0.79461406469345097,1,1
invalid_consent,1599,V32P-A011984,0,0.76511974334716792,0.79979052543640139,1,1
invalid_consent,1600,V32P-A011985,0,0.70546227693557739,0.73453125953674314,1,1
invalid_consent,1601,V32P-A011986,0,0.7318577766418457,0.75668915510177615,1,1
invalid_consent,1602,V32P-A011987,0,0.64383569359779358,0.67097519636154179,1,1
invalid_consent,1603,V32P-A011988,0,0.063476005196571345,0.058761849999427795,0,0
invalid_consent,1604,V32P-A012019,0,0.79003225564956669,0.78802376985549927,1,1
invalid_consent,1605,V32P-A012020,0,0.62364764213562007,0.62657957077026372,1,1
invalid_consent,1606,V32P-A012022,0,0.59585404396057129,0.59911199212074284,0,0
invalid_consent,1607,V32P-A012023,0,0.42679196000099184,0.43596293926239016,0,0
invalid_consent,1608,V32P-A012024,0,0.035409701056778431,0.032775064185261729,0,0
invalid_consent,1609,V32P-A012043,0,0.61114701628684998,0.63257236480712886,0,1
invalid_consent,1610,V32P-A012044,0,0.46571770310401917,0.48000695109367369,0,0
invalid_consent,1611,V32P-A012045,0,0.42342676520347594,0.43658469915390014,0,0
invalid_consent,1612,V32P-A012046,0,0.34119985103607176,0.35060358643531797,0,0
invalid_consent,1613,V32P-A012047,0,0.25578544139862058,0.26523487865924833,0,0
invalid_consent,1614,V32P-A012048,0,0.11291040182113647,0.11969159096479416,0,0
invalid_consent,1615,V32P-A012061,0,0.62214444875717168,0.62927310466766362,1,1
invalid_consent,1616,V32P-A012064,0,0.36100254654884339,0.3729788839817047,0,0
invalid_consent,1617,V32P-A012065,0,0.27168900370597837,0.27973713278770446,0,0
invalid_consent,1618,V32P-A012066,0,0.10920805782079697,0.11029455065727234,0,0
invalid_consent,1619,V32P-A012091,0,0.84271939992904665,0.85533837080001829,1,1
invalid_consent,1620,V32P-A012092,0,0.76792227029800419,0.78156994581222539,1,1
invalid_consent,1621,V32P-A012093,0,0.74409221410751347,0.75817288160324092,1,1
invalid_consent,1622,V32P-A012094,0,0.71381697654724119,0.72784477472305298,1,1
invalid_consent,1623,V32P-A012095,0,0.74055063724517822,0.7537972211837769,1,1
invalid_consent,1624,V32P-A012096,0,0.50740708708763127,0.5306653499603271,0,0
invalid_consent,1625,V32P-A012109,1,0.78219559192657473,0.79987175464630123,1,1
invalid_consent,1626,V32P-A012110,1,0.64500223398208623,0.67243124246597286,1,1
invalid_consent,1627,V32P-A012111,1,0.6922702312469482,0.71453057527542119,1,1
invalid_consent,1628,V32P-A012112,0,0.10028538778424263,0.094556374102830881,0,0
invalid_consent,1629,V32P-A012113,0,0.079092853143811231,0.072749956697225573,0,0
invalid_consent,1630,V32P-A012114,0,0.033751247730106113,0.029247251152992249,0,0
invalid_consent,1631,V32P-A012133,0,0.61569473743438718,0.63716912269592285,0,1
invalid_consent,1632,V32P-A012134,0,0.50718495845794676,0.53235259652137756,0,0
invalid_consent,1633,V32P-A012135,0,0.4793244540691376,0.49959055781364442,0,0
invalid_consent,1634,V32P-A012136,0,0.40748953819274902,0.42722523212432861,0,0
invalid_consent,1635,V32P-A012137,0,0.32652744948863982,0.34370161294937135,0,0
invalid_consent,1636,V32P-A012138,0,0.13429920226335526,0.14329467713832855,0,0
invalid_consent,1637,V32P-A012142,1,0.57340834140777586,0.58820643424987795,0,0
invalid_consent,1638,V32P-A012143,0,0.081667126715183253,0.078407870233058924,0,0
invalid_consent,1639,V32P-A012144,0,0.037218660116195679,0.034404850937426089,0,0
invalid_consent,1640,V32P-A012151,0,0.59803555011749265,0.59552003741264348,0,0
invalid_consent,1641,V32P-A012152,0,0.53727481961250301,0.53861909508705141,0,0
invalid_consent,1642,V32P-A012153,0,0.46957982778549195,0.4729874014854431,0,0
invalid_consent,1643,V32P-A012154,0,0.38038753867149355,0.38449310064315795,0,0
invalid_consent,1644,V32P-A012155,0,0.30799414217472076,0.31627590954303741,0,0
invalid_consent,1645,V32P-A012156,0,0.15688642747700215,0.15406195297837258,0,0
invalid_consent,1646,V32P-A012169,0,0.77177715301513672,0.79216117858886714,1,1
invalid_consent,1647,V32P-A012170,0,0.71963827610015874,0.7509017705917358,1,1
invalid_consent,1648,V32P-A012171,0,0.61220530271530149,0.63869400024414058,0,1
invalid_consent,1649,V32P-A012172,0,0.53743712902069096,0.56360753774642947,0,0
invalid_consent,1650,V32P-A012173,1,0.50059458613395691,0.5296422958374023,0,0
invalid_consent,1651,V32P-A012174,0,0.043067090213298798,0.040011778101325036,0,0
invalid_consent,1652,V32P-A012247,0,0.77445510625839231,0.78128566741943362,1,1
invalid_consent,1653,V32P-A012248,0,0.58765476942062378,0.60420994758605961,0,0
invalid_consent,1654,V32P-A012249,0,0.5228665232658386,0.53757833242416386,0,0
invalid_consent,1655,V32P-A012250,0,0.58364839553833003,0.6010312080383301,0,0
invalid_consent,1656,V32P-A012251,0,0.40351980924606323,0.4250922739505768,0,0
invalid_consent,1657,V32P-A012252,0,0.17264278829097748,0.18036261647939683,0,0
invalid_consent,1658,V32P-A012253,0,0.59228023290634157,0.62171902656555178,0,1
invalid_consent,1659,V32P-A012254,0,0.69764152765274046,0.7390674352645874,1,1
invalid_consent,1660,V32P-A012255,0,0.46337508559226992,0.49466299414634707,0,0
invalid_consent,1661,V32P-A012256,1,0.4080041289329529,0.43735221028327942,0,0
invalid_consent,1662,V32P-A012257,0,0.06870424747467041,0.064335583522915837,0,0
invalid_consent,1663,V32P-A012258,0,0.030899329483509062,0.028137903101742266,0,0
invalid_consent,1664,V32P-A012331,0,0.60067908763885502,0.62362903356552124,0,1
invalid_consent,1665,V32P-A012332,0,0.55493209362030027,0.57835477590560913,0,0
invalid_consent,1666,V32P-A012333,0,0.56517769098281856,0.58722209930419922,0,0
invalid_consent,1667,V32P-A012334,0,0.53464968800544743,0.55994720458984371,0,0
invalid_consent,1668,V32P-A012335,0,0.47564536333084106,0.50577469468116765,0,0
invalid_consent,1669,V32P-A012336,0,0.26559699773788453,0.28195390999317171,0,0
invalid_consent,1670,V32P-A012337,0,0.35527648329734801,0.37314333021640778,0,0
invalid_consent,1671,V32P-A012338,0,0.39190745949745176,0.41513121724128721,0,0
invalid_consent,1672,V32P-A012339,0,0.44697505831718443,0.47922427058219907,0,0
invalid_consent,1673,V32P-A012340,0,0.36433656811714171,0.39885699152946474,0,0
invalid_consent,1674,V32P-A012341,0,0.30476552248001099,0.3383790671825409,0,0
invalid_consent,1675,V32P-A012342,0,0.12709954530000686,0.14010500013828278,0,0
invalid_consent,1676,V32P-A012421,0,0.57322084903717041,0.57255492210388181,0,0
invalid_consent,1677,V32P-A012422,0,0.51509473323822019,0.51473429203033449,0,0
invalid_consent,1678,V32P-A012423,0,0.44605085849761961,0.45289004445075987,0,0
invalid_consent,1679,V32P-A012424,0,0.33414592444896696,0.3454045683145523,0,0
invalid_consent,1680,V32P-A012425,0,0.25429416894912721,0.26485334634780883,0,0
invalid_consent,1681,V32P-A012426,0,0.10701426267623901,0.11219854652881622,0,0
invalid_consent,1682,V32P-A012469,0,0.55273216962814331,0.59809136390686035,0,0
invalid_consent,1683,V32P-A012470,0,0.53984109759330745,0.58367694616317745,0,0
invalid_consent,1684,V32P-A012471,0,0.49896051287651061,0.5392102718353271,0,0
invalid_consent,1685,V32P-A012472,0,0.41980631947517394,0.45487298369407653,0,0
invalid_consent,1686,V32P-A012473,0,0.34352656006813048,0.365592759847641,0,0
invalid_consent,1687,V32P-A012474,0,0.18534952104091645,0.18863147795200347,0,0
invalid_consent,1688,V32P-A012487,0,0.34745834469795228,0.37848599553108214,0,0
invalid_consent,1689,V32P-A012488,0,0.40216785669326782,0.43307418823242189,0,0
invalid_consent,1690,V32P-A012490,0,0.40319412350654604,0.42332992553710935,0,0
invalid_consent,1691,V32P-A012491,0,0.36054567694664003,0.37487722039222715,0,0
invalid_consent,1692,V32P-A012492,0,0.19339639246463775,0.20600033849477767,0,0
invalid_consent,1693,V32P-A012553,0,0.33867409825325012,0.32424694597721099,0,0
invalid_consent,1694,V32P-A012554,0,0.4044328987598419,0.38465689420700072,0,0
invalid_consent,1695,V32P-A012555,0,0.38446224927902223,0.36708551049232485,0,0
invalid_consent,1696,V32P-A012556,0,0.32673405408859252,0.31365440487861634,0,0
invalid_consent,1697,V32P-A012557,0,0.26188581287860868,0.25127783119678498,0,0
invalid_consent,1698,V32P-A012558,0,0.11360648423433303,0.10809550881385803,0,0
invalid_consent,1699,V32P-A012595,1,0.76266467571258545,0.78901437520980833,1,1
invalid_consent,1700,V32P-A012596,1,0.62817724943161013,0.68052409887313847,1,1
invalid_consent,1701,V32P-A012597,1,0.51412399411201481,0.55655382275581355,0,0
invalid_consent,1702,V32P-A012598,0,0.081519515067338941,0.082354170829057688,0,0
invalid_consent,1703,V32P-A012599,0,0.058190814405679706,0.058037757128477099,0,0
invalid_consent,1704,V32P-A012600,0,0.023885689489543439,0.023389422707259654,0,0
invalid_consent,1705,V32P-A012703,0,0.76977833509445193,0.77979481220245361,1,1
invalid_consent,1706,V32P-A012704,0,0.63038895130157468,0.65143123865127561,1,1
invalid_consent,1707,V32P-A012705,0,0.69564158916473384,0.70860095024108882,1,1
invalid_consent,1708,V32P-A012706,0,0.68845049142837522,0.69667016267776494,1,1
invalid_consent,1709,V32P-A012707,0,0.62765868902206423,0.63692859411239622,1,1
invalid_consent,1710,V32P-A012708,0,0.41140524744987489,0.41447479724884034,0,0
invalid_consent,1711,V32P-A012739,0,0.74713513851165769,0.75863006114959719,1,1
invalid_consent,1712,V32P-A012740,0,0.64383654594421391,0.66443381309509275,1,1
invalid_consent,1713,V32P-A012741,0,0.57001128196716311,0.59082354307174678,0,0
invalid_consent,1714,V32P-A012742,0,0.4480455219745636,0.47158554792404173,0,0
invalid_consent,1715,V32P-A012743,0,0.3394824802875519,0.36224547028541565,0,0
invalid_consent,1716,V32P-A012744,0,0.13994535505771638,0.14633045345544815,0,0
invalid_consent,1717,V32P-A012805,0,0.82939512729644771,0.82865066528320308,1,1
invalid_consent,1718,V32P-A012806,0,0.73145469427108767,0.73574312925338747,1,1
invalid_consent,1719,V32P-A012807,0,0.6686852812767029,0.68402830362319944,1,1
invalid_consent,1720,V32P-A012808,0,0.64705829620361333,0.64454467296600337,1,1
invalid_consent,1721,V32P-A012809,0,0.6300165057182312,0.61808760166168208,1,0
invalid_consent,1722,V32P-A012810,0,0.30913456082344054,0.30946872830390931,0,0
invalid_consent,1723,V32P-A012889,0,0.67948806285858154,0.69983490705490115,1,1
invalid_consent,1724,V32P-A012892,0,0.61382128000259395,0.62639070749282832,0,1
invalid_consent,1725,V32P-A012893,1,0.53526233434677128,0.56651633381843569,0,0
invalid_consent,1726,V32P-A012894,0,0.050308691710233687,0.046219232678413394,0,0
invalid_consent,1727,V32P-A012907,0,0.58630815744400022,0.59256647825241093,0,0
invalid_consent,1728,V32P-A012908,0,0.49395764470100401,0.49842412471771241,0,0
invalid_consent,1729,V32P-A012909,0,0.43974443674087527,0.44652241468429565,0,0
invalid_consent,1730,V32P-A012910,0,0.36473708152770995,0.37720741629600524,0,0
invalid_consent,1731,V32P-A012911,0,0.28668036162853239,0.29901152253150942,0,0
invalid_consent,1732,V32P-A012912,0,0.1366347074508667,0.14086492210626603,0,0
invalid_consent,1733,V32P-A012943,0,0.64991915225982666,0.65861185789108279,1,1
invalid_consent,1734,V32P-A012944,0,0.50408369898796079,0.50814847946166997,0,0
invalid_consent,1735,V32P-A012945,0,0.42047904729843139,0.42163978815078734,0,0
invalid_consent,1736,V32P-A012946,0,0.4328418791294098,0.42807657718658448,0,0
invalid_consent,1737,V32P-A012947,0,0.39494436979293823,0.38338766098022459,0,0
invalid_consent,1738,V32P-A012948,0,0.14265616834163666,0.13972262442111968,0,0
invalid_consent,1739,V32P-A012979,0,0.62835506200790403,0.64916906356811521,1,1
invalid_consent,1740,V32P-A012980,0,0.65403683185577388,0.66750507354736333,1,1
invalid_consent,1741,V32P-A012981,0,0.68066992759704592,0.6963261485099792,1,1
invalid_consent,1742,V32P-A012982,1,0.67392176389694214,0.69011032581329346,1,1
invalid_consent,1743,V32P-A012983,0,0.10279108881950379,0.098092153668403625,0,0
invalid_consent,1744,V32P-A012984,0,0.044321110099554063,0.042163942568004133,0,0
invalid_consent,1745,V32P-A013015,0,0.73751926422119141,0.74986176490783696,1,1
invalid_consent,1746,V32P-A013016,0,0.50225970149040222,0.52203709483146665,0,0
invalid_consent,1747,V32P-A013017,0,0.41219482421874998,0.43053851127624509,0,0
invalid_consent,1748,V32P-A013018,0,0.33773805499076842,0.35397843122482298,0,0
invalid_consent,1749,V32P-A013019,0,0.30025797784328462,0.31676582396030428,0,0
invalid_consent,1750,V32P-A013020,0,0.14566899985074996,0.15241798311471938,0,0
invalid_consent,1751,V32P-A013027,0,0.4139390468597412,0.42181639075279237,0,0
invalid_consent,1752,V32P-A013028,0,0.47994786500930786,0.4917570471763611,0,0
invalid_consent,1753,V32P-A013029,0,0.41245325207710265,0.44115735888481139,0,0
invalid_consent,1754,V32P-A013030,0,0.36319172382354736,0.36661943793296814,0,0
invalid_consent,1755,V32P-A013031,0,0.33439462482929228,0.34071881473064425,0,0
invalid_consent,1756,V32P-A013032,0,0.15412592887878418,0.15888728797435761,0,0
invalid_consent,1757,V32P-A013123,0,0.58297313451766963,0.58651044368743899,0,0
invalid_consent,1758,V32P-A013124,0,0.72781603336334233,0.74713944196701054,1,1
invalid_consent,1759,V32P-A013125,0,0.49316419959068297,0.48845511674880981,0,0
invalid_consent,1760,V32P-A013126,1,0.39450024366378783,0.39701033830642701,0,0
invalid_consent,1761,V32P-A013127,0,0.057175144925713538,0.053403780236840247,0,0
invalid_consent,1762,V32P-A013128,0,0.023312497511506082,0.022281420230865479,0,0
invalid_consent,1763,V32P-A013183,0,0.58536385893821719,0.60098853111267092,0,0
invalid_consent,1764,V32P-A013184,0,0.57686705589294429,0.59012535810470579,0,0
invalid_consent,1765,V32P-A013186,0,0.47187260985374452,0.48710959553718569,0,0
invalid_consent,1766,V32P-A013187,0,0.38731066584587098,0.40402657985687257,0,0
invalid_consent,1767,V32P-A013188,0,0.028620972856879236,0.027486418187618256,0,0
invalid_consent,1768,V32P-A013207,0,0.49491508007049562,0.49187059998512267,0,0
invalid_consent,1769,V32P-A013208,0,0.56837724447250371,0.56411255598068233,0,0
invalid_consent,1770,V32P-A013209,0,0.6365647435188293,0.63306705951690678,1,1
invalid_consent,1771,V32P-A013210,0,0.605959165096283,0.6014687299728394,0,0
invalid_consent,1772,V32P-A013211,1,0.56895443797111511,0.56923278570175173,0,0
invalid_consent,1773,V32P-A013212,0,0.061130860447883607,0.056614336743950847,0,0
invalid_consent,1774,V32P-A013267,0,0.32913541793823242,0.35176053643226624,0,0
invalid_consent,1775,V32P-A013268,0,0.37824374437332153,0.40862071514129639,0,0
invalid_consent,1776,V32P-A013269,0,0.33378946185112002,0.36538116335868837,0,0
invalid_consent,1777,V32P-A013270,0,0.24979106485843658,0.28216018378734586,0,0
invalid_consent,1778,V32P-A013271,0,0.18209357857704161,0.20988613963127137,0,0
invalid_consent,1779,V32P-A013272,0,0.073402571678161624,0.081284458190202719,0,0
invalid_consent,1780,V32P-A013291,0,0.40574931502342226,0.40229442715644836,0,0
invalid_consent,1781,V32P-A013292,0,0.4690671920776367,0.46429336071014404,0,0
invalid_consent,1782,V32P-A013293,0,0.44214556813240052,0.44246901869773864,0,0
invalid_consent,1783,V32P-A013294,1,0.35843848586082461,0.36769318580627441,0,0
invalid_consent,1784,V32P-A013295,0,0.055601666867733004,0.051936392113566397,0,0
invalid_consent,1785,V32P-A013296,0,0.024689340498298407,0.023166979476809502,0,0
invalid_consent,1786,V32P-A013399,0,0.49719850420951844,0.53710940480232239,0,0
invalid_consent,1787,V32P-A013400,0,0.44865127205848693,0.49156606793403623,0,0
invalid_consent,1788,V32P-A013401,0,0.39772201776504518,0.44127162098884581,0,0
invalid_consent,1789,V32P-A013402,0,0.32138472199440005,0.36056368350982665,0,0
invalid_consent,1790,V32P-A013403,0,0.25645915269851682,0.2914693385362625,0,0
invalid_consent,1791,V32P-A013404,0,0.11236274242401123,0.1295515164732933,0,0
invalid_consent,1792,V32P-A013417,0,0.6307782649993896,0.65282495021820064,1,1
invalid_consent,1793,V32P-A013420,0,0.52187590599060063,0.55181938409805298,0,0
invalid_consent,1794,V32P-A013421,0,0.45591393113136292,0.48694430589675902,0,0
invalid_consent,1795,V32P-A013422,0,0.21928135454654693,0.23740569949150087,0,0
invalid_consent,1796,V32P-A013447,1,0.61436158418655396,0.65408463478088374,0,1
invalid_consent,1797,V32P-A013448,1,0.48845700025558469,0.53055911660194399,0,0
invalid_consent,1798,V32P-A013450,0,0.13345407694578171,0.13974650353193283,0,0
invalid_consent,1799,V32P-A013451,0,0.082591283321380618,0.084780624508857733,0,0
invalid_consent,1800,V32P-A013452,0,0.037060200423002246,0.03676758445799351,0,0
invalid_consent,1801,V32P-A013471,0,0.77872889041900639,0.78539870977401738,1,1
invalid_consent,1802,V32P-A013472,0,0.64732204675674443,0.64940284490585332,1,1
invalid_consent,1803,V32P-A013473,0,0.58137084245681758,0.58003636598587038,0,0
invalid_consent,1804,V32P-A013474,0,0.59267771244049072,0.59298325777053829,0,0
invalid_consent,1805,V32P-A013475,0,0.55539631843566895,0.55330615639686587,0,0
invalid_consent,1806,V32P-A013476,0,0.035079989954829215,0.034084101952612397,0,0
invalid_consent,1807,V32P-A013507,0,0.57998659610748293,0.60030722618103027,0,0
invalid_consent,1808,V32P-A013510,0,0.45234311819076539,0.4814718425273895,0,0
invalid_consent,1809,V32P-A013511,0,0.36546939015388491,0.39533839225769041,0,0
invalid_consent,1810,V32P-A013512,0,0.16705784797668458,0.18143498003482819,0,0
invalid_consent,1811,V32P-A013519,0,0.71873035430908205,0.72398536205291752,1,1
invalid_consent,1812,V32P-A013522,0,0.50887165665626521,0.50865241289138796,0,0
invalid_consent,1813,V32P-A013523,0,0.46547443270683286,0.46372595429420471,0,0
invalid_consent,1814,V32P-A013524,0,0.18703104108572005,0.18817797601222991,0,0
invalid_consent,1815,V32P-A013549,0,0.79081676006317136,0.79075616598129272,1,1
invalid_consent,1816,V32P-A013550,0,0.69392826557159426,0.70257399082183836,1,1
invalid_consent,1817,V32P-A013552,0,0.51710631251335148,0.52444285154342651,0,0
invalid_consent,1818,V32P-A013553,0,0.4378125727176666,0.44233444333076477,0,0
invalid_consent,1819,V32P-A013554,0,0.21405405998229982,0.20867473781108856,0,0
invalid_consent,1820,V32P-A013606,0,0.4793964087963104,0.48876402974128724,0,0
invalid_consent,1821,V32P-A013607,0,0.48062603473663329,0.48403699994087218,0,0
invalid_consent,1822,V32P-A013608,0,0.33592554926872253,0.32785034477710723,0,0
invalid_consent,1823,V32P-A013633,0,0.6735926747322083,0.69001035690307622,1,1
invalid_consent,1824,V32P-A013634,0,0.52802960872650151,0.54339098930358887,0,0
invalid_consent,1825,V32P-A013635,0,0.44166472554206848,0.45486634373664858,0,0
invalid_consent,1826,V32P-A013636,0,0.38871576786041262,0.40575892329216001,0,0
invalid_consent,1827,V32P-A013637,0,0.32148251533508299,0.34010724425315858,0,0
invalid_consent,1828,V32P-A013638,0,0.16101035475730896,0.17063542604446411,0,0
invalid_consent,1829,V32P-A013663,0,0.63192528486251831,0.65923137664794917,1,1
invalid_consent,1830,V32P-A013664,0,0.4588678777217865,0.52036255002021792,0,0
invalid_consent,1831,V32P-A013665,0,0.46404127478599549,0.49439269304275513,0,0
invalid_consent,1832,V32P-A013666,0,0.39172056317329407,0.42923530340194704,0,0
invalid_consent,1833,V32P-A013667,0,0.30818946957588195,0.34355880618095397,0,0
invalid_consent,1834,V32P-A013668,0,0.025707836821675302,0.025298179313540458,0,0
invalid_consent,1835,V32P-A013759,0,0.62725332975387571,0.65169372558593752,1,1
invalid_consent,1836,V32P-A013760,0,0.6329787611961365,0.65643640756607058,1,1
invalid_consent,1837,V32P-A013761,0,0.65357382297515865,0.67864092588424685,1,1
invalid_consent,1838,V32P-A013762,0,0.61719276905059817,0.64709018468856816,0,1
invalid_consent,1839,V32P-A013763,0,0.53382421135902403,0.56992602348327637,0,0
invalid_consent,1840,V32P-A013764,0,0.29258407652378082,0.31529042720794676,0,0
invalid_consent,1841,V32P-A013765,0,0.67306940555572514,0.69527854919433596,1,1
invalid_consent,1842,V32P-A013766,0,0.4999633193016052,0.53401639461517336,0,0
invalid_consent,1843,V32P-A013767,0,0.35187172889709473,0.43216904401779177,0,0
invalid_consent,1844,V32P-A013768,0,0.34380591511726377,0.38774948120117186,0,0
invalid_consent,1845,V32P-A013769,0,0.31016835272312165,0.34896804988384245,0,0
invalid_consent,1846,V32P-A013770,0,0.13700141310691832,0.15022681951522826,0,0
invalid_consent,1847,V32P-A013771,0,0.69134441614150999,0.68882170915603635,1,1
invalid_consent,1848,V32P-A013772,0,0.57119784355163572,0.565010541677475,0,0
invalid_consent,1849,V32P-A013773,0,0.51713108420372011,0.50775538682937627,0,0
invalid_consent,1850,V32P-A013774,0,0.37132184505462645,0.36763638854026792,0,0
invalid_consent,1851,V32P-A013775,0,0.26922506392002105,0.27203266620635985,0,0
invalid_consent,1852,V32P-A013776,0,0.10282320827245713,0.10528856888413429,0,0
invalid_consent,1853,V32P-A013783,0,0.3881261169910431,0.38182746171951293,0,0
invalid_consent,1854,V32P-A013786,0,0.38695701956748962,0.39255913794040681,0,0
invalid_consent,1855,V32P-A013787,0,0.31277492344379426,0.32335444688796999,0,0
invalid_consent,1856,V32P-A013788,0,0.14196713566780089,0.14766836762428284,0,0
invalid_consent,1857,V32P-A013789,0,0.31759729981422424,0.31748371124267577,0,0
invalid_consent,1858,V32P-A013792,0,0.22969054579734802,0.22498079538345336,0,0
invalid_consent,1859,V32P-A013793,0,0.20415608882904052,0.20143387764692305,0,0
invalid_consent,1860,V32P-A013794,0,0.085232472419738775,0.084659241139888763,0,0
invalid_consent,1861,V32P-A013795,0,0.48954684138298032,0.50941781401634212,0,0
invalid_consent,1862,V32P-A013796,0,0.3842109739780426,0.40675006508827211,0,0
invalid_consent,1863,V32P-A013797,0,0.31205793917179109,0.3310805022716522,0,0
invalid_consent,1864,V32P-A013798,0,0.24082004129886628,0.25571165382862093,0,0
invalid_consent,1865,V32P-A013799,0,0.185562364757061,0.1964057981967926,0,0
invalid_consent,1866,V32P-A013800,0,0.07958702221512795,0.082039459794759753,0,0
invalid_consent,1867,V32P-A013807,0,0.63152015209197998,0.65533033609390257,1,1
invalid_consent,1868,V32P-A013808,0,0.66046737432479863,0.68560761213302612,1,1
invalid_consent,1869,V32P-A013810,0,0.6375003457069397,0.66701815128326414,1,1
invalid_consent,1870,V32P-A013811,0,0.56183590292930607,0.59388148188591006,0,0
invalid_consent,1871,V32P-A013812,0,0.34775327146053314,0.37480756938457488,0,0
invalid_consent,1872,V32P-A013837,0,0.60305268764495845,0.6049998819828033,0,0
invalid_consent,1873,V32P-A013838,0,0.51094954609870913,0.51115620732307432,0,0
invalid_consent,1874,V32P-A013839,0,0.46483259201049804,0.46539602279663084,0,0
invalid_consent,1875,V32P-A013840,0,0.39045125842094419,0.4009430229663849,0,0
invalid_consent,1876,V32P-A013841,0,0.37805855274200439,0.39158111810684204,0,0
invalid_consent,1877,V32P-A013842,0,0.18332918286323546,0.18544032573699951,0,0
invalid_consent,1878,V32P-A013897,0,0.5742376863956451,0.58562470674514766,0,0
invalid_consent,1879,V32P-A013898,0,0.43215796947479246,0.46046964526176454,0,0
invalid_consent,1880,V32P-A013899,0,0.43233124017715452,0.43799842000007627,0,0
invalid_consent,1881,V32P-A013900,0,0.41494206190109251,0.42120945453643799,0,0
invalid_consent,1882,V32P-A013901,0,0.38184548616409303,0.38058897852897644,0,0
invalid_consent,1883,V32P-A013902,0,0.18663990199565889,0.18327797055244446,0,0
invalid_consent,1884,V32P-A013927,0,0.53773040175437925,0.55710595250129702,0,0
invalid_consent,1885,V32P-A013928,0,0.48285351395606996,0.50749331116676333,0,0
invalid_consent,1886,V32P-A013929,0,0.50579674243926998,0.53129082322120669,0,0
invalid_consent,1887,V32P-A013930,0,0.4201137602329254,0.45229151248931887,0,0
invalid_consent,1888,V32P-A013931,0,0.3487264424562454,0.37425726354122163,0,0
invalid_consent,1889,V32P-A013932,0,0.16341198533773421,0.17336392700672149,0,0
invalid_consent,1890,V32P-A013939,1,0.39980561733245851,0.42022583484649656,0,0
invalid_consent,1891,V32P-A013942,0,0.069957375153899187,0.065737952664494517,0,0
invalid_consent,1892,V32P-A013943,0,0.049329872801899911,0.045905257016420363,0,0
invalid_consent,1893,V32P-A013944,0,0.02183414837345481,0.020103224925696848,0,0
invalid_consent,1894,V32P-A013951,0,0.69210169315338133,0.69970155954360957,1,1
invalid_consent,1895,V32P-A013952,0,0.55482998490333557,0.56944342851638796,0,0
invalid_consent,1896,V32P-A013953,0,0.49801365137100218,0.51378894448280332,0,0
invalid_consent,1897,V32P-A013954,0,0.53408178687095642,0.54657516479492185,0,0
invalid_consent,1898,V32P-A013955,0,0.41708952784538267,0.43435124158859251,0,0
invalid_consent,1899,V32P-A013956,0,0.16145080775022508,0.16817377060651778,0,0
invalid_consent,1900,V32P-A014041,0,0.5747192859649658,0.57902882099151609,0,0
invalid_consent,1901,V32P-A014042,0,0.56149994134902959,0.56636228561401369,0,0
invalid_consent,1902,V32P-A014044,0,0.50800898671150208,0.52183994054794314,0,0
invalid_consent,1903,V32P-A014045,0,0.43722015023231509,0.45550846457481386,0,0
invalid_consent,1904,V32P-A014046,0,0.21917679011821747,0.23100295662879944,0,0
invalid_consent,1905,V32P-A014083,0,0.59781576395034786,0.62272468805313108,0,1
invalid_consent,1906,V32P-A014084,0,0.52095711827278135,0.57700455784797666,0,0
invalid_consent,1907,V32P-A014085,0,0.4232791244983673,0.45018674731254577,0,0
invalid_consent,1908,V32P-A014086,0,0.33344722390174864,0.35467716455459597,0,0
invalid_consent,1909,V32P-A014087,0,0.26128346323966978,0.27967128455638884,0,0
invalid_consent,1910,V32P-A014088,0,0.11342953145503998,0.12134832143783569,0,0
invalid_consent,1911,V32P-A014101,0,0.74049723148345947,0.74562495946884155,1,1
invalid_consent,1912,V32P-A014102,0,0.66856881380081179,0.67582795619964597,1,1
invalid_consent,1913,V32P-A014104,0,0.62713746428489681,0.63629564046859743,1,1
invalid_consent,1914,V32P-A014105,0,0.55827230215072632,0.5716616749763489,0,0
invalid_consent,1915,V32P-A014106,0,0.26306208074092863,0.26325193345546721,0,0
invalid_consent,1916,V32P-A014107,0,0.51052100062370298,0.52610262036323552,0,0
invalid_consent,1917,V32P-A014108,0,0.54086819887161253,0.55044881105422971,0,0
invalid_consent,1918,V32P-A014109,0,0.44126645326614378,0.44676271080970764,0,0
invalid_consent,1919,V32P-A014110,0,0.3530107796192169,0.36043440103530883,0,0
invalid_consent,1920,V32P-A014111,0,0.28690750598907472,0.29762766957283021,0,0
invalid_consent,1921,V32P-A014112,0,0.024768229387700558,0.023240366950631142,0,0
invalid_consent,1922,V32P-A014131,0,0.60931253433227539,0.61816583871841435,0,0
invalid_consent,1923,V32P-A014134,0,0.47959387898445127,0.48939279317855833,0,0
invalid_consent,1924,V32P-A014135,0,0.38505752682685851,0.39239876866340639,0,0
invalid_consent,1925,V32P-A014136,0,0.1862935796380043,0.1901007041335106,0,0
invalid_consent,1926,V32P-A014143,0,0.85807334184646611,0.86334398984909055,1,1
invalid_consent,1927,V32P-A014144,0,0.77339652776718137,0.78447958230972292,1,1
invalid_consent,1928,V32P-A014145,0,0.69475874900817869,0.70904445648193359,1,1
invalid_consent,1929,V32P-A014146,0,0.62662329673767092,0.64247115850448611,1,1
invalid_consent,1930,V32P-A014147,1,0.53562579154968259,0.55423669219017024,0,0
invalid_consent,1931,V32P-A014148,0,0.05658366121351719,0.05422303043305874,0,0
invalid_consent,1932,V32P-A014173,0,0.57652282118797304,0.60667635202407832,0,0
invalid_consent,1933,V32P-A014174,0,0.49211105704307556,0.5473000705242157,0,0
invalid_consent,1934,V32P-A014175,0,0.49831621646881102,0.53071026802062993,0,0
invalid_consent,1935,V32P-A014176,0,0.48226149678230285,0.52072091102600093,0,0
invalid_consent,1936,V32P-A014177,0,0.43296794891357421,0.46911538839340211,0,0
invalid_consent,1937,V32P-A014178,0,0.21461724042892455,0.22863851785659789,0,0
invalid_consent,1938,V32P-A014209,0,0.59474556446075444,0.60492969751358028,0,0
invalid_consent,1939,V32P-A014210,0,0.60760838985443111,0.61340324878692631,0,0
invalid_consent,1940,V32P-A014211,0,0.53813449740409847,0.5436855614185333,0,0
invalid_consent,1941,V32P-A014212,0,0.45672558546066283,0.46433429121971131,0,0
invalid_consent,1942,V32P-A014213,0,0.38224937915802004,0.38667033910751342,0,0
invalid_consent,1943,V32P-A014214,0,0.167409810423851,0.16908015161752701,0,0
invalid_consent,1944,V32P-A014305,0,0.44833717942237855,0.4632325232028961,0,0
invalid_consent,1945,V32P-A014306,0,0.40743900537490846,0.42021198272705079,0,0
invalid_consent,1946,V32P-A014307,0,0.37404350638389589,0.38627782464027405,0,0
invalid_consent,1947,V32P-A014308,0,0.30601045191287995,0.31569984257221223,0,0
invalid_consent,1948,V32P-A014309,0,0.23984124660491943,0.24868353903293611,0,0
invalid_consent,1949,V32P-A014310,0,0.10678033679723739,0.10987326800823212,0,0
invalid_consent,1950,V32P-A014317,0,0.59403222799301147,0.62652220726013186,0,1
invalid_consent,1951,V32P-A014318,0,0.44872322082519533,0.48313735127449037,0,0
invalid_consent,1952,V32P-A014319,0,0.43340749144554136,0.47706059813499452,0,0
invalid_consent,1953,V32P-A014320,0,0.35688154101371766,0.40700039267539978,0,0
invalid_consent,1954,V32P-A014321,0,0.28564074933528899,0.33093670904636385,0,0
invalid_consent,1955,V32P-A014322,0,0.022166123241186143,0.021896210685372352,0,0
invalid_consent,1956,V32P-A014365,0,0.5762125551700592,0.59701484441757202,0,0
invalid_consent,1957,V32P-A014368,0,0.53418964147567749,0.56031268835067749,0,0
invalid_consent,1958,V32P-A014369,0,0.47495378255844117,0.50205307602882387,0,0
invalid_consent,1959,V32P-A014370,0,0.27473662495613099,0.28993869125843047,0,0
invalid_consent,1960,V32P-A014407,0,0.48128495812416078,0.51269305348396299,0,0
invalid_consent,1961,V32P-A014408,0,0.46378161907196047,0.49252626895904539,0,0
invalid_consent,1962,V32P-A014409,0,0.35951501727104185,0.41150385141372681,0,0
invalid_consent,1963,V32P-A014410,0,0.35589480400085449,0.37891076803207396,0,0
invalid_consent,1964,V32P-A014411,0,0.27983518838882449,0.29768353700637817,0,0
invalid_consent,1965,V32P-A014412,0,0.12007111459970474,0.12798157483339309,0,0
invalid_consent,1966,V32P-A014431,0,0.7165777921676636,0.74766237735748287,1,1
invalid_consent,1967,V32P-A014432,0,0.63835698366165161,0.67596745491027832,1,1
invalid_consent,1968,V32P-A014433,0,0.53428442478179927,0.59616954326629634,0,0
invalid_consent,1969,V32P-A014434,1,0.5336576044559479,0.58059346675872803,0,0
invalid_consent,1970,V32P-A014435,0,0.071508523821830747,0.075948958843946451,0,0
invalid_consent,1971,V32P-A014436,0,0.03036809228360653,0.030631742253899575,0,0
invalid_consent,1972,V32P-A014509,0,0.37140384316444397,0.41118785440921785,0,0
invalid_consent,1973,V32P-A014510,0,0.40135350525379182,0.44430566430091856,0,0
invalid_consent,1974,V32P-A014511,0,0.40141226351261139,0.44742491245269778,0,0
invalid_consent,1975,V32P-A014512,0,0.34474201500415802,0.38840274810791015,0,0
invalid_consent,1976,V32P-A014513,1,0.29104568362236022,0.3281515449285507,0,0
invalid_consent,1977,V32P-A014514,0,0.025840465817600487,0.023231270071119071,0,0
invalid_consent,1978,V32P-A014533,0,0.50222923159599309,0.54970731139183049,0,0
invalid_consent,1979,V32P-A014534,0,0.47682682275772093,0.52283754348754885,0,0
invalid_consent,1980,V32P-A014536,0,0.29596685767173769,0.31798914074897766,0,0
invalid_consent,1981,V32P-A014537,0,0.23792432844638825,0.25306788086891174,0,0
invalid_consent,1982,V32P-A014538,0,0.10392199829220772,0.10707893669605255,0,0
invalid_consent,1983,V32P-A014581,0,0.73489643335342403,0.75125727653503416,1,1
invalid_consent,1984,V32P-A014582,0,0.6101310610771179,0.63316996097564693,0,1
invalid_consent,1985,V32P-A014583,0,0.5169639408588409,0.54669667482376094,0,0
invalid_consent,1986,V32P-A014584,0,0.40690535902976988,0.4481623709201813,0,0
invalid_consent,1987,V32P-A014585,0,0.38061544299125671,0.41991998553276061,0,0
invalid_consent,1988,V32P-A014586,0,0.21452197283506394,0.23637543022632598,0,0
invalid_consent,1989,V32P-A014587,0,0.63714503049850468,0.65791069269180302,1,1
invalid_consent,1990,V32P-A014590,0,0.44398462772369385,0.46908599138259888,0,0
invalid_consent,1991,V32P-A014591,0,0.37402589023113253,0.39837714433670046,0,0
invalid_consent,1992,V32P-A014592,0,0.20074026137590409,0.21040934622287749,0,0
invalid_consent,1993,V32P-A014593,0,0.48328449726104739,0.4812760055065155,0,0
invalid_consent,1994,V32P-A014596,0,0.32523422837257387,0.31818792223930359,0,0
invalid_consent,1995,V32P-A014597,1,0.26890138089656829,0.26057771742343905,0,0
invalid_consent,1996,V32P-A014598,0,0.020149500295519828,0.019458528142422438,0,0
invalid_consent,1997,V32P-A014605,1,0.73523545265197754,0.75375416278839114,1,1
invalid_consent,1998,V32P-A014606,1,0.65429894924163823,0.6677614569664001,1,1
invalid_consent,1999,V32P-A014607,1,0.61645090579986572,0.63057160377502441,0,1
invalid_consent,2000,V32P-A014608,0,0.09605559185147286,0.089654617011547089,0,0
invalid_consent,2001,V32P-A014609,0,0.072685843706130987,0.067479652166366574,0,0
invalid_consent,2002,V32P-A014610,0,0.03227687906473875,0.029331988282501699,0,0
invalid_consent,2003,V32P-A014653,0,0.59280381202697752,0.63781284093856816,0,1
invalid_consent,2004,V32P-A014654,0,0.41751836538314818,0.47952239513397216,0,0
invalid_consent,2005,V32P-A014656,0,0.27899382114410398,0.35088545382022857,0,0
invalid_consent,2006,V32P-A014657,0,0.21302770376205443,0.27640660107135773,0,0
invalid_consent,2007,V32P-A014658,0,0.085577317327260968,0.11248730644583702,0,0
invalid_consent,2008,V32P-A014665,0,0.55118815302848811,0.57330418825149532,0,0
invalid_consent,2009,V32P-A014666,0,0.38854774832725525,0.44465090036392213,0,0
invalid_consent,2010,V32P-A014668,0,0.29164370596408845,0.30661088824272154,0,0
invalid_consent,2011,V32P-A014669,0,0.21744767725467681,0.22957492470741273,0,0
invalid_consent,2012,V32P-A014670,0,0.096293240785598755,0.10022228211164474,0,0
invalid_consent,2013,V32P-A014719,0,0.60700890421867371,0.61691194176673891,0,0
invalid_consent,2014,V32P-A014720,0,0.49945191144943235,0.50219355821609502,0,0
invalid_consent,2015,V32P-A014721,0,0.50628635883331297,0.51368452310562129,0,0
invalid_consent,2016,V32P-A014722,0,0.43347461819648742,0.43950238823890686,0,0
invalid_consent,2017,V32P-A014723,0,0.3746197998523712,0.3779232084751129,0,0
invalid_consent,2018,V32P-A014724,0,0.16568378061056138,0.16613935083150863,0,0
invalid_consent,2019,V32P-A014743,0,0.67992444038391109,0.66570991277694702,1,1
invalid_consent,2020,V32P-A014746,0,0.33307178616523742,0.31825811266899107,0,0
invalid_consent,2021,V32P-A014747,0,0.3490495651960373,0.35584815442562101,0,0
invalid_consent,2022,V32P-A014748,0,0.13739274740219115,0.13088698536157609,0,0
invalid_consent,2023,V32P-A014749,0,0.49858805537223816,0.50310541987419133,0,0
invalid_consent,2024,V32P-A014750,0,0.48324738740921019,0.48831208944320681,0,0
invalid_consent,2025,V32P-A014751,0,0.45190271735191345,0.45753074884414674,0,0
invalid_consent,2026,V32P-A014752,0,0.38429964184761045,0.38645164072513583,0,0
invalid_consent,2027,V32P-A014753,0,0.31758804619312286,0.31840004920959475,0,0
invalid_consent,2028,V32P-A014754,0,0.15638238638639451,0.1561181738972664,0,0
invalid_consent,2029,V32P-A014791,0,0.39447864890098572,0.43990854620933534,0,0
invalid_consent,2030,V32P-A014792,0,0.39668613076210024,0.44699659943580627,0,0
invalid_consent,2031,V32P-A014794,0,0.2750228703022003,0.33104357421398162,0,0
invalid_consent,2032,V32P-A014795,0,0.19823802411556243,0.24425520598888398,0,0
invalid_consent,2033,V32P-A014796,0,0.083531067520380017,0.10069113746285438,0,0
invalid_consent,2034,V32P-A014797,0,0.41857581138610839,0.42986267805099487,0,0
invalid_consent,2035,V32P-A014800,0,0.35996024012565614,0.37424691021442413,0,0
invalid_consent,2036,V32P-A014801,0,0.30244567394256594,0.31802022755146026,0,0
invalid_consent,2037,V32P-A014802,0,0.1636972613632679,0.17086720764636992,0,0
invalid_consent,2038,V32P-A014827,0,0.77684614658355711,0.77717623710632322,1,1
invalid_consent,2039,V32P-A014828,0,0.69108260869979854,0.69056499004364014,1,1
invalid_consent,2040,V32P-A014829,0,0.60741184949874882,0.6031630158424377,0,0
invalid_consent,2041,V32P-A014830,0,0.54318709373474117,0.54163321852684021,0,0
invalid_consent,2042,V32P-A014831,0,0.52040414810180669,0.51820135116577148,0,0
invalid_consent,2043,V32P-A014832,0,0.22772629857063292,0.22951324880123139,0,0
invalid_consent,2044,V32P-A014851,0,0.52519538998603821,0.53339828848838811,0,0
invalid_consent,2045,V32P-A014854,0,0.42335833311080934,0.44122493863105772,0,0
invalid_consent,2046,V32P-A014855,0,0.33032790422439573,0.34995931982994077,0,0
invalid_consent,2047,V32P-A014856,0,0.13797557204961777,0.14701295942068099,0,0
invalid_consent,2048,V32P-A014941,0,0.49440063238143922,0.5336191833019257,0,0
invalid_consent,2049,V32P-A014942,0,0.46644734144210814,0.50172269344329834,0,0
invalid_consent,2050,V32P-A014944,0,0.32274639010429385,0.36507308483123779,0,0
invalid_consent,2051,V32P-A014945,1,0.25735365748405459,0.30028334856033323,0,0
invalid_consent,2052,V32P-A014946,0,0.025377393141388892,0.024894385412335397,0,0
invalid_consent,2053,V32P-A014947,0,0.74146802425384517,0.73901276588439946,1,1
invalid_consent,2054,V32P-A014948,0,0.63470793962478633,0.64012272357940669,1,1
invalid_consent,2055,V32P-A014949,0,0.52944656610488894,0.53830716013908386,0,0
invalid_consent,2056,V32P-A014950,0,0.57836164236068721,0.57831847071647646,0,0
invalid_consent,2057,V32P-A014951,0,0.41528265476226806,0.42271592617034914,0,0
invalid_consent,2058,V32P-A014952,0,0.036719040386378764,0.033569981902837755,0,0
invalid_consent,2059,V32P-A014989,0,0.7657502293586731,0.76224315166473389,1,1
invalid_consent,2060,V32P-A014990,0,0.52518991827964778,0.54016765952110291,0,0
invalid_consent,2061,V32P-A014992,0,0.52763845920562746,0.55332636833190918,0,0
invalid_consent,2062,V32P-A014993,0,0.36638633310794833,0.38143727481365203,0,0
invalid_consent,2063,V32P-A014994,0,0.14738057255744935,0.14878172576427459,0,0
invalid_consent,2064,V32P-A015013,0,0.73994839191436768,0.76470127105712893,1,1
invalid_consent,2065,V32P-A015014,0,0.6632786870002747,0.69249502420425413,1,1
invalid_consent,2066,V32P-A015016,0,0.51049655675888062,0.54555916786193848,0,0
invalid_consent,2067,V32P-A015017,0,0.43188145458698274,0.46692618727684021,0,0
invalid_consent,2068,V32P-A015018,0,0.24028468728065491,0.25538242757320406,0,0
invalid_consent,2069,V32P-A015037,0,0.46255447864532473,0.49260950684547422,0,0
invalid_consent,2070,V32P-A015040,0,0.4110576629638672,0.44010738730430604,0,0
invalid_consent,2071,V32P-A015041,0,0.33974090516567229,0.36637834012508391,0,0
invalid_consent,2072,V32P-A015042,0,0.025089937821030618,0.023986338637769222,0,0
invalid_consent,2073,V32P-A015163,0,0.40164157748222351,0.44000726938247681,0,0
invalid_consent,2074,V32P-A015164,0,0.36092996597290039,0.40053622722625731,0,0
invalid_consent,2075,V32P-A015165,0,0.31676590442657471,0.35679948925971983,0,0
invalid_consent,2076,V32P-A015166,0,0.24664321541786194,0.28163145482540131,0,0
invalid_consent,2077,V32P-A015167,0,0.18885546326637268,0.21390888392925261,0,0
invalid_consent,2078,V32P-A015168,0,0.082124543190002439,0.09068779721856117,0,0
invalid_consent,2079,V32P-A015169,0,0.61511098146438603,0.62844300270080566,0,1
invalid_consent,2080,V32P-A015172,0,0.37460392117500307,0.38278988003730774,0,0
invalid_consent,2081,V32P-A015173,0,0.28626171350479124,0.29493707418441772,0,0
invalid_consent,2082,V32P-A015174,0,0.12154241502285004,0.12531423866748809,0,0
invalid_consent,2083,V32P-A015202,0,0.37724863886833193,0.39198870658874513,0,0
invalid_consent,2084,V32P-A015203,0,0.30469602048397065,0.31637184321880341,0,0
invalid_consent,2085,V32P-A015204,0,0.12351608127355576,0.12674226611852646,0,0
invalid_consent,2086,V32P-A015205,0,0.74632722139358521,0.75578894615173342,1,1
invalid_consent,2087,V32P-A015206,0,0.72763872146606445,0.73745976686477666,1,1
invalid_consent,2088,V32P-A015208,0,0.71048686504364011,0.72246593236923218,1,1
invalid_consent,2089,V32P-A015209,0,0.69652398824691775,0.73802496194839473,1,1
invalid_consent,2090,V32P-A015210,0,0.35067965090274811,0.36865748167037965,0,0
invalid_consent,2091,V32P-A015253,0,0.84242658615112309,0.84857660531997681,1,1
invalid_consent,2092,V32P-A015256,0,0.6165632367134094,0.62930450439453123,0,1
invalid_consent,2093,V32P-A015257,0,0.68928866386413579,0.69984784126281741,1,1
invalid_consent,2094,V32P-A015258,0,0.39224099218845365,0.40075648725032809,0,0
invalid_consent,2095,V32P-A015259,0,0.79313473701477055,0.81451048851013186,1,1
invalid_consent,2096,V32P-A015260,0,0.69530410766601558,0.72289731502532961,1,1
invalid_consent,2097,V32P-A015261,0,0.62436408996582027,0.65725553035736084,1,1
invalid_consent,2098,V32P-A015262,0,0.54289804697036748,0.58444012403488155,0,0
invalid_consent,2099,V32P-A015263,0,0.56357418894767763,0.63234668970108032,0,1
invalid_consent,2100,V32P-A015264,0,0.25270014107227323,0.2807458847761154,0,0
invalid_consent,2101,V32P-A015373,0,0.55673395395278935,0.56819428205490108,0,0
invalid_consent,2102,V32P-A015374,0,0.55672096014022832,0.56645227670669551,0,0
invalid_consent,2103,V32P-A015375,0,0.46155067086219786,0.47409228682518006,0,0
invalid_consent,2104,V32P-A015376,0,0.48965774178504945,0.49695408344268799,0,0
invalid_consent,2105,V32P-A015377,0,0.32428644299507142,0.33430177569389341,0,0
invalid_consent,2106,V32P-A015378,0,0.17258770167827606,0.17894734442234039,0,0
invalid_consent,2107,V32P-A015451,0,0.71271643638610838,0.73027572631835935,1,1
invalid_consent,2108,V32P-A015452,0,0.61426128149032588,0.63562158346176145,0,1
invalid_consent,2109,V32P-A015453,0,0.70299962759017942,0.71939270496368413,1,1
invalid_consent,2110,V32P-A015454,0,0.57062337994575496,0.59097731113433838,0,0
invalid_consent,2111,V32P-A015455,0,0.57618654966354366,0.58868690729141238,0,0
invalid_consent,2112,V32P-A015456,0,0.33512728214263915,0.3396619290113449,0,0
invalid_consent,2113,V32P-A015517,0,0.65623472929000859,0.68092159032821653,1,1
invalid_consent,2114,V32P-A015518,0,0.53827833533287051,0.56070857644081118,0,0
invalid_consent,2115,V32P-A015519,0,0.53379688262939451,0.55384548306465153,0,0
invalid_consent,2116,V32P-A015520,0,0.48263968229293824,0.50040174126625059,0,0
invalid_consent,2117,V32P-A015521,0,0.42140174508094785,0.4380901515483856,0,0
invalid_consent,2118,V32P-A015522,0,0.21586265563964843,0.22180370092391968,0,0
invalid_consent,2119,V32P-A015559,1,0.69072518348693845,0.7035508275032043,1,1
invalid_consent,2120,V32P-A015560,1,0.63877981901168823,0.67053729891777036,1,1
invalid_consent,2121,V32P-A015561,1,0.5799547493457794,0.59951222538948057,0,0
invalid_consent,2122,V32P-A015562,0,0.12079037129878997,0.11810596138238907,0,0
invalid_consent,2123,V32P-A015563,0,0.092543778568506235,0.09090224355459213,0,0
invalid_consent,2124,V32P-A015564,0,0.04090157151222229,0.039864401519298556,0,0
invalid_consent,2125,V32P-A015583,0,0.72935429811477659,0.74880180358886717,1,1
invalid_consent,2126,V32P-A015584,0,0.69389379024505615,0.71202315092086788,1,1
invalid_consent,2127,V32P-A015585,0,0.6855725765228271,0.70085717439651485,1,1
invalid_consent,2128,V32P-A015586,0,0.6408810436725616,0.65491794347763066,1,1
invalid_consent,2129,V32P-A015587,1,0.60571306943893433,0.61689277887344363,0,0
invalid_consent,2130,V32P-A015588,0,0.054103042185306552,0.051773746311664579,0,0
invalid_consent,2131,V32P-A015595,0,0.62490153312683105,0.63361860513687129,1,1
invalid_consent,2132,V32P-A015598,0,0.56014515757560734,0.58153367638587949,0,0
invalid_consent,2133,V32P-A015599,0,0.50811994671821592,0.53374452590942378,0,0
invalid_consent,2134,V32P-A015600,0,0.06091478634625673,0.058570372313261031,0,0
invalid_consent,2135,V32P-A015607,0,0.52609821557998659,0.54238908290863042,0,0
invalid_consent,2136,V32P-A015608,0,0.49506542682647703,0.5077964842319489,0,0
invalid_consent,2137,V32P-A015610,0,0.45316752195358279,0.4627716362476349,0,0
invalid_consent,2138,V32P-A015611,0,0.3812045931816101,0.38923370242118838,0,0
invalid_consent,2139,V32P-A015612,0,0.17777260690927504,0.18325415402650833,0,0
invalid_consent,2140,V32P-A015625,0,0.77900829315185549,0.78198753595352177,1,1
invalid_consent,2141,V32P-A015628,0,0.67915621995925901,0.68141858577728276,1,1
invalid_consent,2142,V32P-A015629,0,0.61077002286911009,0.60686381459236149,0,0
invalid_consent,2143,V32P-A015630,0,0.36902660131454468,0.36548720300197601,0,0
invalid_consent,2144,V32P-A015679,0,0.72240539789199831,0.75302727222442623,1,1
invalid_consent,2145,V32P-A015680,0,0.52647243738174443,0.56406528949737544,0,0
invalid_consent,2146,V32P-A015681,0,0.4573922038078308,0.50068680047988889,0,0
invalid_consent,2147,V32P-A015682,0,0.46610980033874511,0.51028971076011653,0,0
invalid_consent,2148,V32P-A015683,0,0.28609654009342195,0.32784501314163206,0,0
invalid_consent,2149,V32P-A015684,0,0.12473162114620209,0.13860468566417694,0,0
invalid_consent,2150,V32P-A015691,0,0.58552342653274536,0.59530233144760136,0,0
invalid_consent,2151,V32P-A015692,0,0.56532831192016597,0.57438992261886601,0,0
invalid_consent,2152,V32P-A015693,0,0.51598019003868101,0.52554900050163267,0,0
invalid_consent,2153,V32P-A015694,0,0.4419083297252655,0.45037080645561217,0,0
invalid_consent,2154,V32P-A015695,0,0.36438554525375366,0.37006586194038393,0,0
invalid_consent,2155,V32P-A015696,0,0.15788966864347459,0.16332129687070845,0,0
invalid_consent,2156,V32P-A015835,0,0.8189949512481689,0.83366744518280034,1,1
invalid_consent,2157,V32P-A015836,0,0.65909608602523806,0.67732027769088743,1,1
invalid_consent,2158,V32P-A015837,0,0.58755210638046262,0.61488838195800777,0,0
invalid_consent,2159,V32P-A015838,0,0.5680765748023987,0.59857107400894161,0,0
invalid_consent,2160,V32P-A015839,0,0.40796889066696168,0.43270205259323119,0,0
invalid_consent,2161,V32P-A015840,0,0.20679401010274887,0.21839328259229659,0,0
invalid_consent,2162,V32P-A015889,0,0.68776195049285893,0.70637178421020508,1,1
invalid_consent,2163,V32P-A015890,0,0.68123592138290401,0.69878846406936646,1,1
invalid_consent,2164,V32P-A015891,0,0.64521969556808467,0.66150949001312254,1,1
invalid_consent,2165,V32P-A015892,0,0.59050889015197749,0.61330859661102299,0,0
invalid_consent,2166,V32P-A015893,0,0.55834406614303589,0.58914355039596555,0,0
invalid_consent,2167,V32P-A015894,0,0.33308821022510526,0.35851895511150361,0,0
invalid_consent,2168,V32P-A015913,0,0.60209847688674922,0.62383078932762148,0,1
invalid_consent,2169,V32P-A015914,0,0.54933680295944209,0.5705009400844574,0,0
invalid_consent,2170,V32P-A015916,0,0.45274392962455751,0.47066870331764221,0,0
invalid_consent,2171,V32P-A015917,0,0.3892617464065552,0.40632575154304507,0,0
invalid_consent,2172,V32P-A015918,0,0.18391460031270981,0.17989715933799744,0,0
invalid_consent,2173,V32P-A015919,0,0.80878987312316897,0.81077525615692136,1,1
invalid_consent,2174,V32P-A015920,0,0.68543161153793331,0.69363130331039424,1,1
invalid_consent,2175,V32P-A015922,0,0.63376207351684566,0.6403817296028137,1,1
invalid_consent,2176,V32P-A015923,0,0.52325645089149475,0.57179635763168335,0,0
invalid_consent,2177,V32P-A015924,0,0.23566221594810485,0.24479931294918061,0,0
invalid_consent,2178,V32P-A015961,0,0.30282189846038821,0.34410607814788818,0,0
invalid_consent,2179,V32P-A015964,0,0.20463073253631592,0.23867474794387816,0,0
invalid_consent,2180,V32P-A015965,0,0.16773417294025422,0.19180729389190673,0,0
invalid_consent,2181,V32P-A015966,0,0.079639326035976413,0.08755528405308724,0,0
invalid_consent,2182,V32P-A015979,0,0.84561991691589355,0.84949934482574463,1,1
invalid_consent,2183,V32P-A015982,0,0.55877482891082764,0.57308900356292725,0,0
invalid_consent,2184,V32P-A015983,0,0.49903328418731691,0.50951735377311702,0,0
invalid_consent,2185,V32P-A015984,0,0.30081056654453275,0.30802911520004272,0,0
invalid_consent,2186,V32P-A016015,0,0.69062106609344487,0.70751256942749019,1,1
invalid_consent,2187,V32P-A016016,0,0.6482206344604492,0.66378346681594846,1,1
invalid_consent,2188,V32P-A016017,0,0.60350328683853149,0.61496366262435909,0,0
invalid_consent,2189,V32P-A016018,0,0.52269211411476135,0.53630025982856755,0,0
invalid_consent,2190,V32P-A016019,0,0.42835386991500857,0.45161776542663573,0,0
invalid_consent,2191,V32P-A016020,0,0.20004724562168122,0.22042623907327652,0,0
invalid_consent,2192,V32P-A016021,0,0.59271439313888552,0.60541708469390865,0,0
invalid_consent,2193,V32P-A016022,0,0.52183476686477659,0.53435321450233464,0,0
invalid_consent,2194,V32P-A016023,0,0.46027222871780393,0.47833532094955444,0,0
invalid_consent,2195,V32P-A016024,0,0.37070507109165191,0.40305861532688142,0,0
invalid_consent,2196,V32P-A016025,0,0.30295732915401458,0.33575330972671508,0,0
invalid_consent,2197,V32P-A016026,0,0.1366592064499855,0.15118788778781891,0,0
invalid_consent,2198,V32P-A016063,0,0.40718500018119813,0.41548475623130798,0,0
invalid_consent,2199,V32P-A016064,0,0.4478746712207794,0.46056491732597349,0,0
invalid_consent,2200,V32P-A016065,0,0.38123093843460082,0.39923772811889646,0,0
invalid_consent,2201,V32P-A016066,0,0.28187639713287355,0.30011917352676393,0,0
invalid_consent,2202,V32P-A016067,0,0.21142584979534149,0.22612240314483642,0,0
invalid_consent,2203,V32P-A016068,0,0.0855410486459732,0.090298002213239664,0,0
invalid_consent,2204,V32P-A016117,0,0.46456693410873412,0.46292896270751954,0,0
invalid_consent,2205,V32P-A016118,0,0.3526300609111786,0.35810256004333496,0,0
invalid_consent,2206,V32P-A016119,0,0.31928985118865966,0.32505831122398376,0,0
invalid_consent,2207,V32P-A016120,0,0.24649167060852051,0.24925745129585267,0,0
invalid_consent,2208,V32P-A016121,0,0.18869644701480864,0.18794984966516495,0,0
invalid_consent,2209,V32P-A016122,0,0.074006976932287222,0.073656816780567166,0,0
invalid_consent,2210,V32P-A016135,0,0.61383467316627505,0.60790964961051941,0,0
invalid_consent,2211,V32P-A016138,0,0.42474860548973081,0.4358724892139435,0,0
invalid_consent,2212,V32P-A016139,0,0.32970747053623201,0.33961713016033174,0,0
invalid_consent,2213,V32P-A016140,0,0.14102470874786377,0.14421173930168152,0,0
invalid_consent,2214,V32P-A016201,0,0.44631521701812743,0.47128834724426272,0,0
invalid_consent,2215,V32P-A016202,0,0.42606716156005858,0.45509481430053711,0,0
invalid_consent,2216,V32P-A016204,0,0.31390026211738586,0.33583304286003113,0,0
invalid_consent,2217,V32P-A016205,0,0.25564718842506406,0.30143203735351565,0,0
invalid_consent,2218,V32P-A016206,0,0.11284600794315339,0.11551511287689209,0,0
invalid_consent,2219,V32P-A016225,0,0.58247426152229309,0.60422972440719602,0,0
invalid_consent,2220,V32P-A016228,1,0.66694478988647465,0.69130475521087642,1,1
invalid_consent,2221,V32P-A016229,0,0.10564227402210236,0.10223214253783226,0,0
invalid_consent,2222,V32P-A016230,0,0.043067333102226255,0.041152710095047951,0,0
invalid_consent,2223,V32P-A016291,0,0.55826880335807805,0.57631657719612117,0,0
invalid_consent,2224,V32P-A016294,0,0.59158324003219609,0.60471330881118779,0,0
invalid_consent,2225,V32P-A016295,0,0.51891784071922298,0.52938425540924072,0,0
invalid_consent,2226,V32P-A016296,0,0.27682293951511383,0.28062974810600283,0,0
invalid_consent,2227,V32P-A016303,0,0.59115597009658816,0.60255523920059206,0,0
invalid_consent,2228,V32P-A016304,0,0.44046884775161743,0.45042623281478883,0,0
invalid_consent,2229,V32P-A016305,0,0.37691184282302859,0.38571524024009707,0,0
invalid_consent,2230,V32P-A016306,0,0.36315435767173765,0.36775034666061401,0,0
invalid_consent,2231,V32P-A016307,1,0.30347695648670198,0.31040777862071989,0,0
invalid_consent,2232,V32P-A016308,0,0.025813556648790835,0.025060530006885528,0,0
invalid_consent,2233,V32P-A016423,0,0.67415739297866817,0.68130637407302852,1,1
invalid_consent,2234,V32P-A016426,0,0.4342185318470001,0.44665107131004333,0,0
invalid_consent,2235,V32P-A016427,0,0.33573756814002992,0.34299734234809875,0,0
invalid_consent,2236,V32P-A016428,0,0.16282857656478883,0.1646814078092575,0,0
invalid_consent,2237,V32P-A016435,0,0.61054303646087649,0.63641926050186159,0,1
invalid_consent,2238,V32P-A016438,0,0.46223064064979552,0.5009092390537262,0,0
invalid_consent,2239,V32P-A016439,0,0.36381913423538209,0.40699971914291383,0,0
invalid_consent,2240,V32P-A016440,0,0.16055434197187424,0.18050459027290344,0,0
invalid_consent,2241,V32P-A016471,0,0.63910127878189082,0.65583609342575078,1,1
invalid_consent,2242,V32P-A016472,0,0.4842438757419586,0.52761104106903078,0,0
invalid_consent,2243,V32P-A016473,0,0.51009078025817867,0.52677571177482607,0,0
invalid_consent,2244,V32P-A016474,0,0.46951837539672853,0.48057237863540647,0,0
invalid_consent,2245,V32P-A016475,0,0.45836153626441956,0.46922603845596311,0,0
invalid_consent,2246,V32P-A016476,0,0.19006827771663665,0.20056576132774354,0,0
invalid_consent,2247,V32P-A016507,0,0.81143431663513188,0.81947067975997923,1,1
invalid_consent,2248,V32P-A016508,0,0.70380765199661255,0.72566498517990108,1,1
invalid_consent,2249,V32P-A016509,0,0.75932321548461912,0.78631460666656494,1,1
invalid_consent,2250,V32P-A016510,0,0.50936710238456728,0.54467074871063237,0,0
invalid_consent,2251,V32P-A016511,0,0.44518859386444093,0.48054454326629636,0,0
invalid_consent,2252,V32P-A016512,0,0.034014617651700975,0.032366146706044673,0,0
invalid_consent,2253,V32P-A016603,0,0.82471220493316655,0.83622671365737911,1,1
invalid_consent,2254,V32P-A016604,0,0.73177957534790039,0.75197647809982304,1,1
invalid_consent,2255,V32P-A016605,0,0.62183318138122556,0.64529012441635136,1,1
invalid_consent,2256,V32P-A016606,0,0.56762879490852358,0.59153373837471013,0,0
invalid_consent,2257,V32P-A016607,0,0.55041502118110652,0.57673813700675969,0,0
invalid_consent,2258,V32P-A016608,0,0.26288463473320006,0.28272716403007508,0,0
invalid_consent,2259,V32P-A016645,1,0.73360338211059573,0.75437570810317989,1,1
invalid_consent,2260,V32P-A016646,1,0.58848135471343999,0.61134738922119136,0,0
invalid_consent,2261,V32P-A016647,0,0.34146227240562438,0.35331280827522277,0,0
invalid_consent,2262,V32P-A016648,0,0.10352290421724319,0.09699549525976181,0,0
invalid_consent,2263,V32P-A016649,0,0.076352604478597638,0.071818544715642932,0,0
invalid_consent,2264,V32P-A016650,0,0.0329029930755496,0.03049164917320013,0,0
invalid_consent,2265,V32P-A016687,0,0.75515230894088747,0.78149942159652708,1,1
invalid_consent,2266,V32P-A016690,0,0.58542806506156919,0.62166059613227842,0,1
invalid_consent,2267,V32P-A016691,0,0.50987092256546018,0.55590336322784428,0,0
invalid_consent,2268,V32P-A016692,0,0.25587157905101776,0.29521304965019224,0,0
invalid_consent,2269,V32P-A016705,0,0.36001754403114317,0.35596234202384947,0,0
invalid_consent,2270,V32P-A016706,0,0.37971785664558411,0.37617703676223757,0,0
invalid_consent,2271,V32P-A016708,0,0.27636166214942931,0.27358134984970095,0,0
invalid_consent,2272,V32P-A016709,0,0.21881782412528991,0.21575535237789153,0,0
invalid_consent,2273,V32P-A016710,0,0.095603340864181513,0.093705772608518603,0,0
invalid_consent,2274,V32P-A016735,1,0.82770061492919922,0.84064164161682131,1,1
invalid_consent,2275,V32P-A016736,1,0.7501355886459351,0.76246758699417116,1,1
invalid_consent,2276,V32P-A016737,0,0.22985260188579559,0.2094082310795784,0,0
invalid_consent,2277,V32P-A016738,0,0.16351534426212311,0.15111812353134155,0,0
invalid_consent,2278,V32P-A016739,0,0.13973117768764495,0.12947592958807946,0,0
invalid_consent,2279,V32P-A016740,0,0.042674959637224674,0.039313011616468427,0,0
invalid_consent,2280,V32P-A016783,1,0.67862960100173952,0.68556717634201048,1,1
invalid_consent,2281,V32P-A016784,1,0.5443009674549103,0.55678014159202571,0,0
invalid_consent,2282,V32P-A016785,1,0.45391129255294799,0.47191410660743716,0,0
invalid_consent,2283,V32P-A016786,0,0.096375277638435369,0.090858935564756396,0,0
invalid_consent,2284,V32P-A016787,0,0.070249433815479281,0.064923196658492083,0,0
invalid_consent,2285,V32P-A016788,0,0.033631357830017805,0.030082179233431816,0,0
invalid_consent,2286,V32P-A016798,0,0.4465565621852875,0.46243281364440919,0,0
invalid_consent,2287,V32P-A016799,1,0.36356856822967532,0.38193480968475341,0,0
invalid_consent,2288,V32P-A016800,0,0.02668944150209427,0.024977007322013377,0,0
invalid_consent,2289,V32P-A016801,1,0.74992563724517824,0.77213833332061765,1,1
invalid_consent,2290,V32P-A016802,1,0.6295110702514648,0.66475087404251099,1,1
invalid_consent,2291,V32P-A016803,1,0.57968875765800476,0.61986876726150508,0,0
invalid_consent,2292,V32P-A016804,0,0.099347946792840952,0.096243089437484747,0,0
invalid_consent,2293,V32P-A016805,0,0.07372173890471459,0.070530191808938977,0,0
invalid_consent,2294,V32P-A016806,0,0.032228074781596658,0.030638223886489867,0,0
invalid_consent,2295,V32P-A016813,0,0.56582354307174687,0.57730456590652468,0,0
invalid_consent,2296,V32P-A016816,0,0.30827004313468931,0.32033023536205291,0,0
invalid_consent,2297,V32P-A016817,0,0.24127854406833649,0.2532430052757263,0,0
invalid_consent,2298,V32P-A016818,0,0.10801055207848549,0.11128833070397377,0,0
invalid_consent,2299,V32P-A016831,0,0.70975290536880498,0.72901132106781008,1,1
invalid_consent,2300,V32P-A016832,0,0.63910208940505986,0.66207085847854619,1,1
invalid_consent,2301,V32P-A016834,0,0.47295788526535032,0.50696250200271609,0,0
invalid_consent,2302,V32P-A016835,0,0.46324113011360168,0.50326876640319829,0,0
invalid_consent,2303,V32P-A016836,0,0.035774591937661172,0.03343703858554363,0,0
invalid_consent,2304,V32P-A016867,0,0.7438372731208801,0.74365960359573369,1,1
invalid_consent,2305,V32P-A016868,0,0.6701724171638489,0.67153431177139278,1,1
invalid_consent,2306,V32P-A016869,0,0.64161057472228999,0.64229338169097905,1,1
invalid_consent,2307,V32P-A016870,0,0.68521107435226436,0.68206923007965092,1,1
invalid_consent,2308,V32P-A016871,0,0.57804154157638554,0.56768726110458378,0,0
invalid_consent,2309,V32P-A016872,0,0.058790260180830958,0.054118683189153673,0,0
invalid_consent,2310,V32P-A016957,0,0.78188717365264893,0.80313191413879392,1,1
invalid_consent,2311,V32P-A016958,0,0.69342765808105467,0.72267231941223142,1,1
invalid_consent,2312,V32P-A016960,0,0.57154756784439087,0.59620006084442134,0,0
invalid_consent,2313,V32P-A016961,0,0.48095127344131472,0.50033239126205442,0,0
invalid_consent,2314,V32P-A016962,0,0.2636641889810562,0.26890890598297118,0,0
invalid_consent,2315,V32P-A017059,0,0.73820462226867678,0.75766830444335942,1,1
invalid_consent,2316,V32P-A017060,0,0.6663794636726379,0.68855434656143188,1,1
invalid_consent,2317,V32P-A017062,0,0.65319507122039799,0.6814892172813416,1,1
invalid_consent,2318,V32P-A017063,0,0.61668794155120854,0.64795955419540407,0,1
invalid_consent,2319,V32P-A017064,0,0.35607202649116515,0.38879137039184569,0,0
invalid_consent,2320,V32P-A017077,0,0.62343281507492065,0.64358117580413821,1,1
invalid_consent,2321,V32P-A017078,0,0.65194025039672854,0.67267423868179321,1,1
invalid_consent,2322,V32P-A017079,0,0.60835548043251042,0.62954827547073366,0,1
invalid_consent,2323,V32P-A017080,0,0.54074111580848694,0.55979245305061343,0,0
invalid_consent,2324,V32P-A017081,0,0.38724296987056733,0.40706982612609866,0,0
invalid_consent,2325,V32P-A017082,0,0.15481117814779283,0.1616632029414177,0,0
invalid_consent,2326,V32P-A017089,1,0.83805551528930666,0.84303001165390012,1,1
invalid_consent,2327,V32P-A017090,1,0.7609783411026001,0.7661604046821594,1,1
invalid_consent,2328,V32P-A017091,1,0.80492252111434937,0.81172548532485966,1,1
invalid_consent,2329,V32P-A017092,0,0.19329306781291961,0.17446314543485641,0,0
invalid_consent,2330,V32P-A017093,0,0.15739412158727645,0.14366531893610954,0,0
invalid_consent,2331,V32P-A017094,0,0.053167059272527697,0.049368290789425374,0,0
invalid_consent,2332,V32P-A017167,1,0.73049731254577632,0.72863733768463135,1,1
invalid_consent,2333,V32P-A017168,1,0.63543204069137571,0.64353359937667842,1,1
invalid_consent,2334,V32P-A017170,0,0.10724993497133255,0.098392628133296967,0,0
invalid_consent,2335,V32P-A017171,0,0.072195000946521759,0.066921061649918553,0,0
invalid_consent,2336,V32P-A017172,0,0.02973173577338457,0.027912404388189316,0,0
invalid_consent,2337,V32P-A017173,0,0.61489022970199581,0.61642824411392216,0,0
invalid_consent,2338,V32P-A017174,0,0.62724485397338869,0.63060842752456669,1,1
invalid_consent,2339,V32P-A017176,0,0.47724688649177549,0.4858586609363556,0,0
invalid_consent,2340,V32P-A017177,1,0.35698473453521729,0.36847451031208039,0,0
invalid_consent,2341,V32P-A017178,0,0.025654275156557559,0.024772353097796442,0,0
invalid_consent,2342,V32P-A017185,0,0.64896603822708132,0.66458834409713741,1,1
invalid_consent,2343,V32P-A017186,0,0.5734436690807343,0.59283809065818782,0,0
invalid_consent,2344,V32P-A017187,0,0.52144013643264775,0.54491676688194279,0,0
invalid_consent,2345,V32P-A017188,0,0.42574132680892945,0.44938834905624392,0,0
invalid_consent,2346,V32P-A017189,0,0.32222889661788939,0.34502445459365844,0,0
invalid_consent,2347,V32P-A017190,0,0.13644338250160218,0.14321520179510117,0,0
invalid_consent,2348,V32P-A017281,0,0.57756757736206055,0.6060021758079529,0,0
invalid_consent,2349,V32P-A017282,0,0.50945321321487425,0.53905583620071407,0,0
invalid_consent,2350,V32P-A017283,0,0.46478602290153503,0.49730285406112673,0,0
invalid_consent,2351,V32P-A017284,0,0.40075280070304869,0.44761111140251159,0,0
invalid_consent,2352,V32P-A017285,0,0.31773974597454069,0.36604945361614227,0,0
invalid_consent,2353,V32P-A017286,0,0.13327638506889344,0.1524657428264618,0,0
invalid_consent,2354,V32P-A017341,0,0.80102874040603633,0.818291699886322,1,1
invalid_consent,2355,V32P-A017342,0,0.68446328639984133,0.72170329093933105,1,1
invalid_consent,2356,V32P-A017344,0,0.52423971891403198,0.56385480761528017,0,0
invalid_consent,2357,V32P-A017345,0,0.53303266167640684,0.57606948018074033,0,0
invalid_consent,2358,V32P-A017346,0,0.20322373509407043,0.22875218391418456,0,0
invalid_consent,2359,V32P-A017383,0,0.59421228170394902,0.63965109586715696,0,1
invalid_consent,2360,V32P-A017384,0,0.58329974412918095,0.62650980949401858,0,1
invalid_consent,2361,V32P-A017385,0,0.58617774248123167,0.62894910573959351,0,1
invalid_consent,2362,V32P-A017386,0,0.53599803447723393,0.58654776215553284,0,0
invalid_consent,2363,V32P-A017387,0,0.47924643754959106,0.53825268149375916,0,0
invalid_consent,2364,V32P-A017388,0,0.26382094323635102,0.30619322955608369,0,0
invalid_consent,2365,V32P-A017401,0,0.44182963967323302,0.46446991562843321,0,0
invalid_consent,2366,V32P-A017402,0,0.44067263007164004,0.46285443305969237,0,0
invalid_consent,2367,V32P-A017403,0,0.4095234453678131,0.43385384678840638,0,0
invalid_consent,2368,V32P-A017404,0,0.32280039191246035,0.34874243736267091,0,0
invalid_consent,2369,V32P-A017405,0,0.25364708304405215,0.27857282757759094,0,0
invalid_consent,2370,V32P-A017406,0,0.1111394815146923,0.12510102838277817,0,0
invalid_consent,2371,V32P-A017407,0,0.64823349714279177,0.65893043279647823,1,1
invalid_consent,2372,V32P-A017408,0,0.65842427015304561,0.66885179281234741,1,1
invalid_consent,2373,V32P-A017410,1,0.63511306047439575,0.64456182122230532,1,1
invalid_consent,2374,V32P-A017411,0,0.09453736394643783,0.090395152568817139,0,0
invalid_consent,2375,V32P-A017412,0,0.044836985692381856,0.04202699437737465,0,0
invalid_consent,2376,V32P-A017419,0,0.62621423006057741,0.64740176200866695,1,1
invalid_consent,2377,V32P-A017422,0,0.37752966880798339,0.40396925806999207,0,0
invalid_consent,2378,V32P-A017423,0,0.35149230062961578,0.38106793761253355,0,0
invalid_consent,2379,V32P-A017424,0,0.15878560841083528,0.17797374427318574,0,0
invalid_consent,2380,V32P-A017455,1,0.78459361791610716,0.79770476818084712,1,1
invalid_consent,2381,V32P-A017456,1,0.70645010471343994,0.72744156122207637,1,1
invalid_consent,2382,V32P-A017457,1,0.61926344633102415,0.6452233552932739,0,1
invalid_consent,2383,V32P-A017458,0,0.13730659633874892,0.13243556171655654,0,0
invalid_consent,2384,V32P-A017459,0,0.099479445815086359,0.09369754940271377,0,0
invalid_consent,2385,V32P-A017460,0,0.042931201867759228,0.039796979352831843,0,0
invalid_consent,2386,V32P-A017461,0,0.65493913888931277,0.68532395362854004,1,1
invalid_consent,2387,V32P-A017462,0,0.56984499096870422,0.60690591931343074,0,0
invalid_consent,2388,V32P-A017464,0,0.49808076024055481,0.54558814764022823,0,0
invalid_consent,2389,V32P-A017465,0,0.42054964303970338,0.47401301860809325,0,0
invalid_consent,2390,V32P-A017466,0,0.20447950065135956,0.23488799035549163,0,0
invalid_consent,2391,V32P-A017551,1,0.7394227266311646,0.75878150463104244,1,1
invalid_consent,2392,V32P-A017554,0,0.20854130983352662,0.208136947453022,0,0
invalid_consent,2393,V32P-A017555,0,0.13016094714403154,0.12809078395366669,0,0
invalid_consent,2394,V32P-A017556,0,0.057041115686297418,0.054792732372879981,0,0
invalid_consent,2395,V32P-A017653,0,0.59530129432678225,0.63262982368469234,0,1
invalid_consent,2396,V32P-A017654,0,0.4794194161891937,0.51724978089332585,0,0
invalid_consent,2397,V32P-A017655,0,0.61237213611602781,0.67326936721801756,0,1
invalid_consent,2398,V32P-A017656,0,0.51153092980384829,0.55064006447792058,0,0
invalid_consent,2399,V32P-A017657,0,0.43587768077850342,0.47425813674926759,0,0
invalid_consent,2400,V32P-A017658,0,0.22349053621292114,0.24620877802371979,0,0
invalid_consent,2401,V32P-A017659,0,0.71139081716537478,0.73372056484222414,1,1
invalid_consent,2402,V32P-A017660,0,0.65915867090225222,0.68474873304367068,1,1
invalid_consent,2403,V32P-A017661,0,0.61704767942428584,0.64315817356109617,0,1
invalid_consent,2404,V32P-A017662,0,0.58332673311233518,0.60807813405990596,0,0
invalid_consent,2405,V32P-A017663,0,0.57048047780990596,0.6226505398750305,0,1
invalid_consent,2406,V32P-A017664,0,0.044611258432269096,0.039990212768316269,0,0
invalid_consent,2407,V32P-A017689,0,0.69045232534408574,0.71468834877014165,1,1
invalid_consent,2408,V32P-A017690,0,0.61671601533889775,0.63816527128219602,0,1
invalid_consent,2409,V32P-A017691,0,0.59793214797973637,0.62475243806838987,0,1
invalid_consent,2410,V32P-A017692,0,0.58764601349830625,0.62233905792236333,0,1
invalid_consent,2411,V32P-A017693,1,0.53202645182609554,0.57208751440048222,0,0
invalid_consent,2412,V32P-A017694,0,0.040976193174719809,0.039182982221245763,0,0
invalid_consent,2413,V32P-A017695,0,0.40710738897323606,0.43314330577850341,0,0
invalid_consent,2414,V32P-A017696,0,0.40795204043388367,0.43626593351364135,0,0
invalid_consent,2415,V32P-A017697,0,0.35759633183479311,0.38798456788063052,0,0
invalid_consent,2416,V32P-A017698,0,0.28650493025779722,0.31402509808540346,0,0
invalid_consent,2417,V32P-A017699,0,0.22057013511657714,0.24465890228748322,0,0
invalid_consent,2418,V32P-A017700,0,0.098557979613542554,0.10769647136330604,0,0
invalid_consent,2419,V32P-A017701,1,0.64294111728668213,0.66895830631256104,1,1
invalid_consent,2420,V32P-A017702,1,0.67972105741500854,0.70257707834243777,1,1
invalid_consent,2421,V32P-A017703,1,0.49394947886466978,0.52290073037147522,0,0
invalid_consent,2422,V32P-A017704,0,0.11823427453637123,0.11193544790148735,0,0
invalid_consent,2423,V32P-A017705,0,0.13583681210875512,0.14313502311706544,0,0
invalid_consent,2424,V32P-A017706,0,0.038311694003641608,0.035158105939626691,0,0
invalid_consent,2425,V32P-A017731,0,0.67171216011047363,0.67921887636184697,1,1
invalid_consent,2426,V32P-A017732,0,0.6021392166614532,0.61623055338859556,0,0
invalid_consent,2427,V32P-A017733,0,0.60894905328750615,0.61972814798355103,0,0
invalid_consent,2428,V32P-A017734,0,0.5591084778308868,0.57069169282913212,0,0
invalid_consent,2429,V32P-A017735,1,0.47973915934562683,0.4988576889038086,0,0
invalid_consent,2430,V32P-A017736,0,0.03817331325262785,0.035556317865848543,0,0
invalid_consent,2431,V32P-A017779,0,0.66590087413787846,0.68257596492767336,1,1
invalid_consent,2432,V32P-A017780,0,0.58434299826622005,0.60111052989959712,0,0
invalid_consent,2433,V32P-A017781,0,0.50051025152206419,0.52065655589103699,0,0
invalid_consent,2434,V32P-A017782,0,0.47209541201591493,0.4950420379638672,0,0
invalid_consent,2435,V32P-A017783,0,0.44167189598083495,0.47213314771652221,0,0
invalid_consent,2436,V32P-A017784,0,0.22740984857082366,0.25095808804035186,0,0
invalid_consent,2437,V32P-A017821,0,0.62076740264892583,0.62781041860580444,1,1
invalid_consent,2438,V32P-A017822,0,0.52004305124282835,0.53134644627571104,0,0
invalid_consent,2439,V32P-A017824,0,0.39669387936592104,0.41114410161972048,0,0
invalid_consent,2440,V32P-A017825,0,0.31945286393165589,0.3345667004585266,0,0
invalid_consent,2441,V32P-A017826,0,0.15561921894550323,0.15819458812475204,0,0
invalid_consent,2442,V32P-A017851,0,0.73385286331176758,0.7487551093101501,1,1
invalid_consent,2443,V32P-A017852,0,0.51480329036712646,0.53175550103187563,0,0
invalid_consent,2444,V32P-A017853,0,0.54692104458808899,0.59991984963417055,0,0
invalid_consent,2445,V32P-A017854,0,0.56233109831810002,0.58673632740974424,0,0
invalid_consent,2446,V32P-A017855,0,0.41788109540939333,0.45420731306076051,0,0
invalid_consent,2447,V32P-A017856,0,0.18848613649606705,0.21281263679265977,0,0
invalid_consent,2448,V32P-A017875,0,0.4903453975915909,0.49541040956974031,0,0
invalid_consent,2449,V32P-A017878,0,0.48829553127288816,0.4807844400405884,0,0
invalid_consent,2450,V32P-A017879,0,0.40525255203247068,0.3939235031604767,0,0
invalid_consent,2451,V32P-A017880,0,0.17662452906370163,0.16817607283592223,0,0
invalid_consent,2452,V32P-A017905,1,0.57446807622909546,0.59703776836395261,0,0
invalid_consent,2453,V32P-A017906,1,0.53686932921409602,0.55993243455886843,0,0
invalid_consent,2454,V32P-A017907,1,0.56818506121635437,0.58840979337692256,0,0
invalid_consent,2455,V32P-A017908,0,0.092491801083087924,0.088231991976499557,0,0
invalid_consent,2456,V32P-A017909,0,0.071421563625335693,0.067829656600952151,0,0
invalid_consent,2457,V32P-A017910,0,0.033303222805261615,0.030958200059831142,0,0
invalid_consent,2458,V32P-A017923,0,0.66444056034088139,0.68356680870056152,1,1
invalid_consent,2459,V32P-A017924,0,0.52498090863227842,0.57390295267105107,0,0
invalid_consent,2460,V32P-A017925,0,0.44833021163940429,0.48029025197029113,0,0
invalid_consent,2461,V32P-A017926,0,0.4030675172805786,0.43452131152153017,0,0
invalid_consent,2462,V32P-A017927,0,0.36821188032627106,0.39894904792308805,0,0
invalid_consent,2463,V32P-A017928,0,0.030828583240509033,0.029801846668124198,0,0
invalid_consent,2464,V32P-A018001,0,0.78223879337310787,0.79985187053680418,1,1
invalid_consent,2465,V32P-A018002,0,0.63492108583450313,0.66210643053054807,1,1
invalid_consent,2466,V32P-A018003,0,0.56002975702285762,0.59357506036758423,0,0
invalid_consent,2467,V32P-A018004,0,0.50696630477905269,0.54787080287933354,0,0
invalid_consent,2468,V32P-A018005,0,0.47590343356132508,0.51502352356910708,0,0
invalid_consent,2469,V32P-A018006,0,0.21531680822372437,0.23603869080543519,0,0
invalid_consent,2470,V32P-A018007,0,0.46393661499023436,0.49641959667205809,0,0
invalid_consent,2471,V32P-A018008,0,0.45227745175361633,0.48645524382591249,0,0
invalid_consent,2472,V32P-A018009,0,0.430331689119339,0.46714883446693423,0,0
invalid_consent,2473,V32P-A018010,0,0.36027216613292695,0.4050055593252182,0,0
invalid_consent,2474,V32P-A018011,0,0.2856369435787201,0.3281002938747406,0,0
invalid_consent,2475,V32P-A018012,0,0.12643707394599915,0.1432732492685318,0,0
invalid_consent,2476,V32P-A018013,0,0.61474200487136843,0.59698694944381714,0,0
invalid_consent,2477,V32P-A018014,0,0.45733696222305298,0.4413118898868561,0,0
invalid_consent,2478,V32P-A018015,0,0.32317132949829103,0.35380796790122987,0,0
invalid_consent,2479,V32P-A018016,0,0.48321606516838073,0.47047884464263917,0,0
invalid_consent,2480,V32P-A018017,0,0.37319375872611998,0.36038510203361512,0,0
invalid_consent,2481,V32P-A018018,0,0.12489610761404038,0.12055937051773072,0,0
invalid_consent,2482,V32P-A018076,0,0.15614179223775865,0.15880105197429656,0,0
invalid_consent,2483,V32P-A018077,0,0.071012590080499649,0.064389623329043383,0,0
invalid_consent,2484,V32P-A018078,0,0.030660462006926535,0.028455061838030815,0,0
invalid_consent,2485,V32P-A018103,0,0.66698757410049436,0.6774805068969727,1,1
invalid_consent,2486,V32P-A018104,0,0.61814441680908205,0.62972414493560791,0,1
invalid_consent,2487,V32P-A018106,0,0.48972315192222593,0.50495935082435606,0,0
invalid_consent,2488,V32P-A018107,0,0.37781661748886108,0.39355813264846801,0,0
invalid_consent,2489,V32P-A018108,0,0.16706838011741637,0.17398572564125062,0,0
invalid_consent,2490,V32P-A018187,1,0.87876929044723506,0.88828369379043581,1,1
invalid_consent,2491,V32P-A018188,1,0.80712002515792847,0.81860638856887813,1,1
invalid_consent,2492,V32P-A018190,0,0.28250234723091128,0.26899642050266265,0,0
invalid_consent,2493,V32P-A018191,0,0.20458884537220001,0.19550990909337998,0,0
invalid_consent,2494,V32P-A018192,0,0.087952486798167223,0.08410915918648243,0,0
invalid_consent,2495,V32P-A018229,0,0.50633181929588322,0.54379353523254392,0,0
invalid_consent,2496,V32P-A018230,0,0.51183146834373472,0.55030379891395564,0,0
invalid_consent,2497,V32P-A018231,0,0.4662982761859894,0.51307680010795598,0,0
invalid_consent,2498,V32P-A018232,0,0.36359770894050597,0.45241044759750365,0,0
invalid_consent,2499,V32P-A018233,0,0.26914719343185423,0.31285449862480164,0,0
invalid_consent,2500,V32P-A018234,0,0.10288882553577423,0.12096476703882217,0,0
invalid_consent,2501,V32P-A018325,0,0.59824404716491697,0.61360501050949101,0,0
invalid_consent,2502,V32P-A018326,0,0.49117261171340942,0.50676801204681399,0,0
invalid_consent,2503,V32P-A018328,0,0.34379885196685789,0.35558110475540161,0,0
invalid_consent,2504,V32P-A018329,0,0.26251221597194674,0.27454327642917631,0,0
invalid_consent,2505,V32P-A018330,0,0.11996722519397736,0.12493433132767677,0,0
invalid_consent,2506,V32P-A018403,0,0.49151561856269838,0.50771694183349614,0,0
invalid_consent,2507,V32P-A018406,0,0.22967092543840409,0.24912589490413667,0,0
invalid_consent,2508,V32P-A018407,0,0.17666507214307786,0.1941127061843872,0,0
invalid_consent,2509,V32P-A018408,0,0.077164251357316971,0.080685120820999143,0,0
invalid_consent,2510,V32P-A018433,1,0.53471753001213074,0.56561816334724424,0,0
invalid_consent,2511,V32P-A018436,0,0.094778929278254515,0.090225312858819962,0,0
invalid_consent,2512,V32P-A018437,0,0.071534788608551031,0.068076057359576225,0,0
invalid_consent,2513,V32P-A018438,0,0.032453364785760642,0.030795080959796904,0,0
invalid_consent,2514,V32P-A018439,0,0.68893808126449585,0.70476537942886353,1,1
invalid_consent,2515,V32P-A018440,0,0.53555268049240112,0.56493109464645386,0,0
invalid_consent,2516,V32P-A018442,0,0.39249434471130373,0.42373290657997131,0,0
invalid_consent,2517,V32P-A018443,0,0.39511943459510801,0.42877358198165894,0,0
invalid_consent,2518,V32P-A018444,0,0.15202472507953643,0.16480258405208587,0,0
invalid_consent,2519,V32P-A018469,0,0.5976811945438385,0.60910311341285706,0,0
invalid_consent,2520,V32P-A018470,0,0.5287629306316376,0.54129555225372317,0,0
invalid_consent,2521,V32P-A018471,0,0.44432851672172546,0.46838166117668151,0,0
invalid_consent,2522,V32P-A018472,0,0.38625640869140626,0.43080335259437563,0,0
invalid_consent,2523,V32P-A018473,0,0.30262215733528136,0.34485091567039489,0,0
invalid_consent,2524,V32P-A018474,0,0.12979090958833694,0.14619970023632051,0,0
invalid_consent,2525,V32P-A018475,0,0.44883090853691099,0.45915669202804565,0,0
invalid_consent,2526,V32P-A018476,0,0.48577723503112791,0.4964010238647461,0,0
invalid_consent,2527,V32P-A018477,0,0.5553540706634521,0.56512425541877742,0,0
invalid_consent,2528,V32P-A018478,0,0.60054338574409483,0.60478567481040957,0,0
invalid_consent,2529,V32P-A018479,1,0.38199561834335327,0.39117585420608519,0,0
invalid_consent,2530,V32P-A018480,0,0.026531917229294776,0.025818314217031003,0,0
invalid_consent,2531,V32P-A018481,0,0.50560891032218935,0.52780411839485164,0,0
invalid_consent,2532,V32P-A018484,0,0.44588965773582456,0.4748288094997406,0,0
invalid_consent,2533,V32P-A018485,0,0.34050315618515015,0.39803901910781858,0,0
invalid_consent,2534,V32P-A018486,0,0.150523279607296,0.16788827925920485,0,0
invalid_consent,2535,V32P-A018487,0,0.72224504947662349,0.7300845861434937,1,1
invalid_consent,2536,V32P-A018488,0,0.68865157365798946,0.69603034257888796,1,1
invalid_consent,2537,V32P-A018489,0,0.68064413070678709,0.68922483921051025,1,1
invalid_consent,2538,V32P-A018490,0,0.66515443325042722,0.66905878782272343,1,1
invalid_consent,2539,V32P-A018491,0,0.63798888921737673,0.63769484758377071,1,1
invalid_consent,2540,V32P-A018492,0,0.39661480784416198,0.39351819753646849,0,0
invalid_consent,2541,V32P-A018517,0,0.60974477529525761,0.6527117848396301,0,1
invalid_consent,2542,V32P-A018518,0,0.46645061373710633,0.51237139701843259,0,0
invalid_consent,2543,V32P-A018519,0,0.41571574807167055,0.46796402931213377,0,0
invalid_consent,2544,V32P-A018520,0,0.379256534576416,0.43844894766807557,0,0
invalid_consent,2545,V32P-A018521,1,0.33116323351860044,0.39108440279960632,0,0
invalid_consent,2546,V32P-A018522,0,0.028372392058372498,0.02831050716340542,0,0
invalid_consent,2547,V32P-A018541,0,0.72995363473892216,0.75357151031494141,1,1
invalid_consent,2548,V32P-A018542,0,0.68349034786224361,0.71154414415359502,1,1
invalid_consent,2549,V32P-A018544,0,0.5444540739059448,0.57487116456031795,0,0
invalid_consent,2550,V32P-A018545,0,0.44738103747367858,0.47509147524833678,0,0
invalid_consent,2551,V32P-A018546,0,0.053317309450358154,0.049648799933493137,0,0
invalid_consent,2552,V32P-A018625,0,0.71316282153129573,0.71325579881668089,1,1
invalid_consent,2553,V32P-A018626,0,0.59664756059646606,0.60805231034755702,0,0
invalid_consent,2554,V32P-A018628,0,0.49355664551258088,0.50830360352993009,0,0
invalid_consent,2555,V32P-A018629,0,0.41245253086090089,0.42519412040710447,0,0
invalid_consent,2556,V32P-A018630,0,0.22151794880628586,0.22409202605485917,0,0
invalid_consent,2557,V32P-A018637,1,0.773048996925354,0.77493885755538938,1,1
invalid_consent,2558,V32P-A018638,1,0.62811901569366457,0.63311618566513062,1,1
invalid_consent,2559,V32P-A018639,0,0.12918511554598808,0.12059486359357834,0,0
invalid_consent,2560,V32P-A018640,0,0.10822176486253739,0.10236190408468246,0,0
invalid_consent,2561,V32P-A018641,0,0.084980931133031845,0.080287775397300726,0,0
invalid_consent,2562,V32P-A018642,0,0.032104330882430074,0.029859575815498828,0,0
invalid_consent,2563,V32P-A018667,0,0.74951775074005123,0.7544114470481873,1,1
invalid_consent,2564,V32P-A018668,0,0.55574578046798706,0.56774938106536865,0,0
invalid_consent,2565,V32P-A018669,0,0.48580728173255922,0.49859516620635985,0,0
invalid_consent,2566,V32P-A018670,0,0.4068415343761444,0.42378702759742737,0,0
invalid_consent,2567,V32P-A018671,0,0.37732850313186644,0.39459775090217591,0,0
invalid_consent,2568,V32P-A018672,0,0.18430165797472001,0.19019593447446823,0,0
invalid_consent,2569,V32P-A018763,0,0.49127354025840758,0.51621900200843807,0,0
invalid_consent,2570,V32P-A018764,0,0.46015274524688721,0.48247272968292237,0,0
invalid_consent,2571,V32P-A018765,0,0.43068715929985046,0.45156347751617432,0,0
invalid_consent,2572,V32P-A018766,0,0.36927467584609985,0.38436077833175658,0,0
invalid_consent,2573,V32P-A018767,0,0.29612187743186952,0.30579946935176849,0,0
invalid_consent,2574,V32P-A018768,0,0.13390965461730958,0.13634224086999894,0,0
invalid_consent,2575,V32P-A018769,0,0.6183221101760864,0.63730714321136472,0,1
invalid_consent,2576,V32P-A018772,0,0.31988994479179383,0.3540592074394226,0,0
invalid_consent,2577,V32P-A018773,0,0.23657236695289613,0.26535744965076447,0,0
invalid_consent,2578,V32P-A018774,0,0.096541184186935428,0.10422451496124267,0,0
invalid_consent,2579,V32P-A018943,0,0.81317366361618038,0.82734254598617551,1,1
invalid_consent,2580,V32P-A018946,0,0.7080604672431946,0.72780216932296748,1,1
invalid_consent,2581,V32P-A018947,0,0.56901898384094241,0.59792767763137822,0,0
invalid_consent,2582,V32P-A018948,0,0.2854891002178192,0.30256604850292207,0,0
invalid_consent,2583,V32P-A018955,0,0.77883918285369869,0.78651999235153203,1,1
invalid_consent,2584,V32P-A018956,0,0.70735232830047612,0.71901079416275027,1,1
invalid_consent,2585,V32P-A018957,0,0.6417143821716309,0.65235290527343748,1,1
invalid_consent,2586,V32P-A018958,0,0.50892774462699886,0.52389163374900816,0,0
invalid_consent,2587,V32P-A018959,0,0.39718487858772278,0.41416891217231749,0,0
invalid_consent,2588,V32P-A018960,0,0.16649345308542252,0.17050983458757402,0,0
invalid_consent,2589,V32P-A018973,0,0.62962850332260134,0.65123414993286133,1,1
invalid_consent,2590,V32P-A018974,0,0.59900368452072139,0.62177923917770384,0,1
invalid_consent,2591,V32P-A018976,0,0.58295829296112056,0.61206725835800169,0,0
invalid_consent,2592,V32P-A018977,0,0.51535490155220032,0.54407694935798645,0,0
invalid_consent,2593,V32P-A018978,0,0.044275466352701187,0.043691403791308404,0,0
invalid_consent,2594,V32P-A019069,0,0.44721845984458924,0.46844711899757385,0,0
invalid_consent,2595,V32P-A019070,0,0.36997519731521605,0.39289999008178711,0,0
invalid_consent,2596,V32P-A019072,0,0.25144918262958527,0.27145822942256925,0,0
invalid_consent,2597,V32P-A019073,0,0.2288988560438156,0.24747130274772644,0,0
invalid_consent,2598,V32P-A019074,0,0.086250959336757665,0.092513094097375875,0,0
invalid_consent,2599,V32P-A019129,0,0.52128891944885258,0.52026871442794798,0,0
invalid_consent,2600,V32P-A019130,0,0.56117230653762817,0.56219528913497929,0,0
invalid_consent,2601,V32P-A019131,0,0.49761498570442197,0.4894128918647766,0,0
invalid_consent,2602,V32P-A019132,0,0.43381422162055971,0.42831671237945557,0,0
invalid_consent,2603,V32P-A019133,0,0.36341316699981691,0.35813385248184204,0,0
invalid_consent,2604,V32P-A019134,0,0.17755021303892135,0.17816982716321944,0,0
invalid_consent,2605,V32P-A019243,0,0.61485072374343874,0.63676190376281738,0,1
invalid_consent,2606,V32P-A019244,0,0.6125696182250977,0.63120485544204707,0,1
invalid_consent,2607,V32P-A019246,0,0.5048978745937347,0.53050068616867063,0,0
invalid_consent,2608,V32P-A019247,1,0.49144745469093321,0.52196421623229983,0,0
invalid_consent,2609,V32P-A019248,0,0.032360838167369364,0.032465433329343797,0,0
invalid_consent,2610,V32P-A019249,0,0.49074205160140993,0.49129866957664492,0,0
invalid_consent,2611,V32P-A019250,0,0.50127792358398438,0.50184617638587947,0,0
invalid_consent,2612,V32P-A019251,0,0.3895886719226837,0.39895133972167968,0,0
invalid_consent,2613,V32P-A019252,0,0.2985842227935791,0.30815427303314208,0,0
invalid_consent,2614,V32P-A019253,0,0.21676964163780213,0.2232282966375351,0,0
invalid_consent,2615,V32P-A019254,0,0.09008044153451919,0.090547610074281693,0,0
invalid_consent,2616,V32P-A019285,0,0.41178516149520872,0.43368661403656006,0,0
invalid_consent,2617,V32P-A019286,0,0.40031548738479616,0.42087104320526125,0,0
invalid_consent,2618,V32P-A019287,0,0.37339949905872344,0.39149307310581205,0,0
invalid_consent,2619,V32P-A019288,0,0.29750157594680787,0.31142626404762269,0,0
invalid_consent,2620,V32P-A019289,0,0.23487189412117004,0.24696275293827058,0,0
invalid_consent,2621,V32P-A019290,0,0.10188504755496978,0.10817161351442336,0,0
invalid_consent,2622,V32P-A019339,0,0.59078667163848875,0.60329437255859375,0,0
invalid_consent,2623,V32P-A019340,0,0.49890293478965758,0.54763678312301634,0,0
invalid_consent,2624,V32P-A019341,0,0.5094313502311707,0.52958042621612544,0,0
invalid_consent,2625,V32P-A019342,0,0.42604113221168516,0.44906631708145139,0,0
invalid_consent,2626,V32P-A019343,0,0.32739219069480896,0.34875994622707368,0,0
invalid_consent,2627,V32P-A019344,0,0.14130515605211258,0.14739464670419694,0,0
invalid_consent,2628,V32P-A019345,0,0.59542034864425664,0.59616587758064266,0,0
invalid_consent,2629,V32P-A019346,0,0.68438332080841069,0.6846296072006226,1,1
invalid_consent,2630,V32P-A019347,0,0.64607677459716795,0.65369361639022827,1,1
invalid_consent,2631,V32P-A019348,0,0.57735692262649541,0.58397194147109988,0,0
invalid_consent,2632,V32P-A019349,0,0.49263571500778197,0.49699774086475373,0,0
invalid_consent,2633,V32P-A019350,0,0.23955962508916856,0.23955148905515672,0,0
invalid_consent,2634,V32P-A019411,0,0.51348493099212644,0.54160603880882263,0,0
invalid_consent,2635,V32P-A019412,0,0.49616453051567078,0.51582181453704834,0,0
invalid_consent,2636,V32P-A019413,0,0.43387594223022463,0.45192432403564453,0,0
invalid_consent,2637,V32P-A019414,0,0.35592893362045286,0.37421253323554993,0,0
invalid_consent,2638,V32P-A019415,0,0.29035117924213411,0.3051458388566971,0,0
invalid_consent,2639,V32P-A019416,0,0.11717404872179031,0.12830627039074899,0,0
invalid_consent,2640,V32P-A019429,1,0.69828737974166866,0.70481314659118655,1,1
invalid_consent,2641,V32P-A019430,1,0.68416161537170406,0.69388334751129155,1,1
invalid_consent,2642,V32P-A019431,1,0.6797177791595459,0.6907257676124573,1,1
invalid_consent,2643,V32P-A019432,0,0.1652493618428707,0.15875423476099967,0,0
invalid_consent,2644,V32P-A019433,0,0.12089524194598197,0.11489049196243287,0,0
invalid_consent,2645,V32P-A019434,0,0.060427254252135756,0.057298405840992925,0,0
invalid_consent,2646,V32P-A019441,1,0.66002914905548093,0.67660770416259763,1,1
invalid_consent,2647,V32P-A019442,1,0.62339540719985964,0.64238258600234988,1,1
invalid_consent,2648,V32P-A019444,0,0.10324033871293067,0.098123477399349207,0,0
invalid_consent,2649,V32P-A019445,0,0.075873878225684172,0.072768025472760206,0,0
invalid_consent,2650,V32P-A019446,0,0.034327182825654744,0.032718424685299397,0,0
invalid_consent,2651,V32P-A019597,0,0.58145993947982788,0.60983564853668215,0,0
invalid_consent,2652,V32P-A019598,0,0.58776184320449831,0.6186190605163574,0,0
invalid_consent,2653,V32P-A019599,0,0.56471888422965999,0.60062952637672429,0,0
invalid_consent,2654,V32P-A019600,0,0.4898614823818207,0.52263503074646001,0,0
invalid_consent,2655,V32P-A019601,0,0.4187482178211212,0.44040844440460203,0,0
invalid_consent,2656,V32P-A019602,0,0.20901803076267242,0.21383039057254791,0,0
invalid_consent,2657,V32P-A019609,0,0.7065579891204834,0.72293673753738408,1,1
invalid_consent,2658,V32P-A019610,0,0.54993705749511723,0.57264291048049931,0,0
invalid_consent,2659,V32P-A019611,0,0.44341814517974854,0.47401418685913088,0,0
invalid_consent,2660,V32P-A019612,0,0.46457307338714598,0.49647895097732542,0,0
invalid_consent,2661,V32P-A019613,0,0.33447843492031099,0.365033695101738,0,0
invalid_consent,2662,V32P-A019614,0,0.1377109855413437,0.14362177699804307,0,0
invalid_consent,2663,V32P-A019759,0,0.67092006206512456,0.67587103843688967,1,1
invalid_consent,2664,V32P-A019760,0,0.53788869380950932,0.53497495651245119,0,0
invalid_consent,2665,V32P-A019762,0,0.47267362475395203,0.47598333954811095,0,0
invalid_consent,2666,V32P-A019763,0,0.38626410365104674,0.38858037590980532,0,0
invalid_consent,2667,V32P-A019764,0,0.17524904608726502,0.1742267206311226,0,0
invalid_consent,2668,V32P-A019813,0,0.5540759682655334,0.54002058506011963,0,0
invalid_consent,2669,V32P-A019814,0,0.50157160162925718,0.48629252910614013,0,0
invalid_consent,2670,V32P-A019815,0,0.41853617429733275,0.40640164613723756,0,0
invalid_consent,2671,V32P-A019816,0,0.32709399461746214,0.31915102005004881,0,0
invalid_consent,2672,V32P-A019817,0,0.25058007538318633,0.24536882638931273,0,0
invalid_consent,2673,V32P-A019818,0,0.098121348023414615,0.09691990539431572,0,0
invalid_consent,2674,V32P-A019885,0,0.58675354719161987,0.61006723642349248,0,0
invalid_consent,2675,V32P-A019886,0,0.4978381931781769,0.52656458020210262,0,0
invalid_consent,2676,V32P-A019887,0,0.43283072412014006,0.45756485462188723,0,0
invalid_consent,2677,V32P-A019888,0,0.36973004043102264,0.39191753864288331,0,0
invalid_consent,2678,V32P-A019889,0,0.35331729054450989,0.38384453654289247,0,0
invalid_consent,2679,V32P-A019890,0,0.18422817885875703,0.19151615947484971,0,0
invalid_consent,2680,V32P-A019903,0,0.50742698311805723,0.52178480029106145,0,0
invalid_consent,2681,V32P-A019904,0,0.60723665356636047,0.61571068763732906,0,0
invalid_consent,2682,V32P-A019905,0,0.67855345010757451,0.6855562806129456,1,1
invalid_consent,2683,V32P-A019906,0,0.6617494940757751,0.67040690183639529,1,1
invalid_consent,2684,V32P-A019907,0,0.57817244529724121,0.60192353725433345,0,0
invalid_consent,2685,V32P-A019908,0,0.42513735294342042,0.41460151672363282,0,0
invalid_consent,2686,V32P-A019957,0,0.47081266045570375,0.4835661709308624,0,0
invalid_consent,2687,V32P-A019958,0,0.45437502861022949,0.46991655826568601,0,0
invalid_consent,2688,V32P-A019959,0,0.42790122628211974,0.44408297538757324,0,0
invalid_consent,2689,V32P-A019960,0,0.36475526690483095,0.37932533621788023,0,0
invalid_consent,2690,V32P-A019961,1,0.29079012274742128,0.30602185130119325,0,0
invalid_consent,2691,V32P-A019962,0,0.02348292963579297,0.021681250445544718,0,0
invalid_consent,2692,V32P-A019975,0,0.73615084886550908,0.74579125642776489,1,1
invalid_consent,2693,V32P-A019978,0,0.53648377656936641,0.5669425964355469,0,0
invalid_consent,2694,V32P-A019979,0,0.52552165389060979,0.55382189750671384,0,0
invalid_consent,2695,V32P-A019980,0,0.29118838310241701,0.30597894787788393,0,0
invalid_consent,2696,V32P-A019987,1,0.41916148066520692,0.45572453737258911,0,0
invalid_consent,2697,V32P-A019988,1,0.3844733774662018,0.41249328255653384,0,0
invalid_consent,2698,V32P-A019989,1,0.42154735922813413,0.46007689237594607,0,0
invalid_consent,2699,V32P-A019990,0,0.069810382649302477,0.070586749911308283,0,0
invalid_consent,2700,V32P-A019991,0,0.055926094204187392,0.056312374398112298,0,0
invalid_consent,2701,V32P-A019992,0,0.025418771710246802,0.025200157053768636,0,0
invalid_consent,2702,V32P-A019993,1,0.8429801821708679,0.84537806510925295,1,1
invalid_consent,2703,V32P-A019994,1,0.77099891901016238,0.7800844073295593,1,1
invalid_consent,2704,V32P-A019995,0,0.19707378745079041,0.18574139922857286,0,0
invalid_consent,2705,V32P-A019996,0,0.33103889226913452,0.31305010318756105,0,0
invalid_consent,2706,V32P-A019997,0,0.11646227836608887,0.11002965793013572,0,0
invalid_consent,2707,V32P-A019998,0,0.045906209945678712,0.042821692489087584,0,0
invalid_consent,2708,V32P-A019999,1,0.67844821214675899,0.6970893979072571,1,1
invalid_consent,2709,V32P-A020000,1,0.6600469827651978,0.67843102216720585,1,1
invalid_consent,2710,V32P-A020001,1,0.60247749090194702,0.62234925031661992,0,1
invalid_consent,2711,V32P-A020002,0,0.09951407387852669,0.10092517882585525,0,0
invalid_consent,2712,V32P-A020003,0,0.075086790323257449,0.075097195059061053,0,0
invalid_consent,2713,V32P-A020004,0,0.033344220556318763,0.032368252985179424,0,0
invalid_consent,2714,V32P-A020005,0,0.52765980362892151,0.54612575769424443,0,0
invalid_consent,2715,V32P-A020006,0,0.4436990201473236,0.47026805877685546,0,0
invalid_consent,2716,V32P-A020007,0,0.34146515727043153,0.36548877954483033,0,0
invalid_consent,2717,V32P-A020008,0,0.27080456614494325,0.29402657151222228,0,0
invalid_consent,2718,V32P-A020009,0,0.21501294970512391,0.23460635244846345,0,0
invalid_consent,2719,V32P-A020010,0,0.10228722095489502,0.1117882862687111,0,0
invalid_consent,2720,V32P-A020017,1,0.79337254762649534,0.80373594760894773,1,1
invalid_consent,2721,V32P-A020018,1,0.56820933818817143,0.58961248993873594,0,0
invalid_consent,2722,V32P-A020019,0,0.14069158136844634,0.13439752906560898,0,0
invalid_consent,2723,V32P-A020020,0,0.23828689157962799,0.22902553230524064,0,0
invalid_consent,2724,V32P-A020021,0,0.092840953916311267,0.088972578942775729,0,0
invalid_consent,2725,V32P-A020022,0,0.045538913086056711,0.044900165311992167,0,0
invalid_consent,2726,V32P-A020095,0,0.49446347951889036,0.50658618807792666,0,0
invalid_consent,2727,V32P-A020096,0,0.44690392613410951,0.4637990355491638,0,0
invalid_consent,2728,V32P-A020098,0,0.32570519745349885,0.34066558778285982,0,0
invalid_consent,2729,V32P-A020099,0,0.24232226312160493,0.25756566226482391,0,0
invalid_consent,2730,V32P-A020100,0,0.098619557917118073,0.1042900413274765,0,0
invalid_consent,2731,V32P-A020113,0,0.4142899990081787,0.4654208183288574,0,0
invalid_consent,2732,V32P-A020114,0,0.33966349959373476,0.42123963832855227,0,0
invalid_consent,2733,V32P-A020115,0,0.44516325592994688,0.49633413553237915,0,0
invalid_consent,2734,V32P-A020116,0,0.31709779202938082,0.36505173742771146,0,0
invalid_consent,2735,V32P-A020117,0,0.24735760986804961,0.28966387510299685,0,0
invalid_consent,2736,V32P-A020118,0,0.11146947145462036,0.13158542215824126,0,0
invalid_consent,2737,V32P-A020152,0,0.61844530105590823,0.6389746785163879,0,1
invalid_consent,2738,V32P-A020153,0,0.65307486057281494,0.67192775011062622,1,1
invalid_consent,2739,V32P-A020154,0,0.34767157435417173,0.3607567071914673,0,0
invalid_consent,2740,V32P-A020185,0,0.72979404926300051,0.75233780145645146,1,1
invalid_consent,2741,V32P-A020186,0,0.6071948885917664,0.63386635780334477,0,1
invalid_consent,2742,V32P-A020187,0,0.53853591680526736,0.57324629426002505,0,0
invalid_consent,2743,V32P-A020188,0,0.41394867897033694,0.45264484882354739,0,0
invalid_consent,2744,V32P-A020189,0,0.31651452779769895,0.3570887506008148,0,0
invalid_consent,2745,V32P-A020190,0,0.13888401836156844,0.15525504052639008,0,0
invalid_consent,2746,V32P-A020263,0,0.71772828102111819,0.72642757892608645,1,1
invalid_consent,2747,V32P-A020266,0,0.64871999025344851,0.65565590858459477,1,1
invalid_consent,2748,V32P-A020267,0,0.60572958588600156,0.60868883728981016,0,0
invalid_consent,2749,V32P-A020268,0,0.36076366901397705,0.36189394891262056,0,0
invalid_consent,2750,V32P-A020302,0,0.28466325700283052,0.35617615580558776,0,0
invalid_consent,2751,V32P-A020303,0,0.16392268985509872,0.18460805863142013,0,0
invalid_consent,2752,V32P-A020304,0,0.070861296355724329,0.078860927373170853,0,0
invalid_consent,2753,V32P-A020431,0,0.28279387056827543,0.29981644451618195,0,0
invalid_consent,2754,V32P-A020432,0,0.28579602837562562,0.3048197329044342,0,0
invalid_consent,2755,V32P-A020434,0,0.21762700080871583,0.23237203955650329,0,0
invalid_consent,2756,V32P-A020435,1,0.17770048379898071,0.1868258833885193,0,0
invalid_consent,2757,V32P-A020436,0,0.022280430281534792,0.02141123227775097,0,0
invalid_consent,2758,V32P-A020437,1,0.52750605344772339,0.55052736997604368,0,0
invalid_consent,2759,V32P-A020438,1,0.53457086682319643,0.55642617940902706,0,0
invalid_consent,2760,V32P-A020439,0,0.1188423715531826,0.11293501108884811,0,0
invalid_consent,2761,V32P-A020440,0,0.19376094788312911,0.19883455336093903,0,0
invalid_consent,2762,V32P-A020441,0,0.06805749908089638,0.063317468017339701,0,0
invalid_consent,2763,V32P-A020442,0,0.032008373923599717,0.029929389432072639,0,0
invalid_consent,2764,V32P-A020449,0,0.57900660037994389,0.60489257574081423,0,0
invalid_consent,2765,V32P-A020450,0,0.66750818490982056,0.69253659248352051,1,1
invalid_consent,2766,V32P-A020451,0,0.66555052995681763,0.69266557693481445,1,1
invalid_consent,2767,V32P-A020452,0,0.64748018980026245,0.67896775007247923,1,1
invalid_consent,2768,V32P-A020453,0,0.59770575761795042,0.63257315158843996,0,1
invalid_consent,2769,V32P-A020454,0,0.054466724023222925,0.049805791303515437,0,0
invalid_consent,2770,V32P-A020467,0,0.53032267093658447,0.54621227979660036,0,0
invalid_consent,2771,V32P-A020470,0,0.38757681846618652,0.41125758290290831,0,0
invalid_consent,2772,V32P-A020471,0,0.3219298183917999,0.34752067923545837,0,0
invalid_consent,2773,V32P-A020472,0,0.15903118997812271,0.17011807411909102,0,0
invalid_consent,2774,V32P-A020473,0,0.62363002300262449,0.63967561721801758,1,1
invalid_consent,2775,V32P-A020474,0,0.63071877956390376,0.6449885368347168,1,1
invalid_consent,2776,V32P-A020475,0,0.60355855226516719,0.62243556976318359,0,1
invalid_consent,2777,V32P-A020476,0,0.53089905381202696,0.55518431067466734,0,0
invalid_consent,2778,V32P-A020477,0,0.44274140596389772,0.47205377221107481,0,0
invalid_consent,2779,V32P-A020478,0,0.18524672389030455,0.19851893782615662,0,0
invalid_consent,2780,V32P-A020533,0,0.65654878616333012,0.68268748521804812,1,1
invalid_consent,2781,V32P-A020534,0,0.5136537373065948,0.5719838500022888,0,0
invalid_consent,2782,V32P-A020536,0,0.49457827210426331,0.52465932965278628,0,0
invalid_consent,2783,V32P-A020537,0,0.41777986288070679,0.44047838449478149,0,0
invalid_consent,2784,V32P-A020538,0,0.21863078325986862,0.22125818133354186,0,0
invalid_consent,2785,V32P-A020551,0,0.72328664064407344,0.72360577583312991,1,1
invalid_consent,2786,V32P-A020552,0,0.53023321032524107,0.52662100791931155,0,0
invalid_consent,2787,V32P-A020553,0,0.4310005843639374,0.43549219369888303,0,0
invalid_consent,2788,V32P-A020554,0,0.41998233199119567,0.43058299422264101,0,0
invalid_consent,2789,V32P-A020555,0,0.3438793420791626,0.35080484151840208,0,0
invalid_consent,2790,V32P-A020556,0,0.17124957740306854,0.17553639113903047,0,0
invalid_consent,2791,V32P-A020611,0,0.76291861534118655,0.7918986558914185,1,1
invalid_consent,2792,V32P-A020612,0,0.61811740398406978,0.66057111024856563,0,1
invalid_consent,2793,V32P-A020613,0,0.64756653904914852,0.70215741395950315,1,1
invalid_consent,2794,V32P-A020614,0,0.48696689009666444,0.52757604122161861,0,0
invalid_consent,2795,V32P-A020615,0,0.43413894176483153,0.47096698284149169,0,0
invalid_consent,2796,V32P-A020616,0,0.23274307399988176,0.25151630789041518,0,0
invalid_consent,2797,V32P-A020617,0,0.49513439536094667,0.52249685525894163,0,0
invalid_consent,2798,V32P-A020620,0,0.3982259273529053,0.4285873234272003,0,0
invalid_consent,2799,V32P-A020621,0,0.33079928457736968,0.35628509223461152,0,0
invalid_consent,2800,V32P-A020622,0,0.042657227627933024,0.038805790804326536,0,0
invalid_consent,2801,V32P-A020629,0,0.63616604804992671,0.64874265193939207,1,1
invalid_consent,2802,V32P-A020630,0,0.64877150058746336,0.67837637662887573,1,1
invalid_consent,2803,V32P-A020631,0,0.68550966978073125,0.69751454591751094,1,1
invalid_consent,2804,V32P-A020632,0,0.63098957538604739,0.64243589639663701,1,1
invalid_consent,2805,V32P-A020633,0,0.57196998000144961,0.58164477348327637,0,0
invalid_consent,2806,V32P-A020634,0,0.30478559732437133,0.30679183304309843,0,0
invalid_consent,2807,V32P-A020785,0,0.62079106569290166,0.63367211818695068,1,1
invalid_consent,2808,V32P-A020786,0,0.5605062782764435,0.56968459486961365,0,0
invalid_consent,2809,V32P-A020787,0,0.51042608618736263,0.51718192100524907,0,0
invalid_consent,2810,V32P-A020788,0,0.42130635976791381,0.43838851451873778,0,0
invalid_consent,2811,V32P-A020789,0,0.3283696949481964,0.35207380950450895,0,0
invalid_consent,2812,V32P-A020790,0,0.13585920333862306,0.14909717291593552,0,0
invalid_consent,2813,V32P-A020827,0,0.68201453685760494,0.68804939985275271,1,1
invalid_consent,2814,V32P-A020828,0,0.54082211256027224,0.55433043241500857,0,0
invalid_consent,2815,V32P-A020829,0,0.5039330899715424,0.51673178076744075,0,0
invalid_consent,2816,V32P-A020830,0,0.43853754401206968,0.45306695699691774,0,0
invalid_consent,2817,V32P-A020831,0,0.35056398510932923,0.36360056400299073,0,0
invalid_consent,2818,V32P-A020832,0,0.16221445053815842,0.16379726976156234,0,0
invalid_consent,2819,V32P-A020875,0,0.76058065891265869,0.77335956096649172,1,1
invalid_consent,2820,V32P-A020876,0,0.6731310367584229,0.69275698661804197,1,1
invalid_consent,2821,V32P-A020877,0,0.56575231552124028,0.61120253801345825,0,0
invalid_consent,2822,V32P-A020878,0,0.47444128394126894,0.50848644375801089,0,0
invalid_consent,2823,V32P-A020879,0,0.41955309808254243,0.45981307029724122,0,0
invalid_consent,2824,V32P-A020880,0,0.29807880520820618,0.3335896968841553,0,0
invalid_consent,2825,V32P-A020941,0,0.5045674324035645,0.52885731458663943,0,0
invalid_consent,2826,V32P-A020942,0,0.49006702899932864,0.51430539488792415,0,0
invalid_consent,2827,V32P-A020943,0,0.43640725016593934,0.46272723078727723,0,0
invalid_consent,2828,V32P-A020944,0,0.35284996330738067,0.38055668175220492,0,0
invalid_consent,2829,V32P-A020945,0,0.27569825649261476,0.30061236917972567,0,0
invalid_consent,2830,V32P-A020946,0,0.11917036175727844,0.12889180928468705,0,0
invalid_consent,2831,V32P-A020959,0,0.39495859146118162,0.38742566704750059,0,0
invalid_consent,2832,V32P-A020960,0,0.4885413646697998,0.48738186359405516,0,0
invalid_consent,2833,V32P-A020962,0,0.3991512656211853,0.39845021963119509,0,0
invalid_consent,2834,V32P-A020963,0,0.30168460309505463,0.29557085931301119,0,0
invalid_consent,2835,V32P-A020964,0,0.025863132812082766,0.024754089675843714,0,0
invalid_consent,2836,V32P-A020965,0,0.65510513782501223,0.66959962844848631,1,1
invalid_consent,2837,V32P-A020966,0,0.58225482702255249,0.60168811082839968,0,0
invalid_consent,2838,V32P-A020967,0,0.55259772539138796,0.57366887331008909,0,0
invalid_consent,2839,V32P-A020968,0,0.48510053157806399,0.51231423020362854,0,0
invalid_consent,2840,V32P-A020969,0,0.40349640846252444,0.43230206966400148,0,0
invalid_consent,2841,V32P-A020970,0,0.1841004341840744,0.19658744037151338,0,0
invalid_consent,2842,V32P-A020995,0,0.71775763034820561,0.75068033933639522,1,1
invalid_consent,2843,V32P-A020996,0,0.62052401304244997,0.66431485414505009,1,1
invalid_consent,2844,V32P-A020997,0,0.54211371541023257,0.58730125427246094,0,0
invalid_consent,2845,V32P-A020998,0,0.49711530804634096,0.53933768272399907,0,0
invalid_consent,2846,V32P-A020999,0,0.484665709733963,0.52414112091064458,0,0
invalid_consent,2847,V32P-A021000,0,0.27454221695661546,0.29638018906116487,0,0
invalid_consent,2848,V32P-A021037,0,0.78882505893707278,0.79743789434432988,1,1
invalid_consent,2849,V32P-A021038,0,0.61537821292877193,0.64391893148422241,0,1
invalid_consent,2850,V32P-A021039,0,0.51846732497215275,0.52543941736221311,0,0
invalid_consent,2851,V32P-A021040,0,0.57686179280281069,0.5847586572170258,0,0
invalid_consent,2852,V32P-A021041,0,0.42914279997348787,0.43829152584075926,0,0
invalid_consent,2853,V32P-A021042,0,0.2260059267282486,0.22609201520681382,0,0
invalid_consent,2854,V32P-A021043,0,0.75810604095458989,0.76910382509231567,1,1
invalid_consent,2855,V32P-A021044,0,0.72479047775268557,0.73837692737579341,1,1
invalid_consent,2856,V32P-A021046,0,0.70732610225677495,0.72250844240188594,1,1
invalid_consent,2857,V32P-A021047,1,0.6558150053024292,0.67704653739929199,1,1
invalid_consent,2858,V32P-A021048,0,0.055204990878701211,0.052372061833739283,0,0
invalid_consent,2859,V32P-A021055,0,0.57046583294868469,0.59779178500175478,0,0
invalid_consent,2860,V32P-A021056,0,0.65604346990585327,0.6792381167411804,1,1
invalid_consent,2861,V32P-A021058,1,0.60860427618026736,0.64326910972595219,0,1
invalid_consent,2862,V32P-A021059,0,0.085917729139328006,0.086028297990560526,0,0
invalid_consent,2863,V32P-A021060,0,0.035235932096838951,0.03474290668964386,0,0
invalid_consent,2864,V32P-A021079,1,0.83785147666931148,0.84736853837966919,1,1
invalid_consent,2865,V32P-A021080,1,0.73789634704589846,0.74963072538375852,1,1
invalid_consent,2866,V32P-A021081,1,0.68463892936706539,0.70108314752578738,1,1
invalid_consent,2867,V32P-A021082,0,0.15912919938564302,0.14956522285938262,0,0
invalid_consent,2868,V32P-A021083,0,0.1299160674214363,0.12312769144773483,0,0
invalid_consent,2869,V32P-A021084,0,0.05332112740725279,0.048952200636267665,0,0
invalid_consent,2870,V32P-A021115,0,0.5497079133987427,0.57662779688835142,0,0
invalid_consent,2871,V32P-A021116,0,0.42162696123123167,0.44651896357536314,0,0
invalid_consent,2872,V32P-A021117,0,0.37055644690990447,0.38717947006225584,0,0
invalid_consent,2873,V32P-A021118,0,0.39884849786758425,0.4396964728832245,0,0
invalid_consent,2874,V32P-A021119,0,0.24256121814250947,0.25012678802013399,0,0
invalid_consent,2875,V32P-A021120,0,0.019095015688799323,0.016812378214672206,0,0
invalid_consent,2876,V32P-A021133,0,0.51386996507644656,0.55921164751052854,0,0
invalid_consent,2877,V32P-A021134,0,0.49548360407352449,0.53976121544837952,0,0
invalid_consent,2878,V32P-A021135,0,0.38165989518165588,0.42434996664524077,0,0
invalid_consent,2879,V32P-A021136,0,0.29994049668312073,0.33020713329315188,0,0
invalid_consent,2880,V32P-A021137,1,0.24270823299884797,0.265963676571846,0,0
invalid_consent,2881,V32P-A021138,0,0.026500447117723525,0.02455063401721418,0,0
invalid_consent,2882,V32P-A021157,0,0.68624494075775144,0.67995498180389402,1,1
invalid_consent,2883,V32P-A021158,0,0.58436332345008846,0.57626337409019468,0,0
invalid_consent,2884,V32P-A021159,0,0.54445641040802006,0.53467211127281189,0,0
invalid_consent,2885,V32P-A021160,0,0.45422013401985167,0.44347986578941345,0,0
invalid_consent,2886,V32P-A021161,0,0.35671078562736513,0.34856910109519956,0,0
invalid_consent,2887,V32P-A021162,0,0.13913837969303131,0.13592287302017211,0,0
invalid_consent,2888,V32P-A021175,0,0.71575480699539185,0.71714385747909548,1,1
invalid_consent,2889,V32P-A021176,0,0.63706506490707393,0.64698702096939087,1,1
invalid_consent,2890,V32P-A021177,0,0.59418143033981319,0.60488483905792234,0,0
invalid_consent,2891,V32P-A021178,0,0.50175098180770872,0.51997234821319582,0,0
invalid_consent,2892,V32P-A021179,0,0.40278053283691406,0.42740822434425352,0,0
invalid_consent,2893,V32P-A021180,0,0.17110198140144348,0.18831186294555663,0,0
invalid_consent,2894,V32P-A021181,0,0.58170738220214846,0.58701490163803105,0,0
invalid_consent,2895,V32P-A021182,0,0.56384868025779722,0.56220108866691587,0,0
invalid_consent,2896,V32P-A021183,0,0.46692205667495729,0.49226211905479433,0,0
invalid_consent,2897,V32P-A021184,0,0.43604717850685121,0.42751637101173401,0,0
invalid_consent,2898,V32P-A021185,0,0.36896545588970187,0.36284770667552946,0,0
invalid_consent,2899,V32P-A021186,0,0.1708294540643692,0.1739024743437767,0,0
invalid_consent,2900,V32P-A021187,0,0.59272652864456177,0.61320309638977055,0,0
invalid_consent,2901,V32P-A021190,0,0.46685416102409361,0.4991869330406189,0,0
invalid_consent,2902,V32P-A021191,1,0.37432430982589721,0.40963622331619265,0,0
invalid_consent,2903,V32P-A021192,0,0.029404972121119498,0.027800068072974683,0,0
invalid_consent,2904,V32P-A021211,0,0.70286077260971069,0.71039508581161503,1,1
invalid_consent,2905,V32P-A021212,0,0.48548073768615724,0.49551908969879149,0,0
invalid_consent,2906,V32P-A021213,0,0.46515137553215025,0.4755218982696533,0,0
invalid_consent,2907,V32P-A021214,0,0.45995538830757143,0.46864856481552125,0,0
invalid_consent,2908,V32P-A021215,0,0.49018984436988833,0.49053564667701721,0,0
invalid_consent,2909,V32P-A021216,0,0.1674690216779709,0.17172418981790544,0,0
invalid_consent,2910,V32P-A021301,0,0.5659966349601746,0.56785892248153691,0,0
invalid_consent,2911,V32P-A021302,0,0.48659073710441592,0.49471831917762754,0,0
invalid_consent,2912,V32P-A021304,0,0.32760507762432101,0.33793108761310575,0,0
invalid_consent,2913,V32P-A021305,0,0.32335478663444517,0.32964932918548584,0,0
invalid_consent,2914,V32P-A021306,0,0.16242649406194687,0.16667079031467438,0,0
invalid_consent,2915,V32P-A021385,0,0.71452554464340212,0.71998025178909297,1,1
invalid_consent,2916,V32P-A021388,0,0.56839050054550166,0.58474195003509521,0,0
invalid_consent,2917,V32P-A021389,0,0.51387919187545772,0.53635719418525696,0,0
invalid_consent,2918,V32P-A021390,0,0.04429355952888727,0.041322978585958479,0,0
invalid_consent,2919,V32P-A021481,0,0.64965742826461792,0.66449785232543945,1,1
invalid_consent,2920,V32P-A021482,0,0.57367485761642456,0.59234143495559688,0,0
invalid_consent,2921,V32P-A021484,0,0.43864140212535857,0.46658938825130464,0,0
invalid_consent,2922,V32P-A021485,0,0.34018673896789553,0.36807145476341246,0,0
invalid_consent,2923,V32P-A021486,0,0.17936268746852874,0.19575980007648469,0,0
invalid_consent,2924,V32P-A021493,0,0.74146829843521123,0.74822376966476445,1,1
invalid_consent,2925,V32P-A021494,0,0.70135024785995481,0.70955280065536497,1,1
invalid_consent,2926,V32P-A021495,0,0.6246822595596313,0.63568060398101811,1,1
invalid_consent,2927,V32P-A021496,0,0.56508792638778682,0.570220947265625,0,0
invalid_consent,2928,V32P-A021497,0,0.49060254096984862,0.49321340918540957,0,0
invalid_consent,2929,V32P-A021498,0,0.23279716074466705,0.23247412890195845,0,0
invalid_consent,2930,V32P-A021553,1,0.63404638767242427,0.64342080354690556,1,1
invalid_consent,2931,V32P-A021554,1,0.55528072118759153,0.5652210474014282,0,0
invalid_consent,2932,V32P-A021555,1,0.51000781059265132,0.51832681298255923,0,0
invalid_consent,2933,V32P-A021556,0,0.10008377432823182,0.093807769566774363,0,0
invalid_consent,2934,V32P-A021557,0,0.08390768021345138,0.079602026939392084,0,0
invalid_consent,2935,V32P-A021558,0,0.036316145956516263,0.034787630476057527,0,0
invalid_consent,2936,V32P-A021577,0,0.50803963541984554,0.50827782750129702,0,0
invalid_consent,2937,V32P-A021578,0,0.56675558686256411,0.55859749913215639,0,0
invalid_consent,2938,V32P-A021580,0,0.38308537602424619,0.37508174777030945,0,0
invalid_consent,2939,V32P-A021581,0,0.26908333003520968,0.26505116522312167,0,0
invalid_consent,2940,V32P-A021582,0,0.099077223241329199,0.09646926745772362,0,0
invalid_consent,2941,V32P-A021607,0,0.60372557640075686,0.62290328741073608,0,1
invalid_consent,2942,V32P-A021608,0,0.59879096746444704,0.61902116537094121,0,0
invalid_consent,2943,V32P-A021609,0,0.59021232128143308,0.61006965637207033,0,0
invalid_consent,2944,V32P-A021610,0,0.53404603004455564,0.55266525745391848,0,0
invalid_consent,2945,V32P-A021611,0,0.46234642863273623,0.47986676692962649,0,0
invalid_consent,2946,V32P-A021612,0,0.03625694438815117,0.035166694037616256,0,0
invalid_consent,2947,V32P-A021625,0,0.49375222325325013,0.48348109126091005,0,0
invalid_consent,2948,V32P-A021626,0,0.51110073924064636,0.4997952342033386,0,0
invalid_consent,2949,V32P-A021627,0,0.49260586500167847,0.5203565299510956,0,0
invalid_consent,2950,V32P-A021628,0,0.45767650008201599,0.44267333745956422,0,0
invalid_consent,2951,V32P-A021629,0,0.37820933163166048,0.36560530662536622,0,0
invalid_consent,2952,V32P-A021630,0,0.18738061040639878,0.18046524599194527,0,0
invalid_consent,2953,V32P-A021685,0,0.73458044528961186,0.75325485467910769,1,1
invalid_consent,2954,V32P-A021686,0,0.63790946006774907,0.66075984239578245,1,1
invalid_consent,2955,V32P-A021687,0,0.58369414806365971,0.61115674972534184,0,0
invalid_consent,2956,V32P-A021688,0,0.58148416280746462,0.61211675405502319,0,0
invalid_consent,2957,V32P-A021689,0,0.46230172514915469,0.50035575628280637,0,0
invalid_consent,2958,V32P-A021690,0,0.22949936687946321,0.24256567656993866,0,0
invalid_consent,2959,V32P-A021703,0,0.7412667512893677,0.74941229820251465,1,1
invalid_consent,2960,V32P-A021704,0,0.68629817962646489,0.69800071716308598,1,1
invalid_consent,2961,V32P-A021706,1,0.54550741910934453,0.55843135118484499,0,0
invalid_consent,2962,V32P-A021707,0,0.079253685474395749,0.075209229439496997,0,0
invalid_consent,2963,V32P-A021708,0,0.035553464666008949,0.033319080807268621,0,0
invalid_consent,2964,V32P-A021733,0,0.72943704128265385,0.74377746582031246,1,1
invalid_consent,2965,V32P-A021734,0,0.61473799943923946,0.63330849409103396,0,1
invalid_consent,2966,V32P-A021735,0,0.54616636037826538,0.56710695028305058,0,0
invalid_consent,2967,V32P-A021736,0,0.58077320456504822,0.59813148379325864,0,0
invalid_consent,2968,V32P-A021737,0,0.45285008549690248,0.4812715411186218,0,0
invalid_consent,2969,V32P-A021738,0,0.26776912510395051,0.28081566095352173,0,0
invalid_consent,2970,V32P-A021751,0,0.46275133490562437,0.49246517419815061,0,0
invalid_consent,2971,V32P-A021752,0,0.45913127660751341,0.48477230072021482,0,0
invalid_consent,2972,V32P-A021753,0,0.41225042343139651,0.43803600668907167,0,0
invalid_consent,2973,V32P-A021754,0,0.33459639549255371,0.35737317800521851,0,0
invalid_consent,2974,V32P-A021755,0,0.26514586508274079,0.28316027820110323,0,0
invalid_consent,2975,V32P-A021756,0,0.12015111744403839,0.12548130899667739,0,0
invalid_consent,2976,V32P-A021793,0,0.81183228492736814,0.81342675685882571,1,1
invalid_consent,2977,V32P-A021794,0,0.72297179698944092,0.72274394035339351,1,1
invalid_consent,2978,V32P-A021795,0,0.69665379524230953,0.6969465374946594,1,1
invalid_consent,2979,V32P-A021796,0,0.62086901664733884,0.62165207862853999,1,1
invalid_consent,2980,V32P-A021797,0,0.55979230403900149,0.56011874079704282,0,0
invalid_consent,2981,V32P-A021798,0,0.31974199116230012,0.31994799375534055,0,0
invalid_consent,2982,V32P-A021817,0,0.41098374128341675,0.40826796293258666,0,0
invalid_consent,2983,V32P-A021818,0,0.47306838631629944,0.46778899431228638,0,0
invalid_consent,2984,V32P-A021819,0,0.46654813289642333,0.45479356050491332,0,0
invalid_consent,2985,V32P-A021820,0,0.40351310968399046,0.3896121859550476,0,0
invalid_consent,2986,V32P-A021821,0,0.32471767067909241,0.30971133410930635,0,0
invalid_consent,2987,V32P-A021822,0,0.14718900620937347,0.13823918402194976,0,0
invalid_consent,2988,V32P-A021835,0,0.45502928495407102,0.48901756405830382,0,0
invalid_consent,2989,V32P-A021836,0,0.3994284927845001,0.43855111002922059,0,0
invalid_consent,2990,V32P-A021837,0,0.34194648563861846,0.38504726588726046,0,0
invalid_consent,2991,V32P-A021838,0,0.28915651440620421,0.32742750048637392,0,0
invalid_consent,2992,V32P-A021839,0,0.2226736068725586,0.25562587380409241,0,0
invalid_consent,2993,V32P-A021840,0,0.099435758590698239,0.11252884268760681,0,0
invalid_consent,2994,V32P-A021883,0,0.55538035631179805,0.56920536756515505,0,0
invalid_consent,2995,V32P-A021884,0,0.45929278731346129,0.4761389672756195,0,0
invalid_consent,2996,V32P-A021885,0,0.39385348558425903,0.41514458656311037,0,0
invalid_consent,2997,V32P-A021886,0,0.32165666222572326,0.34740920662879943,0,0
invalid_consent,2998,V32P-A021887,0,0.2533403128385544,0.27921713590621949,0,0
invalid_consent,2999,V32P-A021888,0,0.11989092975854873,0.12937961816787719,0,0
invalid_consent,3000,V32P-A021913,0,0.3412438452243805,0.36568962335586547,0,0
invalid_consent,3001,V32P-A021914,0,0.32793166041374205,0.38661017417907717,0,0
invalid_consent,3002,V32P-A021915,0,0.3785827696323395,0.40765093564987182,0,0
invalid_consent,3003,V32P-A021916,0,0.3278959572315216,0.34843275845050814,0,0
invalid_consent,3004,V32P-A021917,0,0.26490903794765475,0.27594367861747743,0,0
invalid_consent,3005,V32P-A021918,0,0.12032832875847817,0.12385333031415939,0,0
invalid_consent,3006,V32P-A021925,1,0.87833887338638306,0.87584147453308103,1,1
invalid_consent,3007,V32P-A021926,1,0.68279134035110478,0.69690250158309941,1,1
invalid_consent,3008,V32P-A021927,1,0.56125465631484983,0.60265804529190059,0,0
invalid_consent,3009,V32P-A021928,0,0.20878222435712815,0.19802877306938171,0,0
invalid_consent,3010,V32P-A021929,0,0.09784445315599441,0.089416127651929855,0,0
invalid_consent,3011,V32P-A021930,0,0.040574075281620027,0.036356029845774171,0,0
invalid_consent,3012,V32P-A021955,0,0.44462667703628539,0.45367714762687683,0,0
invalid_consent,3013,V32P-A021956,0,0.5149995028972626,0.51797990202903743,0,0
invalid_consent,3014,V32P-A021957,0,0.50097218751907346,0.50635132789611814,0,0
invalid_consent,3015,V32P-A021958,0,0.45347868800163271,0.46249553561210632,0,0
invalid_consent,3016,V32P-A021959,0,0.38808756470680239,0.39795039296150209,0,0
invalid_consent,3017,V32P-A021960,0,0.18601081818342208,0.18792840987443923,0,0
invalid_consent,3018,V32P-A021997,0,0.41647625565528867,0.45630615353584292,0,0
invalid_consent,3019,V32P-A021998,0,0.39997942447662355,0.43149921894073484,0,0
invalid_consent,3020,V32P-A021999,0,0.37972979545593261,0.41036199927330019,0,0
invalid_consent,3021,V32P-A022000,0,0.35034014880657194,0.3812778055667877,0,0
invalid_consent,3022,V32P-A022001,0,0.25340296030044557,0.28044776618480682,0,0
invalid_consent,3023,V32P-A022002,0,0.12492526322603226,0.14265406876802444,0,0
invalid_consent,3024,V32P-A022021,0,0.54690406918525691,0.58088278770446777,0,0
invalid_consent,3025,V32P-A022022,0,0.57654999494552617,0.6110476136207581,0,0
invalid_consent,3026,V32P-A022023,0,0.4635506272315979,0.5270219683647156,0,0
invalid_consent,3027,V32P-A022024,0,0.50058866739273067,0.53284159898757932,0,0
invalid_consent,3028,V32P-A022025,0,0.42759916782379148,0.45774015188217165,0,0
invalid_consent,3029,V32P-A022026,0,0.21476973295211793,0.22611225247383118,0,0
invalid_consent,3030,V32P-A022033,0,0.6718201279640198,0.69770535230636599,1,1
invalid_consent,3031,V32P-A022036,0,0.36295232176780701,0.40646315217018125,0,0
invalid_consent,3032,V32P-A022037,0,0.31225574016571045,0.35217510759830473,0,0
invalid_consent,3033,V32P-A022038,0,0.14746702462434769,0.16198745667934417,0,0
invalid_consent,3034,V32P-A022183,0,0.7743716835975647,0.79191277027130125,1,1
invalid_consent,3035,V32P-A022184,0,0.69219809770584106,0.71404374837875362,1,1
invalid_consent,3036,V32P-A022185,0,0.60624091625213627,0.63478219509124756,0,1
invalid_consent,3037,V32P-A022186,0,0.55582857728004453,0.59008204936981201,0,0
invalid_consent,3038,V32P-A022187,0,0.48098852634429934,0.51884652972221379,0,0
invalid_consent,3039,V32P-A022188,0,0.046531763300299643,0.041858517751097682,0,0
invalid_consent,3040,V32P-A022189,0,0.79595789909362791,0.80979487895965574,1,1
invalid_consent,3041,V32P-A022190,0,0.70688436031341551,0.72701901197433472,1,1
invalid_consent,3042,V32P-A022192,0,0.57925119400024416,0.60960186719894405,0,0
invalid_consent,3043,V32P-A022193,0,0.56155789494514463,0.61259841918945312,0,0
invalid_consent,3044,V32P-A022194,0,0.26280124187469484,0.28717568814754485,0,0
invalid_consent,3045,V32P-A022219,0,0.75891329050064082,0.77918441295623775,1,1
invalid_consent,3046,V32P-A022220,0,0.56001595258712766,0.61432262659072878,0,0
invalid_consent,3047,V32P-A022222,1,0.71153355836868282,0.73328150510787959,1,1
invalid_consent,3048,V32P-A022223,0,0.087396979331970215,0.082647980004549024,0,0
invalid_consent,3049,V32P-A022224,0,0.037297940626740453,0.033915875107049943,0,0
invalid_consent,3050,V32P-A022297,0,0.44528409242630007,0.46758646368980405,0,0
invalid_consent,3051,V32P-A022298,0,0.42030961513519288,0.43799595832824706,0,0
invalid_consent,3052,V32P-A022299,0,0.40446884632110597,0.42016223073005676,0,0
invalid_consent,3053,V32P-A022300,0,0.37259016036987302,0.38464368581771852,0,0
invalid_consent,3054,V32P-A022301,0,0.26719698309898376,0.27975071072578428,0,0
invalid_consent,3055,V32P-A022302,0,0.13167567253112794,0.13932995349168778,0,0
invalid_consent,3056,V32P-A022375,0,0.74319536685943599,0.74673758745193486,1,1
invalid_consent,3057,V32P-A022376,0,0.65741972923278813,0.66161695718765257,1,1
invalid_consent,3058,V32P-A022377,0,0.76985242366790774,0.77889715433120732,1,1
invalid_consent,3059,V32P-A022378,0,0.57669872641563413,0.583026510477066,0,0
invalid_consent,3060,V32P-A022379,0,0.48860273957252504,0.49726752638816835,0,0
invalid_consent,3061,V32P-A022380,0,0.24326722621917723,0.24739823043346404,0,0
invalid_consent,3062,V32P-A022453,0,0.70043628215789799,0.71810231208801267,1,1
invalid_consent,3063,V32P-A022454,0,0.65655289888381962,0.67575348615646358,1,1
invalid_consent,3064,V32P-A022455,0,0.63311895132064822,0.6528911709785461,1,1
invalid_consent,3065,V32P-A022456,0,0.57071423530578613,0.59368825554847715,0,0
invalid_consent,3066,V32P-A022457,0,0.48148309588432314,0.51483858227729795,0,0
invalid_consent,3067,V32P-A022458,0,0.22547308206558228,0.24359937608242035,0,0
invalid_consent,3068,V32P-A022465,0,0.77002669572830196,0.77595696449279783,1,1
invalid_consent,3069,V32P-A022466,0,0.63735018968582158,0.65014224052429204,1,1
invalid_consent,3070,V32P-A022467,0,0.54361560344696047,0.58176627159118655,0,0
invalid_consent,3071,V32P-A022468,0,0.52108784914016726,0.53421655297279358,0,0
invalid_consent,3072,V32P-A022469,0,0.43508793711662291,0.45304649472236636,0,0
invalid_consent,3073,V32P-A022470,0,0.21541302353143693,0.22496514320373534,0,0
invalid_consent,3074,V32P-A022495,0,0.76544208526611324,0.77965123653411861,1,1
invalid_consent,3075,V32P-A022496,0,0.63319540023803711,0.65135030746459965,1,1
invalid_consent,3076,V32P-A022497,0,0.61446403264999394,0.63383636474609373,0,1
invalid_consent,3077,V32P-A022498,0,0.63855447769165041,0.65948026180267338,1,1
invalid_consent,3078,V32P-A022499,0,0.60363507270812988,0.6250161290168762,0,1
invalid_consent,3079,V32P-A022500,0,0.28260775506496427,0.3058791309595108,0,0
invalid_consent,3080,V32P-A022501,0,0.62963360548019409,0.64256272315979002,1,1
invalid_consent,3081,V32P-A022502,0,0.56988495588302612,0.58858717679977413,0,0
invalid_consent,3082,V32P-A022503,0,0.44578867554664614,0.43891742825508118,0,0
invalid_consent,3083,V32P-A022504,0,0.36068668365478518,0.35549375414848328,0,0
invalid_consent,3084,V32P-A022505,0,0.2804273724555969,0.28164893090724946,0,0
invalid_consent,3085,V32P-A022506,0,0.12908441126346587,0.13109491094946862,0,0
invalid_consent,3086,V32P-A022519,0,0.72725952863693233,0.73721954822540281,1,1
invalid_consent,3087,V32P-A022520,0,0.74245563745498655,0.75893203020095823,1,1
invalid_consent,3088,V32P-A022521,0,0.60168659687042236,0.61239910125732422,0,0
invalid_consent,3089,V32P-A022522,1,0.57966549396514888,0.58712110519409177,0,0
invalid_consent,3090,V32P-A022523,0,0.098759110271930697,0.088779705017805105,0,0
invalid_consent,3091,V32P-A022524,0,0.04421676769852638,0.039864954911172389,0,0
invalid_consent,3092,V32P-A022540,0,0.38443493843078613,0.42315675616264342,0,0
invalid_consent,3093,V32P-A022541,0,0.29792067706584929,0.33313280344009399,0,0
invalid_consent,3094,V32P-A022542,0,0.11875808835029603,0.13424421846866608,0,0
invalid_consent,3095,V32P-A022597,0,0.72886078357696538,0.72094073295593264,1,1
invalid_consent,3096,V32P-A022600,0,0.37336049079895017,0.38726828694343568,0,0
invalid_consent,3097,V32P-A022601,0,0.28162402808666231,0.29780560731887817,0,0
invalid_consent,3098,V32P-A022602,0,0.12770468294620513,0.13282521367073058,0,0
invalid_consent,3099,V32P-A022681,0,0.39489549398422241,0.41342449784278867,0,0
invalid_consent,3100,V32P-A022682,0,0.37130446434020997,0.39303020834922792,0,0
invalid_consent,3101,V32P-A022683,0,0.33994693160057066,0.36357437968254092,0,0
invalid_consent,3102,V32P-A022684,0,0.29522920548915865,0.31693246662616731,0,0
invalid_consent,3103,V32P-A022685,0,0.23222138285636901,0.25334730744361877,0,0
invalid_consent,3104,V32P-A022686,0,0.10789457857608795,0.11533203124999999,0,0
invalid_consent,3105,V32P-A022699,0,0.51807442307472229,0.53289539813995357,0,0
invalid_consent,3106,V32P-A022700,0,0.44231821298599244,0.4613783061504364,0,0
invalid_consent,3107,V32P-A022701,0,0.41376661956310273,0.43706448376178741,0,0
invalid_consent,3108,V32P-A022702,0,0.35098094940185548,0.38089020252227784,0,0
invalid_consent,3109,V32P-A022703,0,0.28061078488826752,0.30739808380603789,0,0
invalid_consent,3110,V32P-A022704,0,0.13894620686769485,0.14590282291173934,0,0
invalid_consent,3111,V32P-A022849,0,0.72504956722259517,0.74396185874938969,1,1
invalid_consent,3112,V32P-A022852,0,0.60278203487396242,0.6343400359153748,0,1
invalid_consent,3113,V32P-A022853,0,0.508957850933075,0.54420722126960752,0,0
invalid_consent,3114,V32P-A022854,0,0.24628338217735291,0.25861876904964448,0,0
invalid_consent,3115,V32P-A022855,0,0.55316570401191711,0.57833169102668758,0,0
invalid_consent,3116,V32P-A022856,0,0.49935587644577029,0.52356031537055969,0,0
invalid_consent,3117,V32P-A022857,0,0.45885627865791323,0.48809184432029723,0,0
invalid_consent,3118,V32P-A022858,0,0.36640748381614685,0.39656710028648379,0,0
invalid_consent,3119,V32P-A022859,0,0.28720168769359589,0.31760411560535429,0,0
invalid_consent,3120,V32P-A022860,0,0.11703260242938995,0.13116002231836318,0,0
invalid_consent,3121,V32P-A022873,1,0.76770771741867061,0.77245088815689089,1,1
invalid_consent,3122,V32P-A022874,1,0.78813110589981084,0.80768388509750366,1,1
invalid_consent,3123,V32P-A022875,1,0.62456265687942503,0.64614255428314205,1,1
invalid_consent,3124,V32P-A022876,0,0.10809821859002114,0.10360364317893982,0,0
invalid_consent,3125,V32P-A022877,0,0.079077230021357539,0.075323281437158579,0,0
invalid_consent,3126,V32P-A022878,0,0.037099231220781806,0.034583087265491488,0,0
invalid_consent,3127,V32P-A022939,0,0.53700190186500552,0.52759499549865718,0,0
invalid_consent,3128,V32P-A022940,0,0.52329943180084226,0.51462870836257935,0,0
invalid_consent,3129,V32P-A022941,0,0.50645855069160461,0.4991155445575714,0,0
invalid_consent,3130,V32P-A022942,0,0.45734540820121766,0.44843298196792603,0,0
invalid_consent,3131,V32P-A022943,0,0.39518355131149291,0.38684816360473634,0,0
invalid_consent,3132,V32P-A022944,0,0.19762855470180513,0.19287764132022858,0,0
invalid_consent,3133,V32P-A023119,0,0.45176634192466736,0.45954735279083253,0,0
invalid_consent,3134,V32P-A023120,0,0.43074531555175782,0.44104008674621581,0,0
invalid_consent,3135,V32P-A023121,0,0.38290513753890992,0.3975711464881897,0,0
invalid_consent,3136,V32P-A023122,0,0.33182911872863768,0.35118362307548523,0,0
invalid_consent,3137,V32P-A023123,0,0.26290721893310548,0.27802184820175169,0,0
invalid_consent,3138,V32P-A023124,0,0.11401884555816651,0.11920235604047776,0,0
invalid_consent,3139,V32P-A023137,0,0.55769063234329219,0.56925287842750549,0,0
invalid_consent,3140,V32P-A023138,0,0.69555754661560054,0.6968100786209106,1,1
invalid_consent,3141,V32P-A023140,0,0.51396772265434265,0.53398063778877258,0,0
invalid_consent,3142,V32P-A023141,1,0.3646668314933777,0.38318008780479429,0,0
invalid_consent,3143,V32P-A023142,0,0.03252185536548495,0.029442014172673225,0,0
invalid_consent,3144,V32P-A023203,0,0.68311136960983276,0.68767205476760862,1,1
invalid_consent,3145,V32P-A023204,0,0.57823820114135738,0.59103902578353884,0,0
invalid_consent,3146,V32P-A023205,0,0.54726912975311282,0.55996823906898496,0,0
invalid_consent,3147,V32P-A023206,1,0.44992636442184447,0.46002627611160279,0,0
invalid_consent,3148,V32P-A023207,0,0.055423933826386926,0.050427712127566339,0,0
invalid_consent,3149,V32P-A023208,0,0.022155896387994291,0.019434821605682374,0,0
invalid_consent,3150,V32P-A023257,0,0.72220250368118288,0.72500329017639165,1,1
invalid_consent,3151,V32P-A023258,0,0.62139358520507815,0.62038763761520388,1,1
invalid_consent,3152,V32P-A023259,0,0.55430270433425899,0.55604293346405032,0,0
invalid_consent,3153,V32P-A023260,0,0.47208879590034486,0.47741389274597168,0,0
invalid_consent,3154,V32P-A023261,0,0.45491459965705872,0.45602831840515134,0,0
invalid_consent,3155,V32P-A023262,0,0.25223720073699951,0.253687846660614,0,0
invalid_consent,3156,V32P-A023281,0,0.54673736095428471,0.56637724637985232,0,0
invalid_consent,3157,V32P-A023284,0,0.27827189862728119,0.29492840468883513,0,0
invalid_consent,3158,V32P-A023285,0,0.2119681417942047,0.22474303245544433,0,0
invalid_consent,3159,V32P-A023286,0,0.098461675643920901,0.1013627752661705,0,0
invalid_consent,3160,V32P-A023329,0,0.7656368613243103,0.78437027931213377,1,1
invalid_consent,3161,V32P-A023330,0,0.60093700885772705,0.61531155109405522,0,0
invalid_consent,3162,V32P-A023331,0,0.53805029988288877,0.55649276375770573,0,0
invalid_consent,3163,V32P-A023332,0,0.59487968683242798,0.64840713739395139,0,1
invalid_consent,3164,V32P-A023333,0,0.44123967885971072,0.46235054135322573,0,0
invalid_consent,3165,V32P-A023334,0,0.22050921022891998,0.22923364639282226,0,0
invalid_consent,3166,V32P-A023335,0,0.4761516571044922,0.50579539537429807,0,0
invalid_consent,3167,V32P-A023336,0,0.46445679068565371,0.50348960757255556,0,0
invalid_consent,3168,V32P-A023337,0,0.44523619413375853,0.47876378893852234,0,0
invalid_consent,3169,V32P-A023338,0,0.36154932975769044,0.3892942011356354,0,0
invalid_consent,3170,V32P-A023339,0,0.27906555533409116,0.30172177851200105,0,0
invalid_consent,3171,V32P-A023340,0,0.11568382829427719,0.12604410648345948,0,0
invalid_consent,3172,V32P-A023353,0,0.59638359546661379,0.62113150358200075,0,1
invalid_consent,3173,V32P-A023356,0,0.47088717818260195,0.49355295300483704,0,0
invalid_consent,3174,V32P-A023357,0,0.39469816088676452,0.40957812070846555,0,0
invalid_consent,3175,V32P-A023358,0,0.18000673055648803,0.18709846138954161,0,0
invalid_consent,3176,V32P-A023359,0,0.49928112030029298,0.52664158940315242,0,0
invalid_consent,3177,V32P-A023360,0,0.51035458445549009,0.52897871136665342,0,0
invalid_consent,3178,V32P-A023361,0,0.44313164353370665,0.46018006205558776,0,0
invalid_consent,3179,V32P-A023362,0,0.36458166837692263,0.38678786456584929,0,0
invalid_consent,3180,V32P-A023363,0,0.2879164904356003,0.31469541490077974,0,0
invalid_consent,3181,V32P-A023364,0,0.13206552565097809,0.15404643267393112,0,0
invalid_consent,3182,V32P-A023371,0,0.54047524333000185,0.55445458889007571,0,0
invalid_consent,3183,V32P-A023372,0,0.60942416191101079,0.62040472626686094,0,1
invalid_consent,3184,V32P-A023373,0,0.59894622564315791,0.6103136479854584,0,0
invalid_consent,3185,V32P-A023374,0,0.5222416996955872,0.53129953145980835,0,0
invalid_consent,3186,V32P-A023375,0,0.4386159062385559,0.44876332879066466,0,0
invalid_consent,3187,V32P-A023376,0,0.032133046165108682,0.031224667467176913,0,0
invalid_consent,3188,V32P-A023389,0,0.61959356069564819,0.64744058847427366,0,1
invalid_consent,3189,V32P-A023390,0,0.55036979913711548,0.58697768449783327,0,0
invalid_consent,3190,V32P-A023391,0,0.52605224251747129,0.56628141999244686,0,0
invalid_consent,3191,V32P-A023392,0,0.4838407814502716,0.53027560710906985,0,0
invalid_consent,3192,V32P-A023393,0,0.43974209427833555,0.48666785359382631,0,0
invalid_consent,3193,V32P-A023394,0,0.21852607429027557,0.24390246570110322,0,0
invalid_consent,3194,V32P-A023413,0,0.62950536012649538,0.64397491216659541,1,1
invalid_consent,3195,V32P-A023414,0,0.62584060430526733,0.63244456052780151,1,1
invalid_consent,3196,V32P-A023415,0,0.595036244392395,0.5925479531288147,0,0
invalid_consent,3197,V32P-A023416,0,0.51339964866638188,0.50546655654907224,0,0
invalid_consent,3198,V32P-A023417,0,0.44222442507743837,0.4327350318431854,0,0
invalid_consent,3199,V32P-A023418,0,0.2193300098180771,0.21430081427097319,0,0
invalid_consent,3200,V32P-A023464,0,0.61906288862228398,0.63754622936248784,0,1
invalid_consent,3201,V32P-A023465,0,0.56893573999404912,0.59044333696365359,0,0
invalid_consent,3202,V32P-A023466,0,0.30916561186313629,0.31503306627273558,0,0
invalid_consent,3203,V32P-A023521,0,0.76660332679748533,0.75963653326034541,1,1
invalid_consent,3204,V32P-A023522,0,0.60375434160232544,0.6079903244972229,0,0
invalid_consent,3205,V32P-A023524,0,0.55018167495727544,0.54405226707458498,0,0
invalid_consent,3206,V32P-A023525,0,0.38545191287994385,0.38259240388870241,0,0
invalid_consent,3207,V32P-A023526,0,0.14700644463300705,0.14578085094690324,0,0
invalid_consent,3208,V32P-A023581,0,0.4720860242843628,0.49746121168136598,0,0
invalid_consent,3209,V32P-A023582,0,0.40880351662635805,0.43706203103065489,0,0
invalid_consent,3210,V32P-A023583,0,0.35063219666481016,0.37983328700065611,0,0
invalid_consent,3211,V32P-A023584,0,0.28486408889293668,0.3103485882282257,0,0
invalid_consent,3212,V32P-A023585,0,0.23183485269546508,0.250847852230072,0,0
invalid_consent,3213,V32P-A023586,0,0.11582663655281067,0.12246537506580353,0,0
invalid_consent,3214,V32P-A023623,0,0.611949622631073,0.62246659994125364,0,1
invalid_consent,3215,V32P-A023626,0,0.32085652947425841,0.34085177183151244,0,0
invalid_consent,3216,V32P-A023627,0,0.25259402096271516,0.27042047381401063,0,0
invalid_consent,3217,V32P-A023628,0,0.12096899449825287,0.12713015973567962,0,0
invalid_consent,3218,V32P-A023653,0,0.68077352046966555,0.67336733341217037,1,1
invalid_consent,3219,V32P-A023656,0,0.44695731401443484,0.43675843477249143,0,0
invalid_consent,3220,V32P-A023657,1,0.36212935447692873,0.35025584697723389,0,0
invalid_consent,3221,V32P-A023658,0,0.022689568623900414,0.020687333028763532,0,0
invalid_consent,3222,V32P-A023695,0,0.76750383377075193,0.78236472606658936,1,1
invalid_consent,3223,V32P-A023696,0,0.64960000514984129,0.66433050632476809,1,1
invalid_consent,3224,V32P-A023697,0,0.62396700382232662,0.63953827619552617,1,1
invalid_consent,3225,V32P-A023698,0,0.66158128976821895,0.6660907387733459,1,1
invalid_consent,3226,V32P-A023699,0,0.50902198553085332,0.51601075530052187,0,0
invalid_consent,3227,V32P-A023700,0,0.24775942862033845,0.24189120531082153,0,0
invalid_consent,3228,V32P-A023719,0,0.74291529655456545,0.76030708551406856,1,1
invalid_consent,3229,V32P-A023720,0,0.6355121254920959,0.66655784845352173,1,1
invalid_consent,3230,V32P-A023721,0,0.6119470536708832,0.62897851467132571,0,1
invalid_consent,3231,V32P-A023722,1,0.54321534037590025,0.55996436476707456,0,0
invalid_consent,3232,V32P-A023723,0,0.098920539766550061,0.090584024041891101,0,0
invalid_consent,3233,V32P-A023724,0,0.043294773437082767,0.03810253348201513,0,0
invalid_consent,3234,V32P-A023767,0,0.50412579178810124,0.52204225063323972,0,0
invalid_consent,3235,V32P-A023768,0,0.44513940215110781,0.46133242845535277,0,0
invalid_consent,3236,V32P-A023770,0,0.3082064688205719,0.32344537675380708,0,0
invalid_consent,3237,V32P-A023771,0,0.23951276093721391,0.25097372084856034,0,0
invalid_consent,3238,V32P-A023772,0,0.11199208237230777,0.11601913571357728,0,0
invalid_consent,3239,V32P-A023779,0,0.79741796255111697,0.81025928258895874,1,1
invalid_consent,3240,V32P-A023780,0,0.61170601844787598,0.63683003187179565,0,1
invalid_consent,3241,V32P-A023781,0,0.78279236555099485,0.8085450410842896,1,1
invalid_consent,3242,V32P-A023782,1,0.43851149678230283,0.46651419401168825,0,0
invalid_consent,3243,V32P-A023783,0,0.10725368931889534,0.10096496567130089,0,0
invalid_consent,3244,V32P-A023784,0,0.047963550128042695,0.045638707652688029,0,0
invalid_consent,3245,V32P-A023827,0,0.4485942840576172,0.45307694077491761,0,0
invalid_consent,3246,V32P-A023828,0,0.47283278107643129,0.47297646999359133,0,0
invalid_consent,3247,V32P-A023830,1,0.31728442907333376,0.31962656080722807,0,0
invalid_consent,3248,V32P-A023831,0,0.040902621299028399,0.038403088599443434,0,0
invalid_consent,3249,V32P-A023832,0,0.01726997420191765,0.016185016464442016,0,0
invalid_consent,3250,V32P-A023833,0,0.56433774828910832,0.57119482755661011,0,0
invalid_consent,3251,V32P-A023834,0,0.60092175006866455,0.60176545977592466,0,0
invalid_consent,3252,V32P-A023835,0,0.65741343498229976,0.65628511905670162,1,1
invalid_consent,3253,V32P-A023836,0,0.65011084079742432,0.64332299232482915,1,1
invalid_consent,3254,V32P-A023837,0,0.49822262525558469,0.53548507690429692,0,0
invalid_consent,3255,V32P-A023838,0,0.2137281984090805,0.2102239102125168,0,0
invalid_consent,3256,V32P-A023983,0,0.68424239158630373,0.69758522510528564,1,1
invalid_consent,3257,V32P-A023984,0,0.58066650032997136,0.59726725816726689,0,0
invalid_consent,3258,V32P-A023986,1,0.51095489859580989,0.53305227160453794,0,0
invalid_consent,3259,V32P-A023987,0,0.090501900762319565,0.098010130971670148,0,0
invalid_consent,3260,V32P-A023988,0,0.035505722835659982,0.034280059114098552,0,0
invalid_consent,3261,V32P-A023989,1,0.63033615350723271,0.66137393712997439,1,1
invalid_consent,3262,V32P-A023990,1,0.47776936888694765,0.5133274912834167,0,0
invalid_consent,3263,V32P-A023991,1,0.38845112323760989,0.42844443321228026,0,0
invalid_consent,3264,V32P-A023992,0,0.068923548981547358,0.069331661239266401,0,0
invalid_consent,3265,V32P-A023993,0,0.053905731439590453,0.05402287431061268,0,0
invalid_consent,3266,V32P-A023994,0,0.026007777731865644,0.025664810091257095,0,0
invalid_consent,3267,V32P-A024019,0,0.70505686998367312,0.72655709981918337,1,1
invalid_consent,3268,V32P-A024022,0,0.44237849712371824,0.49364172816276553,0,0
invalid_consent,3269,V32P-A024023,0,0.4570914149284363,0.48062562942504883,0,0
invalid_consent,3270,V32P-A024024,0,0.22210769802331926,0.2291746973991394,0,0
invalid_consent,3271,V32P-A024025,1,0.64547444581985469,0.65424890518188472,1,1
invalid_consent,3272,V32P-A024028,0,0.085782430320978167,0.080393256247043604,0,0
invalid_consent,3273,V32P-A024029,0,0.060833033174276352,0.057111088186502457,0,0
invalid_consent,3274,V32P-A024030,0,0.026828120648860931,0.024948143213987351,0,0
invalid_consent,3275,V32P-A024031,0,0.53497708439826963,0.56270523667335515,0,0
invalid_consent,3276,V32P-A024032,0,0.50132910609245296,0.53115482330322261,0,0
invalid_consent,3277,V32P-A024034,0,0.36529173254966735,0.39549803137779238,0,0
invalid_consent,3278,V32P-A024035,0,0.29689508080482485,0.31978321671485899,0,0
invalid_consent,3279,V32P-A024036,0,0.14830648377537728,0.15624410510063172,0,0
invalid_consent,3280,V32P-A024043,0,0.81116193532943726,0.82296249866485593,1,1
invalid_consent,3281,V32P-A024046,0,0.77058496475219729,0.78892790079116826,1,1
invalid_consent,3282,V32P-A024047,0,0.68581351041793825,0.70675072669982908,1,1
invalid_consent,3283,V32P-A024048,0,0.097889554500579831,0.090939710289239889,0,0
invalid_consent,3284,V32P-A024073,0,0.68402266502380371,0.68729164600372317,1,1
invalid_consent,3285,V32P-A024074,0,0.61748467683792119,0.61993583440780642,0,0
invalid_consent,3286,V32P-A024075,0,0.54581063389778139,0.54451199173927312,0,0
invalid_consent,3287,V32P-A024076,0,0.46501082777976988,0.46362130641937255,0,0
invalid_consent,3288,V32P-A024077,0,0.56264112591743465,0.58050634562969206,0,0
invalid_consent,3289,V32P-A024078,0,0.14861398339271545,0.15125837028026581,0,0
invalid_consent,3290,V32P-A024079,0,0.71269742250442503,0.74114722013473511,1,1
invalid_consent,3291,V32P-A024080,0,0.54527205824851988,0.57517049908637996,0,0
invalid_consent,3292,V32P-A024081,0,0.66698007583618169,0.69435070753097539,1,1
invalid_consent,3293,V32P-A024082,0,0.49913773536682127,0.53923842310905457,0,0
invalid_consent,3294,V32P-A024083,0,0.3948871076107025,0.45176230669021605,0,0
invalid_consent,3295,V32P-A024084,0,0.17177428901195527,0.1949101746082306,0,0
invalid_consent,3296,V32P-A024109,0,0.57769125699996948,0.60442025661468501,0,0
invalid_consent,3297,V32P-A024110,0,0.5601879358291626,0.5848541676998138,0,0
invalid_consent,3298,V32P-A024111,0,0.53105239868164067,0.55539128780364988,0,0
invalid_consent,3299,V32P-A024112,0,0.45278556346893312,0.47955280542373657,0,0
invalid_consent,3300,V32P-A024113,0,0.38128433525562289,0.40742157697677611,0,0
invalid_consent,3301,V32P-A024114,0,0.1694117158651352,0.19487082809209824,0,0
invalid_consent,3302,V32P-A024145,0,0.71564173698425293,0.72251729965209965,1,1
invalid_consent,3303,V32P-A024146,0,0.72753860950469973,0.73627427816390989,1,1
invalid_consent,3304,V32P-A024147,0,0.73789145946502688,0.7478382349014282,1,1
invalid_consent,3305,V32P-A024148,0,0.70918229818344114,0.71926399469375613,1,1
invalid_consent,3306,V32P-A024149,0,0.6684258818626404,0.68164124488830569,1,1
invalid_consent,3307,V32P-A024150,0,0.45932466387748716,0.46630977988243105,0,0
invalid_consent,3308,V32P-A024163,0,0.37274182438850401,0.37698490023612974,0,0
invalid_consent,3309,V32P-A024164,0,0.4050645172595978,0.41490018367767334,0,0
invalid_consent,3310,V32P-A024165,0,0.37981045842170713,0.39411508440971377,0,0
invalid_consent,3311,V32P-A024166,0,0.31703504920005798,0.33775129914283752,0,0
invalid_consent,3312,V32P-A024167,0,0.23480832874774932,0.25153956115245818,0,0
invalid_consent,3313,V32P-A024168,0,0.093710403144359591,0.098862142860889429,0,0
invalid_consent,3314,V32P-A024205,0,0.69758838415145874,0.71186181306838991,1,1
invalid_consent,3315,V32P-A024206,0,0.62099370956420896,0.63390913009643557,1,1
invalid_consent,3316,V32P-A024207,0,0.58916871547698979,0.60553326606750491,0,0
invalid_consent,3317,V32P-A024208,0,0.58773753643035886,0.60439441204071043,0,0
invalid_consent,3318,V32P-A024209,0,0.54970865249633794,0.56725019812583921,0,0
invalid_consent,3319,V32P-A024210,0,0.27980860471725466,0.28936490118503572,0,0
invalid_consent,3320,V32P-A024211,1,0.53728028535842898,0.56068490743637089,0,0
invalid_consent,3321,V32P-A024212,1,0.52993255853652954,0.55586007833480833,0,0
invalid_consent,3322,V32P-A024213,1,0.54737899899482723,0.57363959550857546,0,0
invalid_consent,3323,V32P-A024214,0,0.099157410115003591,0.098823494464159015,0,0
invalid_consent,3324,V32P-A024215,0,0.079973556101322174,0.080199733376502991,0,0
invalid_consent,3325,V32P-A024216,0,0.043074421212077142,0.043404114618897441,0,0
invalid_consent,3326,V32P-A024295,0,0.643030834197998,0.67833390235900881,1,1
invalid_consent,3327,V32P-A024296,0,0.66319067478179927,0.69881755113601685,1,1
invalid_consent,3328,V32P-A024297,0,0.63757790327072139,0.67141356468200686,1,1
invalid_consent,3329,V32P-A024298,0,0.60613346099853516,0.6403462290763855,0,1
invalid_consent,3330,V32P-A024299,0,0.5882303893566132,0.63987497091293333,0,1
invalid_consent,3331,V32P-A024300,0,0.37313479781150816,0.40202096104621887,0,0
invalid_consent,3332,V32P-A024307,0,0.37014919519424438,0.37129180431365966,0,0
invalid_consent,3333,V32P-A024308,0,0.37035321593284609,0.37625827193260192,0,0
invalid_consent,3334,V32P-A024309,0,0.32279524207115173,0.32488709688186646,0,0
invalid_consent,3335,V32P-A024310,0,0.30907106697559356,0.30616500079631803,0,0
invalid_consent,3336,V32P-A024311,0,0.24384520053863526,0.27607649564743042,0,0
invalid_consent,3337,V32P-A024312,0,0.10709995850920677,0.1049299456179142,0,0
invalid_consent,3338,V32P-A024379,1,0.68279236555099487,0.69670077562332156,1,1
invalid_consent,3339,V32P-A024380,1,0.59703384637832646,0.60985268354415889,0,0
invalid_consent,3340,V32P-A024382,0,0.091085409373044962,0.086230989545583725,0,0
invalid_consent,3341,V32P-A024383,0,0.066581619158387187,0.062051275372505189,0,0
invalid_consent,3342,V32P-A024384,0,0.032423537410795691,0.029893949441611768,0,0
invalid_consent,3343,V32P-A024391,0,0.53852249383926387,0.5635948717594147,0,0
invalid_consent,3344,V32P-A024394,0,0.38993868827819822,0.42620329260826112,0,0
invalid_consent,3345,V32P-A024395,0,0.30209782719612122,0.3351037263870239,0,0
invalid_consent,3346,V32P-A024396,0,0.1249644324183464,0.13366055488586426,0,0
invalid_consent,3347,V32P-A024403,0,0.48752368688583375,0.50631799101829533,0,0
invalid_consent,3348,V32P-A024404,0,0.5429923474788666,0.5568948447704315,0,0
invalid_consent,3349,V32P-A024405,0,0.45596096515655515,0.47475356459617613,0,0
invalid_consent,3350,V32P-A024406,0,0.42301287651062014,0.43966917991638182,0,0
invalid_consent,3351,V32P-A024407,1,0.33728919923305511,0.35140363872051239,0,0
invalid_consent,3352,V32P-A024408,0,0.038510752096772197,0.035674034990370272,0,0
invalid_consent,3353,V32P-A024427,1,0.78466044664382939,0.78965615034103398,1,1
invalid_consent,3354,V32P-A024428,1,0.69361321926116948,0.70111091136932369,1,1
invalid_consent,3355,V32P-A024429,1,0.60392729043960569,0.61429913043975826,0,0
invalid_consent,3356,V32P-A024430,0,0.086194286495447164,0.082937340438365939,0,0
invalid_consent,3357,V32P-A024431,0,0.063613722845911977,0.061045005172491076,0,0
invalid_consent,3358,V32P-A024432,0,0.026980160363018514,0.025698317028582097,0,0
invalid_consent,3359,V32P-A024487,0,0.699785304069519,0.72455507516860962,1,1
invalid_consent,3360,V32P-A024488,0,0.6658282518386841,0.69063558578491213,1,1
invalid_consent,3361,V32P-A024489,0,0.62160130739212038,0.6449926495552063,1,1
invalid_consent,3362,V32P-A024490,0,0.56716083884239199,0.59020655155181889,0,0
invalid_consent,3363,V32P-A024491,0,0.49155597686767577,0.51395255327224731,0,0
invalid_consent,3364,V32P-A024492,0,0.25741239786148074,0.26324948668479919,0,0
invalid_consent,3365,V32P-A024577,0,0.77401720285415654,0.79513769149780278,1,1
invalid_consent,3366,V32P-A024578,0,0.65568258166313176,0.68193620443344116,1,1
invalid_consent,3367,V32P-A024579,0,0.63556051850318906,0.66774477362632756,1,1
invalid_consent,3368,V32P-A024580,0,0.59462007880210876,0.63365713357925413,0,1
invalid_consent,3369,V32P-A024581,0,0.57344551086425777,0.61478416919708256,0,0
invalid_consent,3370,V32P-A024582,0,0.33616244792938232,0.38317261338233949,0,0
invalid_consent,3371,V32P-A024613,0,0.63220714330673222,0.64801146984100344,1,1
invalid_consent,3372,V32P-A024614,0,0.63753094673156741,0.65241620540618894,1,1
invalid_consent,3373,V32P-A024616,0,0.49086071252822877,0.5188072085380554,0,0
invalid_consent,3374,V32P-A024617,0,0.39450217485427858,0.42863563895225526,0,0
invalid_consent,3375,V32P-A024618,0,0.16771261394023895,0.19933855533599854,0,0
invalid_consent,3376,V32P-A024631,0,0.76087750196456905,0.78137693405151365,1,1
invalid_consent,3377,V32P-A024632,0,0.55024363398551945,0.58210247755050659,0,0
invalid_consent,3378,V32P-A024633,0,0.47579442858695986,0.51895592212677,0,0
invalid_consent,3379,V32P-A024634,0,0.40652421712875364,0.45905163288116457,0,0
invalid_consent,3380,V32P-A024635,0,0.31509658098220827,0.37539862990379336,0,0
invalid_consent,3381,V32P-A024636,0,0.1525501787662506,0.18261315524578095,0,0
invalid_consent,3382,V32P-A024637,0,0.46354345679283143,0.49398957490921019,0,0
invalid_consent,3383,V32P-A024638,0,0.47248750925064087,0.51084092259407043,0,0
invalid_consent,3384,V32P-A024639,0,0.46236100196838381,0.50726770758628847,0,0
invalid_consent,3385,V32P-A024640,1,0.44788683056831358,0.49807825684547424,0,0
invalid_consent,3386,V32P-A024641,0,0.06393778882920742,0.064731794595718387,0,0
invalid_consent,3387,V32P-A024642,0,0.026585312373936177,0.026582309603691102,0,0
invalid_consent,3388,V32P-A024763,0,0.65428220033645634,0.66971254348754883,1,1
invalid_consent,3389,V32P-A024766,0,0.68850576877593994,0.70304533243179324,1,1
invalid_consent,3390,V32P-A024767,0,0.60557622909545894,0.6259801983833313,0,1
invalid_consent,3391,V32P-A024768,0,0.34186339378356934,0.35983072221279144,0,0
invalid_consent,3392,V32P-A024799,0,0.56612039208412168,0.5797573387622833,0,0
invalid_consent,3393,V32P-A024800,0,0.51774214506149296,0.52933555245399477,0,0
invalid_consent,3394,V32P-A024801,0,0.48008005023002626,0.49785944819450378,0,0
invalid_consent,3395,V32P-A024802,1,0.40403313636779786,0.4220656931400299,0,0
invalid_consent,3396,V32P-A024803,0,0.067164033092558389,0.062539013102650642,0,0
invalid_consent,3397,V32P-A024804,0,0.028837279090657829,0.02567498655989766,0,0
invalid_consent,3398,V32P-A024805,0,0.48354800343513488,0.51723738908767702,0,0
invalid_consent,3399,V32P-A024806,0,0.50988226532936098,0.54514138102531429,0,0
invalid_consent,3400,V32P-A024807,0,0.49223154783248901,0.53465913534164433,0,0
invalid_consent,3401,V32P-A024808,1,0.4583540201187134,0.50512320399284361,0,0
invalid_consent,3402,V32P-A024809,0,0.06158759817481041,0.061368911713361743,0,0
invalid_consent,3403,V32P-A024810,0,0.026748176477849484,0.025558529049158098,0,0
invalid_consent,3404,V32P-A024841,0,0.81057054996490474,0.82561113834381106,1,1
invalid_consent,3405,V32P-A024842,0,0.72292261123657231,0.74665980339050297,1,1
invalid_consent,3406,V32P-A024843,0,0.67128175497055054,0.70028294324874873,1,1
invalid_consent,3407,V32P-A024844,0,0.62114665508270261,0.65195904970169072,1,1
invalid_consent,3408,V32P-A024845,0,0.53971256613731389,0.57001587748527527,0,0
invalid_consent,3409,V32P-A024846,0,0.28308145403862001,0.31402283757925031,0,0
invalid_consent,3410,V32P-A024943,0,0.40465372800827026,0.4224013864994049,0,0
invalid_consent,3411,V32P-A024944,0,0.39394862055778501,0.41131139993667604,0,0
invalid_consent,3412,V32P-A024945,0,0.34248807430267336,0.36324558258056638,0,0
invalid_consent,3413,V32P-A024946,0,0.27677412927150724,0.29695078730583191,0,0
invalid_consent,3414,V32P-A024947,0,0.24086574912071229,0.281618070602417,0,0
invalid_consent,3415,V32P-A024948,0,0.12545178160071374,0.12859895005822181,0,0
invalid_consent,3416,V32P-A024955,0,0.48778479099273681,0.50316747426986697,0,0
invalid_consent,3417,V32P-A024956,0,0.40947037935256958,0.42317185401916502,0,0
invalid_consent,3418,V32P-A024957,0,0.35356919169425965,0.37195122241973877,0,0
invalid_consent,3419,V32P-A024958,0,0.25656479895114898,0.27539158165454863,0,0
invalid_consent,3420,V32P-A024959,0,0.20164452195167543,0.21704446375370026,0,0
invalid_consent,3421,V32P-A024960,0,0.086749440431594854,0.091266937553882599,0,0
invalid_consent,3422,V32P-A024961,0,0.50584430098533628,0.5182392358779907,0,0
invalid_consent,3423,V32P-A024962,0,0.5020444393157959,0.51521456241607666,0,0
invalid_consent,3424,V32P-A024963,0,0.47244589328765868,0.48498933315277098,0,0
invalid_consent,3425,V32P-A024964,0,0.42451904416084291,0.43864843845367429,0,0
invalid_consent,3426,V32P-A024965,0,0.36166846156120303,0.37525929212570192,0,0
invalid_consent,3427,V32P-A024966,0,0.029353085905313492,0.027559312433004378,0,0
invalid_consent,3428,V32P-A024985,0,0.44238101840019228,0.44504834413528443,0,0
invalid_consent,3429,V32P-A024988,0,0.30274820029735566,0.30531173944473267,0,0
invalid_consent,3430,V32P-A024989,0,0.24068226218223571,0.24388972520828248,0,0
invalid_consent,3431,V32P-A024990,0,0.019010068476200105,0.017589290440082551,0,0
invalid_consent,3432,V32P-A025039,0,0.74518340826034546,0.7517042398452759,1,1
invalid_consent,3433,V32P-A025040,0,0.44967325925827029,0.48733070492744446,0,0
invalid_consent,3434,V32P-A025041,0,0.48785257339477539,0.49955323338508606,0,0
invalid_consent,3435,V32P-A025042,0,0.52319781184196468,0.5369759202003479,0,0
invalid_consent,3436,V32P-A025043,0,0.38370920419692994,0.39073854684829712,0,0
invalid_consent,3437,V32P-A025044,0,0.14487438499927521,0.14816001206636428,0,0
invalid_consent,3438,V32P-A025075,0,0.73231076002120976,0.744622814655304,1,1
invalid_consent,3439,V32P-A025076,0,0.6280612468719482,0.64804382324218746,1,1
invalid_consent,3440,V32P-A025077,0,0.525439840555191,0.54894202351570132,0,0
invalid_consent,3441,V32P-A025078,0,0.59091743230819704,0.61056396961212156,0,0
invalid_consent,3442,V32P-A025079,0,0.61281387805938725,0.63099429607391355,0,1
invalid_consent,3443,V32P-A025080,0,0.38811869025230405,0.40639078617095947,0,0
invalid_consent,3444,V32P-A025093,0,0.3164518862962723,0.32994497418403623,0,0
invalid_consent,3445,V32P-A025094,0,0.35479330420494082,0.37713606357574464,0,0
invalid_consent,3446,V32P-A025095,0,0.33006748557090759,0.35405529737472535,0,0
invalid_consent,3447,V32P-A025096,0,0.26877008974552152,0.29149791002273562,0,0
invalid_consent,3448,V32P-A025097,0,0.21936135292053222,0.2389024704694748,0,0
invalid_consent,3449,V32P-A025098,0,0.099037371575832367,0.10449502915143967,0,0
invalid_consent,3450,V32P-A025135,0,0.78624103069305418,0.79658899307250974,1,1
invalid_consent,3451,V32P-A025136,0,0.71639171838760374,0.73150267601013186,1,1
invalid_consent,3452,V32P-A025138,0,0.66311212778091433,0.67884498834609985,1,1
invalid_consent,3453,V32P-A025139,0,0.54223302006721497,0.56704910397529606,0,0
invalid_consent,3454,V32P-A025140,0,0.035854640603065493,0.03434671629220247,0,0
invalid_consent,3455,V32P-A025249,0,0.72157329320907593,0.73907934427261357,1,1
invalid_consent,3456,V32P-A025250,0,0.46557487249374391,0.49453012943267821,0,0
invalid_consent,3457,V32P-A025252,0,0.41009376645088197,0.44831390380859376,0,0
invalid_consent,3458,V32P-A025253,0,0.3065431982278824,0.33505333662033082,0,0
invalid_consent,3459,V32P-A025254,0,0.13059297055006028,0.13802469670772552,0,0
invalid_consent,3460,V32P-A025255,0,0.50750852227210996,0.54066653847694401,0,0
invalid_consent,3461,V32P-A025256,0,0.49295012950897216,0.52778343558311458,0,0
invalid_consent,3462,V32P-A025257,0,0.46962051987648012,0.50668448209762573,0,0
invalid_consent,3463,V32P-A025258,0,0.4021964192390442,0.44035415649414061,0,0
invalid_consent,3464,V32P-A025259,0,0.38389660120010377,0.45687204599380493,0,0
invalid_consent,3465,V32P-A025260,0,0.17053787410259247,0.1879171073436737,0,0
invalid_consent,3466,V32P-A025273,0,0.31110734641551974,0.31650245487689971,0,0
invalid_consent,3467,V32P-A025274,0,0.37875452041625979,0.39097980260848997,0,0
invalid_consent,3468,V32P-A025275,0,0.36971743106842042,0.37471182346343995,0,0
invalid_consent,3469,V32P-A025276,0,0.29476490020751955,0.29656511545181274,0,0
invalid_consent,3470,V32P-A025277,0,0.22149479687213897,0.22356902211904525,0,0
invalid_consent,3471,V32P-A025278,0,0.091926675289869308,0.096263919770717618,0,0
invalid_consent,3472,V32P-A025327,0,0.77457975149154668,0.78238371610641477,1,1
invalid_consent,3473,V32P-A025328,0,0.64484289884567259,0.65651285648345947,1,1
invalid_consent,3474,V32P-A025329,0,0.55599349141120913,0.56660434007644656,0,0
invalid_consent,3475,V32P-A025330,0,0.46247625946998594,0.47673128843307494,0,0
invalid_consent,3476,V32P-A025331,0,0.34128085374832151,0.35673385858535767,0,0
invalid_consent,3477,V32P-A025332,0,0.14804878383874892,0.15196800976991653,0,0
invalid_consent,3478,V32P-A025345,0,0.53520320057868953,0.55883637070655823,0,0
invalid_consent,3479,V32P-A025346,0,0.55654013752937315,0.5732745289802551,0,0
invalid_consent,3480,V32P-A025348,0,0.47307397723197936,0.49455289244651796,0,0
invalid_consent,3481,V32P-A025349,0,0.40825428664684293,0.43310120403766633,0,0
invalid_consent,3482,V32P-A025350,0,0.19449041411280632,0.20194105654954911,0,0
invalid_consent,3483,V32P-A025387,0,0.64314496517181396,0.65405524969100948,1,1
invalid_consent,3484,V32P-A025388,0,0.61074619293212895,0.61940814852714543,0,0
invalid_consent,3485,V32P-A025390,0,0.52963482737541201,0.52948752641677854,0,0
invalid_consent,3486,V32P-A025391,0,0.47505404353141784,0.49029330611228944,0,0
invalid_consent,3487,V32P-A025392,0,0.22102514207363128,0.2137463003396988,0,0
invalid_consent,3488,V32P-A025447,1,0.77526712417602539,0.79529044628143308,1,1
invalid_consent,3489,V32P-A025450,0,0.13723008930683137,0.13067276477813722,0,0
invalid_consent,3490,V32P-A025451,0,0.10673276260495186,0.10181615799665451,0,0
invalid_consent,3491,V32P-A025452,0,0.044534439779818059,0.040748620033264162,0,0
invalid_consent,3492,V32P-A025495,0,0.77856329679489134,0.78240321874618535,1,1
invalid_consent,3493,V32P-A025496,0,0.6129558324813843,0.62039655447006226,0,1
invalid_consent,3494,V32P-A025497,0,0.50987167358398433,0.5215420126914978,0,0
invalid_consent,3495,V32P-A025498,0,0.43183805346488952,0.44558911919593813,0,0
invalid_consent,3496,V32P-A025499,0,0.40888278484344481,0.41984891891479492,0,0
invalid_consent,3497,V32P-A025500,0,0.15048461407423019,0.15417486578226089,0,0
invalid_consent,3498,V32P-A025561,0,0.70263346433639529,0.71371306180953975,1,1
invalid_consent,3499,V32P-A025562,0,0.56944390535354616,0.57795715928077696,0,0
invalid_consent,3500,V32P-A025563,0,0.48194957375526426,0.49106693863868711,0,0
invalid_consent,3501,V32P-A025564,0,0.41549940705299376,0.42977445125579833,0,0
invalid_consent,3502,V32P-A025565,0,0.30979981422424319,0.32736312448978422,0,0
invalid_consent,3503,V32P-A025566,0,0.12655888348817826,0.13308711498975753,0,0
invalid_consent,3504,V32P-A025573,0,0.66290497779846191,0.68312710523605347,1,1
invalid_consent,3505,V32P-A025574,0,0.56622098684310918,0.59029321670532231,0,0
invalid_consent,3506,V32P-A025576,0,0.39471504092216492,0.43783993721008302,0,0
invalid_consent,3507,V32P-A025577,0,0.33408423364162443,0.4095785140991211,0,0
invalid_consent,3508,V32P-A025578,0,0.14363256990909576,0.15611075311899186,0,0
invalid_consent,3509,V32P-A025663,0,0.6442085981369019,0.65870960950851443,1,1
invalid_consent,3510,V32P-A025664,0,0.53798863887786863,0.55241741538047795,0,0
invalid_consent,3511,V32P-A025665,0,0.51280641555786133,0.52434259057044985,0,0
invalid_consent,3512,V32P-A025666,1,0.47971538305282591,0.4925574243068695,0,0
invalid_consent,3513,V32P-A025667,0,0.074437557160854345,0.072568979859352109,0,0
invalid_consent,3514,V32P-A025668,0,0.034236159361898902,0.032403789088129999,0,0
invalid_consent,3515,V32P-A025723,0,0.54045390486717226,0.54863788485527043,0,0
invalid_consent,3516,V32P-A025724,0,0.65560946464538572,0.66456148624420164,1,1
invalid_consent,3517,V32P-A025725,0,0.64285848140716551,0.65324748754501338,1,1
invalid_consent,3518,V32P-A025726,1,0.59233753681182866,0.60697722434997559,0,0
invalid_consent,3519,V32P-A025727,0,0.083054728060960772,0.080016619712114337,0,0
invalid_consent,3520,V32P-A025728,0,0.04213322140276432,0.040185623802244663,0,0
invalid_consent,3521,V32P-A025837,0,0.64905368089675908,0.65824855566024776,1,1
invalid_consent,3522,V32P-A025838,0,0.49252750277519225,0.51504197716712952,0,0
invalid_consent,3523,V32P-A025839,0,0.4396661162376404,0.4608591914176941,0,0
invalid_consent,3524,V32P-A025840,0,0.35938879251480105,0.37762772440910342,0,0
invalid_consent,3525,V32P-A025841,0,0.27118097841739652,0.28706960976123808,0,0
invalid_consent,3526,V32P-A025842,0,0.10517595410346985,0.11022674441337585,0,0
invalid_consent,3527,V32P-A025915,0,0.53688437342643736,0.5472636282444,0,0
invalid_consent,3528,V32P-A025916,0,0.55280879735946653,0.55993878841400146,0,0
invalid_consent,3529,V32P-A025917,0,0.51003816723823547,0.51816923618316646,0,0
invalid_consent,3530,V32P-A025918,0,0.46274524331092837,0.47937539815902708,0,0
invalid_consent,3531,V32P-A025919,0,0.38559853434562685,0.39935058951377866,0,0
invalid_consent,3532,V32P-A025920,0,0.17810503840446473,0.18432607799768447,0,0
invalid_consent,3533,V32P-A026041,0,0.73116120100021365,0.74567028284072878,1,1
invalid_consent,3534,V32P-A026042,0,0.69893662929534917,0.71352862119674687,1,1
invalid_consent,3535,V32P-A026043,0,0.6801009058952332,0.69690612554550169,1,1
invalid_consent,3536,V32P-A026044,0,0.67302072048187256,0.68684184551239014,1,1
invalid_consent,3537,V32P-A026045,0,0.67185969352722164,0.68084466457366943,1,1
invalid_consent,3538,V32P-A026046,0,0.54130549430847164,0.54181039333343506,0,0
invalid_consent,3539,V32P-A026077,0,0.55827389359474178,0.58554141521453862,0,0
invalid_consent,3540,V32P-A026078,0,0.55745952129364018,0.58788638114929204,0,0
invalid_consent,3541,V32P-A026079,0,0.54920930266380308,0.58180297613143916,0,0
invalid_consent,3542,V32P-A026080,0,0.52862163186073308,0.57008084058761599,0,0
invalid_consent,3543,V32P-A026081,0,0.45145043730735779,0.50176711082458492,0,0
invalid_consent,3544,V32P-A026082,0,0.22864766716957091,0.26326573789119723,0,0
invalid_consent,3545,V32P-A026101,0,0.58728127479553227,0.61459180116653445,0,0
invalid_consent,3546,V32P-A026102,0,0.56947114467620852,0.59621853828430171,0,0
invalid_consent,3547,V32P-A026103,0,0.57907040715217595,0.60583241581916814,0,0
invalid_consent,3548,V32P-A026104,0,0.55847862362861633,0.58475957512855525,0,0
invalid_consent,3549,V32P-A026105,0,0.49236734509468078,0.52192125320434568,0,0
invalid_consent,3550,V32P-A026106,0,0.26931436657905578,0.28647371232509611,0,0
invalid_consent,3551,V32P-A026119,1,0.7031963109970093,0.72489416599273682,1,1
invalid_consent,3552,V32P-A026120,1,0.67523664236068726,0.69221743345260622,1,1
invalid_consent,3553,V32P-A026122,0,0.1086743488907814,0.11194749251008033,0,0
invalid_consent,3554,V32P-A026123,0,0.079206453263759607,0.083014029264450076,0,0
invalid_consent,3555,V32P-A026124,0,0.031742202863097188,0.033345202170312407,0,0
invalid_consent,3556,V32P-A026131,0,0.53278727531433101,0.54789825677871706,0,0
invalid_consent,3557,V32P-A026132,0,0.51190786957740786,0.53040646314620976,0,0
invalid_consent,3558,V32P-A026133,0,0.52227087020874019,0.56600310206413273,0,0
invalid_consent,3559,V32P-A026134,0,0.40796150565147399,0.4252190053462982,0,0
invalid_consent,3560,V32P-A026135,0,0.34015445411205292,0.35285275280475614,0,0
invalid_consent,3561,V32P-A026136,0,0.1581004023551941,0.16085588932037354,0,0
invalid_consent,3562,V32P-A026227,0,0.56166939735412602,0.58375921249389651,0,0
invalid_consent,3563,V32P-A026228,0,0.62145653963088987,0.63694367408752439,1,1
invalid_consent,3564,V32P-A026230,0,0.60027495622634885,0.6177239298820496,0,0
invalid_consent,3565,V32P-A026231,0,0.53780251741409302,0.55730897188186646,0,0
invalid_consent,3566,V32P-A026232,0,0.047247313708066938,0.046109872683882711,0,0
invalid_consent,3567,V32P-A026365,0,0.63262293338775633,0.66071609258651731,1,1
invalid_consent,3568,V32P-A026366,0,0.49933405518531798,0.53137433528900146,0,0
invalid_consent,3569,V32P-A026367,0,0.43413488864898681,0.47490840554237368,0,0
invalid_consent,3570,V32P-A026368,0,0.3554546356201172,0.40617507696151733,0,0
invalid_consent,3571,V32P-A026369,0,0.29848034083843233,0.34608797132968905,0,0
invalid_consent,3572,V32P-A026370,0,0.15304353088140488,0.17539048790931702,0,0
invalid_consent,3573,V32P-A026431,0,0.48838633894920347,0.51510517597198491,0,0
invalid_consent,3574,V32P-A026432,0,0.43469927310943601,0.4613346219062805,0,0
invalid_consent,3575,V32P-A026433,0,0.38367586731910708,0.41286373138427734,0,0
invalid_consent,3576,V32P-A026434,0,0.30123178362846376,0.32840510904788972,0,0
invalid_consent,3577,V32P-A026435,0,0.23462857902050019,0.25689758658409118,0,0
invalid_consent,3578,V32P-A026436,0,0.10578221231698989,0.11278308779001237,0,0
invalid_consent,3579,V32P-A026455,0,0.6563912034034729,0.66531502008438115,1,1
invalid_consent,3580,V32P-A026456,0,0.56653458476066587,0.58259279727935787,0,0
invalid_consent,3581,V32P-A026457,0,0.48392529487609864,0.50652082562446599,0,0
invalid_consent,3582,V32P-A026458,0,0.60425166487693782,0.6340806782245636,0,1
invalid_consent,3583,V32P-A026459,1,0.36314482092857359,0.38225095868110659,0,0
invalid_consent,3584,V32P-A026460,0,0.034760114550590512,0.032459822669625285,0,0
invalid_consent,3585,V32P-A026479,0,0.63224259614944456,0.64815341234207158,1,1
invalid_consent,3586,V32P-A026480,0,0.57714672088623042,0.59366579055786128,0,0
invalid_consent,3587,V32P-A026481,0,0.52737402319908144,0.54664096832275388,0,0
invalid_consent,3588,V32P-A026482,0,0.43057239055633545,0.4504272401332855,0,0
invalid_consent,3589,V32P-A026483,0,0.33527313768863676,0.34780902564525606,0,0
invalid_consent,3590,V32P-A026484,0,0.13872540295124053,0.14331571459770204,0,0
invalid_consent,3591,V32P-A026488,0,0.65068230628967283,0.63315360546112065,1,1
invalid_consent,3592,V32P-A026489,1,0.59500168561935429,0.57086712718009947,0,0
invalid_consent,3593,V32P-A026490,0,0.047159839794039725,0.044457463733851912,0,0
invalid_consent,3594,V32P-A026569,0,0.48894642591476439,0.51514714360237124,0,0
invalid_consent,3595,V32P-A026570,0,0.53163045644760132,0.54473665952682493,0,0
invalid_consent,3596,V32P-A026572,0,0.40039377808570864,0.41091490983963014,0,0
invalid_consent,3597,V32P-A026573,0,0.33034225404262541,0.34190533459186556,0,0
invalid_consent,3598,V32P-A026574,0,0.14660352468490601,0.1619817078113556,0,0
invalid_consent,3599,V32P-A026593,1,0.70126719474792476,0.70196551084518433,1,1
invalid_consent,3600,V32P-A026594,1,0.66715184450149534,0.66809606552124023,1,1
invalid_consent,3601,V32P-A026595,1,0.48221656680107117,0.49485931992530824,0,0
invalid_consent,3602,V32P-A026596,0,0.092248234897851944,0.085883320868015284,0,0
invalid_consent,3603,V32P-A026597,0,0.071771606430411333,0.066610603034496313,0,0
invalid_consent,3604,V32P-A026598,0,0.031729191169142724,0.029096204414963724,0,0
invalid_consent,3605,V32P-A026611,0,0.71619057655334473,0.72142802476882939,1,1
invalid_consent,3606,V32P-A026612,0,0.46431068778038026,0.48152430653572081,0,0
invalid_consent,3607,V32P-A026613,0,0.38292301893234254,0.39638219475746156,0,0
invalid_consent,3608,V32P-A026614,0,0.39364062547683715,0.39805648922920228,0,0
invalid_consent,3609,V32P-A026615,0,0.31308951377868655,0.35237948894500731,0,0
invalid_consent,3610,V32P-A026616,0,0.10422588139772415,0.10522280409932136,0,0
invalid_consent,3611,V32P-A026647,0,0.35531747341156006,0.37078526616096497,0,0
invalid_consent,3612,V32P-A026648,0,0.3873575687408447,0.40405285358428955,0,0
invalid_consent,3613,V32P-A026650,0,0.29428620934486388,0.31608180999755858,0,0
invalid_consent,3614,V32P-A026651,0,0.22807809710502625,0.24757312834262848,0,0
invalid_consent,3615,V32P-A026652,0,0.098913168162107462,0.1033301293849945,0,0
invalid_consent,3616,V32P-A026701,0,0.60174024105072021,0.61480522155761719,0,0
invalid_consent,3617,V32P-A026702,0,0.54057087302207951,0.56298530101776123,0,0
invalid_consent,3618,V32P-A026703,0,0.45567012429237364,0.48368853926658628,0,0
invalid_consent,3619,V32P-A026704,0,0.31210753619670867,0.3415985107421875,0,0
invalid_consent,3620,V32P-A026705,1,0.30238675773143769,0.32428232133388518,0,0
invalid_consent,3621,V32P-A026706,0,0.018461260292679072,0.017292556539177894,0,0
invalid_consent,3622,V32P-A026719,0,0.78516917228698735,0.79547615051269527,1,1
invalid_consent,3623,V32P-A026720,0,0.73638346195220949,0.75055693387985234,1,1
invalid_consent,3624,V32P-A026722,0,0.70506317615509029,0.7147238969802856,1,1
invalid_consent,3625,V32P-A026723,0,0.65383441448211665,0.66053248643875118,1,1
invalid_consent,3626,V32P-A026724,0,0.43307663202285768,0.44581056237220762,0,0
invalid_consent,3627,V32P-A026725,0,0.54962274432182312,0.54974754452705388,0,0
invalid_consent,3628,V32P-A026726,0,0.42731648683547974,0.41628565788269045,0,0
invalid_consent,3629,V32P-A026727,0,0.3685210645198822,0.35927864909172058,0,0
invalid_consent,3630,V32P-A026728,0,0.28893061578273771,0.28095563650131228,0,0
invalid_consent,3631,V32P-A026729,0,0.22395414710044861,0.21827076375484467,0,0
invalid_consent,3632,V32P-A026730,0,0.096420875191688543,0.09705704748630524,0,0
invalid_consent,3633,V32P-A026833,0,0.54172762036323552,0.5525194466114044,0,0
invalid_consent,3634,V32P-A026836,0,0.43434016704559325,0.44261533617973325,0,0
invalid_consent,3635,V32P-A026837,0,0.36947721242904663,0.37475545406341554,0,0
invalid_consent,3636,V32P-A026838,0,0.17667719423770906,0.17688916027545928,0,0
invalid_consent,3637,V32P-A026887,0,0.71016290187835696,0.72812473773956299,1,1
invalid_consent,3638,V32P-A026888,0,0.5419184625148773,0.58204683661460876,0,0
invalid_consent,3639,V32P-A026889,0,0.45851286053657531,0.50904449224472048,0,0
invalid_consent,3640,V32P-A026890,0,0.37788756489753722,0.43112829923629759,0,0
invalid_consent,3641,V32P-A026891,0,0.33077148199081419,0.38030139207839964,0,0
invalid_consent,3642,V32P-A026892,0,0.11872983127832412,0.13374932259321212,0,0
invalid_consent,3643,V32P-A026989,0,0.44453020691871642,0.47615987658500669,0,0
invalid_consent,3644,V32P-A026992,0,0.43987231254577636,0.47203286290168761,0,0
invalid_consent,3645,V32P-A026993,0,0.36815116405487058,0.40169185996055601,0,0
invalid_consent,3646,V32P-A026994,0,0.1927497535943985,0.22111788094043733,0,0
invalid_consent,3647,V32P-A027055,0,0.46105284690856935,0.47996983528137205,0,0
invalid_consent,3648,V32P-A027056,0,0.53337592482566831,0.55589095354080198,0,0
invalid_consent,3649,V32P-A027057,0,0.51652739048004148,0.53473939895629885,0,0
invalid_consent,3650,V32P-A027058,0,0.43225824236869814,0.44895579814910891,0,0
invalid_consent,3651,V32P-A027059,0,0.34672142267227174,0.36273092031478882,0,0
invalid_consent,3652,V32P-A027060,0,0.15386842787265778,0.1663571998476982,0,0
invalid_consent,3653,V32P-A027133,0,0.42351914644241334,0.43793121576309202,0,0
invalid_consent,3654,V32P-A027134,0,0.4311603307723999,0.43788605928421021,0,0
invalid_consent,3655,V32P-A027135,0,0.39023709893226621,0.3943228840827942,0,0
invalid_consent,3656,V32P-A027136,0,0.30741669535636901,0.31676498055458069,0,0
invalid_consent,3657,V32P-A027137,0,0.23756576180458069,0.24877999126911163,0,0
invalid_consent,3658,V32P-A027138,0,0.097583653032779688,0.10240159183740616,0,0
invalid_consent,3659,V32P-A027169,0,0.42572166323661803,0.47678637504577637,0,0
invalid_consent,3660,V32P-A027172,0,0.35165856182575228,0.4153349667787552,0,0
invalid_consent,3661,V32P-A027173,0,0.24212242960929869,0.28773060142993928,0,0
invalid_consent,3662,V32P-A027174,0,0.14280514568090438,0.16501476168632506,0,0
invalid_consent,3663,V32P-A027193,0,0.61215555667877197,0.6255789637565613,0,1
invalid_consent,3664,V32P-A027194,0,0.49832877516746521,0.51182942986488345,0,0
invalid_consent,3665,V32P-A027195,0,0.45684841275215149,0.47451325058937072,0,0
invalid_consent,3666,V32P-A027196,0,0.36952385902404783,0.38716961145401002,0,0
invalid_consent,3667,V32P-A027197,0,0.28997645974159242,0.30766991376876829,0,0
invalid_consent,3668,V32P-A027198,0,0.11906469911336899,0.12767113596200944,0,0
invalid_consent,3669,V32P-A027217,0,0.72595263719558711,0.74136863946914677,1,1
invalid_consent,3670,V32P-A027220,0,0.46294663548469545,0.49812849164009093,0,0
invalid_consent,3671,V32P-A027221,0,0.33788366317749025,0.36810630559921265,0,0
invalid_consent,3672,V32P-A027222,0,0.13336271792650223,0.14130990356206893,0,0
invalid_consent,3673,V32P-A027235,0,0.69254453182220455,0.7031076073646545,1,1
invalid_consent,3674,V32P-A027236,0,0.60511587858200078,0.61904247999191286,0,0
invalid_consent,3675,V32P-A027237,0,0.55573168396949768,0.56914398670196531,0,0
invalid_consent,3676,V32P-A027238,0,0.47203493714332578,0.48553386330604553,0,0
invalid_consent,3677,V32P-A027239,0,0.42494451403617861,0.44335502982139585,0,0
invalid_consent,3678,V32P-A027240,0,0.16299763023853303,0.17112404257059097,0,0
invalid_consent,3679,V32P-A027277,0,0.55101334452629092,0.59160929322242739,0,0
invalid_consent,3680,V32P-A027278,0,0.48366627693176267,0.56081640124320986,0,0
invalid_consent,3681,V32P-A027279,0,0.36354622840881345,0.41705024242401123,0,0
invalid_consent,3682,V32P-A027280,0,0.28869410157203673,0.3435726433992386,0,0
invalid_consent,3683,V32P-A027281,0,0.22853493243455886,0.2746086999773979,0,0
invalid_consent,3684,V32P-A027282,0,0.10785697996616364,0.12364796772599221,0,0
invalid_consent,3685,V32P-A027337,1,0.80430297851562504,0.82052965164184566,1,1
invalid_consent,3686,V32P-A027338,1,0.68932495117187498,0.71311643123626711,1,1
invalid_consent,3687,V32P-A027340,0,0.13105661273002625,0.12853117138147355,0,0
invalid_consent,3688,V32P-A027341,0,0.15011977627873421,0.15743775591254233,0,0
invalid_consent,3689,V32P-A027342,0,0.047246946208179,0.04372420869767666,0,0
invalid_consent,3690,V32P-A027379,0,0.62099663019180296,0.65897388458251949,1,1
invalid_consent,3691,V32P-A027380,0,0.66707423925399778,0.69606587886810301,1,1
invalid_consent,3692,V32P-A027381,0,0.68683167695999148,0.71788637638092045,1,1
invalid_consent,3693,V32P-A027382,0,0.6881613492965698,0.72281664609909058,1,1
invalid_consent,3694,V32P-A027383,1,0.51352095007896426,0.56486683487892153,0,0
invalid_consent,3695,V32P-A027384,0,0.028996396437287332,0.027544358372688295,0,0
invalid_consent,3696,V32P-A027427,1,0.65397293567657466,0.66354084014892578,1,1
invalid_consent,3697,V32P-A027428,1,0.66484342813491826,0.6751399040222168,1,1
invalid_consent,3698,V32P-A027430,0,0.07535936832427978,0.071877351403236395,0,0
invalid_consent,3699,V32P-A027431,0,0.053347983956336976,0.050984762236475946,0,0
invalid_consent,3700,V32P-A027432,0,0.021292522363364697,0.020169269107282162,0,0
invalid_consent,3701,V32P-A027481,0,0.51684958338737486,0.542304915189743,0,0
invalid_consent,3702,V32P-A027484,0,0.48440995216369631,0.52259455323219295,0,0
invalid_consent,3703,V32P-A027485,1,0.38999343514442442,0.43017162084579469,0,0
invalid_consent,3704,V32P-A027486,0,0.029867910966277122,0.028256020136177541,0,0
invalid_consent,3705,V32P-A027511,0,0.69655622243881221,0.70401208400726323,1,1
invalid_consent,3706,V32P-A027512,0,0.61530121564865115,0.62996118068695073,0,1
invalid_consent,3707,V32P-A027513,0,0.51902045607566838,0.5396925747394562,0,0
invalid_consent,3708,V32P-A027514,0,0.43738622069358823,0.45584994554519653,0,0
invalid_consent,3709,V32P-A027515,0,0.39467068910598757,0.40603931546211242,0,0
invalid_consent,3710,V32P-A027516,0,0.18813574314117432,0.19450553208589555,0,0
invalid_consent,3711,V32P-A027541,0,0.55594244003295901,0.57164723873138423,0,0
invalid_consent,3712,V32P-A027542,0,0.49430544376373292,0.5483575582504272,0,0
invalid_consent,3713,V32P-A027543,0,0.56355969309806819,0.57455573678016658,0,0
invalid_consent,3714,V32P-A027544,0,0.48286482095718386,0.49543771147727966,0,0
invalid_consent,3715,V32P-A027545,0,0.38297628164291381,0.39724590182304381,0,0
invalid_consent,3716,V32P-A027546,0,0.16651988476514817,0.17350500673055649,0,0
invalid_consent,3717,V32P-A027595,0,0.81394746303558352,0.81777428388595585,1,1
invalid_consent,3718,V32P-A027596,0,0.7397033214569092,0.7481254577636719,1,1
invalid_consent,3719,V32P-A027598,0,0.63797821998596194,0.65151338577270512,1,1
invalid_consent,3720,V32P-A027599,0,0.55294321179389949,0.56815050840377812,0,0
invalid_consent,3721,V32P-A027600,0,0.040127887949347497,0.038623313233256337,0,0
invalid_consent,3722,V32P-A027757,0,0.74612854719161992,0.76048400402069094,1,1
invalid_consent,3723,V32P-A027758,0,0.44200357198715212,0.49498955607414247,0,0
invalid_consent,3724,V32P-A027760,0,0.37097219824790956,0.40011133551597594,0,0
invalid_consent,3725,V32P-A027761,0,0.28998967409133913,0.31632409989833832,0,0
invalid_consent,3726,V32P-A027762,0,0.12105258703231811,0.12788693457841874,0,0
invalid_consent,3727,V32P-A027781,1,0.65470138788223264,0.66663876771926878,1,1
invalid_consent,3728,V32P-A027782,1,0.52522901892662044,0.53304279446601865,0,0
invalid_consent,3729,V32P-A027783,1,0.44755873680114744,0.45812742114067079,0,0
invalid_consent,3730,V32P-A027784,0,0.062928442656993863,0.062184681370854381,0,0
invalid_consent,3731,V32P-A027785,0,0.048680607974529264,0.04847136288881302,0,0
invalid_consent,3732,V32P-A027786,0,0.023708040453493597,0.023888463433831931,0,0
invalid_consent,3733,V32P-A027811,0,0.79391897916793819,0.80538699626922605,1,1
invalid_consent,3734,V32P-A027812,0,0.72598378658294682,0.74127248525619505,1,1
invalid_consent,3735,V32P-A027814,0,0.53850234746932979,0.56529237031936641,0,0
invalid_consent,3736,V32P-A027815,0,0.44660769701004027,0.47750718593597413,0,0
invalid_consent,3737,V32P-A027816,0,0.19606370627880096,0.20728757083415986,0,0
invalid_consent,3738,V32P-A027829,1,0.69907550811767583,0.70926556587219236,1,1
invalid_consent,3739,V32P-A027832,0,0.088793323934078211,0.083826036006212232,0,0
invalid_consent,3740,V32P-A027833,0,0.064628454297780996,0.062070441991090776,0,0
invalid_consent,3741,V32P-A027834,0,0.027073878608644009,0.026673884689807893,0,0
invalid_consent,3742,V32P-A027841,0,0.54194037914276127,0.54173235893249516,0,0
invalid_consent,3743,V32P-A027844,0,0.38552975058555605,0.38197675347328186,0,0
invalid_consent,3744,V32P-A027845,0,0.30716522932052615,0.30333865880966188,0,0
invalid_consent,3745,V32P-A027846,0,0.1374494343996048,0.1334817737340927,0,0
invalid_consent,3746,V32P-A027889,0,0.83201705217361455,0.85500595569610593,1,1
invalid_consent,3747,V32P-A027890,0,0.70437885522842403,0.73994714021682739,1,1
invalid_consent,3748,V32P-A027891,0,0.846634304523468,0.86832140684127812,1,1
invalid_consent,3749,V32P-A027892,1,0.66044446229934695,0.70138583183288572,1,1
invalid_consent,3750,V32P-A027893,0,0.15052707046270369,0.14679576754570006,0,0
invalid_consent,3751,V32P-A027894,0,0.070021492429077625,0.065185251832008365,0,0
invalid_consent,3752,V32P-A027925,0,0.50821327567100527,0.53989576101303105,0,0
invalid_consent,3753,V32P-A027928,0,0.32794957756996157,0.34685560464859011,0,0
invalid_consent,3754,V32P-A027929,0,0.26324346661567688,0.28041946887969971,0,0
invalid_consent,3755,V32P-A027930,0,0.12004385292530059,0.12895833104848861,0,0
invalid_consent,3756,V32P-A027943,0,0.84266173839569092,0.84219157695770264,1,1
invalid_consent,3757,V32P-A027944,0,0.70159001350402828,0.69058015346527102,1,1
invalid_consent,3758,V32P-A027946,0,0.60828881263732915,0.59892560243606563,0,0
invalid_consent,3759,V32P-A027947,0,0.61547580361366272,0.62001209855079653,0,1
invalid_consent,3760,V32P-A027948,0,0.33709211051464083,0.32833950817584989,0,0
invalid_consent,3761,V32P-A027961,0,0.76211899518966675,0.76221805810928345,1,1
invalid_consent,3762,V32P-A027964,0,0.58814381361007695,0.59546416997909546,0,0
invalid_consent,3763,V32P-A027965,0,0.43569135069847109,0.44143381118774416,0,0
invalid_consent,3764,V32P-A027966,0,0.18673440217971801,0.18793402016162872,0,0
invalid_consent,3765,V32P-A027973,0,0.50339007973670957,0.51666333079338078,0,0
invalid_consent,3766,V32P-A027974,0,0.40616731047630311,0.42672285437583923,0,0
invalid_consent,3767,V32P-A027976,0,0.33199702501296996,0.35809462666511538,0,0
invalid_consent,3768,V32P-A027977,0,0.26301465332508089,0.28726737201213837,0,0
invalid_consent,3769,V32P-A027978,0,0.11698640435934067,0.12617796510457993,0,0
invalid_consent,3770,V32P-A027985,0,0.67403571605682377,0.68424510955810547,1,1
invalid_consent,3771,V32P-A027986,0,0.58199726343154912,0.60526577234268186,0,0
invalid_consent,3772,V32P-A027987,0,0.5295742273330688,0.55975396633148189,0,0
invalid_consent,3773,V32P-A027988,0,0.43461310863494873,0.46167175173759462,0,0
invalid_consent,3774,V32P-A027989,0,0.33684065937995911,0.35646190643310549,0,0
invalid_consent,3775,V32P-A027990,0,0.13778952211141587,0.1439891666173935,0,0
invalid_consent,3776,V32P-A027997,0,0.79219977855682377,0.80212768316268923,1,1
invalid_consent,3777,V32P-A027998,0,0.70867087841033938,0.7215590357780457,1,1
invalid_consent,3778,V32P-A027999,0,0.77083005905151369,0.78098770380020144,1,1
invalid_consent,3779,V32P-A028000,0,0.67532080411911011,0.68794813156127932,1,1
invalid_consent,3780,V32P-A028001,1,0.58290974497795101,0.59956175684928892,0,0
invalid_consent,3781,V32P-A028002,0,0.044735971093177798,0.041484949737787248,0,0
invalid_consent,3782,V32P-A028009,0,0.4016317665576935,0.41462592482566835,0,0
invalid_consent,3783,V32P-A028010,0,0.43673198819160464,0.44912692308425906,0,0
invalid_consent,3784,V32P-A028012,0,0.28654865920543671,0.30632526874542237,0,0
invalid_consent,3785,V32P-A028013,0,0.21023531258106232,0.22424542903900146,0,0
invalid_consent,3786,V32P-A028014,0,0.087225618958473208,0.090970813482999804,0,0
invalid_consent,3787,V32P-A028027,0,0.56171649098396303,0.59015409350395198,0,0
invalid_consent,3788,V32P-A028028,0,0.51137044429779055,0.5415541887283325,0,0
invalid_consent,3789,V32P-A028029,0,0.48455797433853148,0.52057120203971863,0,0
invalid_consent,3790,V32P-A028030,0,0.44742850661277772,0.49115873575210572,0,0
invalid_consent,3791,V32P-A028031,0,0.37140662670135499,0.41204868555068969,0,0
invalid_consent,3792,V32P-A028032,0,0.19424953311681747,0.22059733718633651,0,0
invalid_consent,3793,V32P-A028033,0,0.34781503081321719,0.36802142262458803,0,0
invalid_consent,3794,V32P-A028034,0,0.37567438483238219,0.39408887028694151,0,0
invalid_consent,3795,V32P-A028036,0,0.34881202578544618,0.36049996614456176,0,0
invalid_consent,3796,V32P-A028037,0,0.26442008912563325,0.27488829791545866,0,0
invalid_consent,3797,V32P-A028038,0,0.11712954938411713,0.12385493069887162,0,0
invalid_consent,3798,V32P-A028105,0,0.69124778509140017,0.70671511888504024,1,1
invalid_consent,3799,V32P-A028106,0,0.56345080137252812,0.61488263607025151,0,0
invalid_consent,3800,V32P-A028107,0,0.56888279914855955,0.59952451586723332,0,0
invalid_consent,3801,V32P-A028108,0,0.48167856931686404,0.51576508879661564,0,0
invalid_consent,3802,V32P-A028109,0,0.39517039656639097,0.42233587503433229,0,0
invalid_consent,3803,V32P-A028110,0,0.21112462133169174,0.21989336758852004,0,0
invalid_consent,3804,V32P-A028117,0,0.69428244829177854,0.69899728298187258,1,1
invalid_consent,3805,V32P-A028118,0,0.58544564247131348,0.58955355882644656,0,0
invalid_consent,3806,V32P-A028119,0,0.58025898933410647,0.581285548210144,0,0
invalid_consent,3807,V32P-A028120,0,0.58556941747665403,0.59485051631927488,0,0
invalid_consent,3808,V32P-A028121,0,0.53039857745170593,0.5352150678634644,0,0
invalid_consent,3809,V32P-A028122,0,0.26999445259571075,0.27209956347942355,0,0
invalid_consent,3810,V32P-A028195,0,0.44534375667572024,0.46352584958076476,0,0
invalid_consent,3811,V32P-A028196,0,0.62024911642074587,0.62743337154388423,1,1
invalid_consent,3812,V32P-A028197,0,0.68201112747192383,0.68367158174514775,1,1
invalid_consent,3813,V32P-A028198,0,0.41680913567543032,0.43766804933547976,0,0
invalid_consent,3814,V32P-A028199,0,0.58520830273628233,0.61597038507461543,0,0
invalid_consent,3815,V32P-A028200,0,0.020143379643559455,0.017713357321918012,0,0
invalid_consent,3816,V32P-A028219,1,0.62803595066070561,0.6176135659217834,1,0
invalid_consent,3817,V32P-A028220,1,0.48241358995437622,0.48113981485366819,0,0
invalid_consent,3818,V32P-A028221,0,0.10221324861049652,0.092610429227352145,0,0
invalid_consent,3819,V32P-A028222,0,0.090069089084863663,0.082442804053425786,0,0
invalid_consent,3820,V32P-A028223,0,0.068290821462869647,0.063135342672467232,0,0
invalid_consent,3821,V32P-A028224,0,0.030598862655460836,0.028850381541997195,0,0
invalid_consent,3822,V32P-A028231,1,0.49387694597244264,0.53534702062606809,0,0
invalid_consent,3823,V32P-A028232,1,0.48606705665588379,0.52593137025833125,0,0
invalid_consent,3824,V32P-A028234,0,0.095497303083539015,0.093402709066867831,0,0
invalid_consent,3825,V32P-A028235,0,0.068579978682100778,0.065817391872406011,0,0
invalid_consent,3826,V32P-A028236,0,0.03137929681688547,0.028520705923438073,0,0
invalid_consent,3827,V32P-A028243,0,0.5889514684677124,0.60575244426727293,0,0
invalid_consent,3828,V32P-A028244,0,0.52370502352714543,0.54029721617698667,0,0
invalid_consent,3829,V32P-A028245,0,0.48420954346656797,0.50700519084930418,0,0
invalid_consent,3830,V32P-A028246,0,0.38113006353378298,0.4116998016834259,0,0
invalid_consent,3831,V32P-A028247,0,0.30013395845890045,0.32840708792209627,0,0
invalid_consent,3832,V32P-A028248,0,0.12392065078020095,0.13390221744775771,0,0
invalid_consent,3833,V32P-A028273,0,0.67636150121688843,0.69570198059082033,1,1
invalid_consent,3834,V32P-A028274,0,0.55775509476661678,0.60970908403396606,0,0
invalid_consent,3835,V32P-A028276,0,0.48540102839469912,0.51507216691970825,0,0
invalid_consent,3836,V32P-A028277,0,0.40196956396102906,0.43259155154228213,0,0
invalid_consent,3837,V32P-A028278,0,0.1956626832485199,0.21097494959831237,0,0
invalid_consent,3838,V32P-A028291,0,0.66747379302978516,0.69674404859542849,1,1
invalid_consent,3839,V32P-A028292,0,0.57457216382026677,0.60954818725585935,0,0
invalid_consent,3840,V32P-A028293,0,0.6749250173568726,0.69312300682067873,1,1
invalid_consent,3841,V32P-A028294,0,0.44593812227249147,0.44985730648040773,0,0
invalid_consent,3842,V32P-A028295,0,0.39317777752876282,0.39704527854919436,0,0
invalid_consent,3843,V32P-A028296,0,0.22144823670387268,0.23153800666332244,0,0
invalid_consent,3844,V32P-A028303,1,0.39691926836967467,0.39118624329566953,0,0
invalid_consent,3845,V32P-A028306,0,0.06485262736678124,0.059931640326976773,0,0
invalid_consent,3846,V32P-A028307,0,0.044876449555158612,0.041761417314410208,0,0
invalid_consent,3847,V32P-A028308,0,0.020236482564359903,0.018978901207447052,0,0
invalid_consent,3848,V32P-A028333,0,0.59190328717231755,0.6054917573928833,0,0
invalid_consent,3849,V32P-A028334,0,0.495664644241333,0.51409057378768919,0,0
invalid_consent,3850,V32P-A028335,0,0.42097401320934297,0.44100216627120969,0,0
invalid_consent,3851,V32P-A028336,0,0.35224198102951049,0.37591825425624847,0,0
invalid_consent,3852,V32P-A028337,0,0.27596254050731661,0.29349090456962584,0,0
invalid_consent,3853,V32P-A028338,0,0.028059797221794726,0.02501895958557725,0,0
invalid_consent,3854,V32P-A028381,0,0.53720110654830933,0.55911614894866946,0,0
invalid_consent,3855,V32P-A028382,0,0.47056483030319213,0.4917134463787079,0,0
invalid_consent,3856,V32P-A028384,0,0.32730528116226199,0.33938249945640564,0,0
invalid_consent,3857,V32P-A028385,0,0.26288369894027708,0.27499288022518159,0,0
invalid_consent,3858,V32P-A028386,0,0.10689065605401993,0.12063137888908386,0,0
invalid_consent,3859,V32P-A028411,0,0.72338413000106816,0.72427955865859983,1,1
invalid_consent,3860,V32P-A028412,0,0.64213018417358403,0.64952260255813599,1,1
invalid_consent,3861,V32P-A028413,0,0.5823920845985413,0.59116474390029905,0,0
invalid_consent,3862,V32P-A028414,0,0.50631701350212099,0.52371817231178286,0,0
invalid_consent,3863,V32P-A028415,0,0.46843073964118959,0.48763628602027892,0,0
invalid_consent,3864,V32P-A028416,0,0.19065455496311187,0.20186998844146728,0,0
invalid_consent,3865,V32P-A028423,1,0.69369014501571657,0.69885445833206172,1,1
invalid_consent,3866,V32P-A028424,1,0.54425599575042727,0.54868681430816646,0,0
invalid_consent,3867,V32P-A028425,1,0.66864241361618038,0.6678131580352783,1,1
invalid_consent,3868,V32P-A028426,0,0.10271649360656739,0.093777117878198618,0,0
invalid_consent,3869,V32P-A028427,0,0.072795920073986053,0.067910709604620936,0,0
invalid_consent,3870,V32P-A028428,0,0.029670860804617404,0.02821731995791197,0,0
invalid_consent,3871,V32P-A028441,0,0.54246063232421871,0.57341392636299138,0,0
invalid_consent,3872,V32P-A028444,0,0.62910195589065554,0.65934695005416866,1,1
invalid_consent,3873,V32P-A028445,0,0.56167778372764587,0.599332582950592,0,0
invalid_consent,3874,V32P-A028446,0,0.042167513445019719,0.041149235889315607,0,0
invalid_consent,3875,V32P-A028525,0,0.80598257780075078,0.81604350805282588,1,1
invalid_consent,3876,V32P-A028526,0,0.6888841986656189,0.69969555139541628,1,1
invalid_consent,3877,V32P-A028527,0,0.66059679985046382,0.6766721129417419,1,1
invalid_consent,3878,V32P-A028528,0,0.75587098598480229,0.76836787462234502,1,1
invalid_consent,3879,V32P-A028529,1,0.71039936542510984,0.72478032112121582,1,1
invalid_consent,3880,V32P-A028530,0,0.074939154088497162,0.068995354697108269,0,0
invalid_consent,3881,V32P-A028549,0,0.65858272314071653,0.65147794485092159,1,1
invalid_consent,3882,V32P-A028552,0,0.31423931717872622,0.31592162847518923,0,0
invalid_consent,3883,V32P-A028553,0,0.24293076097965241,0.24401269257068633,0,0
invalid_consent,3884,V32P-A028554,0,0.11203298866748809,0.1114620290696621,0,0
invalid_consent,3885,V32P-A028573,1,0.70392990112304688,0.72503025531768794,1,1
invalid_consent,3886,V32P-A028576,0,0.13017309457063675,0.12662651836872102,0,0
invalid_consent,3887,V32P-A028577,0,0.096261978894472119,0.094262469559907913,0,0
invalid_consent,3888,V32P-A028578,0,0.041741344518959521,0.039895975962281227,0,0
invalid_consent,3889,V32P-A028633,0,0.59221509695053098,0.60251300334930424,0,0
invalid_consent,3890,V32P-A028634,0,0.46896386742591856,0.47443636059761046,0,0
invalid_consent,3891,V32P-A028636,0,0.39755851030349731,0.40395602583885193,0,0
invalid_consent,3892,V32P-A028637,1,0.3175651878118515,0.32079304754734039,0,0
invalid_consent,3893,V32P-A028638,0,0.025517390854656697,0.023948790691792964,0,0
invalid_consent,3894,V32P-A028657,0,0.29592857360839842,0.31789406836032869,0,0
invalid_consent,3895,V32P-A028658,0,0.32441607713699339,0.34212514162063601,0,0
invalid_consent,3896,V32P-A028659,0,0.28010171055793764,0.29617405831813814,0,0
invalid_consent,3897,V32P-A028660,0,0.24003247916698456,0.25261522531509401,0,0
invalid_consent,3898,V32P-A028661,0,0.17828685343265532,0.21218042969703674,0,0
invalid_consent,3899,V32P-A028662,0,0.087691529095172888,0.091865818947553635,0,0
invalid_consent,3900,V32P-A028741,0,0.57476661205291746,0.5939510583877563,0,0
invalid_consent,3901,V32P-A028742,0,0.59614425897598267,0.62979009151458742,0,1
invalid_consent,3902,V32P-A028744,0,0.45621319413185119,0.47990719676017762,0,0
invalid_consent,3903,V32P-A028745,0,0.39530654847621916,0.42159480154514312,0,0
invalid_consent,3904,V32P-A028746,0,0.23008081465959548,0.24867760390043259,0,0
invalid_consent,3905,V32P-A028747,0,0.59774742126464842,0.61336721181869502,0,0
invalid_consent,3906,V32P-A028748,0,0.53428683280944822,0.55348967313766484,0,0
invalid_consent,3907,V32P-A028749,0,0.56741497516632078,0.5872536301612854,0,0
invalid_consent,3908,V32P-A028750,0,0.56414010524749758,0.58815686702728276,0,0
invalid_consent,3909,V32P-A028751,0,0.49891706705093386,0.52784481048583987,0,0
invalid_consent,3910,V32P-A028752,0,0.2854077607393265,0.30435343384742736,0,0
invalid_consent,3911,V32P-A028789,0,0.7297285795211792,0.75540972948074336,1,1
invalid_consent,3912,V32P-A028790,0,0.65608890056610103,0.68644456863403325,1,1
invalid_consent,3913,V32P-A028791,0,0.59439935684204104,0.62898845672607417,0,1
invalid_consent,3914,V32P-A028792,0,0.50457152128219607,0.54086529016494755,0,0
invalid_consent,3915,V32P-A028793,0,0.42986766695976258,0.46270730495452883,0,0
invalid_consent,3916,V32P-A028794,0,0.2594269126653671,0.27610667049884796,0,0
invalid_consent,3917,V32P-A028837,1,0.64224480986595156,0.67733151316642759,1,1
invalid_consent,3918,V32P-A028840,0,0.22002166211605073,0.22699839621782303,0,0
invalid_consent,3919,V32P-A028841,0,0.17056097090244293,0.1728560894727707,0,0
invalid_consent,3920,V32P-A028842,0,0.076409392803907392,0.073028980195522314,0,0
invalid_consent,3921,V32P-A028843,0,0.41455532908439635,0.43430934548377992,0,0
invalid_consent,3922,V32P-A028844,0,0.48090583682060239,0.50560091137886043,0,0
invalid_consent,3923,V32P-A028845,0,0.45210997462272645,0.48030897974967957,0,0
invalid_consent,3924,V32P-A028846,0,0.35717669129371643,0.43633378148078916,0,0
invalid_consent,3925,V32P-A028847,0,0.29266337156295774,0.32291003465652468,0,0
invalid_consent,3926,V32P-A028848,0,0.13886723220348357,0.15098108351230621,0,0
invalid_consent,3927,V32P-A028873,0,0.82078430652618406,0.82981750965118406,1,1
invalid_consent,3928,V32P-A028874,0,0.6957110524177551,0.70666791200637813,1,1
invalid_consent,3929,V32P-A028875,0,0.59713813066482546,0.61165727376937862,0,0
invalid_consent,3930,V32P-A028876,0,0.55928188562393188,0.57457501888275142,0,0
invalid_consent,3931,V32P-A028877,0,0.52790527343750004,0.5427375376224518,0,0
invalid_consent,3932,V32P-A028878,0,0.30390066504478452,0.31317897140979767,0,0
invalid_consent,3933,V32P-A028891,0,0.61708211898803711,0.66450399160385132,0,1
invalid_consent,3934,V32P-A028892,0,0.63738952875137334,0.68246971368789677,1,1
invalid_consent,3935,V32P-A028894,0,0.53060504794120789,0.58405254483222957,0,0
invalid_consent,3936,V32P-A028895,1,0.44409607052803041,0.50169180035591121,0,0
invalid_consent,3937,V32P-A028896,0,0.033969772234559062,0.033611737005412576,0,0
invalid_consent,3938,V32P-A028981,0,0.54906570315361025,0.55894216299057009,0,0
invalid_consent,3939,V32P-A028982,0,0.53685089349746706,0.54977481365203862,0,0
invalid_consent,3940,V32P-A028983,0,0.52770165801048274,0.5432401239871979,0,0
invalid_consent,3941,V32P-A028984,0,0.60029439926147465,0.64526040554046626,0,1
invalid_consent,3942,V32P-A028985,0,0.35960288047790528,0.38088079094886779,0,0
invalid_consent,3943,V32P-A028986,0,0.024825785495340823,0.02295762039721012,0,0
invalid_consent,3944,V32P-A028993,1,0.53706774711608884,0.55036898851394656,0,0
invalid_consent,3945,V32P-A028996,0,0.099844523146748548,0.094124209135770798,0,0
invalid_consent,3946,V32P-A028997,0,0.071437373757362366,0.066179290041327471,0,0
invalid_consent,3947,V32P-A028998,0,0.030978460423648359,0.028170505538582802,0,0
invalid_consent,3948,V32P-A029029,0,0.61846305131912227,0.61957900524139409,0,0
invalid_consent,3949,V32P-A029030,0,0.44399307966232299,0.45035737752914429,0,0
invalid_consent,3950,V32P-A029032,0,0.3005324423313141,0.32020887732505798,0,0
invalid_consent,3951,V32P-A029033,0,0.22421066462993622,0.23936073780059813,0,0
invalid_consent,3952,V32P-A029034,0,0.10759838819503784,0.10974987447261811,0,0
invalid_consent,3953,V32P-A029047,0,0.45423170924186707,0.46799864172935485,0,0
invalid_consent,3954,V32P-A029048,0,0.5243988454341888,0.54049120545387264,0,0
invalid_consent,3955,V32P-A029049,0,0.51965848803520198,0.53497586846351619,0,0
invalid_consent,3956,V32P-A029050,0,0.47558800578117372,0.49170909523963929,0,0
invalid_consent,3957,V32P-A029051,0,0.41118434071540833,0.4323703944683075,0,0
invalid_consent,3958,V32P-A029052,0,0.21570809334516525,0.22560985833406449,0,0
invalid_consent,3959,V32P-A029071,0,0.32807951569557192,0.34588317871093749,0,0
invalid_consent,3960,V32P-A029074,0,0.31025738418102267,0.35024845898151397,0,0
invalid_consent,3961,V32P-A029075,0,0.24155775308609009,0.27256277501583098,0,0
invalid_consent,3962,V32P-A029076,0,0.10579416006803513,0.11549023389816285,0,0
invalid_consent,3963,V32P-A029104,0,0.43513917922973633,0.44347617626190183,0,0
invalid_consent,3964,V32P-A029105,0,0.42338746190071108,0.46965641975402833,0,0
invalid_consent,3965,V32P-A029106,0,0.028946378640830515,0.026576539687812328,0,0
invalid_consent,3966,V32P-A029119,0,0.60248346328735347,0.6253414630889893,0,1
invalid_consent,3967,V32P-A029120,0,0.6233176589012146,0.64138371944427486,1,1
invalid_consent,3968,V32P-A029121,0,0.58118194341659546,0.6003217935562134,0,0
invalid_consent,3969,V32P-A029122,0,0.50998938083648682,0.52927306890487669,0,0
invalid_consent,3970,V32P-A029123,0,0.4032023549079895,0.42293265461921692,0,0
invalid_consent,3971,V32P-A029124,0,0.16753734946250914,0.17548704594373704,0,0
invalid_consent,3972,V32P-A029131,0,0.40032838582992553,0.41287457942962646,0,0
invalid_consent,3973,V32P-A029132,0,0.51507629752159123,0.52368453741073606,0,0
invalid_consent,3974,V32P-A029133,0,0.47913571000099181,0.49096840620040894,0,0
invalid_consent,3975,V32P-A029134,0,0.41690181493759154,0.42952432632446291,0,0
invalid_consent,3976,V32P-A029135,0,0.33204671740531921,0.34165918827056885,0,0
invalid_consent,3977,V32P-A029136,0,0.021718791313469411,0.020315590407699348,0,0
invalid_consent,3978,V32P-A029167,0,0.74042690992355342,0.75076777935028072,1,1
invalid_consent,3979,V32P-A029168,0,0.63909684419631962,0.64450100660324094,1,1
invalid_consent,3980,V32P-A029169,0,0.59409016370773315,0.59282065629959102,0,0
invalid_consent,3981,V32P-A029170,0,0.5318651676177979,0.52446225881576536,0,0
invalid_consent,3982,V32P-A029171,0,0.45195449590682985,0.43780930042266847,0,0
invalid_consent,3983,V32P-A029172,0,0.26853678822517396,0.25181496888399124,0,0
invalid_consent,3984,V32P-A029179,0,0.56973146200180058,0.6007410526275635,0,0
invalid_consent,3985,V32P-A029180,0,0.5567333996295929,0.58071378469467161,0,0
invalid_consent,3986,V32P-A029181,0,0.53516804575920107,0.56007159352302549,0,0
invalid_consent,3987,V32P-A029182,0,0.50157005190849302,0.55167434811592098,0,0
invalid_consent,3988,V32P-A029183,0,0.35951079726219176,0.38391345143318178,0,0
invalid_consent,3989,V32P-A029184,0,0.1558144509792328,0.16667688637971878,0,0
invalid_consent,3990,V32P-A029191,0,0.4813129663467407,0.48443104624748229,0,0
invalid_consent,3991,V32P-A029192,0,0.51263035535812373,0.52134109735488887,0,0
invalid_consent,3992,V32P-A029193,0,0.41411463022232053,0.42494935393333433,0,0
invalid_consent,3993,V32P-A029194,1,0.3000424265861511,0.31423045396804811,0,0
invalid_consent,3994,V32P-A029195,0,0.03814023248851299,0.036406165361404418,0,0
invalid_consent,3995,V32P-A029196,0,0.016241654381155969,0.015415730141103267,0,0
invalid_consent,3996,V32P-A029197,0,0.73191753625869749,0.75869917869567871,1,1
invalid_consent,3997,V32P-A029198,0,0.59844089746475215,0.62811859846115115,0,1
invalid_consent,3998,V32P-A029200,0,0.6778380274772644,0.7094464898109436,1,1
invalid_consent,3999,V32P-A029201,0,0.64075152873992924,0.6764423608779907,1,1
invalid_consent,4000,V32P-A029202,0,0.36905577182769778,0.40396906435489655,0,0
invalid_consent,4001,V32P-A029215,0,0.51504962444305424,0.54593436717987065,0,0
invalid_consent,4002,V32P-A029216,0,0.46678147912025453,0.50260470509529109,0,0
invalid_consent,4003,V32P-A029217,0,0.45500825047492982,0.49802030324935914,0,0
invalid_consent,4004,V32P-A029218,0,0.45315598249435424,0.50429062843322758,0,0
invalid_consent,4005,V32P-A029219,1,0.38245587348937987,0.46679667234420774,0,0
invalid_consent,4006,V32P-A029220,0,0.032136623002588752,0.030562571436166763,0,0
invalid_consent,4007,V32P-A029221,0,0.59747765660285945,0.61150150895118716,0,0
invalid_consent,4008,V32P-A029224,0,0.34117434322834017,0.34373369812965393,0,0
invalid_consent,4009,V32P-A029225,0,0.32125202119350432,0.32047860026359559,0,0
invalid_consent,4010,V32P-A029226,0,0.12367321625351906,0.11973323225975037,0,0
invalid_consent,4011,V32P-A029245,0,0.6981512665748596,0.70760890245437624,1,1
invalid_consent,4012,V32P-A029246,0,0.66960582733154295,0.67944818735122681,1,1
invalid_consent,4013,V32P-A029247,0,0.65763584375381468,0.66930456161499019,1,1
invalid_consent,4014,V32P-A029248,0,0.61937177181243896,0.63086695671081539,0,1
invalid_consent,4015,V32P-A029249,0,0.55809536576271057,0.56676414012908938,0,0
invalid_consent,4016,V32P-A029250,0,0.30191758573055266,0.30448274016380311,0,0
invalid_consent,4017,V32P-A029269,0,0.71066843271255498,0.72216602563858034,1,1
invalid_consent,4018,V32P-A029272,0,0.53752074837684627,0.55267028212547298,0,0
invalid_consent,4019,V32P-A029273,0,0.39381995201110842,0.41219547390937805,0,0
invalid_consent,4020,V32P-A029274,0,0.17766710221767426,0.18527621477842332,0,0
invalid_consent,4021,V32P-A029293,0,0.5900525569915771,0.6302011966705322,0,1
invalid_consent,4022,V32P-A029294,0,0.40555992722511292,0.47284527420997619,0,0
invalid_consent,4023,V32P-A029295,0,0.45143412351608275,0.49340576529502866,0,0
invalid_consent,4024,V32P-A029296,0,0.4366848409175873,0.46901389360427859,0,0
invalid_consent,4025,V32P-A029297,1,0.33612374365329745,0.35830503106117251,0,0
invalid_consent,4026,V32P-A029298,0,0.026666959468275308,0.025147713348269464,0,0
invalid_consent,4027,V32P-A029395,0,0.77634567022323608,0.77824484109878544,1,1
invalid_consent,4028,V32P-A029396,0,0.64523905515670776,0.65558328628540041,1,1
invalid_consent,4029,V32P-A029398,0,0.54387673735618591,0.55969398021698002,0,0
invalid_consent,4030,V32P-A029399,0,0.4334368109703064,0.44747777581214904,0,0
invalid_consent,4031,V32P-A029400,0,0.20447940975427628,0.21074886918067931,0,0
invalid_consent,4032,V32P-A029431,0,0.29002062082290647,0.29769520759582518,0,0
invalid_consent,4033,V32P-A029434,0,0.28775961697101593,0.31067828536033631,0,0
invalid_consent,4034,V32P-A029435,0,0.2257269024848938,0.24549401104450225,0,0
invalid_consent,4035,V32P-A029436,0,0.017158441804349424,0.016335497051477431,0,0
invalid_consent,4036,V32P-A029473,0,0.74935245513916016,0.77016788721084595,1,1
invalid_consent,4037,V32P-A029474,0,0.57272258996963499,0.60314208269119263,0,0
invalid_consent,4038,V32P-A029475,0,0.44363090991973875,0.48283742666244506,0,0
invalid_consent,4039,V32P-A029476,0,0.36984831094741821,0.4120050549507141,0,0
invalid_consent,4040,V32P-A029477,0,0.3344242751598358,0.37886609435081481,0,0
invalid_consent,4041,V32P-A029478,0,0.1727424904704094,0.19827960431575775,0,0
invalid_consent,4042,V32P-A029527,0,0.63110987544059749,0.6238744854927063,1,1
invalid_consent,4043,V32P-A029528,0,0.50660530924797054,0.50392146110534664,0,0
invalid_consent,4044,V32P-A029529,0,0.38054469823837278,0.3877034544944763,0,0
invalid_consent,4045,V32P-A029530,0,0.30556538403034211,0.31913469433784486,0,0
invalid_consent,4046,V32P-A029531,0,0.23847811222076415,0.25253110826015474,0,0
invalid_consent,4047,V32P-A029532,0,0.10299269407987595,0.10666057914495468,0,0
invalid_consent,4048,V32P-A029587,1,0.57956393957138064,0.59739441871643062,0,0
invalid_consent,4049,V32P-A029588,1,0.4324440836906433,0.45653793811798093,0,0
invalid_consent,4050,V32P-A029589,1,0.62151439189910884,0.67372423410415649,1,1
invalid_consent,4051,V32P-A029590,0,0.065360798686742785,0.063718805462121969,0,0
invalid_consent,4052,V32P-A029591,0,0.047209387272596361,0.045775857567787168,0,0
invalid_consent,4053,V32P-A029592,0,0.021264166664332153,0.02016175165772438,0,0
invalid_consent,4054,V32P-A029629,0,0.71974260807037349,0.73956880569458006,1,1
invalid_consent,4055,V32P-A029630,0,0.65137225389480591,0.67483171224594118,1,1
invalid_consent,4056,V32P-A029631,0,0.61158733367919926,0.63637501001358032,0,1
invalid_consent,4057,V32P-A029632,0,0.55001077651977537,0.57817708849906924,0,0
invalid_consent,4058,V32P-A029633,0,0.47059807181358337,0.49844986200332642,0,0
invalid_consent,4059,V32P-A029634,0,0.028364326059818267,0.027639886923134328,0,0
invalid_consent,4060,V32P-A029695,0,0.65178195238113401,0.66070362329483034,1,1
invalid_consent,4061,V32P-A029696,0,0.56433814167976382,0.59410282969474792,0,0
invalid_consent,4062,V32P-A029698,1,0.46498849987983704,0.46494695544242859,0,0
invalid_consent,4063,V32P-A029699,0,0.054115553945302965,0.052978822216391566,0,0
invalid_consent,4064,V32P-A029700,0,0.022862044535577296,0.022328418027609587,0,0
invalid_consent,4065,V32P-A029707,1,0.56180759668350222,0.55583060979843135,0,0
invalid_consent,4066,V32P-A029708,1,0.43662790060043333,0.43200943470001218,0,0
invalid_consent,4067,V32P-A029709,1,0.46162225008010865,0.45277189016342162,0,0
invalid_consent,4068,V32P-A029710,0,0.07112300097942352,0.066625726595520976,0,0
invalid_consent,4069,V32P-A029711,0,0.05359780415892601,0.050530800595879555,0,0
invalid_consent,4070,V32P-A029712,0,0.025078184530138971,0.024125278554856779,0,0
invalid_consent,4071,V32P-A029755,0,0.67428389787673948,0.67586883306503298,1,1
invalid_consent,4072,V32P-A029756,0,0.58699314594268803,0.58528958559036259,0,0
invalid_consent,4073,V32P-A029757,0,0.53574957847595217,0.53169118762016299,0,0
invalid_consent,4074,V32P-A029758,0,0.46219052672386168,0.45500127077102659,0,0
invalid_consent,4075,V32P-A029759,0,0.35436637103557589,0.37705185413360598,0,0
invalid_consent,4076,V32P-A029760,0,0.14391398429870605,0.14177565127611161,0,0
invalid_consent,4077,V32P-A029827,0,0.72111774682998653,0.74136580228805538,1,1
invalid_consent,4078,V32P-A029828,0,0.62016078233718874,0.64759536981582644,1,1
invalid_consent,4079,V32P-A029829,0,0.52718268036842342,0.56328288912773128,0,0
invalid_consent,4080,V32P-A029830,1,0.46581013202667237,0.50629994869232176,0,0
invalid_consent,4081,V32P-A029831,0,0.094132988899946216,0.094801764190196994,0,0
invalid_consent,4082,V32P-A029832,0,0.035540122166275979,0.035702901706099507,0,0
invalid_consent,4083,V32P-A029857,0,0.61953053474426267,0.64358751773834233,0,1
invalid_consent,4084,V32P-A029858,0,0.51369212269783016,0.54334470629692078,0,0
invalid_consent,4085,V32P-A029859,0,0.43124477863311766,0.46936511993408203,0,0
invalid_consent,4086,V32P-A029860,0,0.34732514917850493,0.38731934130191803,0,0
invalid_consent,4087,V32P-A029861,0,0.27756460309028624,0.3174424856901169,0,0
invalid_consent,4088,V32P-A029862,0,0.13089706227183343,0.14913161844015121,0,0
invalid_consent,4089,V32P-A029869,0,0.54394704699516294,0.56727400422096252,0,0
invalid_consent,4090,V32P-A029870,0,0.60488151311874394,0.61862454414367674,0,0
invalid_consent,4091,V32P-A029872,0,0.50216668844223022,0.52628480792045595,0,0
invalid_consent,4092,V32P-A029873,0,0.39108374118804934,0.41518779993057253,0,0
invalid_consent,4093,V32P-A029874,0,0.16632136404514314,0.17847096025943757,0,0
invalid_consent,4094,V32P-A029887,0,0.70778496265411373,0.72896959781646731,1,1
invalid_consent,4095,V32P-A029890,0,0.56691293716430669,0.59000940918922429,0,0
invalid_consent,4096,V32P-A029891,0,0.4871181845664978,0.51535055637359617,0,0
invalid_consent,4097,V32P-A029892,0,0.23939078748226167,0.27252063751220701,0,0
invalid_consent,4098,V32P-A029893,0,0.80429531335830684,0.79880279302597046,1,1
invalid_consent,4099,V32P-A029896,0,0.60138198733329773,0.6006259441375732,0,0
invalid_consent,4100,V32P-A029897,0,0.41731022000312806,0.41501309275627135,0,0
invalid_consent,4101,V32P-A029898,0,0.21072940528392792,0.21341871917247773,0,0
invalid_consent,4102,V32P-A029959,0,0.66220970153808589,0.68533294200897221,1,1
invalid_consent,4103,V32P-A029960,0,0.61408053636550908,0.63996989727020259,0,1
invalid_consent,4104,V32P-A029961,0,0.61824135780334477,0.64647086858749392,0,1
invalid_consent,4105,V32P-A029962,0,0.58818952441215511,0.62535633444786076,0,1
invalid_consent,4106,V32P-A029963,0,0.48882672190666199,0.53173584938049312,0,0
invalid_consent,4107,V32P-A029964,0,0.25939460098743439,0.3016387611627579,0,0
invalid_consent,4108,V32P-A030043,0,0.44398109912872313,0.46184400320053098,0,0
invalid_consent,4109,V32P-A030046,0,0.39885753989219663,0.43948196172714232,0,0
invalid_consent,4110,V32P-A030047,0,0.27028962373733523,0.28500367701053619,0,0
invalid_consent,4111,V32P-A030048,0,0.11614499986171722,0.12217601835727691,0,0
invalid_consent,4112,V32P-A030157,0,0.75836342573165894,0.76435459852218623,1,1
invalid_consent,4113,V32P-A030158,0,0.59033699035644527,0.59943166971206663,0,0
invalid_consent,4114,V32P-A030159,0,0.47777137756347654,0.49350962638854978,0,0
invalid_consent,4115,V32P-A030160,0,0.58538293838500977,0.59857512712478633,0,0
invalid_consent,4116,V32P-A030161,0,0.32358914017677309,0.33852357864379884,0,0
invalid_consent,4117,V32P-A030162,0,0.14735687226057054,0.15420737713575364,0,0
invalid_consent,4118,V32P-A030163,0,0.52495591640472417,0.53206567168235774,0,0
invalid_consent,4119,V32P-A030164,0,0.45063709616661074,0.46023918390274049,0,0
invalid_consent,4120,V32P-A030165,0,0.38037169575691221,0.39832367897033694,0,0
invalid_consent,4121,V32P-A030166,1,0.31212817430496215,0.33070145249366761,0,0
invalid_consent,4122,V32P-A030167,0,0.049637018516659734,0.047114842385053632,0,0
invalid_consent,4123,V32P-A030168,0,0.020758536364883184,0.019909119326621295,0,0
invalid_consent,4124,V32P-A030265,0,0.59393184781074526,0.61677955389022832,0,0
invalid_consent,4125,V32P-A030266,0,0.46493923664093018,0.50089668631553652,0,0
invalid_consent,4126,V32P-A030268,0,0.27537733018398286,0.31632116734981536,0,0
invalid_consent,4127,V32P-A030269,0,0.19987442791461946,0.23330564498901368,0,0
invalid_consent,4128,V32P-A030270,0,0.077395407110452646,0.087127853929996488,0,0
invalid_consent,4129,V32P-A030271,0,0.63660590648651127,0.67074340581893921,1,1
invalid_consent,4130,V32P-A030272,0,0.60850834846496582,0.64654417037963863,0,1
invalid_consent,4131,V32P-A030273,0,0.5863792896270752,0.62804388999938965,0,1
invalid_consent,4132,V32P-A030274,0,0.54609621763229366,0.59193986654281616,0,0
invalid_consent,4133,V32P-A030275,0,0.51593891978263851,0.56681551933288576,0,0
invalid_consent,4134,V32P-A030276,0,0.038600751571357249,0.036368507891893387,0,0
invalid_consent,4135,V32P-A030325,0,0.63173868656158449,0.6388811469078064,1,1
invalid_consent,4136,V32P-A030326,0,0.6654791116714478,0.68720008134841915,1,1
invalid_consent,4137,V32P-A030327,0,0.57906950712203975,0.58420785665512087,0,0
invalid_consent,4138,V32P-A030328,0,0.52884446382522587,0.53025985360145567,0,0
invalid_consent,4139,V32P-A030329,0,0.41134819984436033,0.41463066935539244,0,0
invalid_consent,4140,V32P-A030330,0,0.16718125939369202,0.16932882964611054,0,0
invalid_consent,4141,V32P-A030409,0,0.69214222431182859,0.70431095361709595,1,1
invalid_consent,4142,V32P-A030410,0,0.61228798627853398,0.61979527473449703,0,0
invalid_consent,4143,V32P-A030411,0,0.55551847219467165,0.56814700365066528,0,0
invalid_consent,4144,V32P-A030412,0,0.59162358641624446,0.60765002369880672,0,0
invalid_consent,4145,V32P-A030413,1,0.54252546429634096,0.55172461867332456,0,0
invalid_consent,4146,V32P-A030414,0,0.044146732613444331,0.042666723579168321,0,0
invalid_consent,4147,V32P-A030442,0,0.46208813786506653,0.53075023889541628,0,0
invalid_consent,4148,V32P-A030443,0,0.41428053975105283,0.48247087001800537,0,0
invalid_consent,4149,V32P-A030444,0,0.20839482247829438,0.24942182898521423,0,0
invalid_consent,4150,V32P-A030475,0,0.62688994407653809,0.65107902288436892,1,1
invalid_consent,4151,V32P-A030476,0,0.43314521908760073,0.44845386743545534,0,0
invalid_consent,4152,V32P-A030477,0,0.3933354914188385,0.4132374167442322,0,0
invalid_consent,4153,V32P-A030478,0,0.37485865354537962,0.39929089546203611,0,0
invalid_consent,4154,V32P-A030479,1,0.37370536625385287,0.41823810338973999,0,0
invalid_consent,4155,V32P-A030480,0,0.022418726049363614,0.021101661212742328,0,0
invalid_consent,4156,V32P-A030511,0,0.51943900585174563,0.55766602158546452,0,0
invalid_consent,4157,V32P-A030512,0,0.45268124938011167,0.49149253964424133,0,0
invalid_consent,4158,V32P-A030513,0,0.35912083387374877,0.39077687859535215,0,0
invalid_consent,4159,V32P-A030514,0,0.29098651409149168,0.30934141576290131,0,0
invalid_consent,4160,V32P-A030515,0,0.23438544869422911,0.24658561348915101,0,0
invalid_consent,4161,V32P-A030516,0,0.10545166954398155,0.10914840772747994,0,0
invalid_consent,4162,V32P-A030559,0,0.52114658951759341,0.55912829041481016,0,0
invalid_consent,4163,V32P-A030560,0,0.5021940231323242,0.53779400587081905,0,0
invalid_consent,4164,V32P-A030561,0,0.46440895795822146,0.50342029333114624,0,0
invalid_consent,4165,V32P-A030562,0,0.39977840781211854,0.4431877672672272,0,0
invalid_consent,4166,V32P-A030563,0,0.32949990630149839,0.37441078722476961,0,0
invalid_consent,4167,V32P-A030564,0,0.1694555625319481,0.1873682826757431,0,0
invalid_consent,4168,V32P-A030619,0,0.41476240754127502,0.44579819440841673,0,0
invalid_consent,4169,V32P-A030620,0,0.41119256019592287,0.44952730536460878,0,0
invalid_consent,4170,V32P-A030621,0,0.35309353470802307,0.39203061461448668,0,0
invalid_consent,4171,V32P-A030622,0,0.27921709418296814,0.31567226350307465,0,0
invalid_consent,4172,V32P-A030623,0,0.20796852409839631,0.23929176926612855,0,0
invalid_consent,4173,V32P-A030624,0,0.088618779182434076,0.098940142244100568,0,0
invalid_consent,4174,V32P-A030643,1,0.70341018438339231,0.71255291700363155,1,1
invalid_consent,4175,V32P-A030644,1,0.58075152039527889,0.60016720890998843,0,0
invalid_consent,4176,V32P-A030645,1,0.64793317317962651,0.68012034893035889,1,1
invalid_consent,4177,V32P-A030646,0,0.11019770726561547,0.10261248126626014,0,0
invalid_consent,4178,V32P-A030647,0,0.085075576603412625,0.078761253878474241,0,0
invalid_consent,4179,V32P-A030648,0,0.041227481327950954,0.037600512243807317,0,0
invalid_consent,4180,V32P-A030673,0,0.55346328616142271,0.5787364184856415,0,0
invalid_consent,4181,V32P-A030674,0,0.57096002101898191,0.59302159547805788,0,0
invalid_consent,4182,V32P-A030675,0,0.54248173832893376,0.59315377473831177,0,0
invalid_consent,4183,V32P-A030676,0,0.53731743097305296,0.56416105031967168,0,0
invalid_consent,4184,V32P-A030677,0,0.46681823730468752,0.49413509368896485,0,0
invalid_consent,4185,V32P-A030678,0,0.26200071424245835,0.28102905303239822,0,0
invalid_consent,4186,V32P-A030691,0,0.665847384929657,0.67880318164825437,1,1
invalid_consent,4187,V32P-A030692,0,0.6033730745315552,0.61633152961730953,0,0
invalid_consent,4188,V32P-A030693,0,0.64635152816772456,0.66016836166381831,1,1
invalid_consent,4189,V32P-A030694,1,0.62569506168365474,0.64113221168518064,1,1
invalid_consent,4190,V32P-A030695,0,0.098527479916810989,0.092254317551851275,0,0
invalid_consent,4191,V32P-A030696,0,0.044138302281498912,0.041362672671675683,0,0
invalid_consent,4192,V32P-A030709,0,0.38836893439292908,0.39621990919113159,0,0
invalid_consent,4193,V32P-A030710,0,0.41807258725166319,0.42958419322967528,0,0
invalid_consent,4194,V32P-A030711,0,0.37706879973411561,0.38725793361663818,0,0
invalid_consent,4195,V32P-A030712,0,0.29777134060859678,0.30891065001487733,0,0
invalid_consent,4196,V32P-A030713,0,0.23027923703193665,0.23557416796684266,0,0
invalid_consent,4197,V32P-A030714,0,0.10020026117563248,0.10332657247781754,0,0
invalid_consent,4198,V32P-A030823,0,0.65067867040634153,0.67733445167541506,1,1
invalid_consent,4199,V32P-A030824,0,0.60245182514190676,0.62648067474365232,0,1
invalid_consent,4200,V32P-A030825,0,0.58384572863578799,0.60965276956558223,0,0
invalid_consent,4201,V32P-A030826,0,0.57730987071990969,0.60532155036926272,0,0
invalid_consent,4202,V32P-A030827,0,0.54812618494033816,0.57279864549636839,0,0
invalid_consent,4203,V32P-A030828,0,0.34118888974189759,0.3519306480884552,0,0
invalid_consent,4204,V32P-A030829,0,0.47264651656150819,0.46411747932434083,0,0
invalid_consent,4205,V32P-A030830,0,0.44913045763969422,0.4409031867980957,0,0
invalid_consent,4206,V32P-A030832,0,0.38240736126899721,0.37398250699043273,0,0
invalid_consent,4207,V32P-A030833,0,0.33048836290836336,0.36216357946395872,0,0
invalid_consent,4208,V32P-A030834,0,0.026379236206412315,0.024107005074620248,0,0
invalid_consent,4209,V32P-A030853,0,0.55008245706558223,0.54474734067916875,0,0
invalid_consent,4210,V32P-A030854,0,0.47370398640632627,0.46901776790618899,0,0
invalid_consent,4211,V32P-A030855,0,0.35259143114089964,0.38928437232971191,0,0
invalid_consent,4212,V32P-A030856,0,0.33042473196983335,0.34300453662872316,0,0
invalid_consent,4213,V32P-A030857,0,0.25798202157020567,0.27183140218257906,0,0
invalid_consent,4214,V32P-A030858,0,0.12634305506944657,0.1321822538971901,0,0
invalid_consent,4215,V32P-A030865,0,0.69218493700027461,0.70030657052993772,1,1
invalid_consent,4216,V32P-A030866,0,0.58159626722335811,0.59478243589401247,0,0
invalid_consent,4217,V32P-A030867,0,0.6342589676380157,0.67018002271652222,1,1
invalid_consent,4218,V32P-A030868,0,0.45785628557205199,0.46529484391212461,0,0
invalid_consent,4219,V32P-A030869,1,0.37724683582782748,0.38562704920768737,0,0
invalid_consent,4220,V32P-A030870,0,0.029968184325844048,0.027436870895326138,0,0
invalid_consent,4221,V32P-A030973,0,0.75862799882888798,0.77486891746520992,1,1
invalid_consent,4222,V32P-A030974,0,0.67682048082351687,0.69433802366256714,1,1
invalid_consent,4223,V32P-A030975,0,0.59870637655258174,0.62330826520919802,0,1
invalid_consent,4224,V32P-A030976,0,0.51857094764709477,0.54867639541625979,0,0
invalid_consent,4225,V32P-A030977,0,0.4404712378978729,0.47679806947708131,0,0
invalid_consent,4226,V32P-A030978,0,0.21499728560447692,0.23101019859313965,0,0
invalid_consent,4227,V32P-A030979,0,0.76670553684234621,0.77757982015609739,1,1
invalid_consent,4228,V32P-A030980,0,0.64042073488235474,0.66922295093536377,1,1
invalid_consent,4229,V32P-A030981,0,0.59555401206016545,0.62602872848510738,0,1
invalid_consent,4230,V32P-A030982,0,0.49839712977409362,0.53094359040260319,0,0
invalid_consent,4231,V32P-A030983,0,0.41685674786567689,0.44808139204978942,0,0
invalid_consent,4232,V32P-A030984,0,0.037945724558085203,0.035430085100233558,0,0
invalid_consent,4233,V32P-A030985,0,0.68793559074401855,0.68716682195663448,1,1
invalid_consent,4234,V32P-A030986,0,0.6320320844650269,0.62839986085891719,1,1
invalid_consent,4235,V32P-A030987,0,0.55956316590309141,0.55336005687713619,0,0
invalid_consent,4236,V32P-A030988,0,0.44582912921905515,0.44731376171112058,0,0
invalid_consent,4237,V32P-A030989,0,0.33262536823749544,0.33834890127182005,0,0
invalid_consent,4238,V32P-A030990,0,0.13801047950983047,0.14093539118766785,0,0
invalid_consent,4239,V32P-A030997,0,0.71294283866882324,0.72386888265609739,1,1
invalid_consent,4240,V32P-A030998,0,0.66236653327941897,0.68113729953765867,1,1
invalid_consent,4241,V32P-A030999,0,0.65176144838333128,0.65717301368713377,1,1
invalid_consent,4242,V32P-A031000,0,0.62389240264892576,0.62800695896148684,1,1
invalid_consent,4243,V32P-A031001,1,0.57678819894790645,0.58379836678504948,0,0
invalid_consent,4244,V32P-A031002,0,0.045857273414731024,0.044260704144835475,0,0
invalid_consent,4245,V32P-A031093,1,0.52637378573417659,0.53299169540405278,0,0
invalid_consent,4246,V32P-A031096,0,0.049645244330167773,0.046837788447737692,0,0
invalid_consent,4247,V32P-A031097,0,0.036534647271037099,0.0346682021394372,0,0
invalid_consent,4248,V32P-A031098,0,0.016055930592119693,0.015473772399127483,0,0
invalid_consent,4249,V32P-A031105,0,0.45948529243469238,0.47050307393074037,0,0
invalid_consent,4250,V32P-A031106,0,0.37280136942863462,0.38319871723651888,0,0
invalid_consent,4251,V32P-A031107,0,0.32043507695198059,0.33661389946937559,0,0
invalid_consent,4252,V32P-A031108,0,0.42316081523895266,0.46492949724197385,0,0
invalid_consent,4253,V32P-A031109,1,0.22383078932762146,0.2342340812087059,0,0
invalid_consent,4254,V32P-A031110,0,0.019360553845763205,0.017109132418408991,0,0
invalid_consent,4255,V32P-A031111,0,0.53780106306076048,0.55786795616149898,0,0
invalid_consent,4256,V32P-A031112,0,0.44965900182724,0.46876623630523684,0,0
invalid_consent,4257,V32P-A031114,0,0.3221603363752365,0.3495434194803238,0,0
invalid_consent,4258,V32P-A031115,0,0.25828990936279295,0.28033346533775327,0,0
invalid_consent,4259,V32P-A031116,0,0.10990695804357528,0.11917638033628464,0,0
invalid_consent,4260,V32P-A031153,0,0.78945027589797978,0.78353649377822876,1,1
invalid_consent,4261,V32P-A031154,0,0.61953090429306035,0.62160671949386592,0,1
invalid_consent,4262,V32P-A031155,0,0.50967152118682857,0.50787869095802307,0,0
invalid_consent,4263,V32P-A031156,0,0.55515778064727783,0.542406702041626,0,0
invalid_consent,4264,V32P-A031157,0,0.3954565405845642,0.39438496828079223,0,0
invalid_consent,4265,V32P-A031158,0,0.20524107515811921,0.20598288029432296,0,0
invalid_consent,4266,V32P-A031189,0,0.65288561582565308,0.67320734262466431,1,1
invalid_consent,4267,V32P-A031190,0,0.58197102546691892,0.60917764902114868,0,0
invalid_consent,4268,V32P-A031191,0,0.56234735250473022,0.5869439482688904,0,0
invalid_consent,4269,V32P-A031192,0,0.46996499896049498,0.5136127769947052,0,0
invalid_consent,4270,V32P-A031193,0,0.47935110926628111,0.50370638966560366,0,0
invalid_consent,4271,V32P-A031194,0,0.27001682221889495,0.28928429186344146,0,0
invalid_consent,4272,V32P-A031231,0,0.86761007308959959,0.8747927069664001,1,1
invalid_consent,4273,V32P-A031232,0,0.73363026380538943,0.74692696332931519,1,1
invalid_consent,4274,V32P-A031233,0,0.71045491695404051,0.72049864530563357,1,1
invalid_consent,4275,V32P-A031234,0,0.76139923334121706,0.7698441743850708,1,1
invalid_consent,4276,V32P-A031235,0,0.65368704795837407,0.66938027143478396,1,1
invalid_consent,4277,V32P-A031236,0,0.35761944949626923,0.36418851017951964,0,0
invalid_consent,4278,V32P-A031261,0,0.65515251159667964,0.67788238525390621,1,1
invalid_consent,4279,V32P-A031262,0,0.5703100442886353,0.59951320886611936,0,0
invalid_consent,4280,V32P-A031263,0,0.51455213427543645,0.54545894265174866,0,0
invalid_consent,4281,V32P-A031264,0,0.43895003199577332,0.46705044507980348,0,0
invalid_consent,4282,V32P-A031265,0,0.35502256155014039,0.37852678298950193,0,0
invalid_consent,4283,V32P-A031266,0,0.17160754799842834,0.18274475038051605,0,0
invalid_consent,4284,V32P-A031369,0,0.64247086048126223,0.6539559602737427,1,1
invalid_consent,4285,V32P-A031372,0,0.36785910725593568,0.38815718293190005,0,0
invalid_consent,4286,V32P-A031373,0,0.29691318273544309,0.31773764193058013,0,0
invalid_consent,4287,V32P-A031374,0,0.14808965772390364,0.15743951052427291,0,0
invalid_consent,4288,V32P-A031381,0,0.78471989631652828,0.7851574301719666,1,1
invalid_consent,4289,V32P-A031384,0,0.44833207726478574,0.46789750456809998,0,0
invalid_consent,4290,V32P-A031385,0,0.42531210780143736,0.43657571673393247,0,0
invalid_consent,4291,V32P-A031386,0,0.17030198127031326,0.17859370410442352,0,0
invalid_consent,4292,V32P-A031393,0,0.59137539267539974,0.60306921601295471,0,0
invalid_consent,4293,V32P-A031396,0,0.24225398600101472,0.25354203283786775,0,0
invalid_consent,4294,V32P-A031397,0,0.23820393979549409,0.27153043448925018,0,0
invalid_consent,4295,V32P-A031398,0,0.07295130863785744,0.072820866852998739,0,0
invalid_consent,4296,V32P-A031471,0,0.63442599773406982,0.64324064254760738,1,1
invalid_consent,4297,V32P-A031472,0,0.49602229595184327,0.51566724181175227,0,0
invalid_consent,4298,V32P-A031474,0,0.43569448590278625,0.44955151677131655,0,0
invalid_consent,4299,V32P-A031475,0,0.32855041623115538,0.34392601251602173,0,0
invalid_consent,4300,V32P-A031476,0,0.038804059103131297,0.037312171980738641,0,0
invalid_consent,4301,V32P-A031477,0,0.6432527959346771,0.66971946954727168,1,1
invalid_consent,4302,V32P-A031478,0,0.71627124547958376,0.736809766292572,1,1
invalid_consent,4303,V32P-A031480,0,0.66575299501419072,0.6978562116622925,1,1
invalid_consent,4304,V32P-A031481,1,0.70803620815277102,0.75481628179550175,1,1
invalid_consent,4305,V32P-A031482,0,0.051172987744212153,0.047240520641207692,0,0
invalid_consent,4306,V32P-A031501,0,0.55658560991287231,0.6007097482681274,0,0
invalid_consent,4307,V32P-A031504,0,0.66687988042831425,0.70278817415237427,1,1
invalid_consent,4308,V32P-A031505,0,0.58406977057456966,0.62647891044616699,0,1
invalid_consent,4309,V32P-A031506,0,0.37212705314159394,0.41120322942733767,0,0
invalid_consent,4310,V32P-A031561,0,0.58116645216941831,0.58957667350769039,0,0
invalid_consent,4311,V32P-A031562,0,0.38430892527103422,0.4030507504940033,0,0
invalid_consent,4312,V32P-A031563,0,0.51372596025466921,0.52185838818550112,0,0
invalid_consent,4313,V32P-A031564,0,0.48747318983078003,0.49765216708183291,0,0
invalid_consent,4314,V32P-A031565,0,0.43729438185691832,0.44903562664985658,0,0
invalid_consent,4315,V32P-A031566,0,0.23037360608577728,0.23365726768970491,0,0
invalid_consent,4316,V32P-A031603,0,0.78184388875961308,0.76683185100555418,1,1
invalid_consent,4317,V32P-A031604,0,0.66952477693557744,0.65250903367996216,1,1
invalid_consent,4318,V32P-A031605,0,0.59520853757858272,0.57951518893241882,0,0
invalid_consent,4319,V32P-A031606,0,0.5417668998241425,0.52949225306510928,0,0
invalid_consent,4320,V32P-A031607,0,0.52528020143508913,0.51205700039863589,0,0
invalid_consent,4321,V32P-A031608,0,0.15936831235885621,0.15815934091806411,0,0
invalid_consent,4322,V32P-A031663,0,0.76254419088363645,0.77415407896041866,1,1
invalid_consent,4323,V32P-A031664,0,0.54875674247741701,0.58031706809997563,0,0
invalid_consent,4324,V32P-A031666,0,0.45856014490127561,0.47787083387374879,0,0
invalid_consent,4325,V32P-A031667,0,0.38828170895576475,0.41748682856559755,0,0
invalid_consent,4326,V32P-A031668,0,0.22517001926898955,0.24147721529006957,0,0
invalid_consent,4327,V32P-A031783,0,0.54337913990020748,0.57958201766014095,0,0
invalid_consent,4328,V32P-A031784,0,0.5906376838684082,0.62696152925491333,0,1
invalid_consent,4329,V32P-A031785,0,0.58530722856521611,0.622299587726593,0,1
invalid_consent,4330,V32P-A031786,0,0.53928514719009402,0.58030172586441042,0,0
invalid_consent,4331,V32P-A031787,0,0.45998252630233766,0.50167934894561772,0,0
invalid_consent,4332,V32P-A031788,0,0.23777773529291152,0.25293404459953306,0,0
invalid_consent,4333,V32P-A031891,0,0.48275220394134521,0.5233431816101074,0,0
invalid_consent,4334,V32P-A031892,0,0.50005385279655457,0.53773766756057739,0,0
invalid_consent,4335,V32P-A031893,0,0.48192424178123472,0.52399114966392513,0,0
invalid_consent,4336,V32P-A031894,1,0.42155618071556089,0.4650435745716095,0,0
invalid_consent,4337,V32P-A031895,0,0.06006345748901367,0.058101518079638481,0,0
invalid_consent,4338,V32P-A031896,0,0.027732442691922189,0.025563609786331654,0,0
invalid_consent,4339,V32P-A031909,0,0.75514523983001713,0.77856380939483638,1,1
invalid_consent,4340,V32P-A031910,0,0.60788531899452214,0.63527175188064577,0,1
invalid_consent,4341,V32P-A031911,0,0.55242215991020205,0.61137524247169495,0,0
invalid_consent,4342,V32P-A031912,0,0.5922303259372711,0.62548866868019104,0,1
invalid_consent,4343,V32P-A031913,0,0.54779361486434941,0.58750109076499935,0,0
invalid_consent,4344,V32P-A031914,0,0.25814413726329805,0.29355784058570861,0,0
invalid_consent,4345,V32P-A032023,0,0.52959216237068174,0.54926899671554563,0,0
invalid_consent,4346,V32P-A032026,0,0.40552936792373656,0.43146411180496214,0,0
invalid_consent,4347,V32P-A032027,0,0.32541136741638182,0.3504479765892029,0,0
invalid_consent,4348,V32P-A032028,0,0.14014880508184432,0.15072498917579652,0,0
invalid_consent,4349,V32P-A032143,0,0.4160367727279663,0.42890366911888123,0,0
invalid_consent,4350,V32P-A032144,0,0.37568407058715819,0.38721053600311278,0,0
invalid_consent,4351,V32P-A032145,0,0.39483888745307921,0.41013107895851136,0,0
invalid_consent,4352,V32P-A032146,0,0.33867256045341493,0.35007181763648987,0,0
invalid_consent,4353,V32P-A032147,1,0.28955438435077668,0.296860808134079,0,0
invalid_consent,4354,V32P-A032148,0,0.023732444830238821,0.022533074859529732,0,0
invalid_consent,4355,V32P-A032149,0,0.53288699984550481,0.5406500458717346,0,0
invalid_consent,4356,V32P-A032150,0,0.44420365691184999,0.44831556081771851,0,0
invalid_consent,4357,V32P-A032151,0,0.3707756459712982,0.40323336124420167,0,0
invalid_consent,4358,V32P-A032152,0,0.37073913216590881,0.37849958539009093,0,0
invalid_consent,4359,V32P-A032153,0,0.30369777977466583,0.31078015267848969,0,0
invalid_consent,4360,V32P-A032154,0,0.12597320824861527,0.12459044456481934,0,0
invalid_consent,4361,V32P-A032185,0,0.78927892446517944,0.80620698928833012,1,1
invalid_consent,4362,V32P-A032186,0,0.78476254940032963,0.80183274745941158,1,1
invalid_consent,4363,V32P-A032188,1,0.69532543420791626,0.71482006311416624,1,1
invalid_consent,4364,V32P-A032189,0,0.12544774711132051,0.1169429861009121,0,0
invalid_consent,4365,V32P-A032190,0,0.048656282573938371,0.044038153812289239,0,0
invalid_consent,4366,V32P-A032302,0,0.60984611511230469,0.61676858663558964,0,0
invalid_consent,4367,V32P-A032303,0,0.61085519790649412,0.61207959651947019,0,0
invalid_consent,4368,V32P-A032304,0,0.3628432512283325,0.36236245930194855,0,0
invalid_consent,4369,V32P-A032320,0,0.16202383488416672,0.15513993799686432,0,0
invalid_consent,4370,V32P-A032321,0,0.095547360181808469,0.090323517471551901,0,0
invalid_consent,4371,V32P-A032322,0,0.042436707392334939,0.039510484039783481,0,0
invalid_consent,4372,V32P-A032329,0,0.60470744967460632,0.59603173732757564,0,0
invalid_consent,4373,V32P-A032330,0,0.47518768310546877,0.47976592779159544,0,0
invalid_consent,4374,V32P-A032331,0,0.61772434115409847,0.66450955867767336,0,1
invalid_consent,4375,V32P-A032332,0,0.53109329342842104,0.53888909220695491,0,0
invalid_consent,4376,V32P-A032333,0,0.48213071525096896,0.49025723934173582,0,0
invalid_consent,4377,V32P-A032334,0,0.2836360424757004,0.28459826856851578,0,0
invalid_consent,4378,V32P-A032347,0,0.73995388746261592,0.75341025590896604,1,1
invalid_consent,4379,V32P-A032348,0,0.57156559228897097,0.58467242717742918,0,0
invalid_consent,4380,V32P-A032350,0,0.43186728954315184,0.44157777428627015,0,0
invalid_consent,4381,V32P-A032351,0,0.37146001458168032,0.37911072373390198,0,0
invalid_consent,4382,V32P-A032352,0,0.030231934599578382,0.027595737390220164,0,0
invalid_consent,4383,V32P-A032431,0,0.57677192687988277,0.62758724689483647,0,1
invalid_consent,4384,V32P-A032432,0,0.43087713718414306,0.48677791953086852,0,0
invalid_consent,4385,V32P-A032433,0,0.33952814340591431,0.3869492530822754,0,0
invalid_consent,4386,V32P-A032434,0,0.26612030565738676,0.30398887097835542,0,0
invalid_consent,4387,V32P-A032435,0,0.23348998427391052,0.28379622995853426,0,0
invalid_consent,4388,V32P-A032436,0,0.094831202179193497,0.10380550995469093,0,0
invalid_consent,4389,V32P-A032467,0,0.58117038607597349,0.56346954703330998,0,0
invalid_consent,4390,V32P-A032468,0,0.49537928104400636,0.47167196273803713,0,0
invalid_consent,4391,V32P-A032469,0,0.3972592890262604,0.41815648078918455,0,0
invalid_consent,4392,V32P-A032470,0,0.36843653917312624,0.34150924384593961,0,0
invalid_consent,4393,V32P-A032471,0,0.28437741398811339,0.26319666504859923,0,0
invalid_consent,4394,V32P-A032472,0,0.11621625274419785,0.11277523115277291,0,0
invalid_consent,4395,V32P-A032479,0,0.80918377637863159,0.82684892416000366,1,1
invalid_consent,4396,V32P-A032480,0,0.67020754814147954,0.70079572200775142,1,1
invalid_consent,4397,V32P-A032481,0,0.56577489972114559,0.60142063498497011,0,0
invalid_consent,4398,V32P-A032482,0,0.62215887308120732,0.64863312244415283,1,1
invalid_consent,4399,V32P-A032483,0,0.46201168894767763,0.49050278663635255,0,0
invalid_consent,4400,V32P-A032484,0,0.27275814116001129,0.28816092014312744,0,0
invalid_consent,4401,V32P-A032521,0,0.69929676055908208,0.70667992830276494,1,1
invalid_consent,4402,V32P-A032522,0,0.60225995779037478,0.61145629882812502,0,0
invalid_consent,4403,V32P-A032524,0,0.6079220175743103,0.61223608255386353,0,0
invalid_consent,4404,V32P-A032525,0,0.53227579593658447,0.5375170111656189,0,0
invalid_consent,4405,V32P-A032526,0,0.32421641051769257,0.32106364965438844,0,0
invalid_consent,4406,V32P-A032551,0,0.79771571159362797,0.81628108024597168,1,1
invalid_consent,4407,V32P-A032552,0,0.64717042446136475,0.68601053953170776,1,1
invalid_consent,4408,V32P-A032553,0,0.55434010624885555,0.60012910366058347,0,0
invalid_consent,4409,V32P-A032554,0,0.62209224104881289,0.65604416131973264,1,1
invalid_consent,4410,V32P-A032555,0,0.55733420848846438,0.59329975843429561,0,0
invalid_consent,4411,V32P-A032556,0,0.26795668303966524,0.28617130219936371,0,0
invalid_consent,4412,V32P-A032557,0,0.69817931652069087,0.71572244167327881,1,1
invalid_consent,4413,V32P-A032558,0,0.63087921142578129,0.65271176099777217,1,1
invalid_consent,4414,V32P-A032559,0,0.60623054504394536,0.63204404115676882,0,1
invalid_consent,4415,V32P-A032560,0,0.6029512882232666,0.63133170604705813,0,1
invalid_consent,4416,V32P-A032561,0,0.58777186870574949,0.61457680463790898,0,0
invalid_consent,4417,V32P-A032562,0,0.059142613410949708,0.055651450157165529,0,0
invalid_consent,4418,V32P-A032671,0,0.68379447460174558,0.70057214498519893,1,1
invalid_consent,4419,V32P-A032672,0,0.61744325160980229,0.63080347776412959,0,1
invalid_consent,4420,V32P-A032673,0,0.51491460800170896,0.56005510091781618,0,0
invalid_consent,4421,V32P-A032674,0,0.51498873233795162,0.52579753398895268,0,0
invalid_consent,4422,V32P-A032675,0,0.43925721645355226,0.44688313603401186,0,0
invalid_consent,4423,V32P-A032676,0,0.19420404136180877,0.20233180969953538,0,0
invalid_consent,4424,V32P-A032683,0,0.67413616180419922,0.67884134054183964,1,1
invalid_consent,4425,V32P-A032684,0,0.55979149937629702,0.55519292950630184,0,0
invalid_consent,4426,V32P-A032685,0,0.48889418840408327,0.47992241382598877,0,0
invalid_consent,4427,V32P-A032686,0,0.45915488600730897,0.45290601849555967,0,0
invalid_consent,4428,V32P-A032687,1,0.45075401663780212,0.44590116739273072,0,0
invalid_consent,4429,V32P-A032688,0,0.029433624818921089,0.028993876185268164,0,0
invalid_consent,4430,V32P-A032701,0,0.65676491260528569,0.67498822212219234,1,1
invalid_consent,4431,V32P-A032702,0,0.55591992139816282,0.58397716283798218,0,0
invalid_consent,4432,V32P-A032703,0,0.48633204698562621,0.51320733428001408,0,0
invalid_consent,4433,V32P-A032704,0,0.40741714835166931,0.43588573932647706,0,0
invalid_consent,4434,V32P-A032705,0,0.31944604516029357,0.34485734701156617,0,0
invalid_consent,4435,V32P-A032706,0,0.1426235854625702,0.1525682106614113,0,0
invalid_consent,4436,V32P-A032719,0,0.82563151121139522,0.84034186601638794,1,1
invalid_consent,4437,V32P-A032720,0,0.71198866367340086,0.73748335838317869,1,1
invalid_consent,4438,V32P-A032721,0,0.62729049921035762,0.65225403308868413,1,1
invalid_consent,4439,V32P-A032722,0,0.66498211622238157,0.68997261524200437,1,1
invalid_consent,4440,V32P-A032723,0,0.49705931544303894,0.52898861169815059,0,0
invalid_consent,4441,V32P-A032724,0,0.26289994120597837,0.29062052667140958,0,0
invalid_consent,4442,V32P-A032731,0,0.82435153722763066,0.8382769107818604,1,1
invalid_consent,4443,V32P-A032732,0,0.70359520912170415,0.74134883880615232,1,1
invalid_consent,4444,V32P-A032733,0,0.67168658971786499,0.69602658748626711,1,1
invalid_consent,4445,V32P-A032734,0,0.68571292161941533,0.7091431260108948,1,1
invalid_consent,4446,V32P-A032735,0,0.58648933768272404,0.61722998619079594,0,0
invalid_consent,4447,V32P-A032736,0,0.31994336843490601,0.33866818547248839,0,0
invalid_consent,4448,V32P-A032743,1,0.61681663990020752,0.63582876920700071,0,1
invalid_consent,4449,V32P-A032744,1,0.52182541489601131,0.54443945288658147,0,0
invalid_consent,4450,V32P-A032745,1,0.44607099890708923,0.47462219595909116,0,0
invalid_consent,4451,V32P-A032746,0,0.061857207491993901,0.059273876994848249,0,0
invalid_consent,4452,V32P-A032747,0,0.044826547428965566,0.043190594017505649,0,0
invalid_consent,4453,V32P-A032748,0,0.017958241887390612,0.016954052913933992,0,0
invalid_consent,4454,V32P-A032785,0,0.51824888586997986,0.53509592413902285,0,0
invalid_consent,4455,V32P-A032786,0,0.49535547494888305,0.50338728427886958,0,0
invalid_consent,4456,V32P-A032787,0,0.42968383431434631,0.42755578160285951,0,0
invalid_consent,4457,V32P-A032788,0,0.35327273905277251,0.35022815763950349,0,0
invalid_consent,4458,V32P-A032789,0,0.27165274620056151,0.27104859054088593,0,0
invalid_consent,4459,V32P-A032790,0,0.11842028796672821,0.1229493036866188,0,0
invalid_consent,4460,V32P-A032821,0,0.60862225890159605,0.64455487728118899,0,1
invalid_consent,4461,V32P-A032822,0,0.44827798604965208,0.48610291481018064,0,0
invalid_consent,4462,V32P-A032823,0,0.37812432646751404,0.41377204656600952,0,0
invalid_consent,4463,V32P-A032824,0,0.28011015355587005,0.31016919016838074,0,0
invalid_consent,4464,V32P-A032825,0,0.21835374534130098,0.23966636061668395,0,0
invalid_consent,4465,V32P-A032826,0,0.093877403438091284,0.10069672763347626,0,0
invalid_consent,4466,V32P-A032863,0,0.78389313220977785,0.78664374351501465,1,1
invalid_consent,4467,V32P-A032864,0,0.71122076511383059,0.71444916725158691,1,1
invalid_consent,4468,V32P-A032865,0,0.66919314861297607,0.66772072315216069,1,1
invalid_consent,4469,V32P-A032866,0,0.58689886331558228,0.56955313086509707,0,0
invalid_consent,4470,V32P-A032867,0,0.5235639214515686,0.50436795353889463,0,0
invalid_consent,4471,V32P-A032868,0,0.25712555646896362,0.25142522752285001,0,0
invalid_consent,4472,V32P-A032911,0,0.73294246196746826,0.74946523904800411,1,1
invalid_consent,4473,V32P-A032912,0,0.57090148329734802,0.5987954378128052,0,0
invalid_consent,4474,V32P-A032914,0,0.48009241223335264,0.51844051480293274,0,0
invalid_consent,4475,V32P-A032915,0,0.50275017619133,0.53944287896156307,0,0
invalid_consent,4476,V32P-A032916,0,0.2367354452610016,0.26301619112491609,0,0
invalid_consent,4477,V32P-A032941,0,0.68523385524749758,0.69372498989105225,1,1
invalid_consent,4478,V32P-A032942,0,0.6001488089561462,0.60739234685897825,0,0
invalid_consent,4479,V32P-A032943,0,0.56772556900978088,0.57856039404869075,0,0
invalid_consent,4480,V32P-A032944,0,0.50042659640312193,0.51712623238563538,0,0
invalid_consent,4481,V32P-A032945,0,0.41028457283973696,0.42480141520500181,0,0
invalid_consent,4482,V32P-A032946,0,0.18661131113767623,0.19370718449354171,0,0
invalid_consent,4483,V32P-A032965,1,0.58801835775375366,0.61422009468078609,0,0
invalid_consent,4484,V32P-A032966,1,0.50253732800483708,0.53187297582626347,0,0
invalid_consent,4485,V32P-A032967,1,0.52732841372489925,0.59028063416481014,0,0
invalid_consent,4486,V32P-A032968,0,0.072481878101825714,0.071235343813896179,0,0
invalid_consent,4487,V32P-A032969,0,0.060882684588432309,0.058610998094081879,0,0
invalid_consent,4488,V32P-A032970,0,0.027812663465738297,0.02670148853212595,0,0
invalid_consent,4489,V32P-A033007,0,0.83351238965988161,0.8382541418075562,1,1
invalid_consent,4490,V32P-A033010,1,0.63590894937515263,0.65344955921173098,1,1
invalid_consent,4491,V32P-A033011,0,0.1163635492324829,0.10922718942165374,0,0
invalid_consent,4492,V32P-A033012,0,0.053231305256485936,0.050995187461376192,0,0
invalid_consent,4493,V32P-A033025,0,0.63133867979049685,0.65765438079833982,1,1
invalid_consent,4494,V32P-A033026,0,0.58699260950088505,0.61386146545410158,0,0
invalid_consent,4495,V32P-A033027,0,0.55246442556381226,0.58280270099639897,0,0
invalid_consent,4496,V32P-A033028,0,0.44350790381431582,0.48592739105224608,0,0
invalid_consent,4497,V32P-A033029,0,0.34206882119178772,0.38421772122383119,0,0
invalid_consent,4498,V32P-A033030,0,0.14135137051343918,0.15954405218362808,0,0
invalid_consent,4499,V32P-A033049,0,0.53886575698852535,0.5667413115501404,0,0
invalid_consent,4500,V32P-A033050,0,0.41720222234725951,0.48928171396255493,0,0
invalid_consent,4501,V32P-A033051,0,0.47771979570388795,0.5124851286411285,0,0
invalid_consent,4502,V32P-A033052,0,0.38132562041282653,0.42139595746994019,0,0
invalid_consent,4503,V32P-A033053,0,0.28326631188392637,0.3149788022041321,0,0
invalid_consent,4504,V32P-A033054,0,0.11589763909578324,0.12671846002340317,0,0
invalid_consent,4505,V32P-A033067,0,0.66262282133102413,0.66821236610412593,1,1
invalid_consent,4506,V32P-A033068,0,0.69369719028472898,0.69817557334899905,1,1
invalid_consent,4507,V32P-A033070,0,0.68762788772583006,0.69255040884017949,1,1
invalid_consent,4508,V32P-A033071,0,0.65938254594802859,0.66245255470275877,1,1
invalid_consent,4509,V32P-A033072,0,0.063975290209054944,0.058105393871665002,0,0
invalid_consent,4510,V32P-A033079,0,0.58031890392303465,0.58182290792465208,0,0
invalid_consent,4511,V32P-A033082,0,0.27803806066513059,0.28100733757019042,0,0
invalid_consent,4512,V32P-A033083,1,0.22089037597179412,0.22406115829944612,0,0
invalid_consent,4513,V32P-A033084,0,0.019086621655151247,0.017843446880578994,0,0
invalid_consent,4514,V32P-A033121,0,0.51389463543891911,0.53680876493453977,0,0
invalid_consent,4515,V32P-A033122,0,0.4928146958351135,0.51780991554260258,0,0
invalid_consent,4516,V32P-A033124,0,0.39309221506118774,0.44387549161911011,0,0
invalid_consent,4517,V32P-A033125,0,0.34066565632820128,0.39266889095306395,0,0
invalid_consent,4518,V32P-A033126,0,0.17129078209400178,0.19563865363597871,0,0
invalid_consent,4519,V32P-A033145,1,0.76842077970504763,0.77797156572341919,1,1
invalid_consent,4520,V32P-A033146,1,0.59701931476593018,0.60791704654693601,0,0
invalid_consent,4521,V32P-A033147,1,0.48368647098541262,0.50484299659729004,0,0
invalid_consent,4522,V32P-A033148,0,0.096841973066329953,0.091641227900981906,0,0
invalid_consent,4523,V32P-A033149,0,0.065923025086522105,0.062485147640109061,0,0
invalid_consent,4524,V32P-A033150,0,0.026387108489871025,0.025213785469532013,0,0
invalid_consent,4525,V32P-A033187,0,0.69394848346710203,0.73267170190811159,1,1
invalid_consent,4526,V32P-A033188,0,0.65865955352783201,0.69791190624237065,1,1
invalid_consent,4527,V32P-A033189,0,0.60999828577041626,0.64947015047073364,0,1
invalid_consent,4528,V32P-A033190,0,0.55122661590576172,0.59090642929077153,0,0
invalid_consent,4529,V32P-A033191,0,0.48746650218963622,0.52244252562522886,0,0
invalid_consent,4530,V32P-A033192,0,0.26396079659461974,0.27736085653305054,0,0
invalid_consent,4531,V32P-A033199,0,0.58028817772865293,0.59520911574363711,0,0
invalid_consent,4532,V32P-A033200,0,0.61236712932586668,0.62496399879455566,0,1
invalid_consent,4533,V32P-A033201,0,0.662077271938324,0.67189559936523435,1,1
invalid_consent,4534,V32P-A033202,1,0.67147167921066286,0.67690758705139165,1,1
invalid_consent,4535,V32P-A033203,0,0.091492122411727911,0.084118195995688441,0,0
invalid_consent,4536,V32P-A033204,0,0.033225646242499352,0.030652741529047491,0,0
invalid_consent,4537,V32P-A033307,0,0.73898795843124387,0.75767906904220583,1,1
invalid_consent,4538,V32P-A033308,0,0.65808256864547732,0.6896647691726685,1,1
invalid_consent,4539,V32P-A033309,0,0.62785707712173466,0.64613006114959715,1,1
invalid_consent,4540,V32P-A033310,0,0.54911376237869258,0.56704803705215456,0,0
invalid_consent,4541,V32P-A033311,0,0.46374865770339968,0.48401450514793398,0,0
invalid_consent,4542,V32P-A033312,0,0.21815795153379441,0.24472470283508302,0,0
invalid_consent,4543,V32P-A033349,0,0.50842018127441402,0.52240219712257385,0,0
invalid_consent,4544,V32P-A033350,0,0.49359534978866576,0.50639618635177608,0,0
invalid_consent,4545,V32P-A033351,0,0.45250455141067503,0.47079028487205504,0,0
invalid_consent,4546,V32P-A033352,0,0.52148700952529903,0.57146497964859011,0,0
invalid_consent,4547,V32P-A033353,0,0.30513940751552582,0.32306081652641294,0,0
invalid_consent,4548,V32P-A033354,0,0.023490902036428452,0.023560927808284761,0,0
invalid_consent,4549,V32P-A033403,0,0.48928999304771426,0.52043509483337402,0,0
invalid_consent,4550,V32P-A033404,0,0.49745391011238099,0.52909012436866765,0,0
invalid_consent,4551,V32P-A033406,0,0.44552975296974184,0.47766853570938111,0,0
invalid_consent,4552,V32P-A033407,0,0.37922526597976686,0.40824781060218812,0,0
invalid_consent,4553,V32P-A033408,0,0.17391450256109237,0.19013284593820573,0,0
invalid_consent,4554,V32P-A033463,0,0.58627964258193965,0.59279459714889526,0,0
invalid_consent,4555,V32P-A033464,0,0.51329272389411928,0.5218113780021667,0,0
invalid_consent,4556,V32P-A033465,0,0.45938517451286315,0.4678565740585327,0,0
invalid_consent,4557,V32P-A033466,0,0.40317977070808408,0.41165221333503721,0,0
invalid_consent,4558,V32P-A033467,0,0.407886403799057,0.41735000610351564,0,0
invalid_consent,4559,V32P-A033468,0,0.20886556506156922,0.21531258821487426,0,0
invalid_consent,4560,V32P-A033481,0,0.70032689571380613,0.72626012563705444,1,1
invalid_consent,4561,V32P-A033484,1,0.53716147541999815,0.58328660726547243,0,0
invalid_consent,4562,V32P-A033485,0,0.083916979283094412,0.080887773633003229,0,0
invalid_consent,4563,V32P-A033486,0,0.039886088669300081,0.036775612458586696,0,0
invalid_consent,4564,V32P-A033499,0,0.67428427934646606,0.69199459552764897,1,1
invalid_consent,4565,V32P-A033500,0,0.55468466281890871,0.58240222930908203,0,0
invalid_consent,4566,V32P-A033502,1,0.54446994066238408,0.57468538880348208,0,0
invalid_consent,4567,V32P-A033503,0,0.063632684946060183,0.061737325042486191,0,0
invalid_consent,4568,V32P-A033504,0,0.027889844868332146,0.026210123486816884,0,0
invalid_consent,4569,V32P-A033541,0,0.66123961210250859,0.65258407592773438,1,1
invalid_consent,4570,V32P-A033544,0,0.40733177661895753,0.3926908612251282,0,0
invalid_consent,4571,V32P-A033545,0,0.32618924081325529,0.31633552312850954,0,0
invalid_consent,4572,V32P-A033546,0,0.14611775875091554,0.14304040074348451,0,0
invalid_consent,4573,V32P-A033613,0,0.63120126724243164,0.65725595951080318,1,1
invalid_consent,4574,V32P-A033614,0,0.61985698938369749,0.64579927921295166,0,1
invalid_consent,4575,V32P-A033615,0,0.60503120422363277,0.63239208459854124,0,1
invalid_consent,4576,V32P-A033616,0,0.56805252432823183,0.59613661766052251,0,0
invalid_consent,4577,V32P-A033617,0,0.50627955794334412,0.53332099914550779,0,0
invalid_consent,4578,V32P-A033618,0,0.043921687826514247,0.041305990889668465,0,0
invalid_consent,4579,V32P-A033625,0,0.49914947152137756,0.49165711998939515,0,0
invalid_consent,4580,V32P-A033628,0,0.26928744316101072,0.27207072377204894,0,0
invalid_consent,4581,V32P-A033629,0,0.20104365348815917,0.20732821226119996,0,0
invalid_consent,4582,V32P-A033630,0,0.089924476295709613,0.091377388685941696,0,0
invalid_consent,4583,V32P-A033661,0,0.77467659711837766,0.79582540988922124,1,1
invalid_consent,4584,V32P-A033662,0,0.66971139907836919,0.70686476230621342,1,1
invalid_consent,4585,V32P-A033663,0,0.57014797329902644,0.61407163143157961,0,0
invalid_consent,4586,V32P-A033664,0,0.4813118577003479,0.53125714659690859,0,0
invalid_consent,4587,V32P-A033665,0,0.42335107922554016,0.46992031931877137,0,0
invalid_consent,4588,V32P-A033666,0,0.23349641263484955,0.25308255851268768,0,0
invalid_consent,4589,V32P-A033709,0,0.59517508745193481,0.6128476738929749,0,0
invalid_consent,4590,V32P-A033710,0,0.49855071902275083,0.51425072550773621,0,0
invalid_consent,4591,V32P-A033712,0,0.37829473614692688,0.38858920931816099,0,0
invalid_consent,4592,V32P-A033713,0,0.3121321052312851,0.32227795124053954,0,0
invalid_consent,4593,V32P-A033714,0,0.13247539401054381,0.14079411923885346,0,0
invalid_consent,4594,V32P-A033811,0,0.60073565244674687,0.60938777923583987,0,0
invalid_consent,4595,V32P-A033812,0,0.65052967071533208,0.66532055139541624,1,1
invalid_consent,4596,V32P-A033813,0,0.70120712518692019,0.71574329137802128,1,1
invalid_consent,4597,V32P-A033814,0,0.6209112346172333,0.64534278512001042,1,1
invalid_consent,4598,V32P-A033815,0,0.57924117445945744,0.60819522142410276,0,0
invalid_consent,4599,V32P-A033816,0,0.37643583416938781,0.40985162258148194,0,0
invalid_consent,4600,V32P-A033823,0,0.77935765981674199,0.78650516271591187,1,1
invalid_consent,4601,V32P-A033824,0,0.66228781938552861,0.68576785326004031,1,1
invalid_consent,4602,V32P-A033825,0,0.57086106538772585,0.58318469524383543,0,0
invalid_consent,4603,V32P-A033826,0,0.46876864433288573,0.48607091307640077,0,0
invalid_consent,4604,V32P-A033827,0,0.38164337277412413,0.40047703385353089,0,0
invalid_consent,4605,V32P-A033828,0,0.17052225172519683,0.18091895729303359,0,0
invalid_consent,4606,V32P-A033877,0,0.77449696063995366,0.781441330909729,1,1
invalid_consent,4607,V32P-A033878,0,0.57713054418563847,0.61581163406372075,0,0
invalid_consent,4608,V32P-A033879,0,0.52706909775733946,0.54165080189704895,0,0
invalid_consent,4609,V32P-A033880,0,0.42050025463104246,0.44056468009948729,0,0
invalid_consent,4610,V32P-A033881,0,0.31538405716419221,0.33648168742656709,0,0
invalid_consent,4611,V32P-A033882,0,0.14071726202964782,0.14754652976989746,0,0
invalid_consent,4612,V32P-A033883,0,0.60049417018890383,0.63066585063934322,0,1
invalid_consent,4613,V32P-A033884,0,0.64037274122238164,0.66007369756698608,1,1
invalid_consent,4614,V32P-A033885,0,0.63274240493774414,0.65408322811126707,1,1
invalid_consent,4615,V32P-A033886,0,0.57908905148506162,0.60166663527488706,0,0
invalid_consent,4616,V32P-A033887,0,0.51240922212600704,0.53913893103599553,0,0
invalid_consent,4617,V32P-A033888,0,0.25418392121791838,0.28307135403156281,0,0
invalid_consent,4618,V32P-A033916,0,0.65521402955055241,0.67570141553878782,1,1
invalid_consent,4619,V32P-A033917,0,0.55611640810966489,0.59144032001495361,0,0
invalid_consent,4620,V32P-A033918,0,0.26032933294773103,0.28571389615535736,0,0
invalid_consent,4621,V32P-A033943,1,0.77863438129425044,0.79480799436569216,1,1
invalid_consent,4622,V32P-A033944,1,0.69561115503311155,0.71548135280609126,1,1
invalid_consent,4623,V32P-A033945,0,0.21608942002058029,0.21175184547901155,0,0
invalid_consent,4624,V32P-A033946,0,0.21585962027311326,0.21220855712890624,0,0
invalid_consent,4625,V32P-A033947,0,0.15038797706365586,0.14236002415418625,0,0
invalid_consent,4626,V32P-A033948,0,0.074708234146237368,0.068004731833934781,0,0
invalid_consent,4627,V32P-A033955,1,0.88807107210159297,0.89379308223724363,1,1
invalid_consent,4628,V32P-A033958,0,0.21564821451902388,0.21439143419265747,0,0
invalid_consent,4629,V32P-A033959,0,0.14871378391981124,0.15418518036603929,0,0
invalid_consent,4630,V32P-A033960,0,0.06182759962975979,0.066135195642709727,0,0
invalid_consent,4631,V32P-A033979,0,0.40139961242675781,0.44128221869468687,0,0
invalid_consent,4632,V32P-A033980,0,0.3684454381465912,0.40537378191947937,0,0
invalid_consent,4633,V32P-A033982,0,0.30172840952873231,0.33824648857116701,0,0
invalid_consent,4634,V32P-A033983,0,0.2455433875322342,0.2781035304069519,0,0
invalid_consent,4635,V32P-A033984,0,0.11384170353412629,0.12287254929542542,0,0
invalid_consent,4636,V32P-A033997,0,0.38377090692520144,0.3982892632484436,0,0
invalid_consent,4637,V32P-A033998,0,0.40629078745841979,0.42237294912338258,0,0
invalid_consent,4638,V32P-A033999,0,0.37774271965026857,0.39729887247085571,0,0
invalid_consent,4639,V32P-A034000,0,0.31168281137943266,0.32967044413089752,0,0
invalid_consent,4640,V32P-A034001,0,0.23946981728076935,0.25484039187431334,0,0
invalid_consent,4641,V32P-A034002,0,0.10643567889928818,0.11131262183189392,0,0
invalid_consent,4642,V32P-A034057,0,0.75153237581253052,0.77182654142379759,1,1
invalid_consent,4643,V32P-A034060,0,0.71853170394897459,0.73963662385940554,1,1
invalid_consent,4644,V32P-A034061,0,0.66138186454772951,0.68598639965057373,1,1
invalid_consent,4645,V32P-A034062,0,0.41403418779373169,0.43341631293296812,0,0
invalid_consent,4646,V32P-A034063,0,0.81608093976974483,0.83309109210968013,1,1
invalid_consent,4647,V32P-A034064,0,0.65686519145965572,0.6774843811988831,1,1
invalid_consent,4648,V32P-A034065,0,0.59641793370246887,0.62111753821372984,0,1
invalid_consent,4649,V32P-A034066,0,0.53530347943305967,0.57470570802688603,0,0
invalid_consent,4650,V32P-A034067,0,0.50107990503311162,0.54820353984832759,0,0
invalid_consent,4651,V32P-A034068,0,0.31322401463985444,0.35656229853630067,0,0
invalid_consent,4652,V32P-A034177,1,0.7901342511177063,0.79452773332595827,1,1
invalid_consent,4653,V32P-A034180,0,0.12953911572694779,0.1200978361070156,0,0
invalid_consent,4654,V32P-A034181,0,0.094144004210829732,0.087061487138271332,0,0
invalid_consent,4655,V32P-A034182,0,0.044210938178002833,0.039899503439664842,0,0
invalid_consent,4656,V32P-A034189,0,0.64548890590667729,0.6670065760612488,1,1
invalid_consent,4657,V32P-A034190,0,0.55775104165077205,0.58134114742279053,0,0
invalid_consent,4658,V32P-A034191,0,0.52889660596847532,0.55196448564529421,0,0
invalid_consent,4659,V32P-A034192,0,0.47806518077850341,0.50569019913673396,0,0
invalid_consent,4660,V32P-A034193,0,0.41874141693115235,0.45190818309783937,0,0
invalid_consent,4661,V32P-A034194,0,0.20317110121250154,0.21772029697895051,0,0
invalid_consent,4662,V32P-A034207,0,0.72985868453979497,0.73031479120254517,1,1
invalid_consent,4663,V32P-A034208,0,0.66360834836959837,0.65256310105323789,1,1
invalid_consent,4664,V32P-A034209,0,0.63146254420280457,0.65551126003265381,1,1
invalid_consent,4665,V32P-A034210,0,0.65422741174697874,0.64171626567840578,1,1
invalid_consent,4666,V32P-A034211,0,0.61731891036033626,0.60919564366340639,0,0
invalid_consent,4667,V32P-A034212,0,0.39116811454296113,0.38985025733709333,0,0
invalid_consent,4668,V32P-A034237,0,0.38652219176292418,0.40678718686103821,0,0
invalid_consent,4669,V32P-A034238,0,0.32871356904506682,0.34688851833343504,0,0
invalid_consent,4670,V32P-A034240,0,0.26109905242919923,0.27983890175819398,0,0
invalid_consent,4671,V32P-A034241,0,0.19972134083509446,0.21226759850978852,0,0
invalid_consent,4672,V32P-A034242,0,0.096538994461297989,0.098595103621482855,0,0
invalid_consent,4673,V32P-A034321,0,0.3107371389865875,0.30817854404449463,0,0
invalid_consent,4674,V32P-A034322,0,0.32283389270305635,0.32806301414966582,0,0
invalid_consent,4675,V32P-A034323,0,0.28498040735721586,0.29104864895343779,0,0
invalid_consent,4676,V32P-A034324,0,0.22862085700035095,0.23317530155181884,0,0
invalid_consent,4677,V32P-A034325,0,0.18371097445487977,0.18847399353981018,0,0
invalid_consent,4678,V32P-A034326,0,0.07927937656641007,0.078975416719913483,0,0
invalid_consent,4679,V32P-A034381,0,0.72652097940444949,0.74034795761108396,1,1
invalid_consent,4680,V32P-A034382,0,0.54788585305213933,0.59324304461479183,0,0
invalid_consent,4681,V32P-A034383,0,0.53004105091094966,0.55018432736396794,0,0
invalid_consent,4682,V32P-A034384,0,0.4998746454715729,0.52501043677330017,0,0
invalid_consent,4683,V32P-A034385,0,0.48120208978652956,0.50854988098144527,0,0
invalid_consent,4684,V32P-A034386,0,0.22540866434574128,0.24084161221981049,0,0
invalid_consent,4685,V32P-A034441,0,0.61087359189987178,0.61869519948959351,0,0
invalid_consent,4686,V32P-A034444,0,0.42756233215332029,0.42558613419532776,0,0
invalid_consent,4687,V32P-A034445,0,0.34498105049133299,0.34107277095317839,0,0
invalid_consent,4688,V32P-A034446,0,0.17336718887090682,0.17391032204031945,0,0
invalid_consent,4689,V32P-A034519,0,0.6155322790145874,0.64199126958847041,0,1
invalid_consent,4690,V32P-A034520,0,0.56562325358390808,0.59256230592727666,0,0
invalid_consent,4691,V32P-A034521,0,0.46354057192802428,0.49667614698410034,0,0
invalid_consent,4692,V32P-A034522,0,0.37684029340744019,0.42535216808319093,0,0
invalid_consent,4693,V32P-A034523,0,0.30391412079334257,0.35156897008419036,0,0
invalid_consent,4694,V32P-A034524,0,0.031187892705202103,0.030416228435933591,0,0
invalid_consent,4695,V32P-A034576,0,0.45535624027252197,0.51747338771820073,0,0
invalid_consent,4696,V32P-A034577,0,0.38312876820564268,0.44626780152320861,0,0
invalid_consent,4697,V32P-A034578,0,0.18086276501417159,0.22338436841964721,0,0
invalid_consent,4698,V32P-A034579,0,0.77036535739898682,0.7868944048881531,1,1
invalid_consent,4699,V32P-A034580,0,0.61327151060104368,0.63533750176429749,0,1
invalid_consent,4700,V32P-A034581,0,0.5145600020885468,0.54044803380966189,0,0
invalid_consent,4701,V32P-A034582,0,0.48525469303131102,0.51408239006996159,0,0
invalid_consent,4702,V32P-A034583,0,0.46347643733024596,0.49649282097816466,0,0
invalid_consent,4703,V32P-A034584,0,0.2136214107275009,0.23680092096328736,0,0
invalid_consent,4704,V32P-A034591,0,0.75685102939605708,0.77377545833587646,1,1
invalid_consent,4705,V32P-A034592,0,0.692563784122467,0.71199085712432864,1,1
invalid_consent,4706,V32P-A034593,0,0.6552105069160461,0.67458502054214475,1,1
invalid_consent,4707,V32P-A034594,0,0.61614806652069087,0.63971862792968748,0,1
invalid_consent,4708,V32P-A034595,0,0.55742706060409541,0.58042138814926147,0,0
invalid_consent,4709,V32P-A034596,0,0.28757998645305632,0.30096301734447478,0,0
invalid_consent,4710,V32P-A034603,1,0.72132467031478886,0.73514810800552366,1,1
invalid_consent,4711,V32P-A034604,1,0.61084100008010866,0.63101384043693542,0,1
invalid_consent,4712,V32P-A034605,1,0.65365059375762935,0.68677585124969487,1,1
invalid_consent,4713,V32P-A034606,0,0.10837066471576691,0.10540795922279358,0,0
invalid_consent,4714,V32P-A034607,0,0.078658255934715274,0.076266883313655859,0,0
invalid_consent,4715,V32P-A034608,0,0.036594017781317233,0.035067816264927387,0,0
invalid_consent,4716,V32P-A034615,0,0.82266447544097898,0.83457173109054561,1,1
invalid_consent,4717,V32P-A034616,0,0.74687473773956303,0.77070394754409788,1,1
invalid_consent,4718,V32P-A034617,0,0.63227794766426082,0.66480776071548464,1,1
invalid_consent,4719,V32P-A034618,0,0.59782161712646487,0.62659866213798521,0,1
invalid_consent,4720,V32P-A034619,0,0.52123889923095701,0.55122967362403874,0,0
invalid_consent,4721,V32P-A034620,0,0.31714175641536713,0.33324559926986697,0,0
invalid_consent,4722,V32P-A034627,0,0.54290118217468264,0.56305248141288755,0,0
invalid_consent,4723,V32P-A034628,0,0.49648024439811705,0.51988059878349302,0,0
invalid_consent,4724,V32P-A034629,0,0.41322983503341676,0.43740001916885374,0,0
invalid_consent,4725,V32P-A034630,0,0.32322613000869749,0.34337609410285952,0,0
invalid_consent,4726,V32P-A034631,0,0.24950170516967773,0.26928012371063231,0,0
invalid_consent,4727,V32P-A034632,0,0.10251643359661103,0.1101913571357727,0,0
invalid_consent,4728,V32P-A034687,1,0.67771269083023067,0.68089240789413452,1,1
invalid_consent,4729,V32P-A034690,0,0.082483036071062082,0.078103817999362946,0,0
invalid_consent,4730,V32P-A034691,0,0.061289146542549133,0.058255776390433313,0,0
invalid_consent,4731,V32P-A034692,0,0.026580856926739217,0.025617990363389253,0,0
invalid_consent,4732,V32P-A034705,0,0.73304216861724858,0.73193054199218754,1,1
invalid_consent,4733,V32P-A034706,0,0.52573485970497136,0.55234956741333008,0,0
invalid_consent,4734,V32P-A034707,0,0.52594821453094487,0.52157531380653377,0,0
invalid_consent,4735,V32P-A034708,0,0.44533965587615965,0.4440199315547943,0,0
invalid_consent,4736,V32P-A034709,0,0.36048570275306702,0.36259765625000001,0,0
invalid_consent,4737,V32P-A034710,0,0.15854753851890563,0.15911176055669785,0,0
invalid_consent,4738,V32P-A034831,0,0.66478271484374996,0.66427061557769773,1,1
invalid_consent,4739,V32P-A034832,0,0.66339302062988281,0.66138923168182373,1,1
invalid_consent,4740,V32P-A034833,0,0.63683205842971802,0.63218899965286257,1,1
invalid_consent,4741,V32P-A034834,0,0.57685856819152836,0.57026147246360781,0,0
invalid_consent,4742,V32P-A034835,0,0.47171628475189209,0.46592072844505311,0,0
invalid_consent,4743,V32P-A034836,0,0.2009815365076065,0.19874085634946823,0,0
invalid_consent,4744,V32P-A034843,0,0.7520774841308594,0.77060456275939937,1,1
invalid_consent,4745,V32P-A034844,0,0.67053564786911013,0.69107438325881954,1,1
invalid_consent,4746,V32P-A034845,0,0.70305056571960445,0.72490099668502805,1,1
invalid_consent,4747,V32P-A034846,0,0.69240150451660154,0.7136512756347656,1,1
invalid_consent,4748,V32P-A034847,0,0.65455775260925297,0.67735358476638796,1,1
invalid_consent,4749,V32P-A034848,0,0.40491832494735719,0.43034814596176146,0,0
invalid_consent,4750,V32P-A034873,0,0.49606815576553343,0.50672585368156431,0,0
invalid_consent,4751,V32P-A034874,0,0.5131163537502289,0.51341351270675661,0,0
invalid_consent,4752,V32P-A034876,1,0.37585865259170531,0.38006684780120847,0,0
invalid_consent,4753,V32P-A034877,0,0.052284791320562365,0.050133286044001579,0,0
invalid_consent,4754,V32P-A034878,0,0.022182507626712322,0.021655481960624456,0,0
invalid_consent,4755,V32P-A035005,0,0.67658981084823611,0.70071818828582766,1,1
invalid_consent,4756,V32P-A035006,0,0.61321020126342773,0.64012806415557866,0,1
invalid_consent,4757,V32P-A035007,0,0.5925889134407043,0.61840049028396604,0,0
invalid_consent,4758,V32P-A035008,0,0.50890418887138367,0.53234516978263857,0,0
invalid_consent,4759,V32P-A035009,0,0.42468492984771727,0.44603915214538575,0,0
invalid_consent,4760,V32P-A035010,0,0.20786733031272889,0.22240523695945741,0,0
invalid_consent,4761,V32P-A035029,0,0.63183748722076416,0.63991974592208867,1,1
invalid_consent,4762,V32P-A035030,0,0.57751467227935793,0.58452563285827641,0,0
invalid_consent,4763,V32P-A035031,0,0.50775917768478396,0.51649053692817692,0,0
invalid_consent,4764,V32P-A035032,0,0.39330377280712125,0.39295204877853396,0,0
invalid_consent,4765,V32P-A035033,0,0.3170239984989166,0.30918533504009249,0,0
invalid_consent,4766,V32P-A035034,0,0.12870987355709076,0.12651042342185975,0,0
invalid_consent,4767,V32P-A035041,0,0.8272900342941284,0.8269605159759521,1,1
invalid_consent,4768,V32P-A035042,0,0.7300235509872437,0.73973016738891606,1,1
invalid_consent,4769,V32P-A035043,0,0.83049855232238767,0.83750340938568113,1,1
invalid_consent,4770,V32P-A035044,0,0.68865274190902714,0.69784448146820066,1,1
invalid_consent,4771,V32P-A035045,1,0.5716795027256012,0.57750502228736877,0,0
invalid_consent,4772,V32P-A035046,0,0.044687169045209883,0.0406190350651741,0,0
invalid_consent,4773,V32P-A035047,0,0.74846588373184209,0.76367861032485962,1,1
invalid_consent,4774,V32P-A035048,0,0.77430880069732666,0.80376731157302861,1,1
invalid_consent,4775,V32P-A035049,0,0.52681663036346438,0.55311152935028074,0,0
invalid_consent,4776,V32P-A035050,0,0.41419982314109804,0.42347090244293212,0,0
invalid_consent,4777,V32P-A035051,0,0.33119279742240904,0.33546536564826968,0,0
invalid_consent,4778,V32P-A035052,0,0.18325906097888947,0.1805761143565178,0,0
invalid_consent,4779,V32P-A035059,0,0.72752417325973506,0.72365733385086062,1,1
invalid_consent,4780,V32P-A035060,0,0.62896274328231816,0.62067006826400761,1,1
invalid_consent,4781,V32P-A035062,0,0.33895658850669863,0.34095230102539065,0,0
invalid_consent,4782,V32P-A035063,0,0.27935758531093596,0.28371799886226656,0,0
invalid_consent,4783,V32P-A035064,0,0.11978946030139923,0.11941787302494049,0,0
invalid_consent,4784,V32P-A035071,0,0.75471937656402588,0.75185822248458867,1,1
invalid_consent,4785,V32P-A035072,0,0.63735315799713133,0.62825132608413692,1,1
invalid_consent,4786,V32P-A035073,0,0.71696338653564451,0.71055102348327637,1,1
invalid_consent,4787,V32P-A035074,0,0.57947396636009219,0.57074488997459416,0,0
invalid_consent,4788,V32P-A035075,0,0.54473955035209654,0.53582893610000615,0,0
invalid_consent,4789,V32P-A035076,0,0.29418241679668428,0.29360444694757459,0,0
invalid_consent,4790,V32P-A035101,0,0.5200973689556122,0.53300301432609554,0,0
invalid_consent,4791,V32P-A035102,0,0.42687993049621581,0.44629937410354614,0,0
invalid_consent,4792,V32P-A035103,0,0.36969931721687316,0.39228283166885375,0,0
invalid_consent,4793,V32P-A035104,0,0.30425575971603391,0.32643388509750365,0,0
invalid_consent,4794,V32P-A035105,0,0.27695381939411162,0.29899073243141172,0,0
invalid_consent,4795,V32P-A035106,0,0.13812275677919389,0.14509470909833908,0,0
invalid_consent,4796,V32P-A035119,0,0.37331074476242065,0.39950309991836547,0,0
invalid_consent,4797,V32P-A035120,0,0.43264820575714114,0.46939451694488527,0,0
invalid_consent,4798,V32P-A035121,0,0.42056496739387511,0.46154028773307798,0,0
invalid_consent,4799,V32P-A035122,1,0.36977410316467285,0.41084685921669006,0,0
invalid_consent,4800,V32P-A035123,0,0.052861260995268819,0.058647244423627856,0,0
invalid_consent,4801,V32P-A035124,0,0.023711576405912638,0.022216506488621234,0,0
invalid_consent,4802,V32P-A035191,0,0.44320127964019773,0.45453937053680421,0,0
invalid_consent,4803,V32P-A035192,0,0.42587745785713194,0.44197971224784849,0,0
invalid_consent,4804,V32P-A035193,0,0.36455002427101135,0.38695749640464783,0,0
invalid_consent,4805,V32P-A035194,0,0.28915327191352846,0.31336312294006347,0,0
invalid_consent,4806,V32P-A035195,0,0.20213567316532136,0.22188005447387696,0,0
invalid_consent,4807,V32P-A035196,0,0.083261282742023462,0.088741454482078555,0,0
invalid_consent,4808,V32P-A035203,0,0.42556309103965761,0.44864954352378844,0,0
invalid_consent,4809,V32P-A035204,0,0.44474402666091917,0.47108135819435121,0,0
invalid_consent,4810,V32P-A035205,0,0.40788014531135558,0.43679459691047667,0,0
invalid_consent,4811,V32P-A035206,0,0.31856536269187929,0.34528132677078249,0,0
invalid_consent,4812,V32P-A035207,0,0.23895305395126343,0.26316686570644376,0,0
invalid_consent,4813,V32P-A035208,0,0.092241343855857846,0.10088569819927215,0,0
invalid_consent,4814,V32P-A035239,0,0.62148413658142088,0.61200920343399046,1,0
invalid_consent,4815,V32P-A035240,0,0.63117015361785889,0.62269927263259883,1,1
invalid_consent,4816,V32P-A035241,0,0.6219184398651123,0.61039412021636963,1,0
invalid_consent,4817,V32P-A035242,0,0.56553711891174319,0.54839489459991453,0,0
invalid_consent,4818,V32P-A035243,0,0.50810493826866154,0.48895469903945921,0,0
invalid_consent,4819,V32P-A035244,0,0.036719497293233871,0.03389741871505976,0,0
invalid_consent,4820,V32P-A035257,0,0.52047953009605408,0.5523748457431793,0,0
invalid_consent,4821,V32P-A035258,0,0.43888698220252992,0.47080792784690856,0,0
invalid_consent,4822,V32P-A035259,0,0.38245081007480619,0.41528767645359038,0,0
invalid_consent,4823,V32P-A035260,0,0.31786544919013976,0.34821833968162536,0,0
invalid_consent,4824,V32P-A035261,0,0.2594729155302048,0.28575964868068693,0,0
invalid_consent,4825,V32P-A035262,0,0.1288022667169571,0.1416541501879692,0,0
invalid_consent,4826,V32P-A035269,0,0.82934414148330693,0.83678225278854368,1,1
invalid_consent,4827,V32P-A035270,0,0.70474439859390259,0.72072032690048216,1,1
invalid_consent,4828,V32P-A035271,0,0.60531980991363521,0.64751055240631106,0,1
invalid_consent,4829,V32P-A035272,0,0.56506112813949583,0.58537533283233645,0,0
invalid_consent,4830,V32P-A035273,0,0.53043719530105593,0.55635836124420168,0,0
invalid_consent,4831,V32P-A035274,0,0.20162949115037918,0.21050458252429963,0,0
invalid_consent,4832,V32P-A035317,0,0.51891453862190251,0.54055127501487732,0,0
invalid_consent,4833,V32P-A035320,0,0.61903275251388545,0.6397884607315063,0,1
invalid_consent,4834,V32P-A035321,1,0.55970162749290464,0.5774704158306122,0,0
invalid_consent,4835,V32P-A035322,0,0.041808102279901505,0.042248558998107907,0,0
invalid_consent,4836,V32P-A035323,0,0.51926629245281219,0.53412816822528841,0,0
invalid_consent,4837,V32P-A035324,0,0.51091428399086003,0.52907814979553225,0,0
invalid_consent,4838,V32P-A035325,0,0.4084757328033447,0.43404829800128936,0,0
invalid_consent,4839,V32P-A035326,0,0.30351280272006986,0.3237133860588074,0,0
invalid_consent,4840,V32P-A035327,0,0.23470599204301834,0.24670290648937226,0,0
invalid_consent,4841,V32P-A035328,0,0.097836969792842871,0.098392764478921896,0,0
invalid_consent,4842,V32P-A035329,0,0.68003650903701784,0.69786572456359863,1,1
invalid_consent,4843,V32P-A035332,0,0.57060167789459226,0.60638312101364134,0,0
invalid_consent,4844,V32P-A035333,0,0.46438493728637698,0.51372175812721255,0,0
invalid_consent,4845,V32P-A035334,0,0.27963823825120926,0.31770532876253127,0,0
invalid_consent,4846,V32P-A035335,0,0.54149376153945927,0.55932921171188354,0,0
invalid_consent,4847,V32P-A035336,0,0.52130796313285832,0.54320657849311826,0,0
invalid_consent,4848,V32P-A035338,0,0.51544643044471739,0.54082382321357725,0,0
invalid_consent,4849,V32P-A035339,0,0.43246783018112184,0.46376118063926697,0,0
invalid_consent,4850,V32P-A035340,0,0.25729404240846632,0.27291564345359803,0,0
invalid_consent,4851,V32P-A035389,0,0.76440546512603758,0.76987439393997192,1,1
invalid_consent,4852,V32P-A035390,0,0.69457513093948364,0.69884976148605349,1,1
invalid_consent,4853,V32P-A035391,0,0.64538968801498409,0.6450980424880981,1,1
invalid_consent,4854,V32P-A035392,0,0.59095126390457153,0.58884893655776982,0,0
invalid_consent,4855,V32P-A035393,0,0.56570509672164915,0.55731017589569087,0,0
invalid_consent,4856,V32P-A035394,0,0.29938481450080873,0.29234043657779696,0,0
invalid_consent,4857,V32P-A035491,0,0.8092049717903137,0.82798967361450193,1,1
invalid_consent,4858,V32P-A035494,0,0.59633077383041377,0.62990653514862061,0,1
invalid_consent,4859,V32P-A035495,1,0.51807395219802854,0.56687680482864378,0,0
invalid_consent,4860,V32P-A035496,0,0.042397345788776873,0.041823041066527365,0,0
invalid_consent,4861,V32P-A035545,0,0.74301528930664062,0.75917301177978513,1,1
invalid_consent,4862,V32P-A035546,0,0.68982026576995847,0.70538454055786137,1,1
invalid_consent,4863,V32P-A035548,0,0.63735434412956238,0.65198911428451534,1,1
invalid_consent,4864,V32P-A035549,1,0.58785696029663081,0.60105770230293276,0,0
invalid_consent,4865,V32P-A035550,0,0.052296015247702596,0.049306979402899742,0,0
invalid_consent,4866,V32P-A035587,0,0.71112831830978396,0.71822912693023677,1,1
invalid_consent,4867,V32P-A035588,0,0.64513479471206669,0.65384262800216675,1,1
invalid_consent,4868,V32P-A035589,0,0.61679656505584712,0.62336611747741699,0,1
invalid_consent,4869,V32P-A035590,0,0.62253193855285649,0.62560226917266848,1,1
invalid_consent,4870,V32P-A035591,0,0.5263254821300507,0.52972840666770937,0,0
invalid_consent,4871,V32P-A035592,0,0.27508840560913084,0.27569092214107516,0,0
invalid_consent,4872,V32P-A035593,0,0.77356488704681392,0.78767170906066897,1,1
invalid_consent,4873,V32P-A035594,0,0.67382827997207639,0.69667721986770625,1,1
invalid_consent,4874,V32P-A035595,0,0.61408782005310059,0.64080104827880857,0,1
invalid_consent,4875,V32P-A035596,0,0.52220122814178471,0.5585903942584991,0,0
invalid_consent,4876,V32P-A035597,0,0.49996894598007202,0.5387882769107819,0,0
invalid_consent,4877,V32P-A035598,0,0.25396239459514619,0.27800456583499911,0,0
invalid_consent,4878,V32P-A035629,0,0.53171801567077637,0.54955793023109434,0,0
invalid_consent,4879,V32P-A035630,0,0.54385185837745664,0.56340761184692378,0,0
invalid_consent,4880,V32P-A035631,0,0.59467546939849858,0.62033691406250002,0,1
invalid_consent,4881,V32P-A035632,0,0.45132718086242674,0.48778389692306517,0,0
invalid_consent,4882,V32P-A035633,0,0.41170402169227599,0.458298397064209,0,0
invalid_consent,4883,V32P-A035634,0,0.03646163251250982,0.035306547768414021,0,0
invalid_consent,4884,V32P-A035659,0,0.68502310514450071,0.6868438720703125,1,1
invalid_consent,4885,V32P-A035660,0,0.57344473004341123,0.57932727932929995,0,0
invalid_consent,4886,V32P-A035661,0,0.51856946349143984,0.52526287436485286,0,0
invalid_consent,4887,V32P-A035662,0,0.43444310426712035,0.43645017743110659,0,0
invalid_consent,4888,V32P-A035663,0,0.33757691681385038,0.3410232812166214,0,0
invalid_consent,4889,V32P-A035664,0,0.025009135995060206,0.023216282762587071,0,0
invalid_consent,4890,V32P-A035677,0,0.7444868326187134,0.75842685699462886,1,1
invalid_consent,4891,V32P-A035678,0,0.74949011802673338,0.76452798843383785,1,1
invalid_consent,4892,V32P-A035679,0,0.76117020845413208,0.77452869415283199,1,1
invalid_consent,4893,V32P-A035680,0,0.72390191555023198,0.74258408546447752,1,1
invalid_consent,4894,V32P-A035681,0,0.65238280296325679,0.67458045482635498,1,1
invalid_consent,4895,V32P-A035682,0,0.40368333756923674,0.42307822704315184,0,0
invalid_consent,4896,V32P-A035689,0,0.60857348442077641,0.61521376371383663,0,0
invalid_consent,4897,V32P-A035690,0,0.46917397379875181,0.48648613095283511,0,0
invalid_consent,4898,V32P-A035691,0,0.5432003259658813,0.59641780257225041,0,0
invalid_consent,4899,V32P-A035692,0,0.34307663440704345,0.37765359878540039,0,0
invalid_consent,4900,V32P-A035693,0,0.25435671508312224,0.28634944558143616,0,0
invalid_consent,4901,V32P-A035694,0,0.10979885682463646,0.11818538457155228,0,0
invalid_consent,4902,V32P-A035743,0,0.51156949400901797,0.53209716677665708,0,0
invalid_consent,4903,V32P-A035744,0,0.49107180237770082,0.5108120381832123,0,0
invalid_consent,4904,V32P-A035746,0,0.35552745163440702,0.38359579145908357,0,0
invalid_consent,4905,V32P-A035747,0,0.34556564688682556,0.39006618261337278,0,0
invalid_consent,4906,V32P-A035748,0,0.15682393461465835,0.16179846078157425,0,0
invalid_consent,4907,V32P-A035749,0,0.65679560899734502,0.69229099750518797,1,1
invalid_consent,4908,V32P-A035750,0,0.59587883949279785,0.63129487037658694,0,1
invalid_consent,4909,V32P-A035751,0,0.55787897706031797,0.59264807701110844,0,0
invalid_consent,4910,V32P-A035752,0,0.49291852712631223,0.52875245213508604,0,0
invalid_consent,4911,V32P-A035753,0,0.41257531642913819,0.44665923118591311,0,0
invalid_consent,4912,V32P-A035754,0,0.2112666204571724,0.22132658958435059,0,0
invalid_consent,4913,V32P-A035761,0,0.6176813125610352,0.64034957885742183,0,1
invalid_consent,4914,V32P-A035762,0,0.53704215288162227,0.55869837999343874,0,0
invalid_consent,4915,V32P-A035763,0,0.49062486290931701,0.51596565842628483,0,0
invalid_consent,4916,V32P-A035764,0,0.38317663669586183,0.41806979775428771,0,0
invalid_consent,4917,V32P-A035765,0,0.34954434037208559,0.38334104120731355,0,0
invalid_consent,4918,V32P-A035766,0,0.17947927713394166,0.20352523177862167,0,0
invalid_consent,4919,V32P-A035767,0,0.64625231027603147,0.66490435600280762,1,1
invalid_consent,4920,V32P-A035768,0,0.63959714174270632,0.65453900098800655,1,1
invalid_consent,4921,V32P-A035769,0,0.60787883996963499,0.6192452192306519,0,0
invalid_consent,4922,V32P-A035770,0,0.55127440094947811,0.56434524059295654,0,0
invalid_consent,4923,V32P-A035771,0,0.46538062691688536,0.48261698484420779,0,0
invalid_consent,4924,V32P-A035772,0,0.2159169614315033,0.23221735656261444,0,0
invalid_consent,4925,V32P-A035797,0,0.43318282365798949,0.4415655553340912,0,0
invalid_consent,4926,V32P-A035798,0,0.34741917252540588,0.35011511445045473,0,0
invalid_consent,4927,V32P-A035799,0,0.27679614126682284,0.31771671473979951,0,0
invalid_consent,4928,V32P-A035800,0,0.24343672394752502,0.24846136868000029,0,0
invalid_consent,4929,V32P-A035801,0,0.18791671395301818,0.19160622060298921,0,0
invalid_consent,4930,V32P-A035802,0,0.090074682235717768,0.090926555544137949,0,0
invalid_consent,4931,V32P-A035827,0,0.46754160523414612,0.50271298885345461,0,0
invalid_consent,4932,V32P-A035828,0,0.35737457871437073,0.39223172664642336,0,0
invalid_consent,4933,V32P-A035830,0,0.24976709187030793,0.28084713220596313,0,0
invalid_consent,4934,V32P-A035831,0,0.21921826303005218,0.25098036229610443,0,0
invalid_consent,4935,V32P-A035832,0,0.12060949802398682,0.13390737473964692,0,0
invalid_consent,4936,V32P-A035833,0,0.43788599371910097,0.47400426864624023,0,0
invalid_consent,4937,V32P-A035834,0,0.50051663517951961,0.53286350369453428,0,0
invalid_consent,4938,V32P-A035836,0,0.34814357757568359,0.37862123250961305,0,0
invalid_consent,4939,V32P-A035837,1,0.25581397116184235,0.27816691994667053,0,0
invalid_consent,4940,V32P-A035838,0,0.023970350716263057,0.023495736904442309,0,0
invalid_consent,4941,V32P-A035887,0,0.35936750173568727,0.40797104239463805,0,0
invalid_consent,4942,V32P-A035888,0,0.35852491855621338,0.40909755825996397,0,0
invalid_consent,4943,V32P-A035889,0,0.31761134862899781,0.36479328870773314,0,0
invalid_consent,4944,V32P-A035890,0,0.25045843720436095,0.28926635682582857,0,0
invalid_consent,4945,V32P-A035891,0,0.19250470101833345,0.22251454293727874,0,0
invalid_consent,4946,V32P-A035892,0,0.08660311102867127,0.097287248820066452,0,0
invalid_consent,4947,V32P-A035971,0,0.4872491121292114,0.47879018187522887,0,0
invalid_consent,4948,V32P-A035974,0,0.2279855042695999,0.22082784473896028,0,0
invalid_consent,4949,V32P-A035975,0,0.17784487158060075,0.17243029773235322,0,0
invalid_consent,4950,V32P-A035976,0,0.072229496389627459,0.071316343545913694,0,0
invalid_consent,4951,V32P-A035983,0,0.69795153141021726,0.71633763313293453,1,1
invalid_consent,4952,V32P-A035984,0,0.54138764142990115,0.57000843882560726,0,0
invalid_consent,4953,V32P-A035985,0,0.48910558223724365,0.51531474590301518,0,0
invalid_consent,4954,V32P-A035986,0,0.48266791105270385,0.50258617997169497,0,0
invalid_consent,4955,V32P-A035987,0,0.45159984230995176,0.46801971197128295,0,0
invalid_consent,4956,V32P-A035988,0,0.03278427105396986,0.029619538225233555,0,0
invalid_consent,4957,V32P-A036019,0,0.46946590542793276,0.50352065563201909,0,0
invalid_consent,4958,V32P-A036020,0,0.37008539438247678,0.41009750962257385,0,0
invalid_consent,4959,V32P-A036021,0,0.31742821335792543,0.35759173035621644,0,0
invalid_consent,4960,V32P-A036022,0,0.29417038857936861,0.36746229529380797,0,0
invalid_consent,4961,V32P-A036023,0,0.2096990928053856,0.2362700030207634,0,0
invalid_consent,4962,V32P-A036024,0,0.087318657338619238,0.094805037230253214,0,0
invalid_consent,4963,V32P-A036043,0,0.6482528924942017,0.66238030195236208,1,1
invalid_consent,4964,V32P-A036044,0,0.63827759027481079,0.64781115055084226,1,1
invalid_consent,4965,V32P-A036045,0,0.58965588808059688,0.59759365320205693,0,0
invalid_consent,4966,V32P-A036046,0,0.52005794644355774,0.53304226398468013,0,0
invalid_consent,4967,V32P-A036047,0,0.43182961344718934,0.44412865638732912,0,0
invalid_consent,4968,V32P-A036048,0,0.031127914041280746,0.029719674587249757,0,0
invalid_consent,4969,V32P-A036241,0,0.4363421559333801,0.45224284529685976,0,0
invalid_consent,4970,V32P-A036242,0,0.44980061352252959,0.50575242936611176,0,0
invalid_consent,4971,V32P-A036243,0,0.49461924433708193,0.52038005590438841,0,0
invalid_consent,4972,V32P-A036244,0,0.36181704998016356,0.38630113601684568,0,0
invalid_consent,4973,V32P-A036245,1,0.2669853061437607,0.28367042541503906,0,0
invalid_consent,4974,V32P-A036246,0,0.020285887829959392,0.019129284285008909,0,0
invalid_consent,4975,V32P-A036253,0,0.65783568620681765,0.692886745929718,1,1
invalid_consent,4976,V32P-A036254,0,0.58623068928718569,0.62428002357482915,0,1
invalid_consent,4977,V32P-A036255,0,0.46863116621971129,0.52934913635253911,0,0
invalid_consent,4978,V32P-A036256,0,0.4057974576950073,0.43162859082221983,0,0
invalid_consent,4979,V32P-A036257,0,0.32555077373981478,0.34202923178672789,0,0
invalid_consent,4980,V32P-A036258,0,0.14781703352928161,0.15833383947610855,0,0
invalid_consent,4981,V32P-A036265,0,0.47264745235443117,0.50775115489959721,0,0
invalid_consent,4982,V32P-A036266,0,0.39680286645889284,0.43438166975975034,0,0
invalid_consent,4983,V32P-A036267,0,0.36055504083633422,0.39931631684303281,0,0
invalid_consent,4984,V32P-A036268,0,0.27549080550670624,0.31576605737209318,0,0
invalid_consent,4985,V32P-A036269,0,0.23718920499086379,0.27607775777578353,0,0
invalid_consent,4986,V32P-A036270,0,0.10106615945696831,0.12071163132786751,0,0
invalid_consent,4987,V32P-A036307,0,0.40415672659873964,0.43691136240959166,0,0
invalid_consent,4988,V32P-A036308,0,0.43477046489715576,0.47285551428794859,0,0
invalid_consent,4989,V32P-A036309,0,0.42483663558959961,0.46463805437088013,0,0
invalid_consent,4990,V32P-A036310,0,0.36396054625511171,0.40707637071609498,0,0
invalid_consent,4991,V32P-A036311,0,0.29831911325454713,0.33722485899925231,0,0
invalid_consent,4992,V32P-A036312,0,0.13368922322988511,0.14775242954492568,0,0
invalid_consent,4993,V32P-A036313,0,0.38990098834037779,0.40529254078865051,0,0
invalid_consent,4994,V32P-A036314,0,0.4060947597026825,0.42494340538978576,0,0
invalid_consent,4995,V32P-A036316,0,0.33896442651748659,0.35411173105239868,0,0
invalid_consent,4996,V32P-A036317,0,0.27663737237453462,0.28588414192199707,0,0
invalid_consent,4997,V32P-A036318,0,0.12277485877275467,0.12731646448373796,0,0
invalid_consent,4998,V32P-A036331,0,0.74286397695541384,0.75284662246704104,1,1
invalid_consent,4999,V32P-A036332,0,0.51160198450088501,0.53006467819213865,0,0
invalid_consent,5000,V32P-A036333,0,0.46817076802253721,0.49332630038261416,0,0
invalid_consent,5001,V32P-A036334,0,0.38449198007583618,0.41283500194549561,0,0
invalid_consent,5002,V32P-A036335,0,0.29574860632419586,0.32237204015254972,0,0
invalid_consent,5003,V32P-A036336,0,0.1302884578704834,0.13773264437913896,0,0
invalid_consent,5004,V32P-A036361,0,0.48911354541778562,0.52032750844955444,0,0
invalid_consent,5005,V32P-A036362,0,0.38071963787078855,0.41198478937149047,0,0
invalid_consent,5006,V32P-A036363,0,0.33042371571063994,0.35707617104053496,0,0
invalid_consent,5007,V32P-A036364,0,0.29715062081813814,0.31845039725303648,0,0
invalid_consent,5008,V32P-A036365,0,0.21718110442161559,0.26535048782825471,0,0
invalid_consent,5009,V32P-A036366,0,0.10717325434088706,0.11236755475401879,0,0
invalid_consent,5010,V32P-A036601,0,0.50493054986000063,0.4948402762413025,0,0
invalid_consent,5011,V32P-A036602,0,0.46612897515296936,0.45333015918731689,0,0
invalid_consent,5012,V32P-A036603,0,0.40861793160438536,0.39849904179573059,0,0
invalid_consent,5013,V32P-A036604,0,0.31300166249275208,0.30578267872333526,0,0
invalid_consent,5014,V32P-A036605,0,0.23006639480590821,0.22487008273601533,0,0
invalid_consent,5015,V32P-A036606,0,0.090406243503093717,0.088917376846075064,0,0
invalid_consent,5016,V32P-A036643,0,0.53504571914672849,0.53850103616714473,0,0
invalid_consent,5017,V32P-A036644,0,0.46475053429603574,0.46616091132164,0,0
invalid_consent,5018,V32P-A036645,0,0.5478555500507355,0.55217859745025633,0,0
invalid_consent,5019,V32P-A036646,0,0.48345004916191103,0.48661525845527648,0,0
invalid_consent,5020,V32P-A036647,0,0.32062669098377228,0.31977287232875823,0,0
invalid_consent,5021,V32P-A036648,0,0.13833654224872588,0.1382950097322464,0,0
invalid_consent,5022,V32P-A036673,0,0.52116292715072632,0.53829977512359617,0,0
invalid_consent,5023,V32P-A036676,0,0.34609078764915469,0.35482326149940491,0,0
invalid_consent,5024,V32P-A036677,0,0.26260938644409182,0.30428733527660368,0,0
invalid_consent,5025,V32P-A036678,0,0.12568575292825698,0.12697406709194184,0,0
invalid_consent,5026,V32P-A036685,0,0.48175673186779022,0.4960869073867798,0,0
invalid_consent,5027,V32P-A036686,0,0.43088885545730593,0.44471617639064787,0,0
invalid_consent,5028,V32P-A036688,0,0.3136965870857239,0.33225674331188204,0,0
invalid_consent,5029,V32P-A036689,0,0.25559704899787905,0.27034211456775664,0,0
invalid_consent,5030,V32P-A036690,0,0.11591093167662621,0.11520283818244934,0,0
invalid_consent,5031,V32P-A036703,0,0.65404813289642338,0.6575764060020447,1,1
invalid_consent,5032,V32P-A036704,0,0.54059966802597048,0.53479418754577634,0,0
invalid_consent,5033,V32P-A036705,0,0.47814517021179198,0.4724885642528534,0,0
invalid_consent,5034,V32P-A036706,0,0.41557345986366273,0.41148179769515991,0,0
invalid_consent,5035,V32P-A036707,0,0.32960968613624575,0.33150332570075991,0,0
invalid_consent,5036,V32P-A036708,0,0.13564504534006119,0.14691756963729857,0,0
invalid_consent,5037,V32P-A036715,1,0.74828789234161375,0.76005302667617802,1,1
invalid_consent,5038,V32P-A036716,1,0.74772480726242063,0.75600426197052006,1,1
invalid_consent,5039,V32P-A036717,1,0.76609358787536619,0.77220729589462278,1,1
invalid_consent,5040,V32P-A036718,0,0.11753510311245918,0.12158861085772514,0,0
invalid_consent,5041,V32P-A036719,0,0.078849394619464871,0.079306205362081522,0,0
invalid_consent,5042,V32P-A036720,0,0.035147136636078359,0.034014086611568926,0,0
invalid_consent,5043,V32P-A036733,0,0.49105418324470518,0.51466612219810481,0,0
invalid_consent,5044,V32P-A036736,0,0.37600491940975189,0.40873228013515472,0,0
invalid_consent,5045,V32P-A036737,0,0.34141666293144224,0.37316405773162842,0,0
invalid_consent,5046,V32P-A036738,0,0.02966737267561257,0.026970714610069991,0,0
invalid_consent,5047,V32P-A036793,1,0.64476805925369263,0.65804438591003422,1,1
invalid_consent,5048,V32P-A036794,1,0.48545846343040466,0.50649563074111936,0,0
invalid_consent,5049,V32P-A036796,0,0.0658722274005413,0.06428921371698379,0,0
invalid_consent,5050,V32P-A036797,0,0.051891674101352689,0.05657467432320118,0,0
invalid_consent,5051,V32P-A036798,0,0.023437596485018732,0.022214376553893089,0,0
invalid_consent,5052,V32P-A036811,1,0.7903347492218018,0.78790855407714844,1,1
invalid_consent,5053,V32P-A036812,1,0.73074623346328738,0.75801053047180178,1,1
invalid_consent,5054,V32P-A036813,0,0.14225474521517753,0.1366442285478115,0,0
invalid_consent,5055,V32P-A036814,0,0.10912776887416839,0.10216494724154472,0,0
invalid_consent,5056,V32P-A036815,0,0.08106450960040093,0.073937810212373736,0,0
invalid_consent,5057,V32P-A036816,0,0.036959104612469672,0.03318635616451502,0,0
invalid_consent,5058,V32P-A036817,1,0.66731530427932739,0.6815909743309021,1,1
invalid_consent,5059,V32P-A036818,1,0.58141997456550598,0.59376923441886897,0,0
invalid_consent,5060,V32P-A036819,1,0.55812904238700867,0.5721254169940948,0,0
invalid_consent,5061,V32P-A036820,0,0.098307055234909055,0.093631659448146817,0,0
invalid_consent,5062,V32P-A036821,0,0.078026869148015973,0.074374149739742282,0,0
invalid_consent,5063,V32P-A036822,0,0.034826767817139628,0.032973560877144335,0,0
invalid_consent,5064,V32P-A036919,1,0.54277061223983769,0.55366863012313838,0,0
invalid_consent,5065,V32P-A036920,1,0.47338677048683164,0.48932370543479919,0,0
invalid_consent,5066,V32P-A036922,0,0.052751379460096358,0.050653799995779993,0,0
invalid_consent,5067,V32P-A036923,0,0.03884909152984619,0.037380946427583696,0,0
invalid_consent,5068,V32P-A036924,0,0.017024996224790812,0.016218178253620864,0,0
invalid_consent,5069,V32P-A036949,0,0.46615719199180605,0.48614199161529542,0,0
invalid_consent,5070,V32P-A036950,0,0.41577904820442202,0.44153450727462767,0,0
invalid_consent,5071,V32P-A036951,0,0.36886817812919614,0.40290226936340334,0,0
invalid_consent,5072,V32P-A036952,0,0.30193158984184265,0.33209777474403379,0,0
invalid_consent,5073,V32P-A036953,0,0.24376293420791625,0.27315757274627683,0,0
invalid_consent,5074,V32P-A036954,0,0.12186604887247085,0.1365080252289772,0,0
invalid_consent,5075,V32P-A036967,0,0.49966114163398745,0.52943708896636965,0,0
invalid_consent,5076,V32P-A036968,0,0.61577171087265015,0.64543335437774663,0,1
invalid_consent,5077,V32P-A036969,0,0.53520122170448303,0.56587786078453062,0,0
invalid_consent,5078,V32P-A036970,0,0.46154433488845825,0.49058721065521238,0,0
invalid_consent,5079,V32P-A036971,0,0.38840122222900392,0.41625504493713378,0,0
invalid_consent,5080,V32P-A036972,0,0.20020030289888383,0.21118877828121185,0,0
invalid_consent,5081,V32P-A037021,0,0.52334856390953066,0.53852924108505251,0,0
invalid_consent,5082,V32P-A037022,0,0.52514263391494753,0.53976293802261355,0,0
invalid_consent,5083,V32P-A037023,0,0.49563552141189576,0.51093995571136475,0,0
invalid_consent,5084,V32P-A037024,0,0.43057651519775392,0.44226293563842772,0,0
invalid_consent,5085,V32P-A037025,0,0.34126970767974851,0.34842869639396667,0,0
invalid_consent,5086,V32P-A037026,0,0.14492665976285934,0.14358109384775161,0,0
invalid_consent,5087,V32P-A037060,0,0.41578863859176635,0.43907105326652529,0,0
invalid_consent,5088,V32P-A037061,0,0.32928985953330991,0.35162796974182131,0,0
invalid_consent,5089,V32P-A037062,0,0.022847939934581517,0.02160707153379917,0,0
invalid_consent,5090,V32P-A037069,1,0.71589899063110352,0.74307794570922847,1,1
invalid_consent,5091,V32P-A037070,1,0.62437324523925786,0.66619449853897095,1,1
invalid_consent,5092,V32P-A037071,1,0.57604965567588806,0.62215571403503422,0,1
invalid_consent,5093,V32P-A037072,0,0.10137740708887577,0.10237861797213554,0,0
invalid_consent,5094,V32P-A037073,0,0.072375653684139257,0.071219491958618167,0,0
invalid_consent,5095,V32P-A037074,0,0.03161955922842026,0.029932900890707971,0,0
invalid_consent,5096,V32P-A037081,0,0.67737225294113157,0.7013709545135498,1,1
invalid_consent,5097,V32P-A037082,0,0.64171887636184688,0.66896313428878784,1,1
invalid_consent,5098,V32P-A037083,0,0.62778533697128291,0.65663943290710447,1,1
invalid_consent,5099,V32P-A037084,0,0.5764925897121429,0.60680391788482668,0,0
invalid_consent,5100,V32P-A037085,0,0.50826786160469051,0.54276410341262815,0,0
invalid_consent,5101,V32P-A037086,0,0.27485974133014679,0.2891929090023041,0,0
invalid_consent,5102,V32P-A037135,0,0.48969177007675169,0.50021442174911501,0,0
invalid_consent,5103,V32P-A037136,0,0.48103124499320982,0.49353750944137575,0,0
invalid_consent,5104,V32P-A037138,0,0.4238158702850342,0.43944835662841797,0,0
invalid_consent,5105,V32P-A037139,0,0.3546983778476715,0.3701641082763672,0,0
invalid_consent,5106,V32P-A037140,0,0.16576072573661804,0.17416399717330933,0,0
invalid_consent,5107,V32P-A037183,0,0.83314803838729856,0.83642833232879643,1,1
invalid_consent,5108,V32P-A037184,0,0.75508071184158321,0.77185198068618777,1,1
invalid_consent,5109,V32P-A037185,0,0.73829571008682249,0.74137527942657466,1,1
invalid_consent,5110,V32P-A037186,0,0.67927600145339961,0.68476649522781374,1,1
invalid_consent,5111,V32P-A037187,0,0.63528448343276978,0.64011272192001345,1,1
invalid_consent,5112,V32P-A037188,0,0.42808151245117188,0.4323708713054657,0,0
invalid_consent,5113,V32P-A037201,0,0.68093438148498531,0.71261560916900635,1,1
invalid_consent,5114,V32P-A037202,0,0.59008127450942993,0.64432176351547243,0,1
invalid_consent,5115,V32P-A037203,0,0.61135269403457637,0.65019596815109248,0,1
invalid_consent,5116,V32P-A037204,0,0.56777079701423649,0.60681035518646242,0,0
invalid_consent,5117,V32P-A037205,0,0.47954376339912413,0.5209738433361053,0,0
invalid_consent,5118,V32P-A037206,0,0.2294626146554947,0.25021170377731322,0,0
invalid_consent,5119,V32P-A037237,1,0.82394739389419558,0.83258883953094487,1,1
invalid_consent,5120,V32P-A037238,1,0.68081462383270264,0.70287874937057493,1,1
invalid_consent,5121,V32P-A037239,1,0.58795194625854497,0.61447820663452146,0,0
invalid_consent,5122,V32P-A037240,0,0.15656744241714476,0.1611170932650566,0,0
invalid_consent,5123,V32P-A037241,0,0.094138361513614655,0.08783075883984566,0,0
invalid_consent,5124,V32P-A037242,0,0.044402608834207061,0.040333566069602964,0,0
invalid_consent,5125,V32P-A037339,1,0.65889177322387693,0.63928018212318416,1,1
invalid_consent,5126,V32P-A037340,1,0.52901951670646663,0.50857653021812443,0,0
invalid_consent,5127,V32P-A037342,0,0.091996805369853968,0.08559743277728557,0,0
invalid_consent,5128,V32P-A037343,0,0.076054760068655011,0.071316746249794963,0,0
invalid_consent,5129,V32P-A037344,0,0.03759239986538887,0.035719037055969238,0,0
invalid_consent,5130,V32P-A037357,1,0.61395950317382808,0.63305696249008181,0,1
invalid_consent,5131,V32P-A037358,1,0.5541606724262238,0.57250731587409975,0,0
invalid_consent,5132,V32P-A037359,1,0.48819788098335265,0.5070604264736176,0,0
invalid_consent,5133,V32P-A037360,0,0.074559711292386061,0.070957515388727188,0,0
invalid_consent,5134,V32P-A037361,0,0.056580996885895726,0.053346953168511388,0,0
invalid_consent,5135,V32P-A037362,0,0.025499633420258759,0.023642738536000251,0,0
invalid_consent,5136,V32P-A037363,0,0.65161904096603396,0.67549062967300411,1,1
invalid_consent,5137,V32P-A037364,0,0.57299422025680546,0.62522361278533933,0,1
invalid_consent,5138,V32P-A037365,0,0.52796056866645813,0.56092552542686458,0,0
invalid_consent,5139,V32P-A037366,0,0.42809637188911437,0.47187677025794983,0,0
invalid_consent,5140,V32P-A037367,0,0.34431165456771851,0.38673892021179201,0,0
invalid_consent,5141,V32P-A037368,0,0.16154464334249496,0.18372354805469512,0,0
invalid_consent,5142,V32P-A037405,1,0.56388158798217769,0.56291477680206303,0,0
invalid_consent,5143,V32P-A037406,1,0.62996510267257688,0.62937359809875493,1,1
invalid_consent,5144,V32P-A037407,1,0.62862663269042973,0.62890131473541255,1,1
invalid_consent,5145,V32P-A037408,0,0.11763904541730881,0.10797458589076996,0,0
invalid_consent,5146,V32P-A037409,0,0.087729308009147647,0.080922761559486384,0,0
invalid_consent,5147,V32P-A037410,0,0.042529362812638284,0.039964349754154679,0,0
invalid_consent,5148,V32P-A037489,0,0.49586809873580934,0.50895773172378544,0,0
invalid_consent,5149,V32P-A037490,0,0.46637526750564573,0.48320580124855039,0,0
invalid_consent,5150,V32P-A037491,0,0.48713755011558535,0.49868871569633483,0,0
invalid_consent,5151,V32P-A037492,1,0.45242584943771363,0.45862440466880799,0,0
invalid_consent,5152,V32P-A037493,0,0.067639964073896414,0.06228185556828976,0,0
invalid_consent,5153,V32P-A037494,0,0.030891835689544678,0.028472734428942204,0,0
invalid_consent,5154,V32P-A037582,0,0.61421864628791811,0.62852825522422795,0,1
invalid_consent,5155,V32P-A037583,0,0.54191235899925227,0.56083640456199646,0,0
invalid_consent,5156,V32P-A037584,0,0.29131406247615815,0.29762958586215971,0,0
invalid_consent,5157,V32P-A037711,0,0.64385187029838564,0.66951248645782468,1,1
invalid_consent,5158,V32P-A037714,0,0.35663853287696839,0.39591706693172457,0,0
invalid_consent,5159,V32P-A037715,0,0.28280962854623792,0.31522285342216494,0,0
invalid_consent,5160,V32P-A037716,0,0.12945555374026299,0.14231874719262122,0,0
invalid_consent,5161,V32P-A037723,0,0.63048733472824092,0.64383420944213865,1,1
invalid_consent,5162,V32P-A037724,0,0.54056410193443294,0.54085640907287602,0,0
invalid_consent,5163,V32P-A037725,0,0.47675601840019227,0.4771671175956726,0,0
invalid_consent,5164,V32P-A037726,0,0.41615548729896545,0.41661927700042722,0,0
invalid_consent,5165,V32P-A037727,0,0.34695248901844022,0.3487537384033203,0,0
invalid_consent,5166,V32P-A037728,0,0.15528732389211655,0.16464944481849669,0,0
invalid_consent,5167,V32P-A037759,0,0.46160578727722168,0.47815935611724852,0,0
invalid_consent,5168,V32P-A037760,0,0.45164709687232973,0.49636310935020445,0,0
invalid_consent,5169,V32P-A037761,0,0.47773338556289674,0.49099025726318357,0,0
invalid_consent,5170,V32P-A037762,0,0.37312620580196382,0.37942637503147125,0,0
invalid_consent,5171,V32P-A037763,0,0.30080519914627074,0.30856259167194366,0,0
invalid_consent,5172,V32P-A037764,0,0.12927216291427612,0.1373976118862629,0,0
invalid_consent,5173,V32P-A037783,0,0.46903079152107241,0.48846829533576963,0,0
invalid_consent,5174,V32P-A037784,0,0.45211031436920168,0.4714521110057831,0,0
invalid_consent,5175,V32P-A037785,0,0.3792619049549103,0.40635868906974792,0,0
invalid_consent,5176,V32P-A037786,0,0.28429962694644928,0.31135103106498718,0,0
invalid_consent,5177,V32P-A037787,0,0.22589854896068573,0.24965055882930756,0,0
invalid_consent,5178,V32P-A037788,0,0.095718523859977728,0.10519229918718338,0,0
invalid_consent,5179,V32P-A037819,0,0.78786566257476809,0.80586674213409426,1,1
invalid_consent,5180,V32P-A037822,0,0.65641190409660344,0.68074499368667607,1,1
invalid_consent,5181,V32P-A037823,0,0.67677011489868166,0.70731409788131716,1,1
invalid_consent,5182,V32P-A037824,0,0.061948467418551444,0.058667398989200592,0,0
invalid_consent,5183,V32P-A037867,0,0.49632973074913023,0.53845618367195125,0,0
invalid_consent,5184,V32P-A037868,0,0.51920179128646848,0.56126956343650813,0,0
invalid_consent,5185,V32P-A037870,0,0.38768394887447355,0.4249414414167404,0,0
invalid_consent,5186,V32P-A037871,1,0.33412894308567048,0.36548366844654084,0,0
invalid_consent,5187,V32P-A037872,0,0.039100534282624722,0.03715353235602379,0,0
invalid_consent,5188,V32P-A037873,1,0.64938895702362065,0.6682683944702148,1,1
invalid_consent,5189,V32P-A037874,1,0.60649781227111821,0.62835979461669922,0,1
invalid_consent,5190,V32P-A037876,0,0.072987669706344599,0.070756405591964722,0,0
invalid_consent,5191,V32P-A037877,0,0.055070943012833593,0.053275578096508978,0,0
invalid_consent,5192,V32P-A037878,0,0.023846232518553733,0.023045217245817186,0,0
invalid_consent,5193,V32P-A037951,0,0.83382419347763059,0.84657570123672488,1,1
invalid_consent,5194,V32P-A037952,0,0.70531780719757076,0.72782968282699589,1,1
invalid_consent,5195,V32P-A037953,0,0.65723321437835691,0.67950105667114258,1,1
invalid_consent,5196,V32P-A037954,0,0.62209247350692753,0.64394103288650517,1,1
invalid_consent,5197,V32P-A037955,0,0.61416305303573604,0.63888697624206547,0,1
invalid_consent,5198,V32P-A037956,0,0.29165233671665192,0.30741327404975893,0,0
invalid_consent,5199,V32P-A037987,1,0.5274528503417969,0.54170991778373723,0,0
invalid_consent,5200,V32P-A037988,1,0.50313135981559753,0.5197461783885956,0,0
invalid_consent,5201,V32P-A037989,1,0.51862728595733643,0.5680524587631226,0,0
invalid_consent,5202,V32P-A037990,0,0.071060154959559446,0.068737989291548729,0,0
invalid_consent,5203,V32P-A037991,0,0.05399500150233507,0.051485790684819219,0,0
invalid_consent,5204,V32P-A037992,0,0.023491090070456265,0.021697423141449689,0,0
invalid_consent,5205,V32P-A038017,0,0.76812589168548584,0.77917926311492924,1,1
invalid_consent,5206,V32P-A038018,0,0.66576881408691402,0.67364512681961064,1,1
invalid_consent,5207,V32P-A038019,0,0.72764035463333132,0.73742250204086301,1,1
invalid_consent,5208,V32P-A038020,0,0.68720413446426387,0.69480054378509526,1,1
invalid_consent,5209,V32P-A038021,0,0.64859616756439209,0.64999324083328247,1,1
invalid_consent,5210,V32P-A038022,0,0.43455938696861268,0.43113541007041933,0,0
invalid_consent,5211,V32P-A038089,0,0.85147733688354488,0.86380907297134402,1,1
invalid_consent,5212,V32P-A038090,0,0.65152949094772339,0.68204630613327022,1,1
invalid_consent,5213,V32P-A038091,0,0.6453756630420685,0.6666052579879761,1,1
invalid_consent,5214,V32P-A038092,0,0.65676432847976685,0.67621637582778926,1,1
invalid_consent,5215,V32P-A038093,0,0.51830372810363767,0.54804795980453491,0,0
invalid_consent,5216,V32P-A038094,0,0.054460071399807929,0.051625985652208328,0,0
invalid_consent,5217,V32P-A038185,0,0.77168303728103638,0.77769662141799922,1,1
invalid_consent,5218,V32P-A038186,0,0.74771163463592527,0.77146257162094112,1,1
invalid_consent,5219,V32P-A038188,0,0.49938184618949888,0.52383711934089661,0,0
invalid_consent,5220,V32P-A038189,0,0.40939952731132506,0.43514272570610046,0,0
invalid_consent,5221,V32P-A038190,0,0.21987279951572419,0.23007730692625045,0,0
invalid_consent,5222,V32P-A038257,0,0.73309535980224605,0.74098576307296748,1,1
invalid_consent,5223,V32P-A038258,0,0.68739717006683354,0.69803893566131592,1,1
invalid_consent,5224,V32P-A038259,0,0.68749155998229983,0.69812902212142947,1,1
invalid_consent,5225,V32P-A038260,0,0.58240169286727905,0.59783760309219358,0,0
invalid_consent,5226,V32P-A038261,0,0.47085250020027158,0.48740551471710203,0,0
invalid_consent,5227,V32P-A038262,0,0.21907493174076081,0.23070611655712128,0,0
invalid_consent,5228,V32P-A038263,0,0.65085451602935795,0.67339235544204712,1,1
invalid_consent,5229,V32P-A038264,0,0.61873273849487309,0.63993560075759892,0,1
invalid_consent,5230,V32P-A038265,0,0.60055806636810305,0.623537290096283,0,1
invalid_consent,5231,V32P-A038266,0,0.53373925685882573,0.55601921677589417,0,0
invalid_consent,5232,V32P-A038267,0,0.44976616501808164,0.47269757390022277,0,0
invalid_consent,5233,V32P-A038268,0,0.20386799275875092,0.21764101982116699,0,0
invalid_consent,5234,V32P-A038347,1,0.76107029914855961,0.7809860944747925,1,1
invalid_consent,5235,V32P-A038348,1,0.66449155807495119,0.68896830081939697,1,1
invalid_consent,5236,V32P-A038349,1,0.59142625331878662,0.61639311313629153,0,0
invalid_consent,5237,V32P-A038350,0,0.16216492801904678,0.15447269231081009,0,0
invalid_consent,5238,V32P-A038351,0,0.095043238252401352,0.088578169792890543,0,0
invalid_consent,5239,V32P-A038352,0,0.038881434313952926,0.035720421001315117,0,0
invalid_consent,5240,V32P-A038359,0,0.71942857503890989,0.72517453432083134,1,1
invalid_consent,5241,V32P-A038360,0,0.55483713150024416,0.56111103892326353,0,0
invalid_consent,5242,V32P-A038361,0,0.45338639616966248,0.46536216139793396,0,0
invalid_consent,5243,V32P-A038362,0,0.49364275932312013,0.50104522705078125,0,0
invalid_consent,5244,V32P-A038363,0,0.44955209493637083,0.45525041222572327,0,0
invalid_consent,5245,V32P-A038364,0,0.16015509068965911,0.15791272222995759,0,0
invalid_consent,5246,V32P-A038365,0,0.62546448707580571,0.63890875577926631,1,1
invalid_consent,5247,V32P-A038366,0,0.56186978816986088,0.57600320577621456,0,0
invalid_consent,5248,V32P-A038368,0,0.49640060663223268,0.511264580488205,0,0
invalid_consent,5249,V32P-A038369,0,0.40426966845989226,0.42022205889225006,0,0
invalid_consent,5250,V32P-A038370,0,0.1954682469367981,0.20085480511188508,0,0
invalid_consent,5251,V32P-A038395,0,0.65217484235763545,0.66211113929748533,1,1
invalid_consent,5252,V32P-A038396,0,0.53509053587913513,0.5498203814029694,0,0
invalid_consent,5253,V32P-A038397,0,0.57335392832756038,0.62501496076583862,0,1
invalid_consent,5254,V32P-A038398,0,0.33325338363647461,0.35376680493354795,0,0
invalid_consent,5255,V32P-A038399,0,0.27210260331630709,0.29296260774135591,0,0
invalid_consent,5256,V32P-A038400,0,0.12202727645635605,0.13240785002708436,0,0
invalid_consent,5257,V32P-A038443,0,0.71727898120880129,0.72162714004516604,1,1
invalid_consent,5258,V32P-A038444,0,0.58674225807189939,0.59978308677673342,0,0
invalid_consent,5259,V32P-A038446,0,0.46812092661857607,0.48260844349861143,0,0
invalid_consent,5260,V32P-A038447,0,0.39398191571235658,0.40946457386016843,0,0
invalid_consent,5261,V32P-A038448,0,0.17682670503854753,0.1861842766404152,0,0
invalid_consent,5262,V32P-A038512,0,0.3417414128780365,0.35717931389808655,0,0
invalid_consent,5263,V32P-A038513,0,0.26840144991874693,0.28183684945106507,0,0
invalid_consent,5264,V32P-A038514,0,0.12247320413589477,0.12590756118297577,0,0
invalid_consent,5265,V32P-A038599,0,0.70778779983520512,0.69029643535614016,1,1
invalid_consent,5266,V32P-A038600,0,0.56666833162307739,0.58979909420013432,0,0
invalid_consent,5267,V32P-A038602,0,0.56662368178367617,0.56430307030677795,0,0
invalid_consent,5268,V32P-A038603,0,0.51067873239517214,0.51201668679714207,0,0
invalid_consent,5269,V32P-A038604,0,0.29824281334877012,0.29741642177104949,0,0
invalid_consent,5270,V32P-A038605,0,0.51895811557769778,0.51978864669799807,0,0
invalid_consent,5271,V32P-A038608,0,0.4284697651863098,0.42619998455047609,0,0
invalid_consent,5272,V32P-A038609,0,0.33493947982788086,0.33321394920349123,0,0
invalid_consent,5273,V32P-A038610,0,0.15279570072889329,0.15366922169923783,0,0
invalid_consent,5274,V32P-A038623,1,0.52036606669425967,0.53622862696647644,0,0
invalid_consent,5275,V32P-A038624,1,0.517040079832077,0.53433954119682314,0,0
invalid_consent,5276,V32P-A038625,1,0.4802352011203766,0.49896823167800902,0,0
invalid_consent,5277,V32P-A038626,0,0.067532455921173101,0.064187134802341464,0,0
invalid_consent,5278,V32P-A038627,0,0.049802432954311374,0.047387912496924402,0,0
invalid_consent,5279,V32P-A038628,0,0.022388826310634612,0.02123002614825964,0,0
invalid_consent,5280,V32P-A038653,0,0.6782761812210083,0.70517486333847046,1,1
invalid_consent,5281,V32P-A038654,0,0.52709269523620605,0.56618173718452458,0,0
invalid_consent,5282,V32P-A038655,0,0.64907670021057129,0.70335372686386111,1,1
invalid_consent,5283,V32P-A038656,0,0.54334955811500552,0.58668770194053654,0,0
invalid_consent,5284,V32P-A038657,1,0.39698896408081052,0.43668977618217469,0,0
invalid_consent,5285,V32P-A038658,0,0.032439430989325044,0.029694894421845676,0,0
invalid_consent,5286,V32P-A038671,0,0.71120300292968752,0.73142880201339722,1,1
invalid_consent,5287,V32P-A038672,0,0.76037292480468754,0.77530275583267216,1,1
invalid_consent,5288,V32P-A038673,0,0.74923831224441528,0.76303522586822514,1,1
invalid_consent,5289,V32P-A038674,0,0.77775070667266843,0.78979265689849854,1,1
invalid_consent,5290,V32P-A038675,1,0.78556662797927856,0.80831631422042849,1,1
invalid_consent,5291,V32P-A038676,0,0.094763074070215225,0.087622934207320216,0,0
invalid_consent,5292,V32P-A038713,1,0.8078301787376404,0.81378581523895266,1,1
invalid_consent,5293,V32P-A038714,1,0.6926257729530334,0.72190041542053218,1,1
invalid_consent,5294,V32P-A038715,1,0.66778956651687627,0.68443540334701536,1,1
invalid_consent,5295,V32P-A038716,0,0.10674748420715333,0.10095628574490548,0,0
invalid_consent,5296,V32P-A038717,0,0.074224830418825147,0.069613632559776303,0,0
invalid_consent,5297,V32P-A038718,0,0.032091602869331839,0.029994709044694902,0,0
invalid_consent,5298,V32P-A038773,0,0.76010138988494869,0.77071869373321533,1,1
invalid_consent,5299,V32P-A038776,0,0.46540040969848634,0.48816953897476195,0,0
invalid_consent,5300,V32P-A038777,0,0.43438957333564759,0.45010141730308534,0,0
invalid_consent,5301,V32P-A038778,0,0.1564703956246376,0.16728988587856292,0,0
invalid_consent,5302,V32P-A038779,0,0.62792986631393433,0.66017668247222905,1,1
invalid_consent,5303,V32P-A038780,0,0.70710557699203491,0.73530256748199463,1,1
invalid_consent,5304,V32P-A038781,0,0.73350744247436528,0.76012825965881348,1,1
invalid_consent,5305,V32P-A038782,0,0.69978717565536497,0.73090622425079343,1,1
invalid_consent,5306,V32P-A038783,1,0.68213416337966915,0.71823810338974003,1,1
invalid_consent,5307,V32P-A038784,0,0.13040223643183707,0.13111375905573369,0,0
invalid_consent,5308,V32P-A038911,1,0.78195731639862065,0.80608122348785405,1,1
invalid_consent,5309,V32P-A038912,1,0.70463377237319946,0.73461540937423708,1,1
invalid_consent,5310,V32P-A038913,0,0.21609964966773987,0.22341156303882598,0,0
invalid_consent,5311,V32P-A038914,0,0.16134444177150725,0.16519102305173874,0,0
invalid_consent,5312,V32P-A038915,0,0.11579515561461448,0.11610141247510911,0,0
invalid_consent,5313,V32P-A038916,0,0.047824269346892836,0.045660135149955747,0,0
invalid_consent,5314,V32P-A038941,0,0.60898139476776125,0.62772743701934819,0,1
invalid_consent,5315,V32P-A038942,0,0.48159729242324828,0.50009918212890625,0,0
invalid_consent,5316,V32P-A038943,0,0.40847499370574952,0.46129415035247801,0,0
invalid_consent,5317,V32P-A038944,0,0.41713316440582277,0.4371523678302765,0,0
invalid_consent,5318,V32P-A038945,0,0.38983620703220367,0.40825966596603391,0,0
invalid_consent,5319,V32P-A038946,0,0.16564850509166718,0.1727123200893402,0,0
invalid_consent,5320,V32P-A039013,1,0.72088454961776738,0.73364835977554321,1,1
invalid_consent,5321,V32P-A039014,1,0.64331072568893433,0.65473105907440188,1,1
invalid_consent,5322,V32P-A039015,1,0.58436343669891355,0.59140144586563115,0,0
invalid_consent,5323,V32P-A039016,0,0.1354980781674385,0.13121416121721269,0,0
invalid_consent,5324,V32P-A039017,0,0.088254971057176584,0.085382040590047836,0,0
invalid_consent,5325,V32P-A039018,0,0.03618247527629137,0.035334056988358495,0,0
invalid_consent,5326,V32P-A039031,0,0.62743915319442745,0.62980747222900391,1,1
invalid_consent,5327,V32P-A039032,0,0.53087922930717468,0.53640010356903078,0,0
invalid_consent,5328,V32P-A039033,0,0.47263930439949037,0.47876343727111814,0,0
invalid_consent,5329,V32P-A039034,0,0.45471006035804751,0.46227991580963135,0,0
invalid_consent,5330,V32P-A039035,1,0.34259103536605834,0.34697923660278318,0,0
invalid_consent,5331,V32P-A039036,0,0.030740574281662703,0.027814237400889397,0,0
invalid_consent,5332,V32P-A039061,0,0.54142301678657534,0.56314195990562443,0,0
invalid_consent,5333,V32P-A039062,0,0.33762755095958707,0.40283477008342744,0,0
invalid_consent,5334,V32P-A039063,0,0.35410364270210265,0.38996383547782898,0,0
invalid_consent,5335,V32P-A039064,0,0.26316921412944794,0.29700845181941987,0,0
invalid_consent,5336,V32P-A039065,0,0.19427368342876433,0.22188116610050201,0,0
invalid_consent,5337,V32P-A039066,0,0.080104118585586553,0.088054990768432623,0,0
invalid_consent,5338,V32P-A039121,0,0.79942260980606084,0.80247614383697508,1,1
invalid_consent,5339,V32P-A039124,0,0.62642722129821782,0.63332575559616089,1,1
invalid_consent,5340,V32P-A039125,0,0.49502338767051696,0.49791040420532229,0,0
invalid_consent,5341,V32P-A039126,0,0.29209908843040466,0.28768597841262816,0,0
invalid_consent,5342,V32P-A039175,0,0.69695540666580202,0.70148415565490718,1,1
invalid_consent,5343,V32P-A039178,0,0.39611582756042479,0.4148445725440979,0,0
invalid_consent,5344,V32P-A039179,0,0.37818339467048645,0.39023844599723817,0,0
invalid_consent,5345,V32P-A039180,0,0.10851880013942719,0.11445840001106262,0,0
invalid_consent,5346,V32P-A039199,0,0.77133990526199336,0.78382090330123899,1,1
invalid_consent,5347,V32P-A039200,0,0.66799645423889165,0.68588140010833742,1,1
invalid_consent,5348,V32P-A039201,0,0.58657478094100957,0.60531760454177852,0,0
invalid_consent,5349,V32P-A039202,0,0.52420290112495427,0.54412060379981997,0,0
invalid_consent,5350,V32P-A039203,0,0.49529772996902466,0.51201604008674617,0,0
invalid_consent,5351,V32P-A039204,0,0.19499023407697677,0.20138843059539796,0,0
invalid_consent,5352,V32P-A039229,0,0.66203880310058594,0.66361097097396848,1,1
invalid_consent,5353,V32P-A039230,0,0.64315664768218994,0.64024177789688108,1,1
invalid_consent,5354,V32P-A039231,0,0.55772179961204527,0.54697777628898625,0,0
invalid_consent,5355,V32P-A039232,0,0.57106860876083376,0.56536411046981816,0,0
invalid_consent,5356,V32P-A039233,1,0.47456057071685792,0.49257485270500184,0,0
invalid_consent,5357,V32P-A039234,0,0.031757873296737668,0.031395746208727357,0,0
invalid_consent,5358,V32P-A039259,0,0.69186820983886721,0.70173528194427492,1,1
invalid_consent,5359,V32P-A039260,0,0.67300384044647221,0.67956283092498782,1,1
invalid_consent,5360,V32P-A039262,0,0.53350099921226501,0.54545518755912781,0,0
invalid_consent,5361,V32P-A039263,0,0.4603188097476959,0.50889783501625063,0,0
invalid_consent,5362,V32P-A039264,0,0.19138159453868867,0.1956288605928421,0,0
invalid_consent,5363,V32P-A039337,0,0.60754559636116023,0.62400203347206118,0,1
invalid_consent,5364,V32P-A039338,0,0.42235792279243467,0.44988549947738649,0,0
invalid_consent,5365,V32P-A039339,0,0.39414995312690737,0.41517990827560425,0,0
invalid_consent,5366,V32P-A039340,0,0.43900474905967712,0.44895166754722593,0,0
invalid_consent,5367,V32P-A039341,0,0.39185212254524232,0.39868281483650209,0,0
invalid_consent,5368,V32P-A039342,0,0.18997824341058731,0.18813252747058867,0,0
invalid_consent,5369,V32P-A039355,0,0.59837155342102055,0.59395461678504946,0,0
invalid_consent,5370,V32P-A039356,0,0.58291008472442629,0.58048327565193181,0,0
invalid_consent,5371,V32P-A039358,0,0.42078810632228852,0.42158057093620299,0,0
invalid_consent,5372,V32P-A039359,0,0.31249875128269194,0.31320562064647672,0,0
invalid_consent,5373,V32P-A039360,0,0.13161848336458207,0.13168911784887313,0,0
invalid_consent,5374,V32P-A039409,0,0.51445668935775757,0.53813996911048889,0,0
invalid_consent,5375,V32P-A039410,0,0.5916231751441956,0.6116230964660645,0,0
invalid_consent,5376,V32P-A039412,1,0.61343593001365659,0.63156485557556152,0,1
invalid_consent,5377,V32P-A039413,0,0.084308607876300817,0.083831554651260382,0,0
invalid_consent,5378,V32P-A039414,0,0.04274859391152859,0.041440791822969912,0,0
invalid_consent,5379,V32P-A039463,0,0.73255257606506352,0.74127169847488406,1,1
invalid_consent,5380,V32P-A039464,0,0.68713915348052979,0.69729006290435791,1,1
invalid_consent,5381,V32P-A039465,0,0.60408092737197872,0.62268581390380862,0,1
invalid_consent,5382,V32P-A039466,0,0.51970211863517757,0.54335505366325376,0,0
invalid_consent,5383,V32P-A039467,1,0.43064083456993102,0.45292241573333741,0,0
invalid_consent,5384,V32P-A039468,0,0.03121773023158312,0.02928378265351057,0,0
invalid_consent,5385,V32P-A039487,0,0.67684735059738155,0.67549713850021365,1,1
invalid_consent,5386,V32P-A039488,0,0.54203253388404848,0.54849141836166382,0,0
invalid_consent,5387,V32P-A039490,0,0.41536426544189453,0.42815709710121153,0,0
invalid_consent,5388,V32P-A039491,0,0.31014227569103242,0.32394008040428163,0,0
invalid_consent,5389,V32P-A039492,0,0.13676689118146895,0.14131610095500946,0,0
invalid_consent,5390,V32P-A039541,0,0.82736785411834712,0.83350783586502075,1,1
invalid_consent,5391,V32P-A039544,0,0.606449818611145,0.61944006681442265,0,0
invalid_consent,5392,V32P-A039545,0,0.54200112223625185,0.56017947793006895,0,0
invalid_consent,5393,V32P-A039546,0,0.27549015581607816,0.28744658827781677,0,0
invalid_consent,5394,V32P-A039565,0,0.44852098822593689,0.47642423510551452,0,0
invalid_consent,5395,V32P-A039566,0,0.43087359666824343,0.46018365025520325,0,0
invalid_consent,5396,V32P-A039567,0,0.39441998600959777,0.42534699440002444,0,0
invalid_consent,5397,V32P-A039568,0,0.3508866846561432,0.37928493022918702,0,0
invalid_consent,5398,V32P-A039569,0,0.28805918991565704,0.30793859958648684,0,0
invalid_consent,5399,V32P-A039570,0,0.1415746182203293,0.14189555197954179,0,0
invalid_consent,5400,V32P-A039577,0,0.74618172645568848,0.74335993528366084,1,1
invalid_consent,5401,V32P-A039578,0,0.64652353525161743,0.64170954227447508,1,1
invalid_consent,5402,V32P-A039580,0,0.44925150275230408,0.44891704916954039,0,0
invalid_consent,5403,V32P-A039581,0,0.35844785571098325,0.35915950536727903,0,0
invalid_consent,5404,V32P-A039582,0,0.14609714746475219,0.14547495245933534,0,0
invalid_consent,5405,V32P-A039583,0,0.7004962205886841,0.70545212030410764,1,1
invalid_consent,5406,V32P-A039584,0,0.46392074823379514,0.5059755921363831,0,0
invalid_consent,5407,V32P-A039585,0,0.4884496867656708,0.49863361716270449,0,0
invalid_consent,5408,V32P-A039586,0,0.3702275216579437,0.37515482306480408,0,0
invalid_consent,5409,V32P-A039587,0,0.28825641274452207,0.29292461872100828,0,0
invalid_consent,5410,V32P-A039588,0,0.12032661586999893,0.1232614979147911,0,0
invalid_consent,5411,V32P-A039601,0,0.58994038105010982,0.60135862231254578,0,0
invalid_consent,5412,V32P-A039602,0,0.47760379314422607,0.49326256513595579,0,0
invalid_consent,5413,V32P-A039603,0,0.44809724688529967,0.46984006166458131,0,0
invalid_consent,5414,V32P-A039604,0,0.35251007080078123,0.3843428075313568,0,0
invalid_consent,5415,V32P-A039605,0,0.26838153004646303,0.29718531072139742,0,0
invalid_consent,5416,V32P-A039606,0,0.11303971856832504,0.1215285375714302,0,0
invalid_consent,5417,V32P-A039661,0,0.63770920038223267,0.65420873165130611,1,1
invalid_consent,5418,V32P-A039662,0,0.58255468606948857,0.60132871866226201,0,0
invalid_consent,5419,V32P-A039663,0,0.52216082811355591,0.54566341042518618,0,0
invalid_consent,5420,V32P-A039664,1,0.43535148501396181,0.46691608428955078,0,0
invalid_consent,5421,V32P-A039665,0,0.081428741291165355,0.077469669282436371,0,0
invalid_consent,5422,V32P-A039666,0,0.038872447796165943,0.036652886494994166,0,0
invalid_consent,5423,V32P-A039679,0,0.63639761209487911,0.66143692731857295,1,1
invalid_consent,5424,V32P-A039682,0,0.37744789123535155,0.39568071365356444,0,0
invalid_consent,5425,V32P-A039683,0,0.30571393370628358,0.32048289775848388,0,0
invalid_consent,5426,V32P-A039684,0,0.12397372275590897,0.13106048554182054,0,0
invalid_consent,5427,V32P-A039703,0,0.73641582727432253,0.74250601530075078,1,1
invalid_consent,5428,V32P-A039704,0,0.67080551385879517,0.67701672315597539,1,1
invalid_consent,5429,V32P-A039705,0,0.61092070341110227,0.6308468818664551,0,1
invalid_consent,5430,V32P-A039706,0,0.56571240425109859,0.57305183410644533,0,0
invalid_consent,5431,V32P-A039707,0,0.46897376775741578,0.47588942646980287,0,0
invalid_consent,5432,V32P-A039708,0,0.22384865283966066,0.22773164510726929,0,0
invalid_consent,5433,V32P-A039739,0,0.67333741188049312,0.6870786070823669,1,1
invalid_consent,5434,V32P-A039740,0,0.6744255900382996,0.69129519462585454,1,1
invalid_consent,5435,V32P-A039741,0,0.69491788148880007,0.70973368883132937,1,1
invalid_consent,5436,V32P-A039742,0,0.63890846967697146,0.65839005708694454,1,1
invalid_consent,5437,V32P-A039743,0,0.58989414572715759,0.61233853101730351,0,0
invalid_consent,5438,V32P-A039744,0,0.36038191616535187,0.3756435364484787,0,0
invalid_consent,5439,V32P-A039769,0,0.69074536561965938,0.70982638597488401,1,1
invalid_consent,5440,V32P-A039770,0,0.64743063449859617,0.66482574939727779,1,1
invalid_consent,5441,V32P-A039771,0,0.61309676170349126,0.65471524596214292,0,1
invalid_consent,5442,V32P-A039772,0,0.56628900170326235,0.59873837828636167,0,0
invalid_consent,5443,V32P-A039773,0,0.4948743522167206,0.53060989975929262,0,0
invalid_consent,5444,V32P-A039774,0,0.22792111635208129,0.25830903351306916,0,0
invalid_consent,5445,V32P-A039814,1,0.55724681019783018,0.62421247959136961,0,1
invalid_consent,5446,V32P-A039815,0,0.058826009556651113,0.058243764191865922,0,0
invalid_consent,5447,V32P-A039816,0,0.024902808852493762,0.02400066200643778,0,0
invalid_consent,5448,V32P-A039841,0,0.59548090696334843,0.61319433450698857,0,0
invalid_consent,5449,V32P-A039842,0,0.48282608389854431,0.50549053549766543,0,0
invalid_consent,5450,V32P-A039843,0,0.44601469039916991,0.47082061767578126,0,0
invalid_consent,5451,V32P-A039844,0,0.37724593877792356,0.40169579982757569,0,0
invalid_consent,5452,V32P-A039845,0,0.29939340054988861,0.31925375163555147,0,0
invalid_consent,5453,V32P-A039846,0,0.14018624275922775,0.14601537287235261,0,0
invalid_consent,5454,V32P-A039859,0,0.40178654789924623,0.42321217060089111,0,0
invalid_consent,5455,V32P-A039860,0,0.41113063097000124,0.43448404073715208,0,0
invalid_consent,5456,V32P-A039861,0,0.38640294075012205,0.4076018691062927,0,0
invalid_consent,5457,V32P-A039862,0,0.32781905531883238,0.34779651165008546,0,0
invalid_consent,5458,V32P-A039863,0,0.25928516089916231,0.27406950891017912,0,0
invalid_consent,5459,V32P-A039864,0,0.11287540197372437,0.11772480905056,0,0
invalid_consent,5460,V32P-A039877,0,0.78797075748443601,0.81536462306976321,1,1
invalid_consent,5461,V32P-A039878,0,0.68811513185501094,0.72168961763381956,1,1
invalid_consent,5462,V32P-A039879,0,0.62340192794799809,0.65843868255615234,1,1
invalid_consent,5463,V32P-A039880,0,0.57490290999412541,0.60941748619079594,0,0
invalid_consent,5464,V32P-A039881,0,0.54053118228912356,0.57317283153533938,0,0
invalid_consent,5465,V32P-A039882,0,0.28211267292499542,0.3013249307870865,0,0
invalid_consent,5466,V32P-A039895,0,0.49178498387336733,0.49657692909240725,0,0
invalid_consent,5467,V32P-A039898,0,0.48214573860168458,0.50986719131469727,0,0
invalid_consent,5468,V32P-A039899,0,0.37189561724662779,0.39960762262344363,0,0
invalid_consent,5469,V32P-A039900,0,0.16299780458211899,0.17770978063344955,0,0
invalid_consent,5470,V32P-A039901,0,0.34271445870399475,0.35371270179748537,0,0
invalid_consent,5471,V32P-A039902,0,0.34270785450935365,0.35654560327529905,0,0
invalid_consent,5472,V32P-A039903,0,0.36892487406730651,0.38389087319374082,0,0
invalid_consent,5473,V32P-A039904,0,0.2858177125453949,0.29350290000438689,0,0
invalid_consent,5474,V32P-A039905,0,0.20357727259397507,0.24085614085197449,0,0
invalid_consent,5475,V32P-A039906,0,0.10885556191205978,0.1097397893667221,0,0
invalid_consent,5476,V32P-A039910,0,0.52512845396995544,0.55120853185653684,0,0
invalid_consent,5477,V32P-A039911,0,0.35391834974288938,0.3840015769004822,0,0
invalid_consent,5478,V32P-A039912,0,0.1536061868071556,0.16593883633613588,0,0
invalid_consent,5479,V32P-A039931,0,0.36740549504756925,0.37412690818309785,0,0
invalid_consent,5480,V32P-A039932,0,0.46107062697410583,0.47570502161979678,0,0
invalid_consent,5481,V32P-A039933,0,0.4303189992904663,0.44400245547294614,0,0
invalid_consent,5482,V32P-A039934,0,0.36314699649810789,0.3748885214328766,0,0
invalid_consent,5483,V32P-A039935,1,0.28634962439537048,0.29338736236095431,0,0
invalid_consent,5484,V32P-A039936,0,0.02201482029631734,0.020215398166328669,0,0
invalid_consent,5485,V32P-A040003,0,0.46571407914161683,0.46221605539321897,0,0
invalid_consent,5486,V32P-A040004,0,0.54327131509780879,0.53990381360054018,0,0
invalid_consent,5487,V32P-A040005,0,0.52092108130455017,0.52122808694839473,0,0
invalid_consent,5488,V32P-A040006,0,0.42626070976257324,0.43417466878890992,0,0
invalid_consent,5489,V32P-A040007,0,0.33662193119525907,0.34795145392417909,0,0
invalid_consent,5490,V32P-A040008,0,0.14490453302860259,0.15451468229293824,0,0
invalid_consent,5491,V32P-A040099,0,0.46166005134582522,0.47879231572151182,0,0
invalid_consent,5492,V32P-A040100,0,0.48432323336601257,0.50349997878074648,0,0
invalid_consent,5493,V32P-A040101,0,0.37891678810119628,0.40541961789131165,0,0
invalid_consent,5494,V32P-A040102,0,0.31567249298095701,0.34858703017234804,0,0
invalid_consent,5495,V32P-A040103,0,0.25027377009391782,0.28060460984706881,0,0
invalid_consent,5496,V32P-A040104,0,0.11516799479722976,0.12569838017225266,0,0
invalid_consent,5497,V32P-A040129,0,0.63545490503311153,0.63884847164154057,1,1
invalid_consent,5498,V32P-A040130,0,0.60457489490509031,0.60514732599258425,0,0
invalid_consent,5499,V32P-A040132,0,0.63009055852890017,0.62708607912063596,1,1
invalid_consent,5500,V32P-A040133,0,0.55304607152938845,0.5444734454154968,0,0
invalid_consent,5501,V32P-A040134,0,0.28976891338825228,0.28120004832744599,0,0
invalid_consent,5502,V32P-A040165,0,0.79409649372100832,0.80899426937103269,1,1
invalid_consent,5503,V32P-A040168,0,0.57836261987686155,0.60157564878463743,0,0
invalid_consent,5504,V32P-A040169,1,0.48950709700584411,0.51730574369430538,0,0
invalid_consent,5505,V32P-A040170,0,0.03956849109381437,0.03635796532034874,0,0
invalid_consent,5506,V32P-A040183,0,0.66880033016204832,0.68013105392456052,1,1
invalid_consent,5507,V32P-A040184,0,0.69295768737792973,0.71487177610397334,1,1
invalid_consent,5508,V32P-A040185,0,0.53712963461875918,0.55263388156890869,0,0
invalid_consent,5509,V32P-A040186,0,0.44185684919357299,0.46194220781326295,0,0
invalid_consent,5510,V32P-A040187,1,0.38589692711830137,0.41148213744163514,0,0
invalid_consent,5511,V32P-A040188,0,0.034771048557013275,0.03175493236631155,0,0
invalid_consent,5512,V32P-A040195,0,0.73561824560165401,0.75561066865921023,1,1
invalid_consent,5513,V32P-A040196,0,0.65238031148910525,0.67689495086669926,1,1
invalid_consent,5514,V32P-A040197,0,0.56264530420303349,0.58992671370506289,0,0
invalid_consent,5515,V32P-A040198,0,0.5137922465801239,0.54227370023727417,0,0
invalid_consent,5516,V32P-A040199,0,0.40493795275688171,0.47749576568603513,0,0
invalid_consent,5517,V32P-A040200,0,0.20989688038825988,0.22827442288398742,0,0
invalid_consent,5518,V32P-A040231,0,0.68511579036712644,0.68753648400306699,1,1
invalid_consent,5519,V32P-A040232,0,0.52760657668113708,0.54705820083618162,0,0
invalid_consent,5520,V32P-A040233,0,0.42743557393550874,0.44904133379459382,0,0
invalid_consent,5521,V32P-A040234,0,0.35167107582092283,0.37379785180091857,0,0
invalid_consent,5522,V32P-A040235,0,0.31802610754966737,0.34222600758075716,0,0
invalid_consent,5523,V32P-A040236,0,0.14080874919891356,0.15063353031873702,0,0
invalid_consent,5524,V32P-A040237,0,0.3560226082801819,0.35949864387512209,0,0
invalid_consent,5525,V32P-A040238,0,0.3940001964569092,0.39735126495361328,0,0
invalid_consent,5526,V32P-A040239,0,0.39724559187889097,0.40438547730445862,0,0
invalid_consent,5527,V32P-A040240,0,0.38469043374061584,0.38864980340003968,0,0
invalid_consent,5528,V32P-A040241,1,0.30493403971195221,0.31303383409976959,0,0
invalid_consent,5529,V32P-A040242,0,0.024587693437933923,0.02370438715443015,0,0
invalid_consent,5530,V32P-A040255,0,0.40096750259399416,0.39899395108222963,0,0
invalid_consent,5531,V32P-A040258,0,0.34507706165313723,0.33705288469791411,0,0
invalid_consent,5532,V32P-A040259,0,0.27054929435253144,0.26291227936744688,0,0
invalid_consent,5533,V32P-A040260,0,0.12180451154708863,0.11957997232675552,0,0
invalid_consent,5534,V32P-A040297,0,0.65034853219985966,0.67967128753662109,1,1
invalid_consent,5535,V32P-A040298,0,0.43872715234756471,0.48021971583366396,0,0
invalid_consent,5536,V32P-A040299,0,0.32877230346202851,0.36685106754302976,0,0
invalid_consent,5537,V32P-A040300,0,0.24626098573207855,0.2720755159854889,0,0
invalid_consent,5538,V32P-A040301,0,0.23354289233684539,0.26218187510967256,0,0
invalid_consent,5539,V32P-A040302,0,0.094552960991859433,0.10195911079645156,0,0
invalid_consent,5540,V32P-A040315,1,0.76487119197845455,0.77963573932647701,1,1
invalid_consent,5541,V32P-A040316,1,0.77773908376693723,0.80818345546722414,1,1
invalid_consent,5542,V32P-A040317,1,0.58862431645393376,0.6154589891433716,0,0
invalid_consent,5543,V32P-A040318,0,0.161599949747324,0.15517322421073915,0,0
invalid_consent,5544,V32P-A040319,0,0.12463989481329918,0.11983453258872032,0,0
invalid_consent,5545,V32P-A040320,0,0.061077900044620034,0.058004896715283395,0,0
invalid_consent,5546,V32P-A040375,0,0.48718263506889342,0.49764664769172667,0,0
invalid_consent,5547,V32P-A040376,0,0.58375977873802187,0.59511123895645146,0,0
invalid_consent,5548,V32P-A040378,0,0.46488137841224669,0.4739066779613495,0,0
invalid_consent,5549,V32P-A040379,0,0.37566867470741272,0.38604804873466492,0,0
invalid_consent,5550,V32P-A040380,0,0.026248754374682902,0.025889195688068866,0,0
invalid_consent,5551,V32P-A040387,0,0.3970491111278534,0.42016759514808655,0,0
invalid_consent,5552,V32P-A040388,0,0.45816103816032411,0.48462543487548826,0,0
invalid_consent,5553,V32P-A040389,0,0.437365198135376,0.46009641885757446,0,0
invalid_consent,5554,V32P-A040390,0,0.38611181974411013,0.40707872509956361,0,0
invalid_consent,5555,V32P-A040391,0,0.32251420319080354,0.33719630539417267,0,0
invalid_consent,5556,V32P-A040392,0,0.15987493544816972,0.16572629064321517,0,0
invalid_consent,5557,V32P-A040399,0,0.7362799763679504,0.746381688117981,1,1
invalid_consent,5558,V32P-A040400,0,0.47601276636123657,0.52058138847351076,0,0
invalid_consent,5559,V32P-A040401,0,0.7083341717720032,0.71786262989044192,1,1
invalid_consent,5560,V32P-A040402,0,0.61867659091949467,0.63250548839569087,0,1
invalid_consent,5561,V32P-A040403,0,0.46198366284370423,0.47969604134559629,0,0
invalid_consent,5562,V32P-A040404,0,0.20050497651100158,0.20853578746318818,0,0
invalid_consent,5563,V32P-A040477,0,0.48894842267036437,0.49390587210655212,0,0
invalid_consent,5564,V32P-A040478,0,0.53071419596672054,0.54142126441001892,0,0
invalid_consent,5565,V32P-A040479,0,0.51553145051002502,0.52537369132041933,0,0
invalid_consent,5566,V32P-A040480,0,0.4458304286003113,0.45145152211189271,0,0
invalid_consent,5567,V32P-A040481,0,0.38391586542129519,0.38828063607215879,0,0
invalid_consent,5568,V32P-A040482,0,0.19522427171468734,0.19759797900915146,0,0
invalid_consent,5569,V32P-A040528,0,0.081259343400597567,0.080373137816786761,0,0
invalid_consent,5570,V32P-A040529,0,0.059938776865601541,0.058827583491802213,0,0
invalid_consent,5571,V32P-A040530,0,0.026604995317757129,0.024988451786339284,0,0
invalid_consent,5572,V32P-A040597,0,0.70773599147796629,0.72474229335784912,1,1
invalid_consent,5573,V32P-A040598,0,0.71517181396484375,0.74309428930282595,1,1
invalid_consent,5574,V32P-A040599,0,0.66282742023468022,0.68283731937408443,1,1
invalid_consent,5575,V32P-A040600,0,0.57449979782104488,0.60545375347137453,0,0
invalid_consent,5576,V32P-A040601,0,0.48605117201805115,0.52100512385368347,0,0
invalid_consent,5577,V32P-A040602,0,0.23707042336463929,0.25764882564544678,0,0
invalid_consent,5578,V32P-A040609,0,0.33948612809181211,0.34764202535152433,0,0
invalid_consent,5579,V32P-A040610,0,0.32470022737979887,0.33401350080966952,0,0
invalid_consent,5580,V32P-A040611,0,0.28458017110824585,0.29361265003681181,0,0
invalid_consent,5581,V32P-A040612,0,0.23067457526922225,0.24004143774509429,0,0
invalid_consent,5582,V32P-A040613,0,0.17941089123487472,0.18809814006090164,0,0
invalid_consent,5583,V32P-A040614,0,0.084677686542272562,0.088026939332485205,0,0
invalid_consent,5584,V32P-A040711,1,0.54352076649665837,0.56241562962532043,0,0
invalid_consent,5585,V32P-A040712,1,0.51513925194740295,0.56563071608543392,0,0
invalid_consent,5586,V32P-A040713,0,0.083987171202898031,0.077573657035827637,0,0
invalid_consent,5587,V32P-A040714,0,0.073696346394717699,0.069419800862669939,0,0
invalid_consent,5588,V32P-A040715,0,0.052082171477377412,0.048509109020233157,0,0
invalid_consent,5589,V32P-A040716,0,0.024262757506221533,0.02222738303244114,0,0
invalid_consent,5590,V32P-A040741,0,0.66482460498809814,0.66484888792037966,1,1
invalid_consent,5591,V32P-A040742,0,0.46315801739692686,0.47424806356430055,0,0
invalid_consent,5592,V32P-A040743,0,0.40349584817886353,0.41726420521736146,0,0
invalid_consent,5593,V32P-A040744,0,0.31935743689537049,0.33365662693977355,0,0
invalid_consent,5594,V32P-A040745,0,0.24985242187976836,0.25917159616947172,0,0
invalid_consent,5595,V32P-A040746,0,0.11446172595024109,0.11554419696331024,0,0
invalid_consent,5596,V32P-A040753,0,0.59779875278472905,0.61302909851074217,0,0
invalid_consent,5597,V32P-A040754,0,0.45873284339904785,0.46442450881004332,0,0
invalid_consent,5598,V32P-A040756,0,0.42138866782188417,0.41907492280006409,0,0
invalid_consent,5599,V32P-A040757,0,0.32861105203628538,0.32795714139938353,0,0
invalid_consent,5600,V32P-A040758,0,0.16216300278902054,0.16519384533166886,0,0
invalid_consent,5601,V32P-A040867,0,0.41742814183235166,0.41977344751358031,0,0
invalid_consent,5602,V32P-A040868,0,0.41300248503685,0.41753947138786318,0,0
invalid_consent,5603,V32P-A040870,0,0.27052264511585233,0.28716351389884948,0,0
invalid_consent,5604,V32P-A040871,0,0.22214437127113343,0.23780883550643922,0,0
invalid_consent,5605,V32P-A040872,0,0.10810154750943184,0.11274355053901672,0,0
invalid_consent,5606,V32P-A040873,0,0.46704059839248657,0.47747203111648562,0,0
invalid_consent,5607,V32P-A040874,0,0.46942940950393675,0.48054843544960024,0,0
invalid_consent,5608,V32P-A040876,0,0.30078558623790741,0.31737259030342102,0,0
invalid_consent,5609,V32P-A040877,0,0.24434474706649781,0.25984323620796201,0,0
invalid_consent,5610,V32P-A040878,0,0.11232149600982666,0.11934476047754287,0,0
invalid_consent,5611,V32P-A040885,1,0.59268339872360232,0.62515133619308472,0,1
invalid_consent,5612,V32P-A040886,1,0.43714308738708496,0.47415684461593627,0,0
invalid_consent,5613,V32P-A040887,1,0.36450743079185488,0.40661533474922179,0,0
invalid_consent,5614,V32P-A040888,0,0.084363072365522387,0.085935582220554349,0,0
invalid_consent,5615,V32P-A040889,0,0.049715077877044676,0.049669816344976428,0,0
invalid_consent,5616,V32P-A040890,0,0.021724869310855866,0.021453578118234874,0,0
invalid_consent,5617,V32P-A040963,0,0.81207524538040166,0.82688232660293581,1,1
invalid_consent,5618,V32P-A040966,0,0.53587924838066103,0.57442055940628056,0,0
invalid_consent,5619,V32P-A040967,0,0.43147231936454772,0.47113751769065859,0,0
invalid_consent,5620,V32P-A040968,0,0.18239043653011322,0.19901831448078156,0,0
invalid_consent,5621,V32P-A041011,0,0.46318638920783994,0.47220942974090574,0,0
invalid_consent,5622,V32P-A041012,0,0.45409668087959287,0.46038228869438169,0,0
invalid_consent,5623,V32P-A041013,0,0.43421368598937987,0.43668972253799437,0,0
invalid_consent,5624,V32P-A041014,1,0.37916805148124694,0.37420189976692197,0,0
invalid_consent,5625,V32P-A041015,0,0.056196056306362152,0.052623423933982852,0,0
invalid_consent,5626,V32P-A041016,0,0.024769648537039758,0.023918825853615999,0,0
invalid_consent,5627,V32P-A041035,1,0.76287450790405276,0.76342452764511104,1,1
invalid_consent,5628,V32P-A041036,1,0.58845621347427368,0.5771042048931122,0,0
invalid_consent,5629,V32P-A041038,0,0.085897985845804214,0.077914957702159879,0,0
invalid_consent,5630,V32P-A041039,0,0.065807570144534117,0.059886037185788152,0,0
invalid_consent,5631,V32P-A041040,0,0.029976598918437958,0.02734914030879736,0,0
invalid_consent,5632,V32P-A041119,0,0.62441872358322148,0.63487563133239744,1,1
invalid_consent,5633,V32P-A041120,0,0.58911453485488896,0.60140573978424072,0,0
invalid_consent,5634,V32P-A041121,0,0.5531735956668854,0.57152933478355405,0,0
invalid_consent,5635,V32P-A041122,0,0.47715540528297423,0.50278272032737736,0,0
invalid_consent,5636,V32P-A041123,0,0.36662096977233888,0.39052773118019102,0,0
invalid_consent,5637,V32P-A041124,0,0.15535470098257065,0.16490783244371415,0,0
invalid_consent,5638,V32P-A041143,0,0.68847274780273438,0.70189328193664546,1,1
invalid_consent,5639,V32P-A041144,0,0.60772836804389951,0.64196974039077759,0,1
invalid_consent,5640,V32P-A041145,0,0.65299136638641353,0.66961162090301518,1,1
invalid_consent,5641,V32P-A041146,0,0.62851612567901616,0.6501945495605469,1,1
invalid_consent,5642,V32P-A041147,0,0.59729063510894775,0.62050563097000122,0,1
invalid_consent,5643,V32P-A041148,0,0.053305932693183421,0.050067191198468211,0,0
invalid_consent,5644,V32P-A041155,0,0.53349303603172304,0.55740276575088499,0,0
invalid_consent,5645,V32P-A041156,0,0.57960095405578616,0.60622321367263798,0,0
invalid_consent,5646,V32P-A041157,0,0.57704267501831052,0.59997514486312864,0,0
invalid_consent,5647,V32P-A041158,0,0.53937250971794126,0.56120977401733396,0,0
invalid_consent,5648,V32P-A041159,0,0.48820948004722597,0.50784100294113155,0,0
invalid_consent,5649,V32P-A041160,0,0.27510380446910859,0.27834913730621336,0,0
invalid_consent,5650,V32P-A041263,1,0.75738996267318726,0.7694467306137085,1,1
invalid_consent,5651,V32P-A041264,1,0.75056697130203243,0.76271870136260989,1,1
invalid_consent,5652,V32P-A041265,1,0.802985155582428,0.8114905476570129,1,1
invalid_consent,5653,V32P-A041266,0,0.3153629392385483,0.3008248507976532,0,0
invalid_consent,5654,V32P-A041267,0,0.14883171245455742,0.13928939774632454,0,0
invalid_consent,5655,V32P-A041268,0,0.061243108287453649,0.056332975253462793,0,0
invalid_consent,5656,V32P-A041293,0,0.49967385530471803,0.53562380671501164,0,0
invalid_consent,5657,V32P-A041294,0,0.42387304306030271,0.45802604556083681,0,0
invalid_consent,5658,V32P-A041295,0,0.38912984728813171,0.42815980315208435,0,0
invalid_consent,5659,V32P-A041296,0,0.33080055713653567,0.37266567349433899,0,0
invalid_consent,5660,V32P-A041297,0,0.26641100645065308,0.30558406710624697,0,0
invalid_consent,5661,V32P-A041298,0,0.1248801440000534,0.14269955903291703,0,0
invalid_consent,5662,V32P-A041299,0,0.76575967073440554,0.78309983015060425,1,1
invalid_consent,5663,V32P-A041300,0,0.67814737558364868,0.70011336803436275,1,1
invalid_consent,5664,V32P-A041302,1,0.59909160137176509,0.62782744169235227,0,1
invalid_consent,5665,V32P-A041303,0,0.11831990331411361,0.11408934742212296,0,0
invalid_consent,5666,V32P-A041304,0,0.049055111967027186,0.046466474793851374,0,0
invalid_consent,5667,V32P-A041317,0,0.4747136175632477,0.48947086334228518,0,0
invalid_consent,5668,V32P-A041320,0,0.24703401327133179,0.25605053901672364,0,0
invalid_consent,5669,V32P-A041321,0,0.19730739444494247,0.2089921936392784,0,0
invalid_consent,5670,V32P-A041322,0,0.10027639120817185,0.10511782243847848,0,0
invalid_consent,5671,V32P-A041653,0,0.80400238037109373,0.8149858355522156,1,1
invalid_consent,5672,V32P-A041656,0,0.69535051584243779,0.71378420591354375,1,1
invalid_consent,5673,V32P-A041657,0,0.59481559395790096,0.61743113398551941,0,0
invalid_consent,5674,V32P-A041658,0,0.048486301116645335,0.046350340917706491,0,0
invalid_consent,5675,V32P-A041665,0,0.4784268796443939,0.49078344106674193,0,0
invalid_consent,5676,V32P-A041666,0,0.43455606698989868,0.443810498714447,0,0
invalid_consent,5677,V32P-A041668,0,0.31989093124866486,0.33780409693717955,0,0
invalid_consent,5678,V32P-A041669,0,0.3142578274011612,0.34184840917587278,0,0
invalid_consent,5679,V32P-A041670,0,0.15462891012430191,0.16664657294750213,0,0
invalid_consent,5680,V32P-A041701,0,0.61063089966773987,0.62661701440811157,0,1
invalid_consent,5681,V32P-A041702,0,0.54236997365951534,0.55966997742652891,0,0
invalid_consent,5682,V32P-A041704,0,0.37065560221672056,0.38760398626327514,0,0
invalid_consent,5683,V32P-A041705,1,0.31929319202899931,0.33696784377098082,0,0
invalid_consent,5684,V32P-A041706,0,0.031197875365614892,0.029519557021558285,0,0
invalid_consent,5685,V32P-A041773,0,0.66947267055511472,0.67560516595840459,1,1
invalid_consent,5686,V32P-A041774,0,0.63310797214508052,0.63292011022567751,1,1
invalid_consent,5687,V32P-A041776,0,0.49555400013923645,0.50128226876258852,0,0
invalid_consent,5688,V32P-A041777,0,0.39314709901809691,0.40300632715225221,0,0
invalid_consent,5689,V32P-A041778,0,0.16055989414453506,0.16819108873605729,0,0
invalid_consent,5690,V32P-A041791,0,0.73506656885147093,0.72635573148727417,1,1
invalid_consent,5691,V32P-A041792,0,0.66703990697860716,0.65361976623535156,1,1
invalid_consent,5692,V32P-A041793,0,0.71075593233108525,0.69812418222427364,1,1
invalid_consent,5693,V32P-A041794,0,0.63772153854370117,0.62736269235610964,1,1
invalid_consent,5694,V32P-A041795,0,0.64744491577148433,0.64034699201583867,1,1
invalid_consent,5695,V32P-A041796,0,0.43791486322879791,0.43837614655494689,0,0
invalid_consent,5696,V32P-A041803,0,0.82921020984649663,0.85209826231002805,1,1
invalid_consent,5697,V32P-A041804,0,0.71329280138015749,0.74530593156814573,1,1
invalid_consent,5698,V32P-A041806,0,0.52351173758506775,0.56101227402687071,0,0
invalid_consent,5699,V32P-A041807,0,0.52001459598541255,0.55445365905761723,0,0
invalid_consent,5700,V32P-A041808,0,0.25071121752262115,0.26404928565025332,0,0
invalid_consent,5701,V32P-A041815,0,0.67173330783843999,0.67795592546463013,1,1
invalid_consent,5702,V32P-A041816,0,0.57861496210098262,0.58590592145919795,0,0
invalid_consent,5703,V32P-A041817,0,0.47107437849044798,0.50111827850341795,0,0
invalid_consent,5704,V32P-A041818,0,0.46337289214134214,0.46603702306747435,0,0
invalid_consent,5705,V32P-A041819,0,0.37692569494247435,0.37514696121215818,0,0
invalid_consent,5706,V32P-A041820,0,0.16706494688987733,0.16493817418813705,0,0
invalid_consent,5707,V32P-A041863,0,0.77812207937240596,0.77986369132995603,1,1
invalid_consent,5708,V32P-A041864,0,0.65084645748138426,0.65333143472671507,1,1
invalid_consent,5709,V32P-A041865,0,0.56545722484588623,0.56851130127906802,0,0
invalid_consent,5710,V32P-A041866,0,0.53129669427871706,0.53113812804222105,0,0
invalid_consent,5711,V32P-A041867,1,0.53534421324729919,0.5326471269130707,0,0
invalid_consent,5712,V32P-A041868,0,0.035539283603429797,0.031777574494481084,0,0
invalid_consent,5713,V32P-A041875,0,0.5406166076660156,0.55391858816146855,0,0
invalid_consent,5714,V32P-A041876,0,0.52276872992515566,0.53422443270683284,0,0
invalid_consent,5715,V32P-A041877,0,0.50562149882316587,0.52164105176925657,0,0
invalid_consent,5716,V32P-A041878,0,0.42029957175254823,0.43560638427734377,0,0
invalid_consent,5717,V32P-A041879,0,0.3500625342130661,0.36574249565601347,0,0
invalid_consent,5718,V32P-A041880,0,0.1569881707429886,0.1688435196876526,0,0
invalid_consent,5719,V32P-A041953,1,0.82632600069046025,0.82748759984970088,1,1
invalid_consent,5720,V32P-A041954,1,0.74662026166915896,0.75317531824111938,1,1
invalid_consent,5721,V32P-A041956,0,0.20695171505212784,0.19468756914138793,0,0
invalid_consent,5722,V32P-A041957,0,0.14398935511708261,0.1334306664764881,0,0
invalid_consent,5723,V32P-A041958,0,0.064401412755250936,0.058227938041090964,0,0
invalid_consent,5724,V32P-A041971,0,0.75380417108535769,0.7645882725715637,1,1
invalid_consent,5725,V32P-A041974,0,0.6166377067565918,0.63728460073471072,0,1
invalid_consent,5726,V32P-A041975,0,0.51104732751846316,0.53567827939987178,0,0
invalid_consent,5727,V32P-A041976,0,0.2640234798192978,0.28187024891376494,0,0
invalid_consent,5728,V32P-A041989,0,0.59098372459411619,0.59779677987098689,0,0
invalid_consent,5729,V32P-A041990,0,0.55350472927093508,0.55663062334060665,0,0
invalid_consent,5730,V32P-A041991,0,0.44970208406448364,0.46294602751731873,0,0
invalid_consent,5731,V32P-A041992,0,0.4782903790473938,0.49030902981758118,0,0
invalid_consent,5732,V32P-A041993,0,0.42792550921440126,0.47833055257797241,0,0
invalid_consent,5733,V32P-A041994,0,0.21936039626598358,0.22936947643756866,0,0
invalid_consent,5734,V32P-A042049,0,0.53569169044494624,0.56290137767791748,0,0
invalid_consent,5735,V32P-A042050,0,0.50815860033035276,0.53722474575042722,0,0
invalid_consent,5736,V32P-A042051,0,0.4752132833003998,0.50586069822311397,0,0
invalid_consent,5737,V32P-A042052,0,0.46484540700912474,0.49806889891624451,0,0
invalid_consent,5738,V32P-A042053,1,0.39738784432411195,0.42948516011238097,0,0
invalid_consent,5739,V32P-A042054,0,0.03719147890806198,0.035155493766069412,0,0
invalid_consent,5740,V32P-A042061,0,0.71039646863937378,0.71927047967910762,1,1
invalid_consent,5741,V32P-A042062,0,0.67206934690475462,0.68436650037765501,1,1
invalid_consent,5742,V32P-A042063,0,0.66683276891708376,0.67720293998718262,1,1
invalid_consent,5743,V32P-A042064,0,0.62636940479278569,0.63542209863662724,1,1
invalid_consent,5744,V32P-A042065,1,0.56862043738365176,0.57066711783409119,0,0
invalid_consent,5745,V32P-A042066,0,0.042166535928845408,0.037777999788522719,0,0
invalid_consent,5746,V32P-A042097,0,0.83665903806686404,0.84308978319168093,1,1
invalid_consent,5747,V32P-A042100,0,0.68483359813690181,0.69013211727142332,1,1
invalid_consent,5748,V32P-A042101,0,0.53105990886688237,0.54230821132659912,0,0
invalid_consent,5749,V32P-A042102,0,0.25175757855176928,0.25539472699165344,0,0
invalid_consent,5750,V32P-A042115,0,0.66871708631515503,0.68290362358093259,1,1
invalid_consent,5751,V32P-A042118,0,0.51842434406280513,0.54438240528106685,0,0
invalid_consent,5752,V32P-A042119,0,0.4651897192001343,0.49146072268486024,0,0
invalid_consent,5753,V32P-A042120,0,0.21881448924541474,0.23770630061626435,0,0
invalid_consent,5754,V32P-A042139,0,0.49254591464996339,0.50194937586784361,0,0
invalid_consent,5755,V32P-A042140,0,0.43928513526916502,0.45510748028755188,0,0
invalid_consent,5756,V32P-A042142,0,0.36011370718479158,0.37718143463134768,0,0
invalid_consent,5757,V32P-A042143,0,0.28439948260784148,0.29672741591930391,0,0
invalid_consent,5758,V32P-A042144,0,0.12619738802313804,0.12918485477566719,0,0
invalid_consent,5759,V32P-A042145,0,0.75531256198883057,0.76619997024536135,1,1
invalid_consent,5760,V32P-A042148,0,0.72537328004837032,0.73673892021179199,1,1
invalid_consent,5761,V32P-A042149,0,0.53524042963981633,0.5516725480556488,0,0
invalid_consent,5762,V32P-A042150,0,0.051487432047724727,0.048374937102198604,0,0
invalid_consent,5763,V32P-A042223,0,0.74579428434371953,0.75419145822525024,1,1
invalid_consent,5764,V32P-A042224,0,0.65680834054946902,0.67031066417694096,1,1
invalid_consent,5765,V32P-A042225,0,0.6584960460662842,0.68890318870544431,1,1
invalid_consent,5766,V32P-A042226,0,0.50242198705673213,0.51977999210357662,0,0
invalid_consent,5767,V32P-A042227,0,0.37888737916946413,0.3916901469230652,0,0
invalid_consent,5768,V32P-A042228,0,0.13998828679323197,0.1438887283205986,0,0
invalid_consent,5769,V32P-A042301,0,0.66926326751708987,0.68460552692413335,1,1
invalid_consent,5770,V32P-A042302,0,0.66086857318878178,0.67511388063430788,1,1
invalid_consent,5771,V32P-A042304,0,0.56715037822723391,0.57862129807472229,0,0
invalid_consent,5772,V32P-A042305,0,0.4745890974998474,0.4979239761829376,0,0
invalid_consent,5773,V32P-A042306,0,0.31619290113449094,0.32069537937641146,0,0
invalid_consent,5774,V32P-A042397,0,0.46432288289070128,0.49353353381156922,0,0
invalid_consent,5775,V32P-A042398,0,0.61126104593276975,0.63037286996841435,0,1
invalid_consent,5776,V32P-A042399,0,0.61195844411849976,0.63424488306045534,0,1
invalid_consent,5777,V32P-A042400,0,0.56977005600929265,0.59626365303993223,0,0
invalid_consent,5778,V32P-A042401,1,0.49087246060371398,0.52267898917198186,0,0
invalid_consent,5779,V32P-A042402,0,0.04242535587400198,0.039733812212944031,0,0
invalid_consent,5780,V32P-A042409,0,0.63034828901290896,0.65238630771636963,1,1
invalid_consent,5781,V32P-A042410,0,0.61151182651519775,0.63449802398681643,0,1
invalid_consent,5782,V32P-A042411,0,0.57330953478813174,0.59945347905158997,0,0
invalid_consent,5783,V32P-A042412,0,0.51288102865219121,0.5489903569221497,0,0
invalid_consent,5784,V32P-A042413,0,0.49037327170372008,0.52581862211227415,0,0
invalid_consent,5785,V32P-A042414,0,0.2472824513912201,0.27108880281448366,0,0
invalid_consent,5786,V32P-A042421,0,0.63633820414543152,0.65434203147888181,1,1
invalid_consent,5787,V32P-A042422,0,0.6552133977413177,0.67358626127243038,1,1
invalid_consent,5788,V32P-A042423,0,0.65750994086265568,0.67712769508361814,1,1
invalid_consent,5789,V32P-A042424,0,0.61119951009750362,0.63343397974967952,0,1
invalid_consent,5790,V32P-A042425,0,0.54041280150413518,0.5668127775192261,0,0
invalid_consent,5791,V32P-A042426,0,0.32826941907405854,0.34324184656143186,0,0
invalid_consent,5792,V32P-A042433,0,0.59934843778610225,0.61304982900619509,0,0
invalid_consent,5793,V32P-A042436,0,0.5214601457118988,0.54616538286209104,0,0
invalid_consent,5794,V32P-A042437,0,0.45608547925949094,0.4884824573993683,0,0
invalid_consent,5795,V32P-A042438,0,0.2659435048699379,0.28615271747112275,0,0
invalid_consent,5796,V32P-A042481,0,0.41238882541656496,0.43011650443077087,0,0
invalid_consent,5797,V32P-A042484,1,0.41327108740806578,0.43052173852920533,0,0
invalid_consent,5798,V32P-A042485,0,0.058162173256278038,0.054899819195270538,0,0
invalid_consent,5799,V32P-A042486,0,0.025445521250367163,0.024201652128249408,0,0
invalid_consent,5800,V32P-A042577,1,0.69067313671112063,0.70697026252746586,1,1
invalid_consent,5801,V32P-A042578,1,0.63418701887130735,0.66814253330230711,1,1
invalid_consent,5802,V32P-A042579,1,0.39647701978683469,0.39569041132926941,0,0
invalid_consent,5803,V32P-A042580,0,0.078431218117475512,0.073435591906309133,0,0
invalid_consent,5804,V32P-A042581,0,0.059778811782598494,0.056716196984052655,0,0
invalid_consent,5805,V32P-A042582,0,0.026531514711678028,0.025589056126773358,0,0
invalid_consent,5806,V32P-A042685,0,0.71243306398391726,0.72813005447387691,1,1
invalid_consent,5807,V32P-A042686,0,0.61599295139312749,0.62861931324005127,0,1
invalid_consent,5808,V32P-A042688,0,0.51313743591308592,0.51900523900985718,0,0
invalid_consent,5809,V32P-A042689,0,0.40945018529891969,0.4193063288927078,0,0
invalid_consent,5810,V32P-A042690,0,0.17841382026672364,0.19157342016696929,0,0
invalid_consent,5811,V32P-A042709,0,0.56842347383499148,0.58521324396133423,0,0
invalid_consent,5812,V32P-A042712,0,0.35105429887771605,0.37716527581214904,0,0
invalid_consent,5813,V32P-A042713,0,0.25969337224960326,0.28066115677356718,0,0
invalid_consent,5814,V32P-A042714,0,0.020331190992146732,0.019670344330370425,0,0
invalid_consent,5815,V32P-A042751,0,0.73035931587219238,0.7247068524360657,1,1
invalid_consent,5816,V32P-A042752,0,0.64257595539093015,0.63705385923385616,1,1
invalid_consent,5817,V32P-A042754,0,0.4802436649799347,0.47300969958305361,0,0
invalid_consent,5818,V32P-A042755,0,0.37668309509754183,0.37053674459457397,0,0
invalid_consent,5819,V32P-A042756,0,0.1550622045993805,0.15388233661651612,0,0
invalid_consent,5820,V32P-A042775,0,0.81422221660614014,0.8243232727050781,1,1
invalid_consent,5821,V32P-A042776,0,0.6874823689460754,0.70495938062667851,1,1
invalid_consent,5822,V32P-A042777,0,0.61757082939147945,0.63367739915847776,0,1
invalid_consent,5823,V32P-A042778,0,0.5530412912368774,0.5711286127567291,0,0
invalid_consent,5824,V32P-A042779,0,0.46150403618812563,0.48282504081726074,0,0
invalid_consent,5825,V32P-A042780,0,0.23085315525531769,0.24082956016063689,0,0
invalid_consent,5826,V32P-A042799,1,0.64599742889404299,0.66732567548751831,1,1
invalid_consent,5827,V32P-A042800,1,0.61389889717102053,0.63518244028091431,0,1
invalid_consent,5828,V32P-A042801,1,0.58687802553176882,0.61037989854812624,0,0
invalid_consent,5829,V32P-A042802,0,0.09174105450510979,0.089741392433643347,0,0
invalid_consent,5830,V32P-A042803,0,0.06663971021771431,0.064673193544149396,0,0
invalid_consent,5831,V32P-A042804,0,0.026967217028141022,0.026218597404658796,0,0
invalid_consent,5832,V32P-A042817,1,0.84421784877777095,0.85413432121276855,1,1
invalid_consent,5833,V32P-A042818,1,0.67693803310394285,0.69563231468200681,1,1
invalid_consent,5834,V32P-A042819,1,0.58928949832916255,0.6099240779876709,0,0
invalid_consent,5835,V32P-A042820,0,0.13367245346307755,0.12986090183258056,0,0
invalid_consent,5836,V32P-A042821,0,0.07684851139783859,0.073811120539903644,0,0
invalid_consent,5837,V32P-A042822,0,0.030965973995625971,0.029418693482875825,0,0
invalid_consent,5838,V32P-A042883,0,0.6367744922637939,0.66401466131210329,1,1
invalid_consent,5839,V32P-A042884,0,0.52228693366050716,0.54202012419700618,0,0
invalid_consent,5840,V32P-A042885,0,0.50956810116767881,0.53068280816078184,0,0
invalid_consent,5841,V32P-A042886,0,0.51174406409263606,0.53750721812248226,0,0
invalid_consent,5842,V32P-A042887,0,0.46556650400161742,0.49075359702110288,0,0
invalid_consent,5843,V32P-A042888,0,0.032559444382786754,0.031610585004091266,0,0
invalid_consent,5844,V32P-A043042,0,0.15011615306138992,0.14218666404485703,0,0
invalid_consent,5845,V32P-A043043,0,0.10879789739847183,0.1032755620777607,0,0
invalid_consent,5846,V32P-A043044,0,0.047054040245711803,0.04350569099187851,0,0
invalid_consent,5847,V32P-A043099,0,0.60483875274658205,0.61239366531372075,0,0
invalid_consent,5848,V32P-A043100,0,0.46132822036743165,0.46843060851097107,0,0
invalid_consent,5849,V32P-A043101,0,0.52858421206474304,0.56318829059600828,0,0
invalid_consent,5850,V32P-A043102,0,0.51283560991287236,0.51858791708946228,0,0
invalid_consent,5851,V32P-A043103,0,0.4424824297428131,0.44818051457405089,0,0
invalid_consent,5852,V32P-A043104,0,0.040977166406810282,0.039366486668586734,0,0
invalid_consent,5853,V32P-A043111,0,0.40647892951965331,0.44120880365371706,0,0
invalid_consent,5854,V32P-A043112,0,0.46843754649162295,0.50368613004684448,0,0
invalid_consent,5855,V32P-A043113,0,0.4504664123058319,0.48482416272163392,0,0
invalid_consent,5856,V32P-A043114,0,0.39303579926490784,0.4273323118686676,0,0
invalid_consent,5857,V32P-A043115,0,0.33328988552093508,0.36766286492347716,0,0
invalid_consent,5858,V32P-A043116,0,0.028541274741291998,0.028211138769984247,0,0
invalid_consent,5859,V32P-A043117,0,0.62006856799125676,0.63043274879455569,1,1
invalid_consent,5860,V32P-A043118,0,0.59759370088577268,0.61021187305450442,0,0
invalid_consent,5861,V32P-A043120,0,0.53781046867370608,0.55079125165939335,0,0
invalid_consent,5862,V32P-A043121,0,0.48158106803894041,0.49671176075935364,0,0
invalid_consent,5863,V32P-A043122,0,0.27205932438373565,0.28245210647583008,0,0
invalid_consent,5864,V32P-A043159,0,0.62766872644424443,0.64285732507705684,1,1
invalid_consent,5865,V32P-A043160,0,0.50615414381027224,0.52465232610702517,0,0
invalid_consent,5866,V32P-A043162,0,0.36886996030807495,0.38924078345298768,0,0
invalid_consent,5867,V32P-A043163,0,0.3618359327316284,0.38566715717315675,0,0
invalid_consent,5868,V32P-A043164,0,0.14407321065664291,0.15117595195770264,0,0
invalid_consent,5869,V32P-A043165,0,0.33162886798381808,0.34202151894569399,0,0
invalid_consent,5870,V32P-A043166,0,0.47672297358512877,0.49382621645927427,0,0
invalid_consent,5871,V32P-A043168,0,0.3919969856739044,0.43951379656791689,0,0
invalid_consent,5872,V32P-A043169,0,0.33301663398742676,0.34346632361412049,0,0
invalid_consent,5873,V32P-A043170,0,0.15175616443157197,0.15539881587028503,0,0
invalid_consent,5874,V32P-A043207,0,0.34129710793495177,0.34791352152824401,0,0
invalid_consent,5875,V32P-A043208,0,0.31774294674396514,0.36313883066177366,0,0
invalid_consent,5876,V32P-A043209,0,0.3137041747570038,0.32005006670951841,0,0
invalid_consent,5877,V32P-A043210,0,0.24651158452033997,0.25589011013507845,0,0
invalid_consent,5878,V32P-A043211,0,0.18455783724784852,0.19294462800025941,0,0
invalid_consent,5879,V32P-A043212,0,0.075274064391851428,0.078916569054126737,0,0
invalid_consent,5880,V32P-A043243,0,0.53298444151878355,0.53685815334320064,0,0
invalid_consent,5881,V32P-A043246,0,0.28651455342769622,0.30080012083053587,0,0
invalid_consent,5882,V32P-A043247,0,0.21805329024791717,0.23225770592689515,0,0
invalid_consent,5883,V32P-A043248,0,0.11218243390321732,0.12165878862142562,0,0
invalid_consent,5884,V32P-A043255,1,0.79965144395828247,0.81180381774902344,1,1
invalid_consent,5885,V32P-A043256,1,0.64833699464797978,0.67469956874847414,1,1
invalid_consent,5886,V32P-A043257,1,0.70649755001068115,0.72385395765304561,1,1
invalid_consent,5887,V32P-A043258,0,0.13617918044328689,0.1304686337709427,0,0
invalid_consent,5888,V32P-A043259,0,0.10559160895645618,0.099552569910883904,0,0
invalid_consent,5889,V32P-A043260,0,0.044137998297810552,0.04017933551222086,0,0
invalid_consent,5890,V32P-A043339,0,0.48384748101234437,0.49110611677169802,0,0
invalid_consent,5891,V32P-A043340,0,0.36920840740203859,0.42890056967735291,0,0
invalid_consent,5892,V32P-A043341,0,0.34881576299667361,0.36547895669937136,0,0
invalid_consent,5893,V32P-A043342,0,0.2982562780380249,0.31260597705841064,0,0
invalid_consent,5894,V32P-A043343,0,0.23306773006916046,0.24406135380268096,0,0
invalid_consent,5895,V32P-A043344,0,0.10409943908452987,0.10705053433775902,0,0
invalid_consent,5896,V32P-A043375,0,0.36886357665061953,0.37177152633666993,0,0
invalid_consent,5897,V32P-A043378,0,0.34101074337959292,0.34683845639228822,0,0
invalid_consent,5898,V32P-A043379,0,0.28713318705558777,0.28953063488006592,0,0
invalid_consent,5899,V32P-A043380,0,0.14134459644556047,0.14056902378797531,0,0
invalid_consent,5900,V32P-A043387,0,0.69303884506225588,0.70126111507415767,1,1
invalid_consent,5901,V32P-A043388,0,0.60014903545379639,0.6072479367256165,0,0
invalid_consent,5902,V32P-A043389,0,0.58241945505142212,0.58912110328674316,0,0
invalid_consent,5903,V32P-A043390,0,0.5020246744155884,0.50640906691551213,0,0
invalid_consent,5904,V32P-A043391,0,0.42725158333778379,0.42998725771903989,0,0
invalid_consent,5905,V32P-A043392,0,0.21731766611337661,0.21553370505571365,0,0
invalid_consent,5906,V32P-A043405,0,0.55287441611289978,0.57382209300994869,0,0
invalid_consent,5907,V32P-A043406,0,0.57070134878158574,0.58851120471954343,0,0
invalid_consent,5908,V32P-A043407,0,0.56000028848648076,0.57867946624755862,0,0
invalid_consent,5909,V32P-A043408,0,0.56573005914688113,0.58407477736473079,0,0
invalid_consent,5910,V32P-A043409,0,0.48253496289253234,0.52071190476417539,0,0
invalid_consent,5911,V32P-A043410,0,0.233073890209198,0.24542403817176819,0,0
invalid_consent,5912,V32P-A043417,0,0.41384410262107851,0.41070755124092101,0,0
invalid_consent,5913,V32P-A043418,0,0.37680785655975341,0.37341639995574949,0,0
invalid_consent,5914,V32P-A043419,0,0.35105530023574827,0.34905490279197693,0,0
invalid_consent,5915,V32P-A043420,0,0.28420309126377108,0.28387472629547117,0,0
invalid_consent,5916,V32P-A043421,0,0.22205334901809692,0.22115730047225951,0,0
invalid_consent,5917,V32P-A043422,0,0.095723569393157959,0.094948746263980865,0,0
invalid_consent,5918,V32P-A043483,0,0.38274394273757933,0.38924718499183653,0,0
invalid_consent,5919,V32P-A043486,0,0.32056438028812406,0.33512447476387025,0,0
invalid_consent,5920,V32P-A043487,0,0.24901184737682341,0.26175844669342041,0,0
invalid_consent,5921,V32P-A043488,0,0.11559923738241196,0.12044224441051483,0,0
invalid_consent,5922,V32P-A043495,1,0.56920778155326845,0.58582844734191897,0,0
invalid_consent,5923,V32P-A043496,1,0.41898309290409086,0.44092233180999757,0,0
invalid_consent,5924,V32P-A043498,0,0.065752874314785006,0.064131605625152591,0,0
invalid_consent,5925,V32P-A043499,0,0.037223587743937969,0.035102640278637409,0,0
invalid_consent,5926,V32P-A043500,0,0.016250542225316168,0.015078194066882133,0,0
invalid_consent,5927,V32P-A043561,0,0.76930478811264036,0.78270437717437746,1,1
invalid_consent,5928,V32P-A043562,0,0.66357370615005495,0.68112641572952271,1,1
invalid_consent,5929,V32P-A043563,0,0.63469973802566526,0.65349655151367192,1,1
invalid_consent,5930,V32P-A043564,1,0.56818780899047849,0.59526748657226558,0,0
invalid_consent,5931,V32P-A043565,0,0.084709958732128138,0.081093404442071915,0,0
invalid_consent,5932,V32P-A043566,0,0.03339253142476082,0.031949978694319724,0,0
invalid_consent,5933,V32P-A043573,0,0.6731062173843384,0.69135243892669673,1,1
invalid_consent,5934,V32P-A043574,0,0.50341340899467468,0.52875851988792422,0,0
invalid_consent,5935,V32P-A043575,0,0.50128448605537412,0.52389105558395388,0,0
invalid_consent,5936,V32P-A043576,0,0.48794243335723875,0.53917475342750554,0,0
invalid_consent,5937,V32P-A043577,0,0.4979098618030548,0.51416613459587102,0,0
invalid_consent,5938,V32P-A043578,0,0.23450189530849458,0.24835485219955444,0,0
invalid_consent,5939,V32P-A043585,0,0.6490042924880981,0.66158894300460813,1,1
invalid_consent,5940,V32P-A043588,0,0.32009361088275912,0.34933117032051086,0,0
invalid_consent,5941,V32P-A043589,0,0.24539671242237091,0.2700769931077957,0,0
invalid_consent,5942,V32P-A043590,0,0.10673674121499062,0.1134129747748375,0,0
invalid_consent,5943,V32P-A043597,0,0.63228379487991337,0.65986638069152836,1,1
invalid_consent,5944,V32P-A043598,0,0.52569069266319279,0.55394334793090816,0,0
invalid_consent,5945,V32P-A043599,0,0.47556174993515016,0.50469509363174436,0,0
invalid_consent,5946,V32P-A043600,0,0.43621456027030947,0.47214133739471437,0,0
invalid_consent,5947,V32P-A043601,0,0.36876137256622316,0.40626267790794374,0,0
invalid_consent,5948,V32P-A043602,0,0.1763928011059761,0.19419646114110947,0,0
invalid_consent,5949,V32P-A043639,0,0.51684654355049131,0.5504778146743774,0,0
invalid_consent,5950,V32P-A043640,0,0.51041287183761597,0.54484186172485349,0,0
invalid_consent,5951,V32P-A043641,0,0.42523152828216554,0.46780310273170472,0,0
invalid_consent,5952,V32P-A043642,0,0.44786191582679746,0.49323661923408507,0,0
invalid_consent,5953,V32P-A043643,1,0.29404518306255339,0.34057697355747224,0,0
invalid_consent,5954,V32P-A043644,0,0.021694772411137819,0.021193167567253111,0,0
invalid_consent,5955,V32P-A043657,0,0.49379565715789797,0.53438391089439397,0,0
invalid_consent,5956,V32P-A043658,0,0.51337981224060059,0.55541934967041018,0,0
invalid_consent,5957,V32P-A043660,0,0.49635382294654845,0.54652240276336672,0,0
invalid_consent,5958,V32P-A043661,0,0.45269361734390257,0.53601493835449221,0,0
invalid_consent,5959,V32P-A043662,0,0.26267797350883482,0.28913678228855133,0,0
invalid_consent,5960,V32P-A043711,0,0.66473133563995357,0.68283102512359617,1,1
invalid_consent,5961,V32P-A043712,0,0.43034788966178894,0.46274316310882568,0,0
invalid_consent,5962,V32P-A043713,0,0.39511381983757021,0.40072689056396482,0,0
invalid_consent,5963,V32P-A043714,0,0.30520723760128021,0.3168786972761154,0,0
invalid_consent,5964,V32P-A043715,0,0.23652072250843048,0.24989202916622161,0,0
invalid_consent,5965,V32P-A043716,0,0.10609003454446793,0.11268349289894104,0,0
invalid_consent,5966,V32P-A043765,0,0.59801991581916814,0.61715770363807676,0,0
invalid_consent,5967,V32P-A043766,0,0.5489655673503876,0.57114151120185852,0,0
invalid_consent,5968,V32P-A043767,0,0.4398098111152649,0.46808375120162965,0,0
invalid_consent,5969,V32P-A043768,0,0.37145748734474182,0.3993974566459656,0,0
invalid_consent,5970,V32P-A043769,0,0.30308547914028167,0.32969401180744173,0,0
invalid_consent,5971,V32P-A043770,0,0.14273766502738,0.1553030215203762,0,0
invalid_consent,5972,V32P-A043783,0,0.69881032705307011,0.7269906163215637,1,1
invalid_consent,5973,V32P-A043784,0,0.49418598413467407,0.53413028717041011,0,0
invalid_consent,5974,V32P-A043786,0,0.42588929533958436,0.46618573665618895,0,0
invalid_consent,5975,V32P-A043787,0,0.30441603809595108,0.33712593019008635,0,0
invalid_consent,5976,V32P-A043788,0,0.14164518751204014,0.15159680172801018,0,0
invalid_consent,5977,V32P-A043849,0,0.81555665731430049,0.82298941612243648,1,1
invalid_consent,5978,V32P-A043850,0,0.6545863151550293,0.67778863906860354,1,1
invalid_consent,5979,V32P-A043851,0,0.62301976680755611,0.64945541620254521,1,1
invalid_consent,5980,V32P-A043852,0,0.64822074174880984,0.67156945466995244,1,1
invalid_consent,5981,V32P-A043853,0,0.58248528242111208,0.61272063255310061,0,0
invalid_consent,5982,V32P-A043854,0,0.32635776400566102,0.34846612811088562,0,0
invalid_consent,5983,V32P-A043867,0,0.68176416158676145,0.70387628078460696,1,1
invalid_consent,5984,V32P-A043868,0,0.59726371765136721,0.61911911964416499,0,0
invalid_consent,5985,V32P-A043869,0,0.58134506344795223,0.60135743021965027,0,0
invalid_consent,5986,V32P-A043870,0,0.51172745227813721,0.54177299737930296,0,0
invalid_consent,5987,V32P-A043871,0,0.42889569401741029,0.4622857689857483,0,0
invalid_consent,5988,V32P-A043872,0,0.18640228062868119,0.20204363018274307,0,0
invalid_consent,5989,V32P-A043891,0,0.72146903276443486,0.73554235696792603,1,1
invalid_consent,5990,V32P-A043892,0,0.65412366390228271,0.66298259496688838,1,1
invalid_consent,5991,V32P-A043893,0,0.53849114775657658,0.57065236568450928,0,0
invalid_consent,5992,V32P-A043894,0,0.57108249664306643,0.58287084698677061,0,0
invalid_consent,5993,V32P-A043895,0,0.56648405790328982,0.58226156830787656,0,0
invalid_consent,5994,V32P-A043896,0,0.35259117186069489,0.38279074430465698,0,0
invalid_consent,5995,V32P-A043897,0,0.6877156734466553,0.70578265190124512,1,1
invalid_consent,5996,V32P-A043900,0,0.5421190738677979,0.57214587926864624,0,0
invalid_consent,5997,V32P-A043901,0,0.38399100899696348,0.4249867260456085,0,0
invalid_consent,5998,V32P-A043902,0,0.17015603035688401,0.18491700589656829,0,0
invalid_consent,5999,V32P-A043903,0,0.44778230190277102,0.47207694053649901,0,0
invalid_consent,6000,V32P-A043904,0,0.45228826403617861,0.47115381956100466,0,0
invalid_consent,6001,V32P-A043905,0,0.41195364594459533,0.42743696570396422,0,0
invalid_consent,6002,V32P-A043906,0,0.33774221539497373,0.34800058007240298,0,0
invalid_consent,6003,V32P-A043907,0,0.2995786339044571,0.30557817816734312,0,0
invalid_consent,6004,V32P-A043908,0,0.14779701232910156,0.15309494882822036,0,0
invalid_consent,6005,V32P-A043933,0,0.48197941184043885,0.49398646354675291,0,0
invalid_consent,6006,V32P-A043934,0,0.51191294789314268,0.52593798041343687,0,0
invalid_consent,6007,V32P-A043936,0,0.45251348614692688,0.4581372797489166,0,0
invalid_consent,6008,V32P-A043937,0,0.37887180447578428,0.38556872010231019,0,0
invalid_consent,6009,V32P-A043938,0,0.18120769858360292,0.18698745518922805,0,0
invalid_consent,6010,V32P-A043987,0,0.62912158966064458,0.64648027420043941,1,1
invalid_consent,6011,V32P-A043990,0,0.34794755876064298,0.3442957580089569,0,0
invalid_consent,6012,V32P-A043991,0,0.32747423946857451,0.32176189422607421,0,0
invalid_consent,6013,V32P-A043992,0,0.17316385507583618,0.16953528076410293,0,0
invalid_consent,6014,V32P-A043993,0,0.60859384536743166,0.64381886720657344,0,1
invalid_consent,6015,V32P-A043994,0,0.59783034324646001,0.63452019691467287,0,1
invalid_consent,6016,V32P-A043995,0,0.64114302396774292,0.67480702400207515,1,1
invalid_consent,6017,V32P-A043996,0,0.58277779817581177,0.62007361650466919,0,1
invalid_consent,6018,V32P-A043997,0,0.52023729681968689,0.55974635481834412,0,0
invalid_consent,6019,V32P-A043998,0,0.29315319359302522,0.3184055656194687,0,0
invalid_consent,6020,V32P-A044005,0,0.74527300596237178,0.75507950782775879,1,1
invalid_consent,6021,V32P-A044006,0,0.68582054376602175,0.69894027709960938,1,1
invalid_consent,6022,V32P-A044007,0,0.61652141809463501,0.63332422971725466,0,1
invalid_consent,6023,V32P-A044008,0,0.56641391515731809,0.58766334056854252,0,0
invalid_consent,6024,V32P-A044009,0,0.56121557950973511,0.58234724998474119,0,0
invalid_consent,6025,V32P-A044010,0,0.28407698273658755,0.30413786470890047,0,0
invalid_consent,6026,V32P-A044035,0,0.6250036358833313,0.65214391946792605,1,1
invalid_consent,6027,V32P-A044036,0,0.64542845487594602,0.66834882497787473,1,1
invalid_consent,6028,V32P-A044038,0,0.55965371727943425,0.5886229336261749,0,0
invalid_consent,6029,V32P-A044039,0,0.50486815571784971,0.53407444953918459,0,0
invalid_consent,6030,V32P-A044040,0,0.26362309157848357,0.27883635163307191,0,0
invalid_consent,6031,V32P-A044077,0,0.44371162056922914,0.47596200108528136,0,0
invalid_consent,6032,V32P-A044078,0,0.43761923909187317,0.47519869208335874,0,0
invalid_consent,6033,V32P-A044080,0,0.32085660696029661,0.36723486781120301,0,0
invalid_consent,6034,V32P-A044081,0,0.25979886353015902,0.29618901014328003,0,0
invalid_consent,6035,V32P-A044082,0,0.11672507822513581,0.12813011407852173,0,0
invalid_consent,6036,V32P-A044095,0,0.56161663532257078,0.57607525587081909,0,0
invalid_consent,6037,V32P-A044098,0,0.42561318278312682,0.46611398458480835,0,0
invalid_consent,6038,V32P-A044099,0,0.34304547011852266,0.38267228901386263,0,0
invalid_consent,6039,V32P-A044100,0,0.14463371932506561,0.16370282918214799,0,0
invalid_consent,6040,V32P-A044125,0,0.75998815298080447,0.7674437284469604,1,1
invalid_consent,6041,V32P-A044126,0,0.66356766223907471,0.67118501663208008,1,1
invalid_consent,6042,V32P-A044127,0,0.58399021029472353,0.59335822463035581,0,0
invalid_consent,6043,V32P-A044128,0,0.51318903565406804,0.53164482712745664,0,0
invalid_consent,6044,V32P-A044129,0,0.41714779138565061,0.4423209846019745,0,0
invalid_consent,6045,V32P-A044130,0,0.19134329706430436,0.20047461837530137,0,0
invalid_consent,6046,V32P-A044167,0,0.44040574431419371,0.46472846865653994,0,0
invalid_consent,6047,V32P-A044168,0,0.44704453349113465,0.48142716884613035,0,0
invalid_consent,6048,V32P-A044170,0,0.31440902948379518,0.36443167924880981,0,0
invalid_consent,6049,V32P-A044171,0,0.24188544154167174,0.28589195013046265,0,0
invalid_consent,6050,V32P-A044172,0,0.099553324282169342,0.11580898612737656,0,0
invalid_consent,6051,V32P-A044185,0,0.48528816699981692,0.48294446468353269,0,0
invalid_consent,6052,V32P-A044188,0,0.29226413369178772,0.29462890028953553,0,0
invalid_consent,6053,V32P-A044189,0,0.22515926957130433,0.22633444666862487,0,0
invalid_consent,6054,V32P-A044190,0,0.095395562052726743,0.096680650115013117,0,0
invalid_consent,6055,V32P-A044209,0,0.4422967553138733,0.45359132289886472,0,0
invalid_consent,6056,V32P-A044210,0,0.43526117205619813,0.44737844467163085,0,0
invalid_consent,6057,V32P-A044211,0,0.40418303608894346,0.41743114590644836,0,0
invalid_consent,6058,V32P-A044212,0,0.33478571176528932,0.34352679848670958,0,0
invalid_consent,6059,V32P-A044213,0,0.27602177858352661,0.28167655169963834,0,0
invalid_consent,6060,V32P-A044214,0,0.12636923193931579,0.12828719019889831,0,0
invalid_consent,6061,V32P-A044251,0,0.71919258832931521,0.72935508489608769,1,1
invalid_consent,6062,V32P-A044252,0,0.61980711221694951,0.63433148860931399,0,1
invalid_consent,6063,V32P-A044253,0,0.55975227952003481,0.57480133175849912,0,0
invalid_consent,6064,V32P-A044254,0,0.49826937317848208,0.51813371777534489,0,0
invalid_consent,6065,V32P-A044255,0,0.42840657830238343,0.45219357013702394,0,0
invalid_consent,6066,V32P-A044256,0,0.20584636181592941,0.21784936338663102,0,0
invalid_consent,6067,V32P-A044263,0,0.56684227585792546,0.58280126452445979,0,0
invalid_consent,6068,V32P-A044264,0,0.67345165014266972,0.70398492813110347,1,1
invalid_consent,6069,V32P-A044265,0,0.41986050009727477,0.44576905369758607,0,0
invalid_consent,6070,V32P-A044266,1,0.35282736420631411,0.37607505917549133,0,0
invalid_consent,6071,V32P-A044267,0,0.059039087593555452,0.057368128746747973,0,0
invalid_consent,6072,V32P-A044268,0,0.027066901046782731,0.026123371906578541,0,0
invalid_consent,6073,V32P-A044413,0,0.53619851469993596,0.54628213644027712,0,0
invalid_consent,6074,V32P-A044416,0,0.32422176301479338,0.34086513817310332,0,0
invalid_consent,6075,V32P-A044417,0,0.24809246063232421,0.26181136667728422,0,0
invalid_consent,6076,V32P-A044418,0,0.1128396786749363,0.11656827554106712,0,0
invalid_consent,6077,V32P-A044437,0,0.62959980964660645,0.64152342081069946,1,1
invalid_consent,6078,V32P-A044438,0,0.6179003119468689,0.63192691802978518,0,1
invalid_consent,6079,V32P-A044440,0,0.63825836181640627,0.64657994508743288,1,1
invalid_consent,6080,V32P-A044441,0,0.50587292313575749,0.52107635736465452,0,0
invalid_consent,6081,V32P-A044442,0,0.30362032353878021,0.31757849454879761,0,0
invalid_consent,6082,V32P-A044473,0,0.57310991883277895,0.60265215635299685,0,0
invalid_consent,6083,V32P-A044474,0,0.46619992852211001,0.49351388216018677,0,0
invalid_consent,6084,V32P-A044475,0,0.53215826749801631,0.58563492298126218,0,0
invalid_consent,6085,V32P-A044476,0,0.35952959060668943,0.385086727142334,0,0
invalid_consent,6086,V32P-A044477,0,0.28406388759613038,0.30424808859825136,0,0
invalid_consent,6087,V32P-A044478,0,0.146527449041605,0.15526604354381562,0,0
invalid_consent,6088,V32P-A044587,0,0.78149640560150146,0.79743847846984861,1,1
invalid_consent,6089,V32P-A044588,0,0.6349928498268127,0.65489219427108769,1,1
invalid_consent,6090,V32P-A044590,0,0.5929642915725708,0.62428780794143679,0,1
invalid_consent,6091,V32P-A044591,0,0.44363608956336975,0.47991970181465149,0,0
invalid_consent,6092,V32P-A044592,0,0.26488182246685027,0.28424938321113585,0,0
invalid_consent,6093,V32P-A044617,1,0.70142484903335567,0.69869154691696167,1,1
invalid_consent,6094,V32P-A044618,1,0.67738813161849976,0.67723587751388548,1,1
invalid_consent,6095,V32P-A044619,1,0.70476365089416504,0.70630700588226314,1,1
invalid_consent,6096,V32P-A044620,0,0.10268343687057495,0.094644490629434586,0,0
invalid_consent,6097,V32P-A044621,0,0.06883533596992493,0.063282748311758036,0,0
invalid_consent,6098,V32P-A044622,0,0.026083499193191528,0.023945186659693717,0,0
invalid_consent,6099,V32P-A044629,0,0.606244295835495,0.60859202146530156,0,0
invalid_consent,6100,V32P-A044630,0,0.41754187643527985,0.44395841658115387,0,0
invalid_consent,6101,V32P-A044631,0,0.52025715112686155,0.5144011795520782,0,0
invalid_consent,6102,V32P-A044632,0,0.41354789733886721,0.40466488599777223,0,0
invalid_consent,6103,V32P-A044633,1,0.27971906661987306,0.26904433667659761,0,0
invalid_consent,6104,V32P-A044634,0,0.019037275947630404,0.01777325328439474,0,0
invalid_consent,6105,V32P-A044641,0,0.68303190469741826,0.70965262651443484,1,1
invalid_consent,6106,V32P-A044644,1,0.5228877484798431,0.56103733777999876,0,0
invalid_consent,6107,V32P-A044645,0,0.064729802310466766,0.063538657873868948,0,0
invalid_consent,6108,V32P-A044646,0,0.027151959389448165,0.025980881415307522,0,0
invalid_consent,6109,V32P-A044647,0,0.60276816487312312,0.61283171772956846,0,0
invalid_consent,6110,V32P-A044648,0,0.50721721649169926,0.52614521980285645,0,0
invalid_consent,6111,V32P-A044649,0,0.45730049610137941,0.48297908306121828,0,0
invalid_consent,6112,V32P-A044650,0,0.39389228820800781,0.42744894027709962,0,0
invalid_consent,6113,V32P-A044651,0,0.32182446420192717,0.35667502582073213,0,0
invalid_consent,6114,V32P-A044652,0,0.17402718961238861,0.18979668021202087,0,0
invalid_consent,6115,V32P-A044665,0,0.44194022417068479,0.45715734362602234,0,0
invalid_consent,6116,V32P-A044666,0,0.41036071777343752,0.42713673114776612,0,0
invalid_consent,6117,V32P-A044668,0,0.30996800661087037,0.33034793138504026,0,0
invalid_consent,6118,V32P-A044669,0,0.23991377651691437,0.25625741481781006,0,0
invalid_consent,6119,V32P-A044670,0,0.10429360941052437,0.10812452808022499,0,0
invalid_consent,6120,V32P-A044695,0,0.6914640426635742,0.70811986923217773,1,1
invalid_consent,6121,V32P-A044696,0,0.58366003036499026,0.6092056512832642,0,0
invalid_consent,6122,V32P-A044697,0,0.52729483842849734,0.56189466714859004,0,0
invalid_consent,6123,V32P-A044698,1,0.49525877237319949,0.53569551110267644,0,0
invalid_consent,6124,V32P-A044699,0,0.078798343241214749,0.077555297315120703,0,0
invalid_consent,6125,V32P-A044700,0,0.036578747443854809,0.034888227097690107,0,0
invalid_consent,6126,V32P-A044731,1,0.83467602729797363,0.83913650512695315,1,1
invalid_consent,6127,V32P-A044734,0,0.15985697060823439,0.15118116140365601,0,0
invalid_consent,6128,V32P-A044735,0,0.12400468960404396,0.1142496071755886,0,0
invalid_consent,6129,V32P-A044736,0,0.061134768649935722,0.053761968761682509,0,0
invalid_consent,6130,V32P-A044749,0,0.63596267700195308,0.65592209100723264,1,1
invalid_consent,6131,V32P-A044750,0,0.63072311878204346,0.6487697958946228,1,1
invalid_consent,6132,V32P-A044752,0,0.56723598837852474,0.58899527192115786,0,0
invalid_consent,6133,V32P-A044753,0,0.51066035628318784,0.53886052966117859,0,0
invalid_consent,6134,V32P-A044754,0,0.044691326469182967,0.043284150213003157,0,0
invalid_consent,6135,V32P-A044773,0,0.64265142679214482,0.65595434904098515,1,1
invalid_consent,6136,V32P-A044774,0,0.48563973307609559,0.50543339252471919,0,0
invalid_consent,6137,V32P-A044775,0,0.43580244779586791,0.45607964992523192,0,0
invalid_consent,6138,V32P-A044776,0,0.43603608608245847,0.45788180828094482,0,0
invalid_consent,6139,V32P-A044777,0,0.31595138609409334,0.33635112941265105,0,0
invalid_consent,6140,V32P-A044778,0,0.15808653980493545,0.16833919137716294,0,0
invalid_consent,6141,V32P-A044797,0,0.44736507534980774,0.45947024822235105,0,0
invalid_consent,6142,V32P-A044800,0,0.39628121852874754,0.40902966260910034,0,0
invalid_consent,6143,V32P-A044801,0,0.33954210281372071,0.35255091786384585,0,0
invalid_consent,6144,V32P-A044802,0,0.16990507841110231,0.17430283725261689,0,0
invalid_consent,6145,V32P-A044947,0,0.74676811695098877,0.76435723304748537,1,1
invalid_consent,6146,V32P-A044948,0,0.56884055137634282,0.60223741531372066,0,0
invalid_consent,6147,V32P-A044950,0,0.39813581705093382,0.443421870470047,0,0
invalid_consent,6148,V32P-A044951,0,0.40933021306991579,0.4498762249946594,0,0
invalid_consent,6149,V32P-A044952,0,0.17194918692111968,0.1885523408651352,0,0
invalid_consent,6150,V32P-A045013,0,0.66635271310806277,0.67478237152099607,1,1
invalid_consent,6151,V32P-A045014,0,0.53283962607383728,0.54556493163108821,0,0
invalid_consent,6152,V32P-A045015,0,0.52661758065223696,0.53575964570045476,0,0
invalid_consent,6153,V32P-A045016,0,0.4673369824886322,0.47607756853103639,0,0
invalid_consent,6154,V32P-A045017,0,0.36927441358566282,0.37888597846031191,0,0
invalid_consent,6155,V32P-A045018,0,0.14954534769058228,0.15510931313037873,0,0
invalid_consent,6156,V32P-A045037,0,0.6295749425888062,0.64379680156707764,1,1
invalid_consent,6157,V32P-A045038,0,0.6244725823402405,0.63946975469589229,1,1
invalid_consent,6158,V32P-A045039,0,0.55069917440414429,0.56658643484115601,0,0
invalid_consent,6159,V32P-A045040,0,0.45625411272048949,0.4772197723388672,0,0
invalid_consent,6160,V32P-A045041,0,0.37480658888816831,0.39739630818367006,0,0
invalid_consent,6161,V32P-A045042,0,0.14169294238090516,0.15573069453239441,0,0
invalid_consent,6162,V32P-A045043,0,0.68739988803863528,0.70567909479141233,1,1
invalid_consent,6163,V32P-A045044,0,0.51984174847602849,0.54759735465049741,0,0
invalid_consent,6164,V32P-A045045,0,0.42523784637451173,0.45070785284042358,0,0
invalid_consent,6165,V32P-A045046,0,0.28218325376510622,0.30630320906639097,0,0
invalid_consent,6166,V32P-A045047,0,0.19772807955741883,0.2155981719493866,0,0
invalid_consent,6167,V32P-A045048,0,0.07372869029641152,0.0781210906803608,0,0
invalid_consent,6168,V32P-A045085,0,0.46279991865158082,0.45676314234733584,0,0
invalid_consent,6169,V32P-A045086,0,0.41995211839675906,0.4395796597003937,0,0
invalid_consent,6170,V32P-A045087,0,0.41080918908119202,0.40324775576591493,0,0
invalid_consent,6171,V32P-A045088,0,0.33633830547332766,0.32630061805248262,0,0
invalid_consent,6172,V32P-A045089,0,0.27002499699592591,0.25964414179325102,0,0
invalid_consent,6173,V32P-A045090,0,0.12264809906482696,0.12088498026132584,0,0
invalid_consent,6174,V32P-A045163,0,0.6786661028862,0.67892689704895015,1,1
invalid_consent,6175,V32P-A045164,0,0.56455537080764773,0.56483653783798216,0,0
invalid_consent,6176,V32P-A045165,0,0.51680128574371342,0.51661040782928469,0,0
invalid_consent,6177,V32P-A045166,0,0.41987572908401488,0.4224730610847473,0,0
invalid_consent,6178,V32P-A045167,0,0.33651834130287173,0.34060814678668977,0,0
invalid_consent,6179,V32P-A045168,0,0.15145898759365081,0.15052087604999542,0,0
invalid_consent,6180,V32P-A045199,0,0.53139678835868831,0.56190604567527769,0,0
invalid_consent,6181,V32P-A045200,0,0.54818845391273496,0.58260583281517031,0,0
invalid_consent,6182,V32P-A045202,0,0.44127106666564941,0.47592431306838989,0,0
invalid_consent,6183,V32P-A045203,0,0.36134071052074435,0.39343778789043427,0,0
invalid_consent,6184,V32P-A045204,0,0.17117226421833037,0.1850144699215889,0,0
invalid_consent,6185,V32P-A045259,0,0.70146925449371333,0.71179401874542236,1,1
invalid_consent,6186,V32P-A045260,0,0.5572023212909698,0.58186647891998289,0,0
invalid_consent,6187,V32P-A045262,0,0.47706519961357119,0.49801381826400759,0,0
invalid_consent,6188,V32P-A045263,0,0.39255295097827914,0.40930963754653932,0,0
invalid_consent,6189,V32P-A045264,0,0.19201916158199311,0.1974721446633339,0,0
invalid_consent,6190,V32P-A045325,0,0.62768976688385014,0.6465348958969116,1,1
invalid_consent,6191,V32P-A045326,0,0.63844060897827148,0.65228700637817383,1,1
invalid_consent,6192,V32P-A045328,0,0.59495853185653691,0.60753341913223269,0,0
invalid_consent,6193,V32P-A045329,0,0.54106758832931523,0.55571208596229549,0,0
invalid_consent,6194,V32P-A045330,0,0.3305992126464844,0.34744113981723784,0,0
invalid_consent,6195,V32P-A045337,0,0.67388444542884829,0.66965576410293581,1,1
invalid_consent,6196,V32P-A045340,0,0.33857856392860414,0.35403059720993041,0,0
invalid_consent,6197,V32P-A045341,0,0.25527174174785616,0.26837553530931474,0,0
invalid_consent,6198,V32P-A045342,0,0.1119884666055441,0.11327148526906967,0,0
invalid_consent,6199,V32P-A045361,0,0.30658324062824249,0.32157516479492188,0,0
invalid_consent,6200,V32P-A045364,0,0.30487498641014099,0.31219388842582702,0,0
invalid_consent,6201,V32P-A045365,0,0.25088168382644654,0.25450515747070312,0,0
invalid_consent,6202,V32P-A045366,0,0.11542299985885621,0.11585795283317565,0,0
invalid_consent,6203,V32P-A045457,0,0.68991659879684453,0.69290297031402592,1,1
invalid_consent,6204,V32P-A045458,0,0.57604990005493162,0.58037371635437007,0,0
invalid_consent,6205,V32P-A045459,0,0.50700013041496272,0.5083158433437347,0,0
invalid_consent,6206,V32P-A045460,0,0.42913210988044737,0.4246568024158478,0,0
invalid_consent,6207,V32P-A045461,0,0.35314182043075559,0.3476273536682129,0,0
invalid_consent,6208,V32P-A045462,0,0.029909844137728216,0.028466155938804149,0,0
invalid_consent,6209,V32P-A045469,0,0.69550318717956539,0.70963021516799929,1,1
invalid_consent,6210,V32P-A045470,0,0.63833562135696409,0.65402654409408567,1,1
invalid_consent,6211,V32P-A045471,0,0.66775075197219846,0.68328554630279537,1,1
invalid_consent,6212,V32P-A045472,0,0.68714790344238286,0.70356595516204834,1,1
invalid_consent,6213,V32P-A045473,1,0.57703940272331233,0.59654417037963869,0,0
invalid_consent,6214,V32P-A045474,0,0.041555895842611788,0.03905065059661865,0,0
invalid_consent,6215,V32P-A045499,0,0.61939592361450191,0.6425598621368408,0,1
invalid_consent,6216,V32P-A045500,0,0.52958648204803471,0.56087801456451414,0,0
invalid_consent,6217,V32P-A045501,0,0.46403295397758482,0.49506025314331054,0,0
invalid_consent,6218,V32P-A045502,0,0.3848637819290161,0.41789993643760681,0,0
invalid_consent,6219,V32P-A045503,1,0.36396393775939939,0.39727263450622557,0,0
invalid_consent,6220,V32P-A045504,0,0.028701826371252535,0.027778595685958862,0,0
invalid_consent,6221,V32P-A045523,0,0.4286171317100525,0.44532252550125123,0,0
invalid_consent,6222,V32P-A045524,0,0.40751117467880249,0.42505556344985962,0,0
invalid_consent,6223,V32P-A045526,0,0.31997432708740237,0.33665267229080198,0,0
invalid_consent,6224,V32P-A045527,0,0.25339565277099607,0.26559677422046662,0,0
invalid_consent,6225,V32P-A045528,0,0.1164748415350914,0.12060687690973282,0,0
invalid_consent,6226,V32P-A045583,0,0.4973915755748749,0.50461547970771792,0,0
invalid_consent,6227,V32P-A045584,0,0.44679169058799745,0.45195552706718445,0,0
invalid_consent,6228,V32P-A045586,0,0.414928138256073,0.41714409589767454,0,0
invalid_consent,6229,V32P-A045587,1,0.35136050879955294,0.35022770464420316,0,0
invalid_consent,6230,V32P-A045588,0,0.025757108256220816,0.023287384212017058,0,0
invalid_consent,6231,V32P-A045619,0,0.54596682786941531,0.55855658054351809,0,0
invalid_consent,6232,V32P-A045620,0,0.50901219844818113,0.5196248531341553,0,0
invalid_consent,6233,V32P-A045621,0,0.47729062438011172,0.4857593595981598,0,0
invalid_consent,6234,V32P-A045622,0,0.39260908365249636,0.39589976668357851,0,0
invalid_consent,6235,V32P-A045623,0,0.31649452745914458,0.31795631945133207,0,0
invalid_consent,6236,V32P-A045624,0,0.02344478163868189,0.022427930030971766,0,0
invalid_consent,6237,V32P-A045697,0,0.78918526172637937,0.78537633419036867,1,1
invalid_consent,6238,V32P-A045698,0,0.63288053274154665,0.62927298545837407,1,1
invalid_consent,6239,V32P-A045699,0,0.66431977748870852,0.65936878919601438,1,1
invalid_consent,6240,V32P-A045700,0,0.52361497282981873,0.52642526626586916,0,0
invalid_consent,6241,V32P-A045701,0,0.5375433743000031,0.53514260649681089,0,0
invalid_consent,6242,V32P-A045702,0,0.27290453314781188,0.27393577992916107,0,0
invalid_consent,6243,V32P-A045811,0,0.62139402627944951,0.63096588850021362,1,1
invalid_consent,6244,V32P-A045812,0,0.56279366016387944,0.56815493106842041,0,0
invalid_consent,6245,V32P-A045813,0,0.40861862897872925,0.39866026639938357,0,0
invalid_consent,6246,V32P-A045814,0,0.34453150928020476,0.33392971456050874,0,0
invalid_consent,6247,V32P-A045815,0,0.32333746552467346,0.31103726625442507,0,0
invalid_consent,6248,V32P-A045816,0,0.15546747297048569,0.14507504105567931,0,0
invalid_consent,6249,V32P-A045841,0,0.62459034919738765,0.63423845767974851,1,1
invalid_consent,6250,V32P-A045844,0,0.35746200680732726,0.37006423473358152,0,0
invalid_consent,6251,V32P-A045845,0,0.29906839430332183,0.33237368464469907,0,0
invalid_consent,6252,V32P-A045846,0,0.16610246896743774,0.168257537484169,0,0
invalid_consent,6253,V32P-A045871,0,0.46313300728797913,0.48465437293052671,0,0
invalid_consent,6254,V32P-A045872,0,0.41856852769851682,0.43786848187446592,0,0
invalid_consent,6255,V32P-A045873,0,0.40702058672904967,0.42022557258605958,0,0
invalid_consent,6256,V32P-A045874,1,0.34369604587554931,0.35435643196105959,0,0
invalid_consent,6257,V32P-A045875,0,0.04965096488595009,0.045451287180185318,0,0
invalid_consent,6258,V32P-A045876,0,0.020141690038144588,0.018604581523686648,0,0
invalid_consent,6259,V32P-A045877,0,0.48313031792640687,0.49655231237411501,0,0
invalid_consent,6260,V32P-A045878,0,0.4485261797904968,0.46151641607284544,0,0
invalid_consent,6261,V32P-A045879,0,0.40394487977027893,0.41893959045410156,0,0
invalid_consent,6262,V32P-A045880,0,0.33697329163551332,0.35437288880348206,0,0
invalid_consent,6263,V32P-A045881,0,0.28163838684558867,0.30032441914081576,0,0
invalid_consent,6264,V32P-A045882,0,0.16268757432699205,0.17057086378335953,0,0
invalid_consent,6265,V32P-A045895,0,0.28405464589595797,0.31274786293506623,0,0
invalid_consent,6266,V32P-A045896,0,0.31737516522407533,0.34671596884727479,0,0
invalid_consent,6267,V32P-A045897,0,0.28402180671691896,0.31660711765289307,0,0
invalid_consent,6268,V32P-A045898,1,0.22732940912246705,0.25234141349792483,0,0
invalid_consent,6269,V32P-A045899,0,0.029641312733292579,0.029458879306912423,0,0
invalid_consent,6270,V32P-A045900,0,0.012987512350082397,0.012801931332796812,0,0
invalid_consent,6271,V32P-A045907,0,0.72101166248321535,0.73707990646362309,1,1
invalid_consent,6272,V32P-A045910,0,0.41593945622444151,0.44972677826881408,0,0
invalid_consent,6273,V32P-A045911,0,0.33490230739116666,0.3634169578552246,0,0
invalid_consent,6274,V32P-A045912,0,0.14950617104768754,0.15529603511095047,0,0
invalid_consent,6275,V32P-A045919,0,0.5097313463687897,0.53725491762161259,0,0
invalid_consent,6276,V32P-A045920,0,0.45742951631546019,0.49145683050155642,0,0
invalid_consent,6277,V32P-A045921,0,0.40174929201602938,0.44203548729419706,0,0
invalid_consent,6278,V32P-A045922,0,0.34784866869449615,0.39103112816810609,0,0
invalid_consent,6279,V32P-A045923,0,0.28035401105880736,0.31797489523887634,0,0
invalid_consent,6280,V32P-A045924,0,0.14517229571938514,0.16055359318852425,0,0
invalid_consent,6281,V32P-A046081,1,0.60553703308105467,0.62902612686157222,0,1
invalid_consent,6282,V32P-A046082,1,0.57483462095260618,0.59911684989929204,0,0
invalid_consent,6283,V32P-A046083,1,0.53404719233512876,0.56194890141487119,0,0
invalid_consent,6284,V32P-A046084,0,0.07838016003370285,0.077205982059240341,0,0
invalid_consent,6285,V32P-A046085,0,0.058108435571193696,0.057217942178249361,0,0
invalid_consent,6286,V32P-A046086,0,0.025150470435619354,0.024384515546262264,0,0
invalid_consent,6287,V32P-A046165,0,0.80884931087493894,0.81450177431106563,1,1
invalid_consent,6288,V32P-A046166,0,0.73062634468078613,0.74287610054016118,1,1
invalid_consent,6289,V32P-A046167,0,0.63155540227890017,0.66943486928939822,1,1
invalid_consent,6290,V32P-A046168,0,0.54123354554176328,0.5628706037998199,0,0
invalid_consent,6291,V32P-A046169,0,0.44570990204811095,0.47015780210494995,0,0
invalid_consent,6292,V32P-A046170,0,0.036473254673182964,0.032836133614182472,0,0
invalid_consent,6293,V32P-A046180,0,0.42132559418678284,0.43656021356582642,0,0
invalid_consent,6294,V32P-A046181,0,0.34729866385459901,0.35660404562950132,0,0
invalid_consent,6295,V32P-A046182,0,0.19347117245197296,0.19352622628211974,0,0
invalid_consent,6296,V32P-A046189,0,0.65405956506729124,0.68326823711395268,1,1
invalid_consent,6297,V32P-A046190,0,0.57883312702178957,0.60294449329376221,0,0
invalid_consent,6298,V32P-A046191,0,0.54326966404914856,0.57003577351570134,0,0
invalid_consent,6299,V32P-A046192,0,0.47039169669151304,0.50126803517341612,0,0
invalid_consent,6300,V32P-A046193,1,0.42936131954193113,0.46351842284202577,0,0
invalid_consent,6301,V32P-A046194,0,0.031804678216576579,0.031776770204305652,0,0
invalid_consent,6302,V32P-A046195,0,0.62341699600219724,0.64601845741271968,1,1
invalid_consent,6303,V32P-A046196,0,0.6085077047348022,0.63347307443618772,0,1
invalid_consent,6304,V32P-A046197,0,0.49280755519866942,0.52312567830085754,0,0
invalid_consent,6305,V32P-A046198,0,0.41141906976699827,0.45398082733154299,0,0
invalid_consent,6306,V32P-A046199,0,0.33509009778499604,0.37901540100574493,0,0
invalid_consent,6307,V32P-A046200,0,0.16641346812248231,0.18821976333856583,0,0
invalid_consent,6308,V32P-A046267,0,0.51409628391265871,0.5270582258701324,0,0
invalid_consent,6309,V32P-A046268,0,0.48036629855632784,0.49319138824939729,0,0
invalid_consent,6310,V32P-A046269,0,0.42033103108406067,0.43570677936077118,0,0
invalid_consent,6311,V32P-A046270,0,0.35492637753486633,0.3721901923418045,0,0
invalid_consent,6312,V32P-A046271,0,0.29066730588674544,0.30635988116264345,0,0
invalid_consent,6313,V32P-A046272,0,0.13376010023057461,0.13680438548326493,0,0
invalid_consent,6314,V32P-A046273,0,0.3487565040588379,0.36662052869796752,0,0
invalid_consent,6315,V32P-A046274,0,0.40459781885147095,0.46045463681221011,0,0
invalid_consent,6316,V32P-A046276,0,0.34931633472442625,0.37532975077629088,0,0
invalid_consent,6317,V32P-A046277,0,0.28580447733402253,0.30843455195426939,0,0
invalid_consent,6318,V32P-A046278,0,0.13333601951599122,0.14444457292556762,0,0
invalid_consent,6319,V32P-A046291,0,0.83376731872558596,0.85260671377182007,1,1
invalid_consent,6320,V32P-A046292,0,0.6846749067306519,0.71720213890075679,1,1
invalid_consent,6321,V32P-A046293,0,0.59843073487281795,0.63617413043975835,0,1
invalid_consent,6322,V32P-A046294,0,0.54809180498123167,0.58920547366142273,0,0
invalid_consent,6323,V32P-A046295,0,0.53832541108131404,0.58318955898284908,0,0
invalid_consent,6324,V32P-A046296,0,0.048664445988833904,0.046914841607213022,0,0
invalid_consent,6325,V32P-A046312,0,0.44338836669921877,0.4574263572692871,0,0
invalid_consent,6326,V32P-A046313,0,0.33853269219398496,0.34643738865852358,0,0
invalid_consent,6327,V32P-A046314,0,0.13694998621940613,0.13839068710803987,0,0
invalid_consent,6328,V32P-A046351,0,0.70467183589935301,0.73098239898681638,1,1
invalid_consent,6329,V32P-A046352,0,0.50783328413963313,0.54421488046646116,0,0
invalid_consent,6330,V32P-A046353,0,0.39187849760055543,0.46891011595726012,0,0
invalid_consent,6331,V32P-A046354,0,0.46755187511444091,0.51551910638809206,0,0
invalid_consent,6332,V32P-A046355,0,0.31894119381904601,0.36918424367904662,0,0
invalid_consent,6333,V32P-A046356,0,0.15839838981628418,0.18652495592832566,0,0
invalid_consent,6334,V32P-A046429,1,0.77562445402145386,0.78423074483871458,1,1
invalid_consent,6335,V32P-A046430,1,0.67815421819686894,0.69029446840286257,1,1
invalid_consent,6336,V32P-A046432,0,0.095589126273989675,0.089562407135963445,0,0
invalid_consent,6337,V32P-A046433,0,0.071090316399931908,0.066151526942849162,0,0
invalid_consent,6338,V32P-A046434,0,0.031990458630025385,0.029283282719552516,0,0
invalid_consent,6339,V32P-A046453,0,0.2704898238182068,0.28940827846527101,0,0
invalid_consent,6340,V32P-A046454,0,0.30280227065086363,0.33167166709899903,0,0
invalid_consent,6341,V32P-A046455,0,0.27584846317768097,0.30199147164821627,0,0
invalid_consent,6342,V32P-A046456,0,0.22953736186027526,0.24682004749774933,0,0
invalid_consent,6343,V32P-A046457,0,0.18162370324134827,0.19427045881748201,0,0
invalid_consent,6344,V32P-A046458,0,0.086785578727722162,0.091720421612262723,0,0
invalid_consent,6345,V32P-A046477,0,0.65611007213592532,0.66121528148651121,1,1
invalid_consent,6346,V32P-A046480,0,0.42989656925201414,0.45087311267852781,0,0
invalid_consent,6347,V32P-A046481,0,0.35768496990203857,0.37882380485534667,0,0
invalid_consent,6348,V32P-A046482,0,0.19204827547073364,0.20491923391819,0,0
invalid_consent,6349,V32P-A046519,0,0.46307885050773623,0.49246501326560976,0,0
invalid_consent,6350,V32P-A046520,0,0.43617326021194458,0.46610664129257201,0,0
invalid_consent,6351,V32P-A046521,0,0.35948235392570493,0.39327306151390073,0,0
invalid_consent,6352,V32P-A046522,0,0.28478987216949464,0.31954498589038849,0,0
invalid_consent,6353,V32P-A046523,1,0.24967696368694306,0.28138625025749209,0,0
invalid_consent,6354,V32P-A046524,0,0.024344847397878767,0.023174223862588404,0,0
invalid_consent,6355,V32P-A046543,0,0.48855226635932925,0.4946219503879547,0,0
invalid_consent,6356,V32P-A046544,0,0.46038331985473635,0.46890208721160886,0,0
invalid_consent,6357,V32P-A046545,0,0.41644493937492372,0.42936128973960874,0,0
invalid_consent,6358,V32P-A046546,0,0.40217734575271608,0.41214680671691895,0,0
invalid_consent,6359,V32P-A046547,0,0.31745093762874604,0.36781385540962219,0,0
invalid_consent,6360,V32P-A046548,0,0.14094898998737335,0.14398330748081206,0,0
invalid_consent,6361,V32P-A046567,0,0.60763574242591856,0.61782839894294739,0,0
invalid_consent,6362,V32P-A046568,0,0.63399745225906368,0.64378707408905034,1,1
invalid_consent,6363,V32P-A046569,0,0.60922721624374387,0.62334215641021729,0,1
invalid_consent,6364,V32P-A046570,0,0.55930144190788267,0.58084676861762996,0,0
invalid_consent,6365,V32P-A046571,0,0.5003037571907043,0.52503321766853328,0,0
invalid_consent,6366,V32P-A046572,0,0.28570819795131686,0.30245729982852937,0,0
invalid_consent,6367,V32P-A046609,0,0.66339951753616333,0.66890338659286497,1,1
invalid_consent,6368,V32P-A046610,0,0.55979648828506468,0.56949162483215332,0,0
invalid_consent,6369,V32P-A046611,0,0.54973345994949341,0.55636024475097656,0,0
invalid_consent,6370,V32P-A046612,0,0.48427361845970152,0.49098210930824282,0,0
invalid_consent,6371,V32P-A046613,0,0.39199877977371217,0.39853104352951052,0,0
invalid_consent,6372,V32P-A046614,0,0.16658059060573577,0.17409698367118837,0,0
invalid_consent,6373,V32P-A046687,0,0.80514043569564819,0.81248135566711421,1,1
invalid_consent,6374,V32P-A046688,0,0.74145377874374385,0.75239354372024536,1,1
invalid_consent,6375,V32P-A046689,0,0.59055085182189937,0.6159701943397522,0,0
invalid_consent,6376,V32P-A046690,0,0.53421630859375002,0.56221536397933958,0,0
invalid_consent,6377,V32P-A046691,0,0.43077138066291809,0.45991946458816529,0,0
invalid_consent,6378,V32P-A046692,0,0.20122458338737487,0.21409398913383484,0,0
invalid_consent,6379,V32P-A046705,0,0.42094679474830626,0.43048736453056335,0,0
invalid_consent,6380,V32P-A046706,0,0.37003051042556762,0.382246857881546,0,0
invalid_consent,6381,V32P-A046707,0,0.37388526797294619,0.39196329712867739,0,0
invalid_consent,6382,V32P-A046708,0,0.3263719230890274,0.35255962014198305,0,0
invalid_consent,6383,V32P-A046709,1,0.26559560596942899,0.28972856104373934,0,0
invalid_consent,6384,V32P-A046710,0,0.024134816508740185,0.023037787713110446,0,0
invalid_consent,6385,V32P-A046819,0,0.46666162014007567,0.49313646554946899,0,0
invalid_consent,6386,V32P-A046820,0,0.50718251466751096,0.53339205980300908,0,0
invalid_consent,6387,V32P-A046822,1,0.43743059635162351,0.47133928537368774,0,0
invalid_consent,6388,V32P-A046823,0,0.059281956031918527,0.055387080833315852,0,0
invalid_consent,6389,V32P-A046824,0,0.028214374743402004,0.026045719161629677,0,0
invalid_consent,6390,V32P-A046933,0,0.52669054865837095,0.54715772271156315,0,0
invalid_consent,6391,V32P-A046934,0,0.46661951541900637,0.4891787111759186,0,0
invalid_consent,6392,V32P-A046935,0,0.39168446660041811,0.40966934561729429,0,0
invalid_consent,6393,V32P-A046936,0,0.30451715886592867,0.31600031852722166,0,0
invalid_consent,6394,V32P-A046937,0,0.26266644895076752,0.26668869554996488,0,0
invalid_consent,6395,V32P-A046938,0,0.12071232050657273,0.12046296447515488,0,0
invalid_consent,6396,V32P-A046975,0,0.83659231662750244,0.84888314008712773,1,1
invalid_consent,6397,V32P-A046976,0,0.75077768564224245,0.76947803497314449,1,1
invalid_consent,6398,V32P-A046977,0,0.73657016754150395,0.75580816268920903,1,1
invalid_consent,6399,V32P-A046978,0,0.6831268191337585,0.70877977609634402,1,1
invalid_consent,6400,V32P-A046979,1,0.75183283090591435,0.7784355044364929,1,1
invalid_consent,6401,V32P-A046980,0,0.080059409514069563,0.074018396809697157,0,0
invalid_consent,6402,V32P-A047089,0,0.63137555122375488,0.66242172718048098,1,1
invalid_consent,6403,V32P-A047090,0,0.62586667537689211,0.6720194458961487,1,1
invalid_consent,6404,V32P-A047091,0,0.60385780334472661,0.6371127843856812,0,1
invalid_consent,6405,V32P-A047092,0,0.5968849301338196,0.62409484386444092,0,1
invalid_consent,6406,V32P-A047093,0,0.52719774246215823,0.55406338572502134,0,0
invalid_consent,6407,V32P-A047094,0,0.30606532692909239,0.32854118943214417,0,0
invalid_consent,6408,V32P-A047143,0,0.72028270959854124,0.72930810451507566,1,1
invalid_consent,6409,V32P-A047144,0,0.58963686227798462,0.60560841560363765,0,0
invalid_consent,6410,V32P-A047146,0,0.5302807092666626,0.55028383135795589,0,0
invalid_consent,6411,V32P-A047147,0,0.34729951620101929,0.36688910722732543,0,0
invalid_consent,6412,V32P-A047148,0,0.17725424319505692,0.18946847319602966,0,0
invalid_consent,6413,V32P-A047173,0,0.54513323903083799,0.56831184625625608,0,0
invalid_consent,6414,V32P-A047174,0,0.50870695114135744,0.53200823068618774,0,0
invalid_consent,6415,V32P-A047175,0,0.47343506217002868,0.5021786510944366,0,0
invalid_consent,6416,V32P-A047176,0,0.41124122738838198,0.44383476972579955,0,0
invalid_consent,6417,V32P-A047177,1,0.37025989890098571,0.4089899778366089,0,0
invalid_consent,6418,V32P-A047178,0,0.028925811313092707,0.027323244884610177,0,0
invalid_consent,6419,V32P-A047179,0,0.56834889650344844,0.59984573125839236,0,0
invalid_consent,6420,V32P-A047180,0,0.45912346243858337,0.48827651143074036,0,0
invalid_consent,6421,V32P-A047181,0,0.44609280824661257,0.48166831731796267,0,0
invalid_consent,6422,V32P-A047182,0,0.35891786217689514,0.4053695321083069,0,0
invalid_consent,6423,V32P-A047183,0,0.28135991692543028,0.3212630093097687,0,0
invalid_consent,6424,V32P-A047184,0,0.10972974896430969,0.12228627502918243,0,0
invalid_consent,6425,V32P-A047269,1,0.52199816703796387,0.54648772478103635,0,0
invalid_consent,6426,V32P-A047270,1,0.56953799128532412,0.59596786499023435,0,0
invalid_consent,6427,V32P-A047271,1,0.65662212371826167,0.68126786947250362,1,1
invalid_consent,6428,V32P-A047272,0,0.09946470707654953,0.091121947020292277,0,0
invalid_consent,6429,V32P-A047273,0,0.078600245714187625,0.071954114735126501,0,0
invalid_consent,6430,V32P-A047274,0,0.034728356078267096,0.031361414305865767,0,0
invalid_consent,6431,V32P-A047311,0,0.6308418273925781,0.65054949522018435,1,1
invalid_consent,6432,V32P-A047312,0,0.59141941070556636,0.61107689738273618,0,0
invalid_consent,6433,V32P-A047313,0,0.50864194035530086,0.53139525055885317,0,0
invalid_consent,6434,V32P-A047314,0,0.43467158079147339,0.46700538992881774,0,0
invalid_consent,6435,V32P-A047315,0,0.37037321925163269,0.40724902749061587,0,0
invalid_consent,6436,V32P-A047316,0,0.035312923789024356,0.033857017755508423,0,0
invalid_consent,6437,V32P-A047395,1,0.84161908626556392,0.86038647890090947,1,1
invalid_consent,6438,V32P-A047396,1,0.69557088613510132,0.72226322889327998,1,1
invalid_consent,6439,V32P-A047397,1,0.67371351718902583,0.70282632112503052,1,1
invalid_consent,6440,V32P-A047398,0,0.24353308528661727,0.24850858449935914,0,0
invalid_consent,6441,V32P-A047399,0,0.15855617299675942,0.15997500121593475,0,0
invalid_consent,6442,V32P-A047400,0,0.069742823019623756,0.067800249159336093,0,0
invalid_consent,6443,V32P-A047455,0,0.84450322389602661,0.84847979545593266,1,1
invalid_consent,6444,V32P-A047456,0,0.72717441320419307,0.74283728599548338,1,1
invalid_consent,6445,V32P-A047458,0,0.59063799381256099,0.61619229316711421,0,0
invalid_consent,6446,V32P-A047459,0,0.50324834585189815,0.52076899409294131,0,0
invalid_consent,6447,V32P-A047460,0,0.24352947771549224,0.2547538638114929,0,0
invalid_consent,6448,V32P-A047491,0,0.79293369054794316,0.79567242860794063,1,1
invalid_consent,6449,V32P-A047492,0,0.66506655216217037,0.66857678890228267,1,1
invalid_consent,6450,V32P-A047494,0,0.61321212053298946,0.61735559701919551,0,0
invalid_consent,6451,V32P-A047495,0,0.56664590239524837,0.56903018355369572,0,0
invalid_consent,6452,V32P-A047496,0,0.34891979098320008,0.34520918726921079,0,0
invalid_consent,6453,V32P-A047527,0,0.49191071987152102,0.51209154129028323,0,0
invalid_consent,6454,V32P-A047528,0,0.43188664615154265,0.45162471532821657,0,0
invalid_consent,6455,V32P-A047529,0,0.38956162631511687,0.40835560560226442,0,0
invalid_consent,6456,V32P-A047530,0,0.32195111215114591,0.33931213915348052,0,0
invalid_consent,6457,V32P-A047531,1,0.25698614865541458,0.26949295699596404,0,0
invalid_consent,6458,V32P-A047532,0,0.026049215206876399,0.024250181671231986,0,0
invalid_consent,6459,V32P-A047536,1,0.47414633631706238,0.50279744863510134,0,0
invalid_consent,6460,V32P-A047537,0,0.067479113489389425,0.064930903539061544,0,0
invalid_consent,6461,V32P-A047538,0,0.032716271933168173,0.030935518816113471,0,0
invalid_consent,6462,V32P-A047539,0,0.71253113746643071,0.73128232955932615,1,1
invalid_consent,6463,V32P-A047540,0,0.59909584522247317,0.62472124099731441,0,1
invalid_consent,6464,V32P-A047542,0,0.4134253919124603,0.44079768061637881,0,0
invalid_consent,6465,V32P-A047543,0,0.32556522488594053,0.35146424770355222,0,0
invalid_consent,6466,V32P-A047544,0,0.14229729920625686,0.15006040036678314,0,0
invalid_consent,6467,V32P-A047569,0,0.72137386798858638,0.735872495174408,1,1
invalid_consent,6468,V32P-A047570,0,0.5913782477378845,0.61128479242324829,0,0
invalid_consent,6469,V32P-A047571,0,0.53450227975845332,0.55795925855636597,0,0
invalid_consent,6470,V32P-A047572,0,0.47124644517898562,0.5010978758335114,0,0
invalid_consent,6471,V32P-A047573,0,0.44984458088874818,0.47797009944915769,0,0
invalid_consent,6472,V32P-A047574,0,0.20030192136764527,0.2129534214735031,0,0
invalid_consent,6473,V32P-A047713,0,0.33363150954246523,0.33506665229797361,0,0
invalid_consent,6474,V32P-A047714,0,0.43415491580963134,0.44099171161651612,0,0
invalid_consent,6475,V32P-A047715,0,0.44019588232040407,0.44979009032249451,0,0
invalid_consent,6476,V32P-A047716,0,0.35913820862770079,0.36925484538078307,0,0
invalid_consent,6477,V32P-A047717,0,0.27277349531650541,0.28500515520572661,0,0
invalid_consent,6478,V32P-A047718,0,0.12368147820234299,0.12881961613893508,0,0
invalid_consent,6479,V32P-A047731,1,0.51965531110763552,0.52927160263061523,0,0
invalid_consent,6480,V32P-A047732,1,0.37572208642959593,0.38459566831588743,0,0
invalid_consent,6481,V32P-A047734,0,0.067869482561945915,0.071665013208985329,0,0
invalid_consent,6482,V32P-A047735,0,0.04282041173428297,0.040642592683434488,0,0
invalid_consent,6483,V32P-A047736,0,0.016924569103866815,0.016102685220539571,0,0
invalid_consent,6484,V32P-A047743,0,0.58564438819885256,0.59594210982322693,0,0
invalid_consent,6485,V32P-A047744,0,0.53663811683654783,0.54247835874557493,0,0
invalid_consent,6486,V32P-A047746,0,0.44649452567100523,0.44765612483024597,0,0
invalid_consent,6487,V32P-A047747,1,0.35776725113391877,0.38488796353340149,0,0
invalid_consent,6488,V32P-A047748,0,0.029302471503615379,0.027383784018456935,0,0
invalid_consent,6489,V32P-A047809,0,0.75893670320510864,0.77007102966308594,1,1
invalid_consent,6490,V32P-A047810,0,0.60702857971191404,0.61785663366317745,0,0
invalid_consent,6491,V32P-A047812,0,0.41364982724189758,0.42098546028137207,0,0
invalid_consent,6492,V32P-A047813,0,0.39154604673385618,0.40198147296905518,0,0
invalid_consent,6493,V32P-A047814,0,0.17047778517007828,0.17691193968057634,0,0
invalid_consent,6494,V32P-A047815,0,0.66376346349716187,0.68249140977859502,1,1
invalid_consent,6495,V32P-A047816,0,0.59312135577201841,0.63347002863883972,0,1
invalid_consent,6496,V32P-A047817,0,0.59437522888183592,0.61409690976142883,0,0
invalid_consent,6497,V32P-A047818,0,0.57172409296035764,0.59845269322395322,0,0
invalid_consent,6498,V32P-A047819,0,0.54934213757514949,0.58857384324073792,0,0
invalid_consent,6499,V32P-A047820,0,0.29896295964717867,0.33154675662517546,0,0
invalid_consent,6500,V32P-A047827,0,0.71917967796325688,0.73227550983428957,1,1
invalid_consent,6501,V32P-A047828,0,0.61256892681121822,0.63045758008956909,0,1
invalid_consent,6502,V32P-A047829,0,0.53836109638214114,0.56141685247421269,0,0
invalid_consent,6503,V32P-A047830,0,0.45751473307609558,0.47882997989654541,0,0
invalid_consent,6504,V32P-A047831,0,0.38427720069885252,0.40258483886718749,0,0
invalid_consent,6505,V32P-A047832,0,0.19449353069067002,0.20148669481277465,0,0
invalid_consent,6506,V32P-A047833,0,0.37008367180824281,0.38820316195487975,0,0
invalid_consent,6507,V32P-A047834,0,0.43639179468154909,0.45237859487533572,0,0
invalid_consent,6508,V32P-A047835,0,0.4299512505531311,0.44718843698501587,0,0
invalid_consent,6509,V32P-A047836,0,0.36703423261642454,0.38028801083564756,0,0
invalid_consent,6510,V32P-A047837,0,0.29735121726989744,0.30582813024520872,0,0
invalid_consent,6511,V32P-A047838,0,0.12774230837821959,0.13091034442186356,0,0
invalid_consent,6512,V32P-A047869,0,0.82011040449142458,0.83843061923980711,1,1
invalid_consent,6513,V32P-A047870,0,0.7483836770057678,0.76457022428512578,1,1
invalid_consent,6514,V32P-A047871,0,0.73094034194946289,0.74362417459487917,1,1
invalid_consent,6515,V32P-A047872,0,0.72936860322952268,0.74809709787368772,1,1
invalid_consent,6516,V32P-A047873,0,0.71083238124847414,0.72745600938796995,1,1
invalid_consent,6517,V32P-A047874,0,0.48797181844711301,0.49944897890090945,0,0
invalid_consent,6518,V32P-A047875,0,0.44794185161590577,0.47704845666885376,0,0
invalid_consent,6519,V32P-A047876,0,0.47403990030288695,0.50111511945724485,0,0
invalid_consent,6520,V32P-A047877,0,0.43798251748085021,0.47157856225967409,0,0
invalid_consent,6521,V32P-A047878,0,0.36726441383361819,0.4036587357521057,0,0
invalid_consent,6522,V32P-A047879,0,0.28697419762611387,0.31807479858398435,0,0
invalid_consent,6523,V32P-A047880,0,0.12058632224798202,0.1352163940668106,0,0
invalid_consent,6524,V32P-A047905,0,0.49138441085815432,0.48978120088577271,0,0
invalid_consent,6525,V32P-A047906,0,0.52052710056304929,0.52012177705764773,0,0
invalid_consent,6526,V32P-A047907,0,0.50859109759330745,0.51484766602516174,0,0
invalid_consent,6527,V32P-A047908,0,0.44766424894332885,0.45219866633415223,0,0
invalid_consent,6528,V32P-A047909,0,0.37669345140457156,0.38209945559501646,0,0
invalid_consent,6529,V32P-A047910,0,0.18208580315113068,0.18876268714666367,0,0
invalid_consent,6530,V32P-A047935,1,0.68049495220184331,0.69124933481216433,1,1
invalid_consent,6531,V32P-A047936,1,0.55652913451194763,0.56642831563949581,0,0
invalid_consent,6532,V32P-A047937,1,0.42542434334754942,0.43338617086410525,0,0
invalid_consent,6533,V32P-A047938,0,0.06327430456876755,0.060957424715161322,0,0
invalid_consent,6534,V32P-A047939,0,0.044407571852207187,0.042586512491106988,0,0
invalid_consent,6535,V32P-A047940,0,0.019272555597126484,0.018366428650915624,0,0
invalid_consent,6536,V32P-A047947,0,0.5085627496242523,0.52912445068359371,0,0
invalid_consent,6537,V32P-A047950,0,0.27791282832622527,0.29333123564720154,0,0
invalid_consent,6538,V32P-A047951,0,0.21983853578567505,0.23403651416301727,0,0
invalid_consent,6539,V32P-A047952,0,0.11462230309844017,0.11951436400413513,0,0
invalid_consent,6540,V32P-A048001,1,0.70263592004775999,0.71451457738876345,1,1
invalid_consent,6541,V32P-A048002,1,0.6101734399795532,0.624643474817276,0,1
invalid_consent,6542,V32P-A048003,0,0.11121402084827423,0.10691412761807442,0,0
invalid_consent,6543,V32P-A048004,0,0.12123522609472275,0.11936409324407578,0,0
invalid_consent,6544,V32P-A048005,0,0.062601156160235399,0.057777849212288859,0,0
invalid_consent,6545,V32P-A048006,0,0.028353104926645757,0.025684561952948569,0,0
invalid_consent,6546,V32P-A048025,0,0.46461372971534731,0.47138413190841677,0,0
invalid_consent,6547,V32P-A048026,0,0.46535032391548159,0.47464741468429567,0,0
invalid_consent,6548,V32P-A048027,0,0.38844469785690305,0.40416038632392881,0,0
invalid_consent,6549,V32P-A048028,0,0.282814222574234,0.29931929409503938,0,0
invalid_consent,6550,V32P-A048029,0,0.19363996684551238,0.20419726073741912,0,0
invalid_consent,6551,V32P-A048030,0,0.080635587871074679,0.081738881766796112,0,0
invalid_consent,6552,V32P-A048031,1,0.57190292477607729,0.60747916698455806,0,0
invalid_consent,6553,V32P-A048032,1,0.50307212471961971,0.53916718363761906,0,0
invalid_consent,6554,V32P-A048033,1,0.42204625904560089,0.45965486764907837,0,0
invalid_consent,6555,V32P-A048034,0,0.084448183141648772,0.082370960339903834,0,0
invalid_consent,6556,V32P-A048035,0,0.070399935543537143,0.06972204484045505,0,0
invalid_consent,6557,V32P-A048036,0,0.034512255806475878,0.033062447141855952,0,0
invalid_consent,6558,V32P-A048043,0,0.71030693054199223,0.71217032670974734,1,1
invalid_consent,6559,V32P-A048044,0,0.61176850795745852,0.60750499963760374,0,0
invalid_consent,6560,V32P-A048045,0,0.54232080578804021,0.54202519059181209,0,0
invalid_consent,6561,V32P-A048046,0,0.47036280632019045,0.47725379467010498,0,0
invalid_consent,6562,V32P-A048047,0,0.37848510742187502,0.38756899833679198,0,0
invalid_consent,6563,V32P-A048048,0,0.17327565252780913,0.17529528886079787,0,0
invalid_consent,6564,V32P-A048061,0,0.40662892758846281,0.44793795943260195,0,0
invalid_consent,6565,V32P-A048062,0,0.42028598189353944,0.46219981312751768,0,0
invalid_consent,6566,V32P-A048063,0,0.42723268270492554,0.46661852002143861,0,0
invalid_consent,6567,V32P-A048064,0,0.4008027255535126,0.44159412682056426,0,0
invalid_consent,6568,V32P-A048065,0,0.33684382140636443,0.37895886600017548,0,0
invalid_consent,6569,V32P-A048066,0,0.19407535046339036,0.22085880115628242,0,0
invalid_consent,6570,V32P-A048073,0,0.5579412162303925,0.57113165259361265,0,0
invalid_consent,6571,V32P-A048074,0,0.56079584360122681,0.5759136974811554,0,0
invalid_consent,6572,V32P-A048075,0,0.5488664329051971,0.56719514727592468,0,0
invalid_consent,6573,V32P-A048076,0,0.51488359570503239,0.53795096874237058,0,0
invalid_consent,6574,V32P-A048077,0,0.47071579098701477,0.49473497867584226,0,0
invalid_consent,6575,V32P-A048078,0,0.33587810695171355,0.3594620883464813,0,0
invalid_consent,6576,V32P-A048079,0,0.43101544976234435,0.45647503733634948,0,0
invalid_consent,6577,V32P-A048080,0,0.479240220785141,0.50723723173141477,0,0
invalid_consent,6578,V32P-A048082,0,0.28238855302333832,0.30473209917545319,0,0
invalid_consent,6579,V32P-A048083,0,0.20814969539642333,0.22691169381141663,0,0
invalid_consent,6580,V32P-A048084,0,0.087294032424688334,0.092417505383491513,0,0
invalid_consent,6581,V32P-A048127,0,0.54060736894607542,0.56778720617294309,0,0
invalid_consent,6582,V32P-A048128,0,0.4933532178401947,0.52281685471534733,0,0
invalid_consent,6583,V32P-A048129,0,0.43403201103210448,0.46586912870407104,0,0
invalid_consent,6584,V32P-A048130,0,0.40875846743583677,0.43999471664428713,0,0
invalid_consent,6585,V32P-A048131,0,0.28996945917606354,0.32034063339233398,0,0
invalid_consent,6586,V32P-A048132,0,0.13624454736709596,0.15078601390123367,0,0
invalid_consent,6587,V32P-A048181,0,0.81032109260559082,0.82177327871322636,1,1
invalid_consent,6588,V32P-A048184,0,0.71674213409423826,0.73213402032852171,1,1
invalid_consent,6589,V32P-A048185,0,0.56700651645660405,0.5885099470615387,0,0
invalid_consent,6590,V32P-A048186,0,0.048443314433097837,0.046245957352221014,0,0
invalid_consent,6591,V32P-A048187,0,0.53163114786148069,0.55160637497901921,0,0
invalid_consent,6592,V32P-A048188,0,0.50832074880599976,0.53256151080131531,0,0
invalid_consent,6593,V32P-A048189,0,0.45720046758651733,0.48906157016754148,0,0
invalid_consent,6594,V32P-A048190,0,0.47531939148902891,0.50540333986282349,0,0
invalid_consent,6595,V32P-A048191,0,0.31643322408199309,0.3460197478532791,0,0
invalid_consent,6596,V32P-A048192,0,0.15150620192289352,0.16498850882053376,0,0
invalid_consent,6597,V32P-A048253,0,0.50029172897338869,0.52743666172027592,0,0
invalid_consent,6598,V32P-A048254,0,0.42949842810630801,0.44935277104377747,0,0
invalid_consent,6599,V32P-A048255,0,0.39311636686325074,0.41698655486106873,0,0
invalid_consent,6600,V32P-A048256,0,0.327333003282547,0.3521526873111725,0,0
invalid_consent,6601,V32P-A048257,0,0.26932199597358703,0.29280304312705996,0,0
invalid_consent,6602,V32P-A048258,0,0.12789289355278016,0.14418769031763076,0,0
invalid_consent,6603,V32P-A048301,1,0.70555448532104492,0.72353007793426516,1,1
invalid_consent,6604,V32P-A048302,1,0.61365335583686831,0.64061387181282048,0,1
invalid_consent,6605,V32P-A048303,1,0.55832768678665157,0.58911553621292112,0,0
invalid_consent,6606,V32P-A048304,0,0.10281084328889847,0.093534903228282923,0,0
invalid_consent,6607,V32P-A048305,0,0.089172942191362375,0.087850522994995114,0,0
invalid_consent,6608,V32P-A048306,0,0.032713486067950728,0.030047889426350595,0,0
invalid_consent,6609,V32P-A048361,0,0.56009217500686648,0.57161390781402588,0,0
invalid_consent,6610,V32P-A048362,0,0.4559513986110687,0.46674237251281736,0,0
invalid_consent,6611,V32P-A048363,0,0.41007090806961061,0.42276442646980283,0,0
invalid_consent,6612,V32P-A048364,0,0.37949491143226621,0.39711208939552306,0,0
invalid_consent,6613,V32P-A048365,0,0.32058119773864746,0.33336136341094968,0,0
invalid_consent,6614,V32P-A048366,0,0.14906495809555054,0.15389198213815689,0,0
invalid_consent,6615,V32P-A048409,0,0.6377372145652771,0.64091545343399048,1,1
invalid_consent,6616,V32P-A048410,0,0.54955670833587644,0.55602713823318484,0,0
invalid_consent,6617,V32P-A048411,0,0.45498612523078918,0.46725749373435976,0,0
invalid_consent,6618,V32P-A048412,0,0.34168488681316378,0.3570758640766144,0,0
invalid_consent,6619,V32P-A048413,0,0.2593076229095459,0.27196429520845411,0,0
invalid_consent,6620,V32P-A048414,0,0.098661272972822192,0.10021650195121765,0,0
invalid_consent,6621,V32P-A048427,0,0.7385827898979187,0.74904756546020512,1,1
invalid_consent,6622,V32P-A048428,0,0.61567524671554563,0.63324131965637209,0,1
invalid_consent,6623,V32P-A048429,0,0.54928669333457947,0.56963663101196294,0,0
invalid_consent,6624,V32P-A048430,0,0.47290561795234681,0.4960939884185791,0,0
invalid_consent,6625,V32P-A048431,0,0.39774786233901976,0.42412335872650148,0,0
invalid_consent,6626,V32P-A048432,0,0.22924667000770568,0.23730152249336242,0,0
invalid_consent,6627,V32P-A048517,0,0.54937307834625249,0.56450957059860229,0,0
invalid_consent,6628,V32P-A048518,0,0.48750568628311158,0.50154195427894588,0,0
invalid_consent,6629,V32P-A048519,0,0.50292355418205259,0.51792804002761839,0,0
invalid_consent,6630,V32P-A048520,0,0.39868460297584535,0.41348431110382078,0,0
invalid_consent,6631,V32P-A048521,1,0.38377826213836669,0.40039443969726562,0,0
invalid_consent,6632,V32P-A048522,0,0.033673723228275776,0.030522229708731176,0,0
invalid_consent,6633,V32P-A048562,0,0.52159473299980164,0.54665938615798948,0,0
invalid_consent,6634,V32P-A048563,1,0.44321420192718508,0.47328031063079834,0,0
invalid_consent,6635,V32P-A048564,0,0.031271794252097605,0.030183185823261738,0,0
invalid_consent,6636,V32P-A048577,0,0.72612330913543699,0.74447125196456909,1,1
invalid_consent,6637,V32P-A048578,0,0.65668692588806155,0.68005633354187012,1,1
invalid_consent,6638,V32P-A048580,0,0.57210687994956966,0.594768226146698,0,0
invalid_consent,6639,V32P-A048581,0,0.50336257219314573,0.52960591912269595,0,0
invalid_consent,6640,V32P-A048582,0,0.26352633833885192,0.27594856321811678,0,0
invalid_consent,6641,V32P-A048685,0,0.7435694813728333,0.75296524763107298,1,1
invalid_consent,6642,V32P-A048686,0,0.55090159773826597,0.56014494299888606,0,0
invalid_consent,6643,V32P-A048687,0,0.43894643187522886,0.45426411628723146,0,0
invalid_consent,6644,V32P-A048688,0,0.48892611861228941,0.50564758777618413,0,0
invalid_consent,6645,V32P-A048689,0,0.33675937056541444,0.35540282726287842,0,0
invalid_consent,6646,V32P-A048690,0,0.17554198801517487,0.18312838673591614,0,0
invalid_consent,6647,V32P-A048907,0,0.48813272118568418,0.49188120961189269,0,0
invalid_consent,6648,V32P-A048908,0,0.48948595523834226,0.48750749230384827,0,0
invalid_consent,6649,V32P-A048910,0,0.39452567100524905,0.3891340672969818,0,0
invalid_consent,6650,V32P-A048911,0,0.33408527970314028,0.32865989208221436,0,0
invalid_consent,6651,V32P-A048912,0,0.16636249870061875,0.16153478175401687,0,0
invalid_consent,6652,V32P-A048925,0,0.60538855791091917,0.61719353199005123,0,0
invalid_consent,6653,V32P-A048926,0,0.59146733283996578,0.60017191171646123,0,0
invalid_consent,6654,V32P-A048927,0,0.54169873595237727,0.54520412087440495,0,0
invalid_consent,6655,V32P-A048928,1,0.49135027527809144,0.48892970085144044,0,0
invalid_consent,6656,V32P-A048929,0,0.073447123914957044,0.066426622867584231,0,0
invalid_consent,6657,V32P-A048930,0,0.032937229424715039,0.029846468940377235,0,0
invalid_consent,6658,V32P-A048943,0,0.39388430714607237,0.4034187078475952,0,0
invalid_consent,6659,V32P-A048946,0,0.28174811005592348,0.29468783736228943,0,0
invalid_consent,6660,V32P-A048947,0,0.22323637008666991,0.23440723717212678,0,0
invalid_consent,6661,V32P-A048948,0,0.10524498149752617,0.10592386275529861,0,0
invalid_consent,6662,V32P-A048991,0,0.53328822255134578,0.5434847414493561,0,0
invalid_consent,6663,V32P-A048992,0,0.47421420812606813,0.48940734863281249,0,0
invalid_consent,6664,V32P-A048993,0,0.43065398931503296,0.44557265639305116,0,0
invalid_consent,6665,V32P-A048994,0,0.35672746896743773,0.37338327765464785,0,0
invalid_consent,6666,V32P-A048995,0,0.28994026780128479,0.30601300299167633,0,0
invalid_consent,6667,V32P-A048996,0,0.14218382984399797,0.1490175798535347,0,0
invalid_consent,6668,V32P-A049039,0,0.44695629179477692,0.46511510014533997,0,0
invalid_consent,6669,V32P-A049040,0,0.53006102442741398,0.54611145853996279,0,0
invalid_consent,6670,V32P-A049041,0,0.53807877302169804,0.55666788816452029,0,0
invalid_consent,6671,V32P-A049042,0,0.38616251647472383,0.41224882602691648,0,0
invalid_consent,6672,V32P-A049043,0,0.27986931949853899,0.30200283527374266,0,0
invalid_consent,6673,V32P-A049044,0,0.11809232532978058,0.12250034660100936,0,0
invalid_consent,6674,V32P-A049045,0,0.398658949136734,0.41400247216224673,0,0
invalid_consent,6675,V32P-A049046,0,0.39461863636970518,0.41067157983779906,0,0
invalid_consent,6676,V32P-A049047,0,0.36607124805450442,0.38233100175857543,0,0
invalid_consent,6677,V32P-A049048,0,0.32002449929714205,0.33771199584007261,0,0
invalid_consent,6678,V32P-A049049,0,0.25777505040168763,0.27654178440570831,0,0
invalid_consent,6679,V32P-A049050,0,0.12684117257595062,0.1322293072938919,0,0
invalid_consent,6680,V32P-A049081,0,0.77675504684448238,0.79931308031082149,1,1
invalid_consent,6681,V32P-A049084,0,0.5030286371707916,0.53284316062927251,0,0
invalid_consent,6682,V32P-A049085,0,0.42971456646919248,0.46008642315864562,0,0
invalid_consent,6683,V32P-A049086,0,0.21032883524894713,0.22638501226902008,0,0
invalid_consent,6684,V32P-A049099,0,0.61911211013793943,0.6271733164787292,0,1
invalid_consent,6685,V32P-A049100,0,0.53022162914276127,0.53844177722930908,0,0
invalid_consent,6686,V32P-A049101,0,0.42000707387924197,0.42885462045669553,0,0
invalid_consent,6687,V32P-A049102,0,0.35320895910263062,0.36386935710906981,0,0
invalid_consent,6688,V32P-A049103,0,0.27851786315441129,0.28884361684322357,0,0
invalid_consent,6689,V32P-A049104,0,0.15371796935796739,0.16493376046419145,0,0
invalid_consent,6690,V32P-A049171,0,0.51224009990692143,0.51529707908630373,0,0
invalid_consent,6691,V32P-A049172,0,0.48993267416954039,0.48922163844108579,0,0
invalid_consent,6692,V32P-A049174,0,0.388795804977417,0.38875821828842161,0,0
invalid_consent,6693,V32P-A049175,0,0.29907692670822145,0.30050071477890017,0,0
invalid_consent,6694,V32P-A049176,0,0.12573928087949754,0.12439176142215728,0,0
invalid_consent,6695,V32P-A049177,0,0.73835574388504033,0.74716575145721431,1,1
invalid_consent,6696,V32P-A049178,0,0.66309218406677251,0.67167594432830813,1,1
invalid_consent,6697,V32P-A049179,0,0.56948788166046138,0.5776201128959656,0,0
invalid_consent,6698,V32P-A049180,0,0.49196345806121827,0.50192881822586055,0,0
invalid_consent,6699,V32P-A049181,0,0.46231451034545901,0.50441229343414307,0,0
invalid_consent,6700,V32P-A049182,0,0.18753376305103303,0.19333440363407134,0,0
invalid_consent,6701,V32P-A049261,0,0.60044413208961489,0.63821991682052615,0,1
invalid_consent,6702,V32P-A049262,0,0.50615707635879514,0.55324035286903384,0,0
invalid_consent,6703,V32P-A049263,0,0.42607873678207397,0.46924117803573606,0,0
invalid_consent,6704,V32P-A049264,0,0.28614879548549654,0.31390790939331054,0,0
invalid_consent,6705,V32P-A049265,0,0.28814916908740995,0.33711224198341372,0,0
invalid_consent,6706,V32P-A049266,0,0.099292153120040888,0.10476872175931931,0,0
invalid_consent,6707,V32P-A049321,0,0.46896955966949461,0.48658907115459443,0,0
invalid_consent,6708,V32P-A049322,0,0.47288696467876434,0.49070839285850526,0,0
invalid_consent,6709,V32P-A049324,0,0.4112606942653656,0.44066061377525328,0,0
invalid_consent,6710,V32P-A049325,0,0.33279927372932433,0.36032720208168029,0,0
invalid_consent,6711,V32P-A049326,0,0.14614841789007188,0.15894280672073363,0,0
invalid_consent,6712,V32P-A049375,0,0.72582160234451298,0.73273324966430664,1,1
invalid_consent,6713,V32P-A049376,0,0.6362907886505127,0.64880844354629519,1,1
invalid_consent,6714,V32P-A049378,0,0.51860348582267757,0.54030298590660097,0,0
invalid_consent,6715,V32P-A049379,1,0.44074663519859314,0.46491596102714539,0,0
invalid_consent,6716,V32P-A049380,0,0.035366804338991642,0.031998269446194175,0,0
invalid_consent,6717,V32P-A049381,0,0.73690130710601809,0.74178873300552373,1,1
invalid_consent,6718,V32P-A049382,0,0.54537903070449834,0.55688830018043523,0,0
invalid_consent,6719,V32P-A049383,0,0.49585239291191102,0.50656499266624455,0,0
invalid_consent,6720,V32P-A049384,0,0.42152771949768064,0.43078013658523562,0,0
invalid_consent,6721,V32P-A049385,0,0.38058156967163087,0.38733662962913512,0,0
invalid_consent,6722,V32P-A049386,0,0.13710347712039947,0.14171319901943208,0,0
invalid_consent,6723,V32P-A049399,0,0.78276487588882449,0.79221438169479375,1,1
invalid_consent,6724,V32P-A049400,0,0.63429304361343386,0.64705173969268803,1,1
invalid_consent,6725,V32P-A049401,0,0.58922130465507505,0.60663182139396665,0,0
invalid_consent,6726,V32P-A049402,0,0.51511368751525877,0.54252310395240788,0,0
invalid_consent,6727,V32P-A049403,0,0.44044013023376466,0.47379921078681947,0,0
invalid_consent,6728,V32P-A049404,0,0.2400415062904358,0.2628395199775696,0,0
invalid_consent,6729,V32P-A049501,0,0.7426058888435364,0.76204565763473509,1,1
invalid_consent,6730,V32P-A049502,0,0.53641301393508911,0.55685326457023621,0,0
invalid_consent,6731,V32P-A049504,0,0.55940911769866941,0.58394464254379275,0,0
invalid_consent,6732,V32P-A049505,0,0.42638379335403442,0.45675359964370726,0,0
invalid_consent,6733,V32P-A049506,0,0.20683670341968535,0.22320662140846254,0,0
invalid_consent,6734,V32P-A049513,0,0.78644969463348391,0.80497753620147705,1,1
invalid_consent,6735,V32P-A049514,0,0.72032641172409062,0.74379065036773684,1,1
invalid_consent,6736,V32P-A049515,0,0.6664147257804871,0.69965333938598628,1,1
invalid_consent,6737,V32P-A049516,0,0.61730078458786009,0.65841001272201538,0,1
invalid_consent,6738,V32P-A049517,0,0.54941771626472469,0.59161952137947083,0,0
invalid_consent,6739,V32P-A049518,0,0.30632519423961641,0.32964873015880586,0,0
invalid_consent,6740,V32P-A049585,1,0.79278739690780642,0.79831737279891968,1,1
invalid_consent,6741,V32P-A049586,1,0.72780369520187382,0.73399797677993772,1,1
invalid_consent,6742,V32P-A049587,1,0.69761644601821904,0.70461903810501103,1,1
invalid_consent,6743,V32P-A049588,0,0.30460446029901506,0.30980372726917266,0,0
invalid_consent,6744,V32P-A049589,0,0.1816340520977974,0.173422472178936,0,0
invalid_consent,6745,V32P-A049590,0,0.072967362031340605,0.066886713914573195,0,0
invalid_consent,6746,V32P-A049633,0,0.55465416312217708,0.53719316124916072,0,0
invalid_consent,6747,V32P-A049636,0,0.36208552122116089,0.3403583228588104,0,0
invalid_consent,6748,V32P-A049637,0,0.29446342885494231,0.27463072836399077,0,0
invalid_consent,6749,V32P-A049638,0,0.131071138381958,0.12470482662320137,0,0
invalid_consent,6750,V32P-A049705,0,0.64277805089950557,0.65466958284378052,1,1
invalid_consent,6751,V32P-A049706,0,0.62442687749862669,0.63336230516433711,1,1
invalid_consent,6752,V32P-A049707,0,0.57024968862533565,0.57893639206886294,0,0
invalid_consent,6753,V32P-A049708,0,0.51567448973655705,0.52408811450004578,0,0
invalid_consent,6754,V32P-A049709,0,0.45741798877716067,0.49049745798110961,0,0
invalid_consent,6755,V32P-A049710,0,0.17216074764728545,0.17470973879098892,0,0
invalid_consent,6756,V32P-A049777,1,0.82051016092300411,0.8418714284896851,1,1
invalid_consent,6757,V32P-A049778,1,0.6862573981285095,0.71293361186981197,1,1
invalid_consent,6758,V32P-A049779,1,0.62820315361022949,0.65891519784927366,1,1
invalid_consent,6759,V32P-A049780,0,0.11852120012044906,0.12226895540952683,0,0
invalid_consent,6760,V32P-A049781,0,0.11209461688995362,0.11720421314239501,0,0
invalid_consent,6761,V32P-A049782,0,0.046178819611668587,0.045120567455887793,0,0
invalid_consent,6762,V32P-A049789,0,0.72641543149948118,0.73545731306076045,1,1
invalid_consent,6763,V32P-A049790,0,0.56108734011650085,0.56658181548118591,0,0
invalid_consent,6764,V32P-A049791,0,0.45945737957954408,0.46984607577323911,0,0
invalid_consent,6765,V32P-A049792,0,0.50119073987007146,0.51407386064529415,0,0
invalid_consent,6766,V32P-A049793,0,0.46487191915512083,0.47841185331344604,0,0
invalid_consent,6767,V32P-A049794,0,0.2035880133509636,0.20762339234352112,0,0
invalid_consent,6768,V32P-A049807,0,0.51477835178375242,0.53612909913063045,0,0
invalid_consent,6769,V32P-A049808,0,0.44841349124908447,0.47524620294570924,0,0
invalid_consent,6770,V32P-A049809,0,0.40210142135620119,0.4327710807323456,0,0
invalid_consent,6771,V32P-A049810,0,0.34119418263435364,0.37777132093906401,0,0
invalid_consent,6772,V32P-A049811,0,0.2674259513616562,0.30375806391239168,0,0
invalid_consent,6773,V32P-A049812,0,0.026747554913163184,0.025570367369800805,0,0
invalid_consent,6774,V32P-A049855,0,0.39345211982727052,0.40669479966163635,0,0
invalid_consent,6775,V32P-A049856,0,0.39180492758750918,0.41313766241073607,0,0
invalid_consent,6776,V32P-A049857,0,0.34305655360221865,0.36759142875671386,0,0
invalid_consent,6777,V32P-A049858,0,0.28369815945625304,0.30808497667312623,0,0
invalid_consent,6778,V32P-A049859,0,0.22042723000049591,0.23852678239345551,0,0
invalid_consent,6779,V32P-A049860,0,0.099441039562225345,0.10463018566370011,0,0
invalid_consent,6780,V32P-A049921,0,0.58488106727600098,0.60182644724845891,0,0
invalid_consent,6781,V32P-A049924,0,0.46441873311996462,0.49506900906562806,0,0
invalid_consent,6782,V32P-A049925,0,0.38476396203041074,0.42095751762390138,0,0
invalid_consent,6783,V32P-A049926,0,0.17139472514390947,0.19150709509849548,0,0
invalid_consent,6784,V32P-A049927,0,0.45593887567520142,0.47685911655426028,0,0
invalid_consent,6785,V32P-A049930,0,0.39108715057373045,0.41018559336662291,0,0
invalid_consent,6786,V32P-A049931,0,0.33171954751014709,0.34786105155944824,0,0
invalid_consent,6787,V32P-A049932,0,0.1518057480454445,0.15840308964252472,0,0
invalid_consent,6788,V32P-A049933,0,0.44691486954689025,0.47434788942337036,0,0
invalid_consent,6789,V32P-A049934,0,0.4725750148296356,0.50579461455345154,0,0
invalid_consent,6790,V32P-A049935,0,0.53378788232803343,0.56581619977951048,0,0
invalid_consent,6791,V32P-A049936,0,0.46614832878112794,0.49703636169433596,0,0
invalid_consent,6792,V32P-A049937,0,0.40368638634681703,0.44627766013145448,0,0
invalid_consent,6793,V32P-A049938,0,0.17745692729949952,0.18947169929742813,0,0
invalid_consent,6794,V32P-A049957,0,0.69489136934280393,0.71276116371154785,1,1
invalid_consent,6795,V32P-A049958,0,0.58414462804794309,0.60009363889694212,0,0
invalid_consent,6796,V32P-A049959,0,0.51224178075790405,0.54123964309692385,0,0
invalid_consent,6797,V32P-A049960,0,0.47474937438964843,0.50543911457061763,0,0
invalid_consent,6798,V32P-A049961,0,0.32903151512145995,0.35602879524230957,0,0
invalid_consent,6799,V32P-A049962,0,0.15456384271383286,0.16453080624341965,0,0
invalid_consent,6800,V32P-A049987,1,0.85708525180816653,0.86638156175613401,1,1
invalid_consent,6801,V32P-A049990,0,0.14645327478647233,0.13906346112489701,0,0
invalid_consent,6802,V32P-A049991,0,0.10059882998466492,0.095451143383979795,0,0
invalid_consent,6803,V32P-A049992,0,0.040250421687960627,0.03723582811653614,0,0
invalid_consent,6804,V32P-A050071,0,0.34517281055450438,0.37899543642997741,0,0
invalid_consent,6805,V32P-A050074,0,0.37347303032875062,0.41530068516731261,0,0
invalid_consent,6806,V32P-A050075,1,0.31442393660545348,0.35195854902267454,0,0
invalid_consent,6807,V32P-A050076,0,0.025586673617362977,0.024672702699899674,0,0
invalid_consent,6808,V32P-A050179,0,0.48092544078826904,0.52510220408439634,0,0
invalid_consent,6809,V32P-A050180,0,0.45961528420448305,0.52724577784538273,0,0
invalid_consent,6810,V32P-A050182,0,0.41990646719932556,0.46222775578498843,0,0
invalid_consent,6811,V32P-A050183,0,0.36843861937522887,0.41152834296226504,0,0
invalid_consent,6812,V32P-A050184,0,0.18358975350856782,0.21644195765256882,0,0
invalid_consent,6813,V32P-A050311,0,0.46801748275756838,0.46050406694412233,0,0
invalid_consent,6814,V32P-A050312,0,0.45607489347457886,0.46244546175003054,0,0
invalid_consent,6815,V32P-A050313,0,0.50103423595428465,0.5418235123157501,0,0
invalid_consent,6816,V32P-A050314,1,0.36316217780113219,0.37342472672462462,0,0
invalid_consent,6817,V32P-A050315,0,0.051992986723780631,0.046985699236392973,0,0
invalid_consent,6818,V32P-A050316,0,0.020904761459678411,0.019212215952575207,0,0
invalid_consent,6819,V32P-A050317,0,0.43779829144477844,0.43119234442710874,0,0
invalid_consent,6820,V32P-A050318,0,0.4243489742279053,0.41502211093902586,0,0
invalid_consent,6821,V32P-A050319,0,0.38470502495765685,0.37702722549438478,0,0
invalid_consent,6822,V32P-A050320,0,0.30496236979961394,0.2983248233795166,0,0
invalid_consent,6823,V32P-A050321,1,0.22800674438476562,0.22532917857170104,0,0
invalid_consent,6824,V32P-A050322,0,0.014976332802325487,0.014139041863381862,0,0
invalid_consent,6825,V32P-A050332,0,0.20289151072502137,0.19944330602884291,0,0
invalid_consent,6826,V32P-A050333,0,0.15857833921909331,0.15346845537424086,0,0
invalid_consent,6827,V32P-A050334,0,0.077347688004374499,0.07428579218685627,0,0
invalid_consent,6828,V32P-A050362,0,0.35073884725570681,0.39105557799339297,0,0
invalid_consent,6829,V32P-A050363,0,0.27990665435791018,0.31413389444351197,0,0
invalid_consent,6830,V32P-A050364,0,0.029564567841589451,0.028250828757882117,0,0
invalid_consent,6831,V32P-A050377,0,0.64122365713119511,0.66382150650024419,1,1
invalid_consent,6832,V32P-A050378,0,0.57522680163383488,0.60232463479042053,0,0
invalid_consent,6833,V32P-A050379,0,0.45773864388465879,0.49781293869018556,0,0
invalid_consent,6834,V32P-A050380,0,0.31284252405166624,0.35246003270149229,0,0
invalid_consent,6835,V32P-A050381,0,0.22466115057468414,0.2517705947160721,0,0
invalid_consent,6836,V32P-A050382,0,0.086828131973743436,0.096897429227828985,0,0
invalid_consent,6837,V32P-A050413,0,0.74385353326797488,0.7536259770393372,1,1
invalid_consent,6838,V32P-A050414,0,0.60015233755111697,0.61699273586273196,0,0
invalid_consent,6839,V32P-A050415,0,0.52126395106315615,0.54235439300537114,0,0
invalid_consent,6840,V32P-A050416,0,0.43912336826324461,0.46714254021644591,0,0
invalid_consent,6841,V32P-A050417,0,0.4936107575893402,0.53272700905799864,0,0
invalid_consent,6842,V32P-A050418,0,0.15681190937757492,0.16254586577415467,0,0
invalid_consent,6843,V32P-A050431,0,0.70456508398056028,0.70310403108596797,1,1
invalid_consent,6844,V32P-A050432,0,0.64687428474426267,0.64139642715454104,1,1
invalid_consent,6845,V32P-A050433,0,0.61733515262603755,0.6102403998374939,0,0
invalid_consent,6846,V32P-A050434,0,0.55553798675537114,0.54729288816452026,0,0
invalid_consent,6847,V32P-A050435,0,0.42885205149650574,0.45949650406837461,0,0
invalid_consent,6848,V32P-A050436,0,0.22090100347995759,0.21988112181425096,0,0
invalid_consent,6849,V32P-A050545,0,0.72472865581512447,0.73244286775588985,1,1
invalid_consent,6850,V32P-A050546,0,0.69423232078552244,0.70169203281402592,1,1
invalid_consent,6851,V32P-A050547,0,0.65631029605865476,0.67064127922058103,1,1
invalid_consent,6852,V32P-A050548,1,0.59115169048309324,0.60506900548934939,0,0
invalid_consent,6853,V32P-A050549,0,0.096489119529724124,0.089863409847021097,0,0
invalid_consent,6854,V32P-A050550,0,0.043833108246326448,0.041704961098730564,0,0
invalid_consent,6855,V32P-A050581,0,0.40387617945671084,0.43914986848831178,0,0
invalid_consent,6856,V32P-A050582,0,0.39388731718063352,0.42851936221122744,0,0
invalid_consent,6857,V32P-A050584,0,0.26114314794540405,0.27904468476772309,0,0
invalid_consent,6858,V32P-A050585,0,0.20206579566001892,0.21753230988979338,0,0
invalid_consent,6859,V32P-A050586,0,0.085593606531620028,0.093154780566692352,0,0
invalid_consent,6860,V32P-A050755,0,0.61624974012374878,0.64111871719360347,0,1
invalid_consent,6861,V32P-A050756,0,0.51724103093147278,0.56497656702995303,0,0
invalid_consent,6862,V32P-A050758,0,0.50325436592102046,0.53223596215248103,0,0
invalid_consent,6863,V32P-A050759,0,0.48432705998420716,0.52248784899711609,0,0
invalid_consent,6864,V32P-A050760,0,0.21894534826278686,0.2395448625087738,0,0
invalid_consent,6865,V32P-A050773,0,0.63837155103683474,0.64122928380966182,1,1
invalid_consent,6866,V32P-A050774,0,0.53205221891403198,0.5413615226745605,0,0
invalid_consent,6867,V32P-A050775,0,0.46674727201461791,0.48129163980484008,0,0
invalid_consent,6868,V32P-A050776,0,0.38892547488212587,0.40243480205535886,0,0
invalid_consent,6869,V32P-A050777,0,0.31767510175704955,0.32785798311233522,0,0
invalid_consent,6870,V32P-A050778,0,0.14305291026830674,0.14506103545427323,0,0
invalid_consent,6871,V32P-A050809,0,0.28125782310962677,0.29948062300682066,0,0
invalid_consent,6872,V32P-A050810,0,0.27074663937091825,0.29911811351776124,0,0
invalid_consent,6873,V32P-A050811,0,0.27926380038261411,0.32575508952140808,0,0
invalid_consent,6874,V32P-A050812,0,0.22230262160301209,0.25928206145763399,0,0
invalid_consent,6875,V32P-A050813,0,0.17519136369228364,0.20318876951932907,0,0
invalid_consent,6876,V32P-A050814,0,0.082248459756374362,0.092794959247112271,0,0
invalid_consent,6877,V32P-A050911,0,0.39599384665489196,0.39693148732185363,0,0
invalid_consent,6878,V32P-A050912,0,0.45626346468925477,0.4651711404323578,0,0
invalid_consent,6879,V32P-A050913,0,0.45253803133964537,0.46363876461982728,0,0
invalid_consent,6880,V32P-A050914,0,0.38613942265510559,0.39944992661476136,0,0
invalid_consent,6881,V32P-A050915,0,0.30236108005046847,0.31383424699306489,0,0
invalid_consent,6882,V32P-A050916,0,0.13603299409151076,0.14090433716773987,0,0
invalid_consent,6883,V32P-A050953,0,0.52430202364921574,0.55412780046463017,0,0
invalid_consent,6884,V32P-A050956,0,0.42727991938591003,0.45014617443084715,0,0
invalid_consent,6885,V32P-A050957,0,0.32945426702499392,0.36768784523010256,0,0
invalid_consent,6886,V32P-A050958,0,0.16444722712039947,0.17095982581377028,0,0
invalid_consent,6887,V32P-A051031,0,0.48842591047286987,0.48583014607429503,0,0
invalid_consent,6888,V32P-A051032,0,0.44521002769470214,0.43716675639152525,0,0
invalid_consent,6889,V32P-A051033,0,0.38062698245048521,0.37486805915832522,0,0
invalid_consent,6890,V32P-A051034,0,0.29320896863937379,0.29075042307376864,0,0
invalid_consent,6891,V32P-A051035,0,0.21952350437641144,0.21694773435592651,0,0
invalid_consent,6892,V32P-A051036,0,0.086906628310680384,0.088473675027489665,0,0
invalid_consent,6893,V32P-A051067,0,0.82262593507766724,0.82891153097152714,1,1
invalid_consent,6894,V32P-A051068,0,0.69537545442581172,0.70875154733657841,1,1
invalid_consent,6895,V32P-A051069,0,0.60063825845718388,0.6349493622779846,0,1
invalid_consent,6896,V32P-A051070,0,0.49122800230979918,0.51441588997840881,0,0
invalid_consent,6897,V32P-A051071,0,0.41616110801696776,0.44092721343040464,0,0
invalid_consent,6898,V32P-A051072,0,0.18251292705535888,0.19211028516292572,0,0
invalid_consent,6899,V32P-A051073,0,0.4888600170612335,0.49638823270797727,0,0
invalid_consent,6900,V32P-A051074,0,0.49092472791671754,0.49585766792297364,0,0
invalid_consent,6901,V32P-A051075,0,0.4437485933303833,0.44855417013168336,0,0
invalid_consent,6902,V32P-A051076,0,0.34847581088542939,0.3899108409881592,0,0
invalid_consent,6903,V32P-A051077,0,0.30482136309146879,0.30734244287014006,0,0
invalid_consent,6904,V32P-A051078,0,0.13401018679141999,0.13631696552038192,0,0
invalid_consent,6905,V32P-A051079,0,0.37102833986282346,0.39165211319923399,0,0
invalid_consent,6906,V32P-A051082,0,0.50843518376350405,0.53838439583778386,0,0
invalid_consent,6907,V32P-A051083,0,0.4054068148136139,0.47717967629432678,0,0
invalid_consent,6908,V32P-A051084,0,0.037098973803222177,0.035290803387761117,0,0
invalid_consent,6909,V32P-A051259,0,0.6811573266983032,0.68982522487640385,1,1
invalid_consent,6910,V32P-A051260,0,0.59918271303176884,0.61144062280654909,0,0
invalid_consent,6911,V32P-A051261,0,0.52570788860321049,0.54085541963577266,0,0
invalid_consent,6912,V32P-A051262,0,0.42368264794349669,0.44097779393196107,0,0
invalid_consent,6913,V32P-A051263,0,0.34572580456733704,0.36631068289279939,0,0
invalid_consent,6914,V32P-A051264,0,0.17064886838197707,0.18530122637748719,0,0
invalid_consent,6915,V32P-A051301,0,0.3946107029914856,0.41218976974487304,0,0
invalid_consent,6916,V32P-A051304,0,0.25655156075954438,0.27793011665344236,0,0
invalid_consent,6917,V32P-A051305,0,0.20237978100776671,0.21899253129959106,0,0
invalid_consent,6918,V32P-A051306,0,0.097068539261817938,0.10278194099664688,0,0
invalid_consent,6919,V32P-A051307,0,0.52965782880783085,0.55058338046073918,0,0
invalid_consent,6920,V32P-A051308,0,0.55651005506515505,0.57800904512405393,0,0
invalid_consent,6921,V32P-A051309,0,0.52726778388023376,0.54556996822357173,0,0
invalid_consent,6922,V32P-A051310,0,0.47977591753005983,0.49385765790939329,0,0
invalid_consent,6923,V32P-A051311,0,0.40307102203369138,0.41400721669197083,0,0
invalid_consent,6924,V32P-A051312,0,0.18957216739654542,0.19472917914390564,0,0
invalid_consent,6925,V32P-A051325,0,0.72309501171112056,0.73419885635375981,1,1
invalid_consent,6926,V32P-A051326,0,0.66175063848495486,0.67228978872299194,1,1
invalid_consent,6927,V32P-A051327,0,0.59590126276016231,0.60680435895919804,0,0
invalid_consent,6928,V32P-A051328,0,0.51323117017745967,0.52858648300170896,0,0
invalid_consent,6929,V32P-A051329,0,0.39687200188636779,0.41675553917884828,0,0
invalid_consent,6930,V32P-A051330,0,0.18646245747804641,0.19422457367181778,0,0
invalid_consent,6931,V32P-A051457,0,0.69707942008972168,0.71935877799987791,1,1
invalid_consent,6932,V32P-A051460,0,0.54719969034194949,0.57744379043579097,0,0
invalid_consent,6933,V32P-A051461,1,0.45850935578346252,0.4882852017879486,0,0
invalid_consent,6934,V32P-A051462,0,0.027738341875374318,0.025284969061613084,0,0
invalid_consent,6935,V32P-A051493,0,0.74439556598663326,0.75556201934814449,1,1
invalid_consent,6936,V32P-A051496,0,0.66152925491333003,0.66956338882446287,1,1
invalid_consent,6937,V32P-A051497,0,0.57202697396278379,0.5824461162090302,0,0
invalid_consent,6938,V32P-A051498,0,0.30847827196121214,0.30952562689781188,0,0
invalid_consent,6939,V32P-A051499,0,0.72288706302642824,0.75171580314636233,1,1
invalid_consent,6940,V32P-A051502,0,0.48455072045326231,0.52087439298629756,0,0
invalid_consent,6941,V32P-A051503,0,0.41311628818511964,0.45906426906585696,0,0
invalid_consent,6942,V32P-A051504,0,0.24619074165821075,0.28103608787059786,0,0
invalid_consent,6943,V32P-A051511,0,0.5721022427082062,0.58902651071548462,0,0
invalid_consent,6944,V32P-A051512,0,0.6323134660720825,0.65041073560714724,1,1
invalid_consent,6945,V32P-A051513,0,0.63688250780105593,0.6536144971847534,1,1
invalid_consent,6946,V32P-A051514,0,0.61241796016693117,0.63027367591857908,0,1
invalid_consent,6947,V32P-A051515,1,0.49363589286804199,0.54387510418891905,0,0
invalid_consent,6948,V32P-A051516,0,0.04148783087730408,0.038777033239603041,0,0
invalid_consent,6949,V32P-A051547,1,0.68263043165206905,0.68327207565307613,1,1
invalid_consent,6950,V32P-A051548,1,0.67751437425613403,0.67918978929519658,1,1
invalid_consent,6951,V32P-A051549,1,0.76836117506027224,0.77038130760192869,1,1
invalid_consent,6952,V32P-A051550,0,0.10412367582321166,0.094476594030857092,0,0
invalid_consent,6953,V32P-A051551,0,0.14762768000364304,0.15605267658829688,0,0
invalid_consent,6954,V32P-A051552,0,0.043068671785295012,0.037649953737854958,0,0
invalid_consent,6955,V32P-A051679,0,0.42859595417976382,0.43123263716697691,0,0
invalid_consent,6956,V32P-A051680,0,0.57607976198196409,0.59189718961715698,0,0
invalid_consent,6957,V32P-A051681,0,0.59198210239410398,0.61033006906509402,0,0
invalid_consent,6958,V32P-A051682,0,0.49426403045654299,0.51852350234985356,0,0
invalid_consent,6959,V32P-A051683,0,0.38519054651260376,0.41019114255905154,0,0
invalid_consent,6960,V32P-A051684,0,0.16324505805969239,0.17357499897480011,0,0
invalid_consent,6961,V32P-A051697,0,0.47420162558555601,0.49542040228843687,0,0
invalid_consent,6962,V32P-A051698,0,0.47070289850234986,0.49321199059486387,0,0
invalid_consent,6963,V32P-A051699,0,0.45033934712409973,0.47864688634872438,0,0
invalid_consent,6964,V32P-A051700,0,0.38267086744308471,0.417261666059494,0,0
invalid_consent,6965,V32P-A051701,0,0.29140940308570862,0.36202372312545777,0,0
invalid_consent,6966,V32P-A051702,0,0.14718748778104782,0.1596243441104889,0,0
invalid_consent,6967,V32P-A051721,0,0.6457284688949585,0.66993929147720332,1,1
invalid_consent,6968,V32P-A051722,0,0.53791711330413816,0.56274772882461543,0,0
invalid_consent,6969,V32P-A051724,1,0.36341736912727357,0.40081483721733091,0,0
invalid_consent,6970,V32P-A051725,0,0.055106751993298529,0.059616516530513766,0,0
invalid_consent,6971,V32P-A051726,0,0.018294281326234341,0.017824506573379039,0,0
invalid_consent,6972,V32P-A051751,0,0.71549930572509768,0.72150694131851201,1,1
invalid_consent,6973,V32P-A051752,0,0.63858618736267092,0.64428031444549561,1,1
invalid_consent,6974,V32P-A051754,1,0.53369301557540894,0.53326962590217586,0,0
invalid_consent,6975,V32P-A051755,0,0.077807650715112683,0.073407834395766258,0,0
invalid_consent,6976,V32P-A051756,0,0.035958312451839447,0.034233939461410047,0,0
invalid_consent,6977,V32P-A051757,0,0.51477780342102053,0.5263394355773926,0,0
invalid_consent,6978,V32P-A051758,0,0.52684994339942937,0.55972482562065129,0,0
invalid_consent,6979,V32P-A051759,0,0.51548593640327456,0.52724383473396297,0,0
invalid_consent,6980,V32P-A051760,0,0.39319728016853334,0.40021359324455263,0,0
invalid_consent,6981,V32P-A051761,0,0.2961826831102371,0.30110546946525574,0,0
invalid_consent,6982,V32P-A051762,0,0.13533467054367065,0.14101521968841552,0,0
invalid_consent,6983,V32P-A051769,0,0.5931834876537323,0.63470283746719358,0,1
invalid_consent,6984,V32P-A051772,0,0.47126176357269289,0.51031412482261662,0,0
invalid_consent,6985,V32P-A051773,0,0.35741618275642395,0.42317755222320558,0,0
invalid_consent,6986,V32P-A051774,0,0.18753086328506469,0.2096445769071579,0,0
invalid_consent,6987,V32P-A051781,0,0.77701965570449827,0.76508381366729739,1,1
invalid_consent,6988,V32P-A051784,0,0.56792372465133667,0.55371015071868901,0,0
invalid_consent,6989,V32P-A051785,1,0.56436765789985655,0.54957128763198848,0,0
invalid_consent,6990,V32P-A051786,0,0.04425283037126064,0.042564640101045367,0,0
invalid_consent,6991,V32P-A051787,0,0.34883894622325895,0.35822500586509703,0,0
invalid_consent,6992,V32P-A051788,0,0.34001017212867735,0.35314307808876039,0,0
invalid_consent,6993,V32P-A051789,0,0.28926493525505065,0.30280837416648865,0,0
invalid_consent,6994,V32P-A051790,0,0.23464186191558839,0.24609043300151826,0,0
invalid_consent,6995,V32P-A051791,0,0.17634223252534867,0.18552238941192628,0,0
invalid_consent,6996,V32P-A051792,0,0.078723105788230899,0.081153897941112524,0,0
invalid_consent,6997,V32P-A051811,0,0.70016106367111208,0.71803592443466191,1,1
invalid_consent,6998,V32P-A051812,0,0.56668291091918943,0.58877456188201904,0,0
invalid_consent,6999,V32P-A051813,0,0.67220528125762935,0.69000490903854372,1,1
invalid_consent,7000,V32P-A051814,0,0.60066592693328857,0.62321836948394771,0,1
invalid_consent,7001,V32P-A051815,0,0.44335063099861144,0.4695461869239807,0,0
invalid_consent,7002,V32P-A051816,0,0.19712495058774948,0.20636716336011887,0,0
invalid_consent,7003,V32P-A051823,0,0.65461813211441044,0.68000280857086182,1,1
invalid_consent,7004,V32P-A051824,0,0.62628637552261357,0.64800124168396001,1,1
invalid_consent,7005,V32P-A051825,0,0.57846487760543819,0.60303758382797246,0,0
invalid_consent,7006,V32P-A051826,1,0.45895048975944519,0.48760943412780761,0,0
invalid_consent,7007,V32P-A051827,0,0.055784508213400842,0.059858169034123422,0,0
invalid_consent,7008,V32P-A051828,0,0.024338774941861631,0.025512258335947991,0,0
invalid_consent,7009,V32P-A051859,0,0.72594830989837644,0.72988245487213133,1,1
invalid_consent,7010,V32P-A051862,0,0.45704185962677002,0.46664828062057495,0,0
invalid_consent,7011,V32P-A051863,0,0.30451229214668274,0.31897751688957215,0,0
invalid_consent,7012,V32P-A051864,0,0.14002653211355209,0.14423349797725676,0,0
invalid_consent,7013,V32P-A052057,0,0.44439398050308226,0.47574526071548462,0,0
invalid_consent,7014,V32P-A052060,0,0.35467828810214996,0.43074313104152678,0,0
invalid_consent,7015,V32P-A052061,0,0.30448266267776491,0.33852301836013793,0,0
invalid_consent,7016,V32P-A052062,0,0.023130711819976568,0.022177171334624289,0,0
invalid_consent,7017,V32P-A052135,0,0.72468258142471309,0.73011612892150879,1,1
invalid_consent,7018,V32P-A052136,0,0.60348448753356931,0.61086423397064205,0,0
invalid_consent,7019,V32P-A052137,0,0.47263080477714536,0.50437412261962888,0,0
invalid_consent,7020,V32P-A052138,0,0.42509323358535767,0.43905588388442995,0,0
invalid_consent,7021,V32P-A052139,0,0.32104253768920898,0.33358896374702451,0,0
invalid_consent,7022,V32P-A052140,0,0.14505003839731218,0.14686136394739152,0,0
invalid_consent,7023,V32P-A052147,0,0.76733399629592891,0.76859385967254634,1,1
invalid_consent,7024,V32P-A052148,0,0.56861053705215459,0.60606743097305293,0,0
invalid_consent,7025,V32P-A052149,0,0.45285209417343142,0.47351144552230834,0,0
invalid_consent,7026,V32P-A052150,0,0.47347487807273864,0.49542772173881533,0,0
invalid_consent,7027,V32P-A052151,0,0.32913776636123659,0.34909944832324979,0,0
invalid_consent,7028,V32P-A052152,0,0.14090968817472457,0.14758201986551284,0,0
invalid_consent,7029,V32P-A052159,0,0.71642770767211916,0.73491261005401609,1,1
invalid_consent,7030,V32P-A052160,0,0.65643554925918579,0.67480763196945193,1,1
invalid_consent,7031,V32P-A052161,0,0.55011471509933474,0.56801006793975828,0,0
invalid_consent,7032,V32P-A052162,0,0.47587029337882997,0.50136297941207886,0,0
invalid_consent,7033,V32P-A052163,0,0.36955625116825103,0.40162629783153536,0,0
invalid_consent,7034,V32P-A052164,0,0.17137133032083512,0.18950263410806656,0,0
invalid_consent,7035,V32P-A052195,0,0.64122251272201536,0.66103526353836062,1,1
invalid_consent,7036,V32P-A052196,0,0.58730981349945066,0.61034352779388423,0,0
invalid_consent,7037,V32P-A052198,0,0.43570370078086851,0.46796305775642394,0,0
invalid_consent,7038,V32P-A052199,0,0.37029971480369567,0.4050530970096588,0,0
invalid_consent,7039,V32P-A052200,0,0.039614285714924334,0.0364947322756052,0,0
invalid_consent,7040,V32P-A052231,0,0.50275002717971806,0.51386380791664121,0,0
invalid_consent,7041,V32P-A052232,0,0.50851240754127502,0.52093083858489986,0,0
invalid_consent,7042,V32P-A052233,0,0.47207844853401182,0.48753625750541685,0,0
invalid_consent,7043,V32P-A052234,0,0.3933949828147888,0.41263520121574404,0,0
invalid_consent,7044,V32P-A052235,0,0.27803108096122742,0.32046636939048767,0,0
invalid_consent,7045,V32P-A052236,0,0.13464883118867874,0.13902290612459184,0,0
invalid_consent,7046,V32P-A052267,0,0.67065439224243162,0.68815393447875972,1,1
invalid_consent,7047,V32P-A052268,0,0.46757549047470093,0.49216494560241697,0,0
invalid_consent,7048,V32P-A052269,0,0.39468010663986208,0.42303339242935178,0,0
invalid_consent,7049,V32P-A052270,0,0.32217576801776887,0.35372291207313539,0,0
invalid_consent,7050,V32P-A052271,0,0.30545162558555605,0.36567323207855223,0,0
invalid_consent,7051,V32P-A052272,0,0.11959062218666076,0.13357129395008088,0,0
invalid_consent,7052,V32P-A052321,0,0.62830216884613033,0.64055593013763423,1,1
invalid_consent,7053,V32P-A052324,0,0.40946145057678224,0.43017565011978148,0,0
invalid_consent,7054,V32P-A052325,0,0.35611773133277891,0.38531745076179502,0,0
invalid_consent,7055,V32P-A052326,0,0.12750242501497269,0.13877715319395065,0,0
invalid_consent,7056,V32P-A052345,0,0.79241012334823613,0.80445293188095091,1,1
invalid_consent,7057,V32P-A052346,0,0.66029947996139526,0.67947590351104736,1,1
invalid_consent,7058,V32P-A052348,1,0.52323935031890867,0.54986930489540098,0,0
invalid_consent,7059,V32P-A052349,0,0.077798156440258032,0.075484079122543332,0,0
invalid_consent,7060,V32P-A052350,0,0.034712557494640348,0.033010563626885411,0,0
invalid_consent,7061,V32P-A052453,0,0.63109703063964839,0.65590525865554805,1,1
invalid_consent,7062,V32P-A052456,0,0.48489046692848203,0.51886762380599971,0,0
invalid_consent,7063,V32P-A052457,0,0.41026773750782014,0.44422647953033445,0,0
invalid_consent,7064,V32P-A052458,0,0.19984214454889299,0.21188513785600663,0,0
invalid_consent,7065,V32P-A052501,0,0.71827903985977171,0.72220786809921267,1,1
invalid_consent,7066,V32P-A052502,0,0.60276021361351018,0.61196382045745845,0,0
invalid_consent,7067,V32P-A052503,0,0.53848258256912229,0.54391497373580933,0,0
invalid_consent,7068,V32P-A052504,0,0.45519075393676756,0.45915061235427856,0,0
invalid_consent,7069,V32P-A052505,0,0.36632140874862673,0.36738072335720062,0,0
invalid_consent,7070,V32P-A052506,0,0.20211426913738251,0.20022611021995546,0,0
invalid_consent,7071,V32P-A052537,0,0.61354676485061643,0.63247579336166382,0,1
invalid_consent,7072,V32P-A052538,0,0.58348002433776858,0.60344513654708865,0,0
invalid_consent,7073,V32P-A052539,0,0.56608796119689941,0.59105298519134519,0,0
invalid_consent,7074,V32P-A052540,0,0.50552591681480408,0.53544614911079402,0,0
invalid_consent,7075,V32P-A052541,0,0.41066849827766416,0.44581215381622313,0,0
invalid_consent,7076,V32P-A052542,0,0.17257015258073807,0.18662963956594467,0,0
invalid_consent,7077,V32P-A052603,0,0.73395212888717654,0.73162205219268794,1,1
invalid_consent,7078,V32P-A052606,0,0.44039883017539977,0.43536068201065065,0,0
invalid_consent,7079,V32P-A052607,0,0.34087376892566679,0.33455969095230104,0,0
invalid_consent,7080,V32P-A052608,0,0.1564669817686081,0.15680637657642366,0,0
invalid_consent,7081,V32P-A052633,1,0.73452363014221189,0.74668525457382207,1,1
invalid_consent,7082,V32P-A052634,1,0.6526004552841187,0.66066728830337529,1,1
invalid_consent,7083,V32P-A052635,0,0.14117307364940643,0.14233491569757462,0,0
invalid_consent,7084,V32P-A052636,0,0.13981850296258927,0.1410763941705227,0,0
invalid_consent,7085,V32P-A052637,0,0.091968183219432828,0.091556899994611737,0,0
invalid_consent,7086,V32P-A052638,0,0.0398672791197896,0.038977159187197685,0,0
invalid_consent,7087,V32P-A052675,1,0.54246720075607302,0.55317366123199463,0,0
invalid_consent,7088,V32P-A052676,1,0.44935963153839109,0.45061696171760557,0,0
invalid_consent,7089,V32P-A052677,1,0.41833939552307131,0.41694807410240176,0,0
invalid_consent,7090,V32P-A052678,0,0.074427992850542066,0.069007810950279233,0,0
invalid_consent,7091,V32P-A052679,0,0.057780522480607034,0.053765852004289627,0,0
invalid_consent,7092,V32P-A052680,0,0.027599186822772025,0.02622696291655302,0,0
invalid_consent,7093,V32P-A052681,0,0.78665815591812138,0.79897428750991817,1,1
invalid_consent,7094,V32P-A052682,0,0.56439632773399351,0.57746333479881284,0,0
invalid_consent,7095,V32P-A052683,0,0.55660083293914797,0.56741651296615603,0,0
invalid_consent,7096,V32P-A052684,0,0.50930719375610356,0.52674685716629033,0,0
invalid_consent,7097,V32P-A052685,0,0.42259334921836855,0.44527423977851865,0,0
invalid_consent,7098,V32P-A052686,0,0.23382717669010161,0.24531205594539643,0,0
invalid_consent,7099,V32P-A052687,0,0.68941798210144045,0.70612328052520756,1,1
invalid_consent,7100,V32P-A052688,0,0.55832748413085942,0.58947268724441526,0,0
invalid_consent,7101,V32P-A052690,0,0.36056798696517944,0.39578494429588318,0,0
invalid_consent,7102,V32P-A052691,0,0.27759132385253904,0.30716449618339536,0,0
invalid_consent,7103,V32P-A052692,0,0.13220243155956268,0.1408560574054718,0,0
invalid_consent,7104,V32P-A052747,0,0.76984027624130247,0.77265075445175169,1,1
invalid_consent,7105,V32P-A052748,0,0.55428806543350218,0.55980796813964839,0,0
invalid_consent,7106,V32P-A052749,0,0.54637818932533266,0.55722383856773372,0,0
invalid_consent,7107,V32P-A052750,0,0.64072387218475346,0.64893090724945068,1,1
invalid_consent,7108,V32P-A052751,0,0.3869616687297821,0.39962224960327147,0,0
invalid_consent,7109,V32P-A052752,0,0.17605988830327987,0.18276853114366531,0,0
invalid_consent,7110,V32P-A052849,0,0.55846303105354311,0.58335108160972593,0,0
invalid_consent,7111,V32P-A052850,0,0.55538393855094914,0.58325454592704773,0,0
invalid_consent,7112,V32P-A052851,0,0.53282073736190794,0.56248004436492915,0,0
invalid_consent,7113,V32P-A052852,0,0.39164417386054995,0.42197439670562742,0,0
invalid_consent,7114,V32P-A052853,0,0.29537252783775331,0.31480961441993716,0,0
invalid_consent,7115,V32P-A052854,0,0.14013309478759767,0.13833947628736495,0,0
invalid_consent,7116,V32P-A052873,0,0.62378747463226314,0.63000577688217163,1,1
invalid_consent,7117,V32P-A052874,0,0.63312599658966062,0.64084335565567019,1,1
invalid_consent,7118,V32P-A052875,0,0.65281274318695071,0.66365460157394407,1,1
invalid_consent,7119,V32P-A052876,0,0.6166404008865356,0.63358868360519405,0,1
invalid_consent,7120,V32P-A052877,0,0.56368152499198909,0.58699833750724795,0,0
invalid_consent,7121,V32P-A052878,0,0.050562899187207223,0.046752699837088588,0,0
invalid_consent,7122,V32P-A052999,0,0.51396482586860659,0.53103458285331728,0,0
invalid_consent,7123,V32P-A053000,0,0.49087577462196352,0.50607167482376103,0,0
invalid_consent,7124,V32P-A053002,0,0.42581387162208556,0.44317059516906737,0,0
invalid_consent,7125,V32P-A053003,0,0.35382577478885652,0.3688013732433319,0,0
invalid_consent,7126,V32P-A053004,0,0.15761439204216005,0.16236194521188735,0,0
invalid_consent,7127,V32P-A053023,0,0.56530709266662593,0.59256788492202761,0,0
invalid_consent,7128,V32P-A053024,0,0.45572017431259154,0.48822778463363647,0,0
invalid_consent,7129,V32P-A053025,0,0.38578889966011048,0.41882007718086245,0,0
invalid_consent,7130,V32P-A053026,0,0.311652147769928,0.34789434671401975,0,0
invalid_consent,7131,V32P-A053027,0,0.24135950207710266,0.2723966181278229,0,0
invalid_consent,7132,V32P-A053028,0,0.11236661225557328,0.12622566372156144,0,0
invalid_consent,7133,V32P-A053101,0,0.5620320320129395,0.57083065509796138,0,0
invalid_consent,7134,V32P-A053102,0,0.47256534695625307,0.47750141620635989,0,0
invalid_consent,7135,V32P-A053103,0,0.45082697868347166,0.45454717278480528,0,0
invalid_consent,7136,V32P-A053104,0,0.37165305614471433,0.3749542236328125,0,0
invalid_consent,7137,V32P-A053105,0,0.30462979972362519,0.30641253292560577,0,0
invalid_consent,7138,V32P-A053106,0,0.13012936264276503,0.12982600927352905,0,0
invalid_consent,7139,V32P-A053113,0,0.77900476455688472,0.79082658290863039,1,1
invalid_consent,7140,V32P-A053114,0,0.59219994544982912,0.6192211866378784,0,0
invalid_consent,7141,V32P-A053115,0,0.53694968819618227,0.56262481212615967,0,0
invalid_consent,7142,V32P-A053116,0,0.56982710957527161,0.59050954580307002,0,0
invalid_consent,7143,V32P-A053117,0,0.53683396577835085,0.55270259380340581,0,0
invalid_consent,7144,V32P-A053118,0,0.29586499631404878,0.29506551027297973,0,0
invalid_consent,7145,V32P-A053125,0,0.77103310823440552,0.78477325439453127,1,1
invalid_consent,7146,V32P-A053126,0,0.60274597406387331,0.62599546909332271,0,1
invalid_consent,7147,V32P-A053127,0,0.52756050229072571,0.58699133992195129,0,0
invalid_consent,7148,V32P-A053128,0,0.486909818649292,0.51549493670463564,0,0
invalid_consent,7149,V32P-A053129,0,0.38307852149009702,0.41215218901634215,0,0
invalid_consent,7150,V32P-A053130,0,0.17104420065879822,0.17799329459667207,0,0
invalid_consent,7151,V32P-A053191,0,0.730019211769104,0.73656017780303951,1,1
invalid_consent,7152,V32P-A053192,0,0.48670738935470581,0.49053962230682374,0,0
invalid_consent,7153,V32P-A053193,0,0.60773090124130247,0.61033035516738887,0,0
invalid_consent,7154,V32P-A053194,0,0.64805142879486088,0.64928553104400633,1,1
invalid_consent,7155,V32P-A053195,1,0.39118180871009828,0.39603402614593508,0,0
invalid_consent,7156,V32P-A053196,0,0.032878106459975243,0.029881622269749643,0,0
invalid_consent,7157,V32P-A053233,0,0.73680341243743896,0.74467275142669676,1,1
invalid_consent,7158,V32P-A053234,0,0.56798481941223145,0.58666979074478154,0,0
invalid_consent,7159,V32P-A053235,0,0.62762740850448606,0.64330735206604006,1,1
invalid_consent,7160,V32P-A053236,0,0.62566715478897095,0.64416117668151851,1,1
invalid_consent,7161,V32P-A053237,0,0.54273552894592281,0.56510273814201351,0,0
invalid_consent,7162,V32P-A053238,0,0.24430472254753113,0.25543672740459444,0,0
invalid_consent,7163,V32P-A053263,0,0.63132879734039304,0.66040896177291875,1,1
invalid_consent,7164,V32P-A053264,0,0.67314430475234988,0.70042345523834226,1,1
invalid_consent,7165,V32P-A053265,0,0.65284653902053835,0.69989171028137209,1,1
invalid_consent,7166,V32P-A053266,0,0.57535160779952998,0.60894589424133305,0,0
invalid_consent,7167,V32P-A053267,1,0.46938164830207824,0.51228885054588313,0,0
invalid_consent,7168,V32P-A053268,0,0.045031100325286386,0.042519465088844299,0,0
invalid_consent,7169,V32P-A053275,0,0.41642155051231383,0.43053590357303617,0,0
invalid_consent,7170,V32P-A053276,0,0.57143467664718628,0.5670198857784271,0,0
invalid_consent,7171,V32P-A053277,0,0.55760694146156309,0.56240993142127993,0,0
invalid_consent,7172,V32P-A053278,0,0.44105753302574158,0.45014245510101319,0,0
invalid_consent,7173,V32P-A053279,1,0.35324852168560028,0.36421341598033907,0,0
invalid_consent,7174,V32P-A053280,0,0.036369419656693935,0.032847254164516927,0,0
invalid_consent,7175,V32P-A053359,0,0.60249065756797793,0.60971903800964355,0,0
invalid_consent,7176,V32P-A053360,0,0.49286608695983886,0.49728991985321047,0,0
invalid_consent,7177,V32P-A053361,0,0.45167427659034731,0.4580391228199005,0,0
invalid_consent,7178,V32P-A053362,0,0.36193088293075559,0.36719499230384828,0,0
invalid_consent,7179,V32P-A053363,0,0.28969098925590514,0.29507116973400116,0,0
invalid_consent,7180,V32P-A053364,0,0.12639535516500472,0.12894008159637452,0,0
invalid_consent,7181,V32P-A053377,0,0.86753439903259277,0.8801849842071533,1,1
invalid_consent,7182,V32P-A053378,0,0.7522929310798645,0.77893320322036741,1,1
invalid_consent,7183,V32P-A053379,0,0.82610241174697874,0.84843912124633791,1,1
invalid_consent,7184,V32P-A053380,0,0.68982840776443477,0.72158123254775997,1,1
invalid_consent,7185,V32P-A053381,1,0.62229175567626949,0.66057350635528567,1,1
invalid_consent,7186,V32P-A053382,0,0.03921252116560936,0.0369363896548748,0,0
invalid_consent,7187,V32P-A053389,0,0.69439692497253414,0.68045468330383296,1,1
invalid_consent,7188,V32P-A053390,0,0.57630519270896907,0.55783560276031496,0,0
invalid_consent,7189,V32P-A053391,0,0.5522717952728271,0.53206912279129026,0,0
invalid_consent,7190,V32P-A053392,0,0.44160320162773131,0.4252768397331238,0,0
invalid_consent,7191,V32P-A053393,0,0.32321541309356688,0.31324158012866976,0,0
invalid_consent,7192,V32P-A053394,0,0.12097322940826416,0.11687554493546486,0,0
invalid_consent,7193,V32P-A053395,0,0.58332884311676025,0.58857327699661255,0,0
invalid_consent,7194,V32P-A053396,0,0.49474034309387205,0.50711401700973513,0,0
invalid_consent,7195,V32P-A053397,0,0.45890595912933352,0.47132525444030759,0,0
invalid_consent,7196,V32P-A053398,0,0.42006347477436068,0.43344093263149264,0,0
invalid_consent,7197,V32P-A053399,0,0.35987617075443268,0.37080984711647036,0,0
invalid_consent,7198,V32P-A053400,0,0.033684929925948383,0.03009769432246685,0,0
invalid_consent,7199,V32P-A053407,1,0.83825712203979497,0.84740467071533199,1,1
invalid_consent,7200,V32P-A053408,1,0.69794802665710454,0.70398405790328977,1,1
invalid_consent,7201,V32P-A053410,0,0.15172916352748872,0.1463702991604805,0,0
invalid_consent,7202,V32P-A053411,0,0.12629570662975312,0.12316739708185195,0,0
invalid_consent,7203,V32P-A053412,0,0.048637724295258519,0.048208064585924151,0,0
invalid_consent,7204,V32P-A053437,1,0.69270631074905398,0.71964433193206789,1,1
invalid_consent,7205,V32P-A053438,1,0.57758450508117676,0.61410818099975584,0,0
invalid_consent,7206,V32P-A053440,0,0.1190432883799076,0.12334946617484092,0,0
invalid_consent,7207,V32P-A053441,0,0.10259463787078857,0.10495149791240692,0,0
invalid_consent,7208,V32P-A053442,0,0.041522563993930818,0.040346312336623669,0,0
invalid_consent,7209,V32P-A053461,0,0.42197224497795105,0.45527209043502809,0,0
invalid_consent,7210,V32P-A053462,0,0.51956977248191838,0.55280570983886723,0,0
invalid_consent,7211,V32P-A053464,0,0.47420666217803953,0.51315402388572695,0,0
invalid_consent,7212,V32P-A053465,1,0.40755566954612732,0.44786100983619692,0,0
invalid_consent,7213,V32P-A053466,0,0.032892215065658092,0.032634327374398711,0,0
invalid_consent,7214,V32P-A053467,0,0.52019734978675847,0.53039152622222896,0,0
invalid_consent,7215,V32P-A053468,0,0.48961475491523743,0.49615190029144285,0,0
invalid_consent,7216,V32P-A053469,0,0.75166592597961424,0.76897357702255253,1,1
invalid_consent,7217,V32P-A053470,0,0.36272926926612853,0.37362397313117979,0,0
invalid_consent,7218,V32P-A053471,1,0.37568293511867523,0.38597107231616973,0,0
invalid_consent,7219,V32P-A053472,0,0.040321553871035573,0.036272947490215299,0,0
invalid_consent,7220,V32P-A053491,0,0.52606006264686589,0.55838387012481694,0,0
invalid_consent,7221,V32P-A053494,0,0.46231743693351746,0.4960106134414673,0,0
invalid_consent,7222,V32P-A053495,0,0.38408975601196288,0.41666124463081361,0,0
invalid_consent,7223,V32P-A053496,0,0.2278285264968872,0.23789234161376954,0,0
invalid_consent,7224,V32P-A053497,0,0.64698352813720705,0.66125936508178706,1,1
invalid_consent,7225,V32P-A053498,0,0.64272814989089966,0.65824394226074223,1,1
invalid_consent,7226,V32P-A053499,0,0.63223911523818965,0.65011688470840456,1,1
invalid_consent,7227,V32P-A053500,0,0.64958299398422237,0.6654583215713501,1,1
invalid_consent,7228,V32P-A053501,0,0.5910839796066284,0.61031061410903931,0,0
invalid_consent,7229,V32P-A053502,0,0.35944998264312744,0.3675483763217926,0,0
invalid_consent,7230,V32P-A053527,0,0.75299303531646733,0.77245892286300655,1,1
invalid_consent,7231,V32P-A053528,0,0.72555872201919558,0.74560040235519409,1,1
invalid_consent,7232,V32P-A053529,0,0.75255733728408813,0.77230105400085447,1,1
invalid_consent,7233,V32P-A053530,0,0.74335175752639771,0.76379675865173335,1,1
invalid_consent,7234,V32P-A053531,0,0.69589489698410034,0.71630417108535771,1,1
invalid_consent,7235,V32P-A053532,0,0.48058697581291199,0.49450854659080506,0,0
invalid_consent,7236,V32P-A053575,0,0.56122590303421016,0.55235459804534914,0,0
invalid_consent,7237,V32P-A053576,0,0.54405025839805599,0.53845185041427612,0,0
invalid_consent,7238,V32P-A053577,0,0.60978922843933103,0.61251317262649541,0,0
invalid_consent,7239,V32P-A053578,0,0.58320369720458987,0.58898071050643919,0,0
invalid_consent,7240,V32P-A053579,0,0.48326188325881958,0.49007753729820253,0,0
invalid_consent,7241,V32P-A053580,0,0.037740061432123183,0.034981147572398189,0,0
invalid_consent,7242,V32P-A053617,0,0.73483421802520754,0.74797147512435913,1,1
invalid_consent,7243,V32P-A053618,0,0.7438113331794739,0.76790672540664673,1,1
invalid_consent,7244,V32P-A053619,0,0.77283875942230229,0.78771351575851445,1,1
invalid_consent,7245,V32P-A053620,0,0.5935528159141541,0.61454137563705447,0,0
invalid_consent,7246,V32P-A053621,0,0.52606164813041689,0.54724999070167546,0,0
invalid_consent,7247,V32P-A053622,0,0.23067809939384459,0.23382790386676788,0,0
invalid_consent,7248,V32P-A053635,0,0.6076274693012238,0.63679655790328982,0,1
invalid_consent,7249,V32P-A053636,0,0.60189165472984318,0.63149662017822261,0,1
invalid_consent,7250,V32P-A053637,0,0.58354984521865849,0.61816978454589844,0,0
invalid_consent,7251,V32P-A053638,0,0.56598668098449711,0.60682193040847776,0,0
invalid_consent,7252,V32P-A053639,0,0.50474965572357178,0.54558885097503662,0,0
invalid_consent,7253,V32P-A053640,0,0.28496835231781004,0.30649373531341551,0,0
invalid_consent,7254,V32P-A053647,1,0.61481537818908694,0.6170187830924988,0,0
invalid_consent,7255,V32P-A053648,1,0.58164634704589846,0.58401408195495608,0,0
invalid_consent,7256,V32P-A053650,0,0.092773903906345365,0.084922040253877645,0,0
invalid_consent,7257,V32P-A053651,0,0.066221918910741806,0.061403034254908562,0,0
invalid_consent,7258,V32P-A053652,0,0.026589542627334595,0.025268649496138097,0,0
invalid_consent,7259,V32P-A053659,1,0.61805063486099243,0.65145165920257564,0,1
invalid_consent,7260,V32P-A053660,1,0.51118526458740232,0.5415069103240967,0,0
invalid_consent,7261,V32P-A053661,1,0.43997460603713989,0.46767556667327881,0,0
invalid_consent,7262,V32P-A053662,0,0.068010795116424563,0.07087742760777474,0,0
invalid_consent,7263,V32P-A053663,0,0.050109783560037612,0.052646298334002493,0,0
invalid_consent,7264,V32P-A053664,0,0.020326353423297406,0.021106925792992115,0,0
invalid_consent,7265,V32P-A053779,0,0.72297618389129636,0.73349277973175053,1,1
invalid_consent,7266,V32P-A053780,0,0.65286115407943723,0.66782764196395872,1,1
invalid_consent,7267,V32P-A053781,0,0.62540522813796995,0.64286634922027586,1,1
invalid_consent,7268,V32P-A053782,0,0.53809086680412288,0.56391047239303593,0,0
invalid_consent,7269,V32P-A053783,0,0.43522102236747739,0.46693671345710752,0,0
invalid_consent,7270,V32P-A053784,0,0.036800372228026387,0.034670972079038617,0,0
invalid_consent,7271,V32P-A053800,0,0.13676167875528336,0.13245939463376999,0,0
invalid_consent,7272,V32P-A053801,0,0.10333304107189178,0.10033252239227294,0,0
invalid_consent,7273,V32P-A053802,0,0.045138168707489969,0.043890879303216931,0,0
invalid_consent,7274,V32P-A053851,1,0.76795252561569216,0.78244867324829104,1,1
invalid_consent,7275,V32P-A053854,0,0.14160301983356477,0.13534471318125724,0,0
invalid_consent,7276,V32P-A053855,0,0.10150288790464401,0.096788576245307928,0,0
invalid_consent,7277,V32P-A053856,0,0.045749077759683135,0.042944776266813277,0,0
invalid_consent,7278,V32P-A053887,1,0.74727709293365474,0.75360374450683598,1,1
invalid_consent,7279,V32P-A053888,1,0.63003463745117183,0.63953946828842168,1,1
invalid_consent,7280,V32P-A053890,0,0.071543344482779506,0.067060671746730804,0,0
invalid_consent,7281,V32P-A053891,0,0.052889202535152433,0.049744935333728792,0,0
invalid_consent,7282,V32P-A053892,0,0.024400530569255351,0.02245365660637617,0,0
invalid_consent,7283,V32P-A053965,0,0.57450007200241093,0.59233722686767576,0,0
invalid_consent,7284,V32P-A053966,0,0.50407730937004092,0.52520944476127629,0,0
invalid_consent,7285,V32P-A053967,0,0.44051809906959533,0.46909542679786681,0,0
invalid_consent,7286,V32P-A053968,0,0.35425835251808169,0.39005727767944337,0,0
invalid_consent,7287,V32P-A053969,0,0.26810750961303709,0.29854217171669006,0,0
invalid_consent,7288,V32P-A053970,0,0.11746385172009469,0.12496307641267776,0,0
invalid_consent,7289,V32P-A053971,0,0.52609962821006773,0.56276851296424868,0,0
invalid_consent,7290,V32P-A053972,0,0.63945147395133972,0.67364624738693235,1,1
invalid_consent,7291,V32P-A053973,0,0.63726812601089478,0.6751506567001343,1,1
invalid_consent,7292,V32P-A053974,0,0.52818564772605892,0.57098432779312136,0,0
invalid_consent,7293,V32P-A053975,0,0.42802740931510924,0.46179792881011961,0,0
invalid_consent,7294,V32P-A053976,0,0.22396352589130403,0.23207166790962219,0,0
invalid_consent,7295,V32P-A054025,0,0.79016339778900146,0.80540306568145748,1,1
invalid_consent,7296,V32P-A054026,0,0.64655235409736633,0.66912809610366819,1,1
invalid_consent,7297,V32P-A054028,0,0.59609632492065434,0.61962177157402043,0,0
invalid_consent,7298,V32P-A054029,0,0.50910224318504338,0.53198982477188106,0,0
invalid_consent,7299,V32P-A054030,0,0.051387453079223634,0.047452900558710098,0,0
invalid_consent,7300,V32P-A054037,0,0.66871635913848881,0.6892112731933594,1,1
invalid_consent,7301,V32P-A054038,0,0.46270315051078797,0.46565083861351014,0,0
invalid_consent,7302,V32P-A054039,0,0.63509342074394226,0.66508385539054871,1,1
invalid_consent,7303,V32P-A054040,0,0.37504213452339175,0.38251198530197145,0,0
invalid_consent,7304,V32P-A054041,0,0.2837763547897339,0.28771196305751801,0,0
invalid_consent,7305,V32P-A054042,0,0.022067696228623389,0.020958520285785199,0,0
invalid_consent,7306,V32P-A054043,0,0.56260160207748411,0.57248179912567143,0,0
invalid_consent,7307,V32P-A054044,0,0.5809528589248657,0.58792852163314824,0,0
invalid_consent,7308,V32P-A054046,0,0.3903944969177246,0.40536986589431762,0,0
invalid_consent,7309,V32P-A054047,1,0.31226437687873843,0.32709873914718629,0,0
invalid_consent,7310,V32P-A054048,0,0.037622156925499438,0.034399973787367345,0,0
invalid_consent,7311,V32P-A054097,0,0.81843385696411131,0.82599450349807735,1,1
invalid_consent,7312,V32P-A054098,0,0.67741055488586421,0.70776466131210325,1,1
invalid_consent,7313,V32P-A054099,0,0.79492391347885127,0.80807938575744631,1,1
invalid_consent,7314,V32P-A054100,0,0.77148488759994505,0.7886247396469116,1,1
invalid_consent,7315,V32P-A054101,0,0.68928176164627075,0.71643221378326416,1,1
invalid_consent,7316,V32P-A054102,0,0.43531196415424345,0.46894578933715819,0,0
invalid_consent,7317,V32P-A054133,1,0.69925763607025149,0.72846264839172359,1,1
invalid_consent,7318,V32P-A054134,1,0.59921877384185795,0.6453537225723267,0,1
invalid_consent,7319,V32P-A054135,1,0.5086709797382355,0.56658179163932798,0,0
invalid_consent,7320,V32P-A054136,0,0.10148701518774032,0.10381038188934326,0,0
invalid_consent,7321,V32P-A054137,0,0.07157450877130031,0.071162505447864538,0,0
invalid_consent,7322,V32P-A054138,0,0.032124197576195002,0.031012107059359549,0,0
invalid_consent,7323,V32P-A054157,0,0.5751376748085022,0.58824944496154785,0,0
invalid_consent,7324,V32P-A054158,0,0.63583765029907224,0.64613689184188838,1,1
invalid_consent,7325,V32P-A054160,1,0.60344045162200932,0.61075078248977666,0,0
invalid_consent,7326,V32P-A054161,0,0.090684066712856296,0.087169396132230764,0,0
invalid_consent,7327,V32P-A054162,0,0.044546034745872022,0.042210431769490242,0,0
invalid_consent,7328,V32P-A054175,0,0.6913301944732666,0.69593549966812129,1,1
invalid_consent,7329,V32P-A054178,0,0.54331206679344179,0.55723265409469602,0,0
invalid_consent,7330,V32P-A054179,0,0.45290894508361818,0.47791470289230348,0,0
invalid_consent,7331,V32P-A054180,0,0.20518014281988145,0.21837524324655533,0,0
invalid_consent,7332,V32P-A054193,1,0.74269832372665401,0.7461456179618835,1,1
invalid_consent,7333,V32P-A054194,1,0.62437566518783572,0.63613034486770625,1,1
invalid_consent,7334,V32P-A054195,1,0.51170119047164919,0.52761316895484922,0,0
invalid_consent,7335,V32P-A054196,0,0.083107420057058332,0.078652097284793859,0,0
invalid_consent,7336,V32P-A054197,0,0.077838812768459317,0.074900937452912333,0,0
invalid_consent,7337,V32P-A054198,0,0.027351516485214233,0.026019138097763062,0,0
invalid_consent,7338,V32P-A054307,0,0.40645074248313906,0.42862804532051085,0,0
invalid_consent,7339,V32P-A054310,0,0.39392100572586058,0.41093149781227112,0,0
invalid_consent,7340,V32P-A054311,0,0.32821315228939058,0.34425587356090548,0,0
invalid_consent,7341,V32P-A054312,0,0.029188271798193454,0.026838709600269794,0,0
invalid_consent,7342,V32P-A054391,0,0.6229505062103271,0.62617787122726443,1,1
invalid_consent,7343,V32P-A054392,0,0.56793736219406132,0.57468975186347959,0,0
invalid_consent,7344,V32P-A054394,0,0.39303083419799806,0.40567445158958437,0,0
invalid_consent,7345,V32P-A054395,1,0.32423914670944215,0.33910006880760191,0,0
invalid_consent,7346,V32P-A054396,0,0.027720895316451787,0.026020479016005994,0,0
invalid_consent,7347,V32P-A054475,1,0.59665371179580684,0.59559305906295779,0,0
invalid_consent,7348,V32P-A054476,1,0.61944212913513186,0.63900319337844846,0,1
invalid_consent,7349,V32P-A054477,0,0.16136536300182341,0.14834510236978532,0,0
invalid_consent,7350,V32P-A054478,0,0.10577152073383331,0.097963268309831625,0,0
invalid_consent,7351,V32P-A054479,0,0.075661005452275276,0.070086820423603063,0,0
invalid_consent,7352,V32P-A054480,0,0.034232010878622529,0.031943703629076482,0,0
invalid_consent,7353,V32P-A054535,0,0.71859154701232908,0.73936717510223393,1,1
invalid_consent,7354,V32P-A054536,0,0.64693394899368284,0.66935679912567136,1,1
invalid_consent,7355,V32P-A054537,0,0.62725082635879514,0.6498401999473572,1,1
invalid_consent,7356,V32P-A054538,0,0.68427487611770632,0.70476202964782719,1,1
invalid_consent,7357,V32P-A054539,1,0.631561279296875,0.65568318367004397,1,1
invalid_consent,7358,V32P-A054540,0,0.035188997164368629,0.033274611830711363,0,0
invalid_consent,7359,V32P-A054547,0,0.71759454011917112,0.7307294964790344,1,1
invalid_consent,7360,V32P-A054548,0,0.57919273972511287,0.59365644454956057,0,0
invalid_consent,7361,V32P-A054549,0,0.65831260681152348,0.69771660566329952,1,1
invalid_consent,7362,V32P-A054550,0,0.6348478436470032,0.65443465709686277,1,1
invalid_consent,7363,V32P-A054551,0,0.48375715017318727,0.51020048856735234,0,0
invalid_consent,7364,V32P-A054552,0,0.21839830577373504,0.23406437039375305,0,0
invalid_consent,7365,V32P-A054643,1,0.62527774572372441,0.65672109127044676,1,1
invalid_consent,7366,V32P-A054644,1,0.38496852517127989,0.42832342982292176,0,0
invalid_consent,7367,V32P-A054645,0,0.08204762265086174,0.083238020539283752,0,0
invalid_consent,7368,V32P-A054646,0,0.072021111845970154,0.073650068044662481,0,0
invalid_consent,7369,V32P-A054647,0,0.058301737532019615,0.059554123133420941,0,0
invalid_consent,7370,V32P-A054648,0,0.028129872400313616,0.0283473102375865,0,0
invalid_consent,7371,V32P-A054751,0,0.39667246639728548,0.42374569177627563,0,0
invalid_consent,7372,V32P-A054752,0,0.41074160039424895,0.44035413861274719,0,0
invalid_consent,7373,V32P-A054753,0,0.33160794377326963,0.35392265021800995,0,0
invalid_consent,7374,V32P-A054754,0,0.28297860324382784,0.30288974940776825,0,0
invalid_consent,7375,V32P-A054755,0,0.24027691930532455,0.26073731034994124,0,0
invalid_consent,7376,V32P-A054756,0,0.12010372653603554,0.128427142649889,0,0
invalid_consent,7377,V32P-A054775,0,0.68922965526580815,0.68921639919281008,1,1
invalid_consent,7378,V32P-A054776,0,0.66406648159027104,0.66580307483673096,1,1
invalid_consent,7379,V32P-A054778,0,0.63988689184188841,0.6310734331607819,1,1
invalid_consent,7380,V32P-A054779,0,0.59809359312057497,0.58794459104537966,0,0
invalid_consent,7381,V32P-A054780,0,0.40169479846954348,0.40097959637641906,0,0
invalid_consent,7382,V32P-A054889,1,0.70289652347564702,0.73293277025222781,1,1
invalid_consent,7383,V32P-A054890,1,0.63787400722503662,0.6737821102142334,1,1
invalid_consent,7384,V32P-A054891,1,0.74675846099853516,0.77306246757507324,1,1
invalid_consent,7385,V32P-A054892,0,0.1373546078801155,0.13958730250597001,0,0
invalid_consent,7386,V32P-A054893,0,0.10016987696290017,0.10049502328038215,0,0
invalid_consent,7387,V32P-A054894,0,0.046515303850173953,0.045333052426576613,0,0
invalid_consent,7388,V32P-A054937,0,0.72716411352157595,0.74935426712036135,1,1
invalid_consent,7389,V32P-A054940,1,0.63688638210296633,0.66687426567077634,1,1
invalid_consent,7390,V32P-A054941,0,0.12707192003726958,0.12454186975955964,0,0
invalid_consent,7391,V32P-A054942,0,0.047900007292628291,0.045411040261387828,0,0
invalid_consent,7392,V32P-A054991,0,0.59279925823211665,0.59868791103363039,0,0
invalid_consent,7393,V32P-A054992,0,0.56058928370475769,0.56219636201858525,0,0
invalid_consent,7394,V32P-A054993,0,0.53626562952995305,0.53173497915267942,0,0
invalid_consent,7395,V32P-A054994,0,0.4648843467235565,0.45805079936981202,0,0
invalid_consent,7396,V32P-A054995,0,0.39810134470462799,0.38853478729724883,0,0
invalid_consent,7397,V32P-A054996,0,0.2101406767964363,0.20907435864210128,0,0
invalid_consent,7398,V32P-A055045,0,0.4602856397628784,0.500107878446579,0,0
invalid_consent,7399,V32P-A055046,0,0.46553338170051572,0.50743296146392824,0,0
invalid_consent,7400,V32P-A055047,0,0.44801068305969238,0.49521711468696594,0,0
invalid_consent,7401,V32P-A055048,0,0.5273907482624054,0.59575231075286861,0,0
invalid_consent,7402,V32P-A055049,0,0.35657949149608614,0.40182168185710909,0,0
invalid_consent,7403,V32P-A055050,0,0.18210149109363555,0.19930352866649628,0,0
invalid_consent,7404,V32P-A055129,0,0.75270142555236819,0.75766905546188357,1,1
invalid_consent,7405,V32P-A055130,0,0.63027967214584346,0.62985072135925291,1,1
invalid_consent,7406,V32P-A055131,0,0.6567480087280273,0.66359497308731075,1,1
invalid_consent,7407,V32P-A055132,0,0.62748874425888057,0.62716504335403445,1,1
invalid_consent,7408,V32P-A055133,0,0.48697943091392515,0.4865754246711731,0,0
invalid_consent,7409,V32P-A055134,0,0.24465871751308441,0.24707295298576354,0,0
invalid_consent,7410,V32P-A055171,1,0.6591014981269836,0.65399017333984377,1,1
invalid_consent,7411,V32P-A055172,1,0.52556991577148438,0.51439134478569026,0,0
invalid_consent,7412,V32P-A055174,0,0.073829205334186548,0.069586934149265284,0,0
invalid_consent,7413,V32P-A055175,0,0.05254920795559883,0.048829394206404683,0,0
invalid_consent,7414,V32P-A055176,0,0.02282169759273529,0.021460565179586409,0,0
invalid_consent,7415,V32P-A055177,0,0.77099541425704954,0.78568845987319946,1,1
invalid_consent,7416,V32P-A055178,0,0.75288025140762327,0.76883068084716799,1,1
invalid_consent,7417,V32P-A055180,0,0.64797773957252502,0.67389740943908694,1,1
invalid_consent,7418,V32P-A055181,0,0.57585688829421999,0.60253142118453984,0,0
invalid_consent,7419,V32P-A055182,0,0.31813366115093233,0.3290127396583557,0,0
invalid_consent,7420,V32P-A055183,0,0.42658329010009766,0.43885580301284788,0,0
invalid_consent,7421,V32P-A055184,0,0.51943632960319519,0.54023194909095762,0,0
invalid_consent,7422,V32P-A055185,0,0.52556518912315364,0.54405320286750791,0,0
invalid_consent,7423,V32P-A055186,0,0.45615863204002383,0.47343279719352721,0,0
invalid_consent,7424,V32P-A055187,0,0.32905506491661074,0.38905941843986513,0,0
invalid_consent,7425,V32P-A055188,0,0.18908050060272216,0.19893696755170823,0,0
invalid_consent,7426,V32P-A055195,0,0.62894166707992549,0.6633057236671448,1,1
invalid_consent,7427,V32P-A055196,0,0.45502225160598753,0.50029745697975159,0,0
invalid_consent,7428,V32P-A055197,0,0.35462585687637327,0.40276930928230287,0,0
invalid_consent,7429,V32P-A055198,0,0.30390819609165193,0.34748890101909635,0,0
invalid_consent,7430,V32P-A055199,0,0.26006968915462492,0.2985526740550995,0,0
invalid_consent,7431,V32P-A055200,0,0.12816291302442551,0.14242323935031892,0,0
invalid_consent,7432,V32P-A055297,0,0.57325665354728694,0.6182631254196167,0,0
invalid_consent,7433,V32P-A055300,1,0.39385356903076174,0.42325851917266843,0,0
invalid_consent,7434,V32P-A055301,0,0.055752053484320642,0.054412746801972389,0,0
invalid_consent,7435,V32P-A055302,0,0.024689661525189876,0.024105245433747768,0,0
invalid_consent,7436,V32P-A055327,0,0.70937303304672239,0.72151404619216919,1,1
invalid_consent,7437,V32P-A055330,0,0.37207641303539274,0.40231545865535734,0,0
invalid_consent,7438,V32P-A055331,0,0.3333269000053406,0.37049767971038816,0,0
invalid_consent,7439,V32P-A055332,0,0.12710973247885704,0.13634397387504577,0,0
invalid_consent,7440,V32P-A055426,0,0.39420461654663086,0.4216716170310974,0,0
invalid_consent,7441,V32P-A055427,0,0.3117682307958603,0.3395585358142853,0,0
invalid_consent,7442,V32P-A055428,0,0.12973190695047379,0.14537672251462935,0,0
invalid_consent,7443,V32P-A055543,0,0.3502441167831421,0.37205889821052551,0,0
invalid_consent,7444,V32P-A055546,0,0.36106565594673157,0.40655831694602967,0,0
invalid_consent,7445,V32P-A055547,0,0.29300982654094698,0.33770790994167327,0,0
invalid_consent,7446,V32P-A055548,0,0.13264086842536926,0.15120165050029755,0,0
invalid_consent,7447,V32P-A055633,0,0.60209403634071346,0.6435961127281189,0,1
invalid_consent,7448,V32P-A055634,0,0.50793951749801636,0.57226272225379948,0,0
invalid_consent,7449,V32P-A055635,0,0.44542500972747801,0.49995102286338805,0,0
invalid_consent,7450,V32P-A055636,0,0.44963296651840212,0.50119313597679138,0,0
invalid_consent,7451,V32P-A055637,0,0.38024790883064269,0.43181476593017576,0,0
invalid_consent,7452,V32P-A055638,0,0.17765321433544159,0.20876238942146302,0,0
invalid_consent,7453,V32P-A055669,0,0.71013318300247197,0.72545708417892452,1,1
invalid_consent,7454,V32P-A055670,0,0.55992766022682194,0.58646866083145144,0,0
invalid_consent,7455,V32P-A055672,0,0.37364359498023986,0.4038895905017853,0,0
invalid_consent,7456,V32P-A055673,0,0.30130351185798643,0.32915486693382262,0,0
invalid_consent,7457,V32P-A055674,0,0.124248968064785,0.13424725383520125,0,0
invalid_consent,7458,V32P-A055735,0,0.72126233577728271,0.73057249784469602,1,1
invalid_consent,7459,V32P-A055736,0,0.67128745317459104,0.68258576393127446,1,1
invalid_consent,7460,V32P-A055737,0,0.65755947828292849,0.66850147247314451,1,1
invalid_consent,7461,V32P-A055738,0,0.66351450681686397,0.67092818021774292,1,1
invalid_consent,7462,V32P-A055739,0,0.48022764921188354,0.49994786977767947,0,0
invalid_consent,7463,V32P-A055740,0,0.038438718207180499,0.033691634424030781,0,0
invalid_consent,7464,V32P-A055741,0,0.77384539842605593,0.78001282215118406,1,1
invalid_consent,7465,V32P-A055744,0,0.56486879587173466,0.56209957599639893,0,0
invalid_consent,7466,V32P-A055745,0,0.50090890526771548,0.49704708456993102,0,0
invalid_consent,7467,V32P-A055746,0,0.20860670506954193,0.20181759893894197,0,0
invalid_consent,7468,V32P-A055771,0,0.59127110242843628,0.61205312013626101,0,0
invalid_consent,7469,V32P-A055772,0,0.51717284917831419,0.55972591042518616,0,0
invalid_consent,7470,V32P-A055773,0,0.55638127326965336,0.57357135415077209,0,0
invalid_consent,7471,V32P-A055774,0,0.41882265806198121,0.43636481761932372,0,0
invalid_consent,7472,V32P-A055775,0,0.32752807140350343,0.34257552027702332,0,0
invalid_consent,7473,V32P-A055776,0,0.13845259547233582,0.14421175718307494,0,0
invalid_consent,7474,V32P-A055795,0,0.68684788942337038,0.71134227514266968,1,1
invalid_consent,7475,V32P-A055796,0,0.61081452965736394,0.64159575700759885,0,1
invalid_consent,7476,V32P-A055797,0,0.57501279115676884,0.60585985779762264,0,0
invalid_consent,7477,V32P-A055798,0,0.56993049979209898,0.59801115989685061,0,0
invalid_consent,7478,V32P-A055799,0,0.53120290040969853,0.55737788677215572,0,0
invalid_consent,7479,V32P-A055800,0,0.044180471450090408,0.040074859932065013,0,0
invalid_consent,7480,V32P-A055864,0,0.40320925712585448,0.44162851572036743,0,0
invalid_consent,7481,V32P-A055865,0,0.37080602049827577,0.40569198131561279,0,0
invalid_consent,7482,V32P-A055866,0,0.022367348987609149,0.020488678291440011,0,0
invalid_consent,7483,V32P-A055885,0,0.41035598516464233,0.4239258050918579,0,0
invalid_consent,7484,V32P-A055886,0,0.39622759222984316,0.42544143199920653,0,0
invalid_consent,7485,V32P-A055887,0,0.40443882942199705,0.40917009711265562,0,0
invalid_consent,7486,V32P-A055888,0,0.33086787462234496,0.33825144469738005,0,0
invalid_consent,7487,V32P-A055889,0,0.27028385698795321,0.27641819715499877,0,0
invalid_consent,7488,V32P-A055890,0,0.13680762201547622,0.14562050104141236,0,0
invalid_consent,7489,V32P-A055897,0,0.64242913722991946,0.65708602666854854,1,1
invalid_consent,7490,V32P-A055898,0,0.66046141386032109,0.67339555025100706,1,1
invalid_consent,7491,V32P-A055900,0,0.63173763751983647,0.6496853232383728,1,1
invalid_consent,7492,V32P-A055901,0,0.5945448040962219,0.64380918741226201,0,1
invalid_consent,7493,V32P-A055902,0,0.41492435634136199,0.44499223232269286,0,0
invalid_consent,7494,V32P-A055921,0,0.5700766265392303,0.60192941427230839,0,0
invalid_consent,7495,V32P-A055922,0,0.47713418006896974,0.51735256910324101,0,0
invalid_consent,7496,V32P-A055923,0,0.3888624906539917,0.45330455899238586,0,0
invalid_consent,7497,V32P-A055924,0,0.35188778042793273,0.38433859348297117,0,0
invalid_consent,7498,V32P-A055925,0,0.27389900684356688,0.30283115506172181,0,0
invalid_consent,7499,V32P-A055926,0,0.11779157668352128,0.12877661436796189,0,0
invalid_consent,7500,V32P-A055939,0,0.68255033493041994,0.69324692487716677,1,1
invalid_consent,7501,V32P-A055942,0,0.29586837291717527,0.30885231196880342,0,0
invalid_consent,7502,V32P-A055943,0,0.26927295029163362,0.27779897749423982,0,0
invalid_consent,7503,V32P-A055944,0,0.13031181544065476,0.13200809806585312,0,0
invalid_consent,7504,V32P-A055957,0,0.49994853138923645,0.54374191164970398,0,0
invalid_consent,7505,V32P-A055958,0,0.4796618938446045,0.52421367168426514,0,0
invalid_consent,7506,V32P-A055960,0,0.3925910949707031,0.44166657924652097,0,0
invalid_consent,7507,V32P-A055961,0,0.33812577724456788,0.38531131744384767,0,0
invalid_consent,7508,V32P-A055962,0,0.16905643641948701,0.19064802527427674,0,0
invalid_consent,7509,V32P-A055993,0,0.62762368917465206,0.61939897537231448,1,0
invalid_consent,7510,V32P-A055996,0,0.43033491373062133,0.42603537440299988,0,0
invalid_consent,7511,V32P-A055997,0,0.3275707423686981,0.32802548706531526,0,0
invalid_consent,7512,V32P-A055998,0,0.12540817707777024,0.12583505213260651,0,0
invalid_consent,7513,V32P-A056026,1,0.68990941047668453,0.68224904537200926,1,1
invalid_consent,7514,V32P-A056027,0,0.070603772625327105,0.067024305462837219,0,0
invalid_consent,7515,V32P-A056028,0,0.027312094159424306,0.024606207199394704,0,0
invalid_consent,7516,V32P-A056047,0,0.5447522044181824,0.55584280490875249,0,0
invalid_consent,7517,V32P-A056048,0,0.48598440289497374,0.49518003463745119,0,0
invalid_consent,7518,V32P-A056050,0,0.35516079068183898,0.37179465889930724,0,0
invalid_consent,7519,V32P-A056051,0,0.28079799115657805,0.30041295588016509,0,0
invalid_consent,7520,V32P-A056052,0,0.12198144793510438,0.1285125881433487,0,0
invalid_consent,7521,V32P-A056065,0,0.73398647308349607,0.74152656793594363,1,1
invalid_consent,7522,V32P-A056066,0,0.58502674102783203,0.59367151260375972,0,0
invalid_consent,7523,V32P-A056068,0,0.44817896485328673,0.44834241867065427,0,0
invalid_consent,7524,V32P-A056069,0,0.35840445160865786,0.35629301667213442,0,0
invalid_consent,7525,V32P-A056070,0,0.16909816116094589,0.16830672174692154,0,0
invalid_consent,7526,V32P-A056101,0,0.618189525604248,0.63365350961685185,0,1
invalid_consent,7527,V32P-A056102,0,0.67063210010528562,0.68749043941497801,1,1
invalid_consent,7528,V32P-A056103,0,0.66696637868881226,0.68330366611480708,1,1
invalid_consent,7529,V32P-A056104,0,0.65048112869262698,0.66757582426071171,1,1
invalid_consent,7530,V32P-A056105,0,0.59754420518875118,0.61304588317871089,0,0
invalid_consent,7531,V32P-A056106,0,0.35769626498222351,0.37527823746204375,0,0
invalid_consent,7532,V32P-A056125,0,0.55290460586547852,0.58223831653594971,0,0
invalid_consent,7533,V32P-A056126,0,0.51153977513313298,0.53821332454681392,0,0
invalid_consent,7534,V32P-A056127,0,0.49112034440040586,0.51810787320137019,0,0
invalid_consent,7535,V32P-A056128,0,0.43157610893249509,0.460463684797287,0,0
invalid_consent,7536,V32P-A056129,0,0.35637782216072084,0.37981437444686889,0,0
invalid_consent,7537,V32P-A056130,0,0.16420215368270874,0.17109138071537017,0,0
invalid_consent,7538,V32P-A056167,0,0.40250935256481168,0.4089979648590088,0,0
invalid_consent,7539,V32P-A056170,0,0.31880491971969604,0.32560517191886901,0,0
invalid_consent,7540,V32P-A056171,0,0.23513843417167662,0.24195198714733124,0,0
invalid_consent,7541,V32P-A056172,0,0.094224303960800171,0.093929278105497366,0,0
invalid_consent,7542,V32P-A056209,0,0.70526118278503414,0.71958059072494507,1,1
invalid_consent,7543,V32P-A056210,0,0.62961946725845341,0.64590767621994016,1,1
invalid_consent,7544,V32P-A056211,0,0.56603652238845825,0.58192346096038816,0,0
invalid_consent,7545,V32P-A056212,0,0.50094229578971861,0.52093470096588135,0,0
invalid_consent,7546,V32P-A056213,0,0.42562199831008912,0.45185708403587344,0,0
invalid_consent,7547,V32P-A056214,0,0.19451642036437988,0.20549440383911133,0,0
invalid_consent,7548,V32P-A056227,0,0.32336226701736448,0.34364542365074158,0,0
invalid_consent,7549,V32P-A056228,0,0.29391593337059019,0.30920603275299074,0,0
invalid_consent,7550,V32P-A056229,0,0.28792191445827486,0.30337215662002565,0,0
invalid_consent,7551,V32P-A056230,0,0.23593269288539886,0.24633574485778809,0,0
invalid_consent,7552,V32P-A056231,0,0.18260249793529509,0.18938983827829362,0,0
invalid_consent,7553,V32P-A056232,0,0.089530298113822931,0.09206738397479057,0,0
invalid_consent,7554,V32P-A056287,1,0.48017750978469848,0.50428274869918821,0,0
invalid_consent,7555,V32P-A056288,1,0.42521885633468626,0.45078194141387939,0,0
invalid_consent,7556,V32P-A056289,1,0.37135804295539854,0.39628489613533019,0,0
invalid_consent,7557,V32P-A056290,0,0.065066632255911833,0.06376165896654129,0,0
invalid_consent,7558,V32P-A056291,0,0.068187851831316953,0.071676787734031674,0,0
invalid_consent,7559,V32P-A056292,0,0.021819097455590963,0.020974478498101235,0,0
invalid_consent,7560,V32P-A056299,0,0.60489372014999387,0.61861971616744993,0,0
invalid_consent,7561,V32P-A056300,0,0.61770821809768672,0.63258391618728638,0,1
invalid_consent,7562,V32P-A056302,0,0.43271231651306152,0.45368539094924926,0,0
invalid_consent,7563,V32P-A056303,0,0.35410932302474973,0.37455765008926389,0,0
invalid_consent,7564,V32P-A056304,0,0.15112318396568297,0.15738070905208587,0,0
invalid_consent,7565,V32P-A056305,0,0.82321661710739136,0.83220350742340088,1,1
invalid_consent,7566,V32P-A056306,0,0.72263566255569456,0.738968288898468,1,1
invalid_consent,7567,V32P-A056307,0,0.75156563520431519,0.77367050647735591,1,1
invalid_consent,7568,V32P-A056308,0,0.61925427913665776,0.64074780941009524,0,1
invalid_consent,7569,V32P-A056309,0,0.55115918517112727,0.57293323874473567,0,0
invalid_consent,7570,V32P-A056310,0,0.27371947169303895,0.2862128406763077,0,0
invalid_consent,7571,V32P-A056341,0,0.65021011829376218,0.64018443822860716,1,1
invalid_consent,7572,V32P-A056342,0,0.53058573603630066,0.5214076042175293,0,0
invalid_consent,7573,V32P-A056343,0,0.65117678642272947,0.67075203657150273,1,1
invalid_consent,7574,V32P-A056344,0,0.4127209484577179,0.40606934428215025,0,0
invalid_consent,7575,V32P-A056345,1,0.29989384710788725,0.29559181034564974,0,0
invalid_consent,7576,V32P-A056346,0,0.020320064201951028,0.018543423246592285,0,0
invalid_consent,7577,V32P-A056353,0,0.51424911022186282,0.53056921958923342,0,0
invalid_consent,7578,V32P-A056354,0,0.50206201076507573,0.51839843988418577,0,0
invalid_consent,7579,V32P-A056355,0,0.46996071934700012,0.48798617124557497,0,0
invalid_consent,7580,V32P-A056356,0,0.43314329385757444,0.4600680649280548,0,0
invalid_consent,7581,V32P-A056357,0,0.36188955307006837,0.38740071058273318,0,0
invalid_consent,7582,V32P-A056358,0,0.16917125284671783,0.17725412845611571,0,0
invalid_consent,7583,V32P-A056377,1,0.75317150354385376,0.77509578466415407,1,1
invalid_consent,7584,V32P-A056378,1,0.65578824281692505,0.68719725608825688,1,1
invalid_consent,7585,V32P-A056379,1,0.63742784261703489,0.67390522956848142,1,1
invalid_consent,7586,V32P-A056380,0,0.1200028233230114,0.11913726031780243,0,0
invalid_consent,7587,V32P-A056381,0,0.085354965925216672,0.083039577305316928,0,0
invalid_consent,7588,V32P-A056382,0,0.036646734923124313,0.034195493347942828,0,0
invalid_consent,7589,V32P-A056419,0,0.5236259818077087,0.55870677232742305,0,0
invalid_consent,7590,V32P-A056422,0,0.34720396697521211,0.37730048596858978,0,0
invalid_consent,7591,V32P-A056423,0,0.31968991458415985,0.38064661622047424,0,0
invalid_consent,7592,V32P-A056424,0,0.13662343993782997,0.14614182934165001,0,0
invalid_consent,7593,V32P-A056587,0,0.68994102478027342,0.70553303956985469,1,1
invalid_consent,7594,V32P-A056588,0,0.61875740289688108,0.63950538635253906,0,1
invalid_consent,7595,V32P-A056589,0,0.60834482908248899,0.62810387611389162,0,1
invalid_consent,7596,V32P-A056590,0,0.61764119863510136,0.66336587667465208,0,1
invalid_consent,7597,V32P-A056591,0,0.46067196130752563,0.48487412333488467,0,0
invalid_consent,7598,V32P-A056592,0,0.21299857199192046,0.22275582253932952,0,0
invalid_consent,7599,V32P-A056701,0,0.52641351222991939,0.55580317974090576,0,0
invalid_consent,7600,V32P-A056702,0,0.54500302076339724,0.57198624610900883,0,0
invalid_consent,7601,V32P-A056703,0,0.50448275208473203,0.55585149526596067,0,0
invalid_consent,7602,V32P-A056704,0,0.3871825635433197,0.41217136979103086,0,0
invalid_consent,7603,V32P-A056705,0,0.30913721621036527,0.32913591563701627,0,0
invalid_consent,7604,V32P-A056706,0,0.14220349043607711,0.15098631083965303,0,0
invalid_consent,7605,V32P-A056761,0,0.5128989696502686,0.51395086050033567,0,0
invalid_consent,7606,V32P-A056762,0,0.53910397887229922,0.53993204236030579,0,0
invalid_consent,7607,V32P-A056763,0,0.51758923530578616,0.51853696107864378,0,0
invalid_consent,7608,V32P-A056764,0,0.4693052411079407,0.46992111802101133,0,0
invalid_consent,7609,V32P-A056765,0,0.39622173905372621,0.39876148700714109,0,0
invalid_consent,7610,V32P-A056766,0,0.030168103799223901,0.028835886903107167,0,0
invalid_consent,7611,V32P-A056779,0,0.63334196805953979,0.65241906642913816,1,1
invalid_consent,7612,V32P-A056780,0,0.62253261804580684,0.64698294401168821,1,1
invalid_consent,7613,V32P-A056781,0,0.69775739908218382,0.71979578733444216,1,1
invalid_consent,7614,V32P-A056782,0,0.47068399786949155,0.50690279603004451,0,0
invalid_consent,7615,V32P-A056783,0,0.40128063559532168,0.42830412387847899,0,0
invalid_consent,7616,V32P-A056784,0,0.21267806291580199,0.22265804558992386,0,0
invalid_consent,7617,V32P-A056821,0,0.36279554367065431,0.39240430593490599,0,0
invalid_consent,7618,V32P-A056824,0,0.35045540928840635,0.38954346179962157,0,0
invalid_consent,7619,V32P-A056825,0,0.28344116210937498,0.31689928472042084,0,0
invalid_consent,7620,V32P-A056826,0,0.13246871083974837,0.14371263980865479,0,0
invalid_consent,7621,V32P-A056857,0,0.4155902534723282,0.44433224201202393,0,0
invalid_consent,7622,V32P-A056858,0,0.45667104125022889,0.48872304558753965,0,0
invalid_consent,7623,V32P-A056859,0,0.42775552868843081,0.45951595306396487,0,0
invalid_consent,7624,V32P-A056860,0,0.37814547121524811,0.4118039608001709,0,0
invalid_consent,7625,V32P-A056861,0,0.31490584909915925,0.34573076367378236,0,0
invalid_consent,7626,V32P-A056862,0,0.15672525912523269,0.16922071576118469,0,0
invalid_consent,7627,V32P-A056887,0,0.56625082492828371,0.59959882497787476,0,0
invalid_consent,7628,V32P-A056888,0,0.57798380851745601,0.59949070811271665,0,0
invalid_consent,7629,V32P-A056889,0,0.56018955707550044,0.57988539934158323,0,0
invalid_consent,7630,V32P-A056890,0,0.57703551054000857,0.60177931785583494,0,0
invalid_consent,7631,V32P-A056891,0,0.44356979727745055,0.46367713510990144,0,0
invalid_consent,7632,V32P-A056892,0,0.037871078588068485,0.039051121100783348,0,0
invalid_consent,7633,V32P-A056947,0,0.73371186256408694,0.7455996990203857,1,1
invalid_consent,7634,V32P-A056948,0,0.63258728981018064,0.64624630212783818,1,1
invalid_consent,7635,V32P-A056949,0,0.58847981095314028,0.60330112576484685,0,0
invalid_consent,7636,V32P-A056950,0,0.6334303617477417,0.64627236127853394,1,1
invalid_consent,7637,V32P-A056951,0,0.5485840976238251,0.5672861635684967,0,0
invalid_consent,7638,V32P-A056952,0,0.04436148889362812,0.042515339329838753,0,0
invalid_consent,7639,V32P-A056953,0,0.73418712615966797,0.76542668342590336,1,1
invalid_consent,7640,V32P-A056954,0,0.56473674178123479,0.60465945005416866,0,0
invalid_consent,7641,V32P-A056956,1,0.40318071842193604,0.46478286981582639,0,0
invalid_consent,7642,V32P-A056957,0,0.070530690997838971,0.073549938201904294,0,0
invalid_consent,7643,V32P-A056958,0,0.033085085637867453,0.03383039068430662,0,0
invalid_consent,7644,V32P-A057043,0,0.74995435476303096,0.76488493680953984,1,1
invalid_consent,7645,V32P-A057044,0,0.67260996103286741,0.69188938140869138,1,1
invalid_consent,7646,V32P-A057045,0,0.58421264886856084,0.60642102956771848,0,0
invalid_consent,7647,V32P-A057046,0,0.53320498466491695,0.55461730360984807,0,0
invalid_consent,7648,V32P-A057047,0,0.60700041055679321,0.63235445022583003,0,1
invalid_consent,7649,V32P-A057048,0,0.25246031880378722,0.26514968574047088,0,0
invalid_consent,7650,V32P-A057265,0,0.42436343431472778,0.43512363433837892,0,0
invalid_consent,7651,V32P-A057266,0,0.46507743597030637,0.47650036811828611,0,0
invalid_consent,7652,V32P-A057267,0,0.40920590758323672,0.42642785906791686,0,0
invalid_consent,7653,V32P-A057268,0,0.33672047257423399,0.38741586804389955,0,0
invalid_consent,7654,V32P-A057269,0,0.28499493002891541,0.30275527834892274,0,0
invalid_consent,7655,V32P-A057270,0,0.11128201335668564,0.11730133146047592,0,0
invalid_consent,7656,V32P-A057295,0,0.71510311365127566,0.72814257144927974,1,1
invalid_consent,7657,V32P-A057296,0,0.57580025792121892,0.59634681940078738,0,0
invalid_consent,7658,V32P-A057298,0,0.52495043873786928,0.55133361816406246,0,0
invalid_consent,7659,V32P-A057299,0,0.46511095166206362,0.48903461694717409,0,0
invalid_consent,7660,V32P-A057300,0,0.23883562684059143,0.25292998254299165,0,0
invalid_consent,7661,V32P-A057346,0,0.30111954510211947,0.30902969241142275,0,0
invalid_consent,7662,V32P-A057347,0,0.23408722877502441,0.23886826634407043,0,0
invalid_consent,7663,V32P-A057348,0,0.1263732798397541,0.12486489117145538,0,0
invalid_consent,7664,V32P-A057355,0,0.36269975602626803,0.38497363924980166,0,0
invalid_consent,7665,V32P-A057356,0,0.38055835068225863,0.40310620665550234,0,0
invalid_consent,7666,V32P-A057357,0,0.31858921945095064,0.33957153856754302,0,0
invalid_consent,7667,V32P-A057358,0,0.26195962727069855,0.28234477043151857,0,0
invalid_consent,7668,V32P-A057359,0,0.20437622666358948,0.22048185467720033,0,0
invalid_consent,7669,V32P-A057360,0,0.09315884746611118,0.097044484317302698,0,0
invalid_consent,7670,V32P-A057385,1,0.6400378942489624,0.66034231185913084,1,1
invalid_consent,7671,V32P-A057386,1,0.70967957973480222,0.7293279767036438,1,1
invalid_consent,7672,V32P-A057387,0,0.37365941405296327,0.36969368159770966,0,0
invalid_consent,7673,V32P-A057388,0,0.15068174302577972,0.14009166955947877,0,0
invalid_consent,7674,V32P-A057389,0,0.11505106166005134,0.106447933614254,0,0
invalid_consent,7675,V32P-A057390,0,0.053797164931893349,0.049610671401023862,0,0
invalid_consent,7676,V32P-A057439,0,0.60633425712585454,0.63260902166366573,0,1
invalid_consent,7677,V32P-A057440,0,0.63179821968078609,0.65646494626998897,1,1
invalid_consent,7678,V32P-A057441,0,0.57950330972671504,0.60384677052497859,0,0
invalid_consent,7679,V32P-A057442,0,0.5228779077529907,0.55470911264419553,0,0
invalid_consent,7680,V32P-A057443,0,0.44815776348114011,0.4885909676551819,0,0
invalid_consent,7681,V32P-A057444,0,0.20162166953086852,0.22926932275295259,0,0
invalid_consent,7682,V32P-A057484,0,0.3029578596353531,0.33929458260536194,0,0
invalid_consent,7683,V32P-A057485,0,0.23793530166149141,0.26633985936641691,0,0
invalid_consent,7684,V32P-A057486,0,0.1023889347910881,0.11319244801998138,0,0
invalid_consent,7685,V32P-A057499,0,0.67585797309875484,0.68669228553771977,1,1
invalid_consent,7686,V32P-A057500,0,0.60547651052474971,0.61460193395614626,0,0
invalid_consent,7687,V32P-A057501,0,0.54099053144454956,0.55029099583625796,0,0
invalid_consent,7688,V32P-A057502,0,0.44949470758438109,0.46765527725219724,0,0
invalid_consent,7689,V32P-A057503,0,0.35019149482250211,0.37230502367019652,0,0
invalid_consent,7690,V32P-A057504,0,0.16106107532978059,0.17801741808652877,0,0
invalid_consent,7691,V32P-A057511,0,0.76609950065612797,0.76274690628051756,1,1
invalid_consent,7692,V32P-A057512,0,0.46174461245536802,0.4542811095714569,0,0
invalid_consent,7693,V32P-A057513,0,0.62608326673507686,0.64816832542419434,1,1
invalid_consent,7694,V32P-A057514,0,0.58313118219375615,0.57286263704299922,0,0
invalid_consent,7695,V32P-A057515,0,0.4911243259906769,0.47997978329658508,0,0
invalid_consent,7696,V32P-A057516,0,0.25180712938308714,0.24196929633617401,0,0
invalid_consent,7697,V32P-A057529,0,0.51107392609119418,0.52411684393882751,0,0
invalid_consent,7698,V32P-A057532,0,0.4300717979669571,0.44294722378253937,0,0
invalid_consent,7699,V32P-A057533,0,0.35873996615409853,0.37002131044864656,0,0
invalid_consent,7700,V32P-A057534,0,0.17536595836281776,0.17724563032388688,0,0
invalid_consent,7701,V32P-A057541,0,0.65682629346847532,0.67866519689559934,1,1
invalid_consent,7702,V32P-A057544,0,0.44210133552551267,0.4647627115249634,0,0
invalid_consent,7703,V32P-A057545,0,0.38934726417064669,0.40987770557403563,0,0
invalid_consent,7704,V32P-A057546,0,0.030747609212994576,0.027479992248117924,0,0
invalid_consent,7705,V32P-A057601,0,0.44462143778800967,0.45214433073997495,0,0
invalid_consent,7706,V32P-A057604,0,0.26854860186576845,0.2825595259666443,0,0
invalid_consent,7707,V32P-A057605,0,0.20148376226425171,0.21258540749549865,0,0
invalid_consent,7708,V32P-A057606,0,0.089193972200155264,0.090882606059312823,0,0
invalid_consent,7709,V32P-A057619,0,0.42964918613433839,0.43744017779827116,0,0
invalid_consent,7710,V32P-A057620,0,0.47137509584426879,0.48003301620483396,0,0
invalid_consent,7711,V32P-A057621,0,0.52091092467308042,0.5304452002048492,0,0
invalid_consent,7712,V32P-A057622,0,0.52416619658470154,0.52940379381179814,0,0
invalid_consent,7713,V32P-A057623,0,0.46724788248538973,0.4983139455318451,0,0
invalid_consent,7714,V32P-A057624,0,0.33339918553829195,0.32189867496490476,0,0
invalid_consent,7715,V32P-A057685,0,0.84692909717559817,0.86097832918167116,1,1
invalid_consent,7716,V32P-A057686,0,0.70904747247695921,0.73499550819396975,1,1
invalid_consent,7717,V32P-A057687,0,0.71269708871841431,0.73717529773712154,1,1
invalid_consent,7718,V32P-A057688,0,0.72540385723114009,0.74981607198715206,1,1
invalid_consent,7719,V32P-A057689,1,0.67570756673812871,0.70308845043182377,1,1
invalid_consent,7720,V32P-A057690,0,0.083582139015197759,0.081187551096081736,0,0
invalid_consent,7721,V32P-A057697,0,0.60470312833786011,0.63761584758758549,0,1
invalid_consent,7722,V32P-A057698,0,0.48980231881141661,0.52005017399787901,0,0
invalid_consent,7723,V32P-A057699,0,0.40560356974601747,0.44510422945022582,0,0
invalid_consent,7724,V32P-A057700,0,0.42292632460594176,0.4590407073497772,0,0
invalid_consent,7725,V32P-A057701,0,0.29050655961036681,0.32609401345252992,0,0
invalid_consent,7726,V32P-A057702,0,0.11469365954399109,0.12862007170915604,0,0
invalid_consent,7727,V32P-A057715,0,0.59783216714859011,0.62766597270965574,0,1
invalid_consent,7728,V32P-A057716,0,0.54820784330368044,0.57828994989395144,0,0
invalid_consent,7729,V32P-A057717,0,0.51174854636192324,0.53846150040626528,0,0
invalid_consent,7730,V32P-A057718,0,0.4689328670501709,0.48983880877494812,0,0
invalid_consent,7731,V32P-A057719,0,0.45026694536209105,0.46802280545234681,0,0
invalid_consent,7732,V32P-A057720,0,0.029989354312419891,0.029160479269921779,0,0
invalid_consent,7733,V32P-A057793,0,0.68808200359344485,0.70005781650543208,1,1
invalid_consent,7734,V32P-A057794,0,0.59075092077255253,0.60324122905731203,0,0
invalid_consent,7735,V32P-A057795,0,0.57511149644851689,0.58747913837432864,0,0
invalid_consent,7736,V32P-A057796,0,0.54333267807960506,0.56381092667579646,0,0
invalid_consent,7737,V32P-A057797,0,0.52285699248313899,0.54637629389762876,0,0
invalid_consent,7738,V32P-A057798,0,0.25606625080108641,0.2730129212141037,0,0
invalid_consent,7739,V32P-A057811,0,0.46647893786430361,0.49736803770065308,0,0
invalid_consent,7740,V32P-A057812,0,0.54391828179359436,0.57229827046394344,0,0
invalid_consent,7741,V32P-A057814,0,0.47008118629455564,0.50215556621551516,0,0
invalid_consent,7742,V32P-A057815,1,0.38144977986812589,0.41493103206157683,0,0
invalid_consent,7743,V32P-A057816,0,0.03174641579389572,0.029975538700819017,0,0
invalid_consent,7744,V32P-A057853,0,0.51572727560997011,0.53448702692985539,0,0
invalid_consent,7745,V32P-A057854,0,0.47641668319702146,0.49630989432334899,0,0
invalid_consent,7746,V32P-A057855,0,0.50299006700515747,0.56293618083000185,0,0
invalid_consent,7747,V32P-A057856,0,0.37205723524093626,0.39748430848121641,0,0
invalid_consent,7748,V32P-A057857,0,0.3014691650867462,0.32485927343368531,0,0
invalid_consent,7749,V32P-A057858,0,0.029479577951133252,0.027870076149702071,0,0
invalid_consent,7750,V32P-A057883,0,0.55765994191169743,0.58549751639366154,0,0
invalid_consent,7751,V32P-A057884,0,0.38180701136589051,0.46621550321578981,0,0
invalid_consent,7752,V32P-A057885,0,0.38638117313385012,0.43610193729400637,0,0
invalid_consent,7753,V32P-A057886,0,0.32850778698921201,0.37791815400123596,0,0
invalid_consent,7754,V32P-A057887,0,0.29271801710128786,0.33553639650344846,0,0
invalid_consent,7755,V32P-A057888,0,0.12248391807079315,0.13898427933454513,0,0
invalid_consent,7756,V32P-A057937,0,0.68769444227218623,0.70570685863494875,1,1
invalid_consent,7757,V32P-A057938,0,0.56264030933380127,0.58657276630401611,0,0
invalid_consent,7758,V32P-A057939,0,0.46587727665901185,0.5183300316333771,0,0
invalid_consent,7759,V32P-A057940,0,0.40038387775421141,0.41712310910224915,0,0
invalid_consent,7760,V32P-A057941,0,0.30725238323211668,0.32660935819149017,0,0
invalid_consent,7761,V32P-A057942,0,0.12021875083446502,0.13077267557382583,0,0
invalid_consent,7762,V32P-A057967,0,0.3639743387699127,0.35243800878524778,0,0
invalid_consent,7763,V32P-A057968,0,0.44179505109786987,0.43166053295135498,0,0
invalid_consent,7764,V32P-A057970,0,0.36923559904098513,0.36259086728096007,0,0
invalid_consent,7765,V32P-A057971,0,0.31127169132232668,0.30457367300987243,0,0
invalid_consent,7766,V32P-A057972,0,0.14629697948694229,0.14243414998054504,0,0
invalid_consent,7767,V32P-A057973,0,0.42261344790458677,0.45236091017723085,0,0
invalid_consent,7768,V32P-A057974,0,0.52276749014854429,0.5593186616897583,0,0
invalid_consent,7769,V32P-A057976,0,0.48780181407928469,0.52861794829368591,0,0
invalid_consent,7770,V32P-A057977,0,0.37357673943042757,0.43577521443367007,0,0
invalid_consent,7771,V32P-A057978,0,0.22405605316162108,0.24371929764747619,0,0
invalid_consent,7772,V32P-A057985,0,0.63065297603607173,0.63764349222183225,1,1
invalid_consent,7773,V32P-A057986,0,0.62564175128936772,0.63544735908508299,1,1
invalid_consent,7774,V32P-A057988,0,0.48270126581192019,0.50343950390815739,0,0
invalid_consent,7775,V32P-A057989,0,0.37137785255908967,0.39424512684345248,0,0
invalid_consent,7776,V32P-A057990,0,0.1495371714234352,0.16124908328056337,0,0
invalid_consent,7777,V32P-A057991,0,0.69772635698318486,0.70678644180297856,1,1
invalid_consent,7778,V32P-A057992,0,0.60152769088745117,0.63969250917434695,0,1
invalid_consent,7779,V32P-A057993,0,0.68722740411758421,0.70130918025970457,1,1
invalid_consent,7780,V32P-A057994,0,0.54061207175254822,0.55956185460090635,0,0
invalid_consent,7781,V32P-A057995,0,0.46209846735000609,0.48024768829345704,0,0
invalid_consent,7782,V32P-A057996,0,0.2045815646648407,0.21257826089859008,0,0
invalid_consent,7783,V32P-A058009,0,0.56570206284523006,0.58252778053283694,0,0
invalid_consent,7784,V32P-A058010,0,0.47677281498908997,0.49567150473594668,0,0
invalid_consent,7785,V32P-A058012,0,0.45934916138648985,0.48874388337135316,0,0
invalid_consent,7786,V32P-A058013,0,0.39040513634681701,0.42017841339111328,0,0
invalid_consent,7787,V32P-A058014,0,0.033439110405743121,0.03126801233738661,0,0
invalid_consent,7788,V32P-A058033,0,0.67617378234863279,0.69170689582824707,1,1
invalid_consent,7789,V32P-A058034,0,0.63405630588531492,0.65005838871002197,1,1
invalid_consent,7790,V32P-A058035,0,0.56415553092956539,0.58239895105361938,0,0
invalid_consent,7791,V32P-A058036,0,0.4925084888935089,0.50986246466636653,0,0
invalid_consent,7792,V32P-A058037,0,0.38282350301742551,0.39912152290344238,0,0
invalid_consent,7793,V32P-A058038,0,0.025233538448810579,0.024218205362558365,0,0
invalid_consent,7794,V32P-A058051,0,0.67461119890213017,0.66975296735763545,1,1
invalid_consent,7795,V32P-A058052,0,0.49585809707641604,0.50415311455726619,0,0
invalid_consent,7796,V32P-A058053,0,0.43810399770736697,0.45109016895294191,0,0
invalid_consent,7797,V32P-A058054,0,0.43885447978973391,0.4464976668357849,0,0
invalid_consent,7798,V32P-A058055,0,0.32839638888835909,0.33904838263988496,0,0
invalid_consent,7799,V32P-A058056,0,0.14863034784793855,0.15277131497859955,0,0
invalid_consent,7800,V32P-A058069,0,0.46333441138267517,0.47177999615669253,0,0
invalid_consent,7801,V32P-A058072,0,0.37313534021377565,0.38893720507621765,0,0
invalid_consent,7802,V32P-A058073,0,0.2312542200088501,0.24358446896076202,0,0
invalid_consent,7803,V32P-A058074,0,0.099425396323204046,0.10576439946889878,0,0
invalid_consent,7804,V32P-A058123,0,0.63358446359634402,0.65689675807952885,1,1
invalid_consent,7805,V32P-A058124,0,0.60829131603240971,0.63173564672470095,0,1
invalid_consent,7806,V32P-A058125,0,0.57589210271835323,0.59560039043426516,0,0
invalid_consent,7807,V32P-A058126,0,0.57412075996398926,0.58980803489685063,0,0
invalid_consent,7808,V32P-A058127,0,0.51940111517906185,0.53169984817504878,0,0
invalid_consent,7809,V32P-A058128,0,0.046649742126464847,0.041931651346385476,0,0
invalid_consent,7810,V32P-A058147,0,0.6371712207794189,0.6401685833930969,1,1
invalid_consent,7811,V32P-A058148,0,0.51031140089035032,0.51188337206840517,0,0
invalid_consent,7812,V32P-A058149,0,0.36457366943359376,0.42021414637565613,0,0
invalid_consent,7813,V32P-A058150,0,0.30860092639923098,0.32173926830291749,0,0
invalid_consent,7814,V32P-A058151,0,0.20544365048408508,0.21911157667636871,0,0
invalid_consent,7815,V32P-A058152,0,0.085450490564107889,0.090131624788045886,0,0
invalid_consent,7816,V32P-A058267,0,0.56179995536804195,0.56972711086273198,0,0
invalid_consent,7817,V32P-A058268,0,0.55420841574668889,0.56101905703544619,0,0
invalid_consent,7818,V32P-A058270,0,0.38607026338577272,0.39384766817092898,0,0
invalid_consent,7819,V32P-A058271,0,0.29843934476375578,0.30872913897037507,0,0
invalid_consent,7820,V32P-A058272,0,0.12484234124422074,0.13208296298980712,0,0
invalid_consent,7821,V32P-A058273,1,0.80528869628906252,0.82304439544677732,1,1
invalid_consent,7822,V32P-A058274,1,0.74376956224441526,0.76730861663818362,1,1
invalid_consent,7823,V32P-A058275,1,0.71642729043960574,0.73706014156341548,1,1
invalid_consent,7824,V32P-A058276,0,0.19122501462697983,0.18405395746231079,0,0
invalid_consent,7825,V32P-A058277,0,0.12272506207227707,0.11782506555318832,0,0
invalid_consent,7826,V32P-A058278,0,0.049312297999858853,0.04595329947769642,0,0
invalid_consent,7827,V32P-A058285,0,0.75076425075531006,0.7551872730255127,1,1
invalid_consent,7828,V32P-A058286,0,0.73862934112548828,0.74471608400344846,1,1
invalid_consent,7829,V32P-A058287,0,0.74528172016143801,0.75087269544601443,1,1
invalid_consent,7830,V32P-A058288,0,0.75695769786834721,0.76340932846069331,1,1
invalid_consent,7831,V32P-A058289,0,0.71714164018630977,0.72551113367080688,1,1
invalid_consent,7832,V32P-A058290,0,0.52951806187629702,0.54189222455024721,0,0
invalid_consent,7833,V32P-A058375,0,0.41404545903205869,0.43731253743171694,0,0
invalid_consent,7834,V32P-A058376,0,0.37620771527290342,0.45240370035171507,0,0
invalid_consent,7835,V32P-A058377,0,0.37184445261955262,0.40520766377449036,0,0
invalid_consent,7836,V32P-A058378,0,0.35757135748863222,0.39007704854011538,0,0
invalid_consent,7837,V32P-A058379,0,0.23647793531417846,0.26357098221778869,0,0
invalid_consent,7838,V32P-A058380,0,0.09703760445117951,0.10446035414934159,0,0
invalid_consent,7839,V32P-A058426,0,0.40745340585708617,0.44437928795814513,0,0
invalid_consent,7840,V32P-A058427,0,0.27934441566467283,0.31348859667778017,0,0
invalid_consent,7841,V32P-A058428,0,0.11836199909448623,0.129733407497406,0,0
invalid_consent,7842,V32P-A058507,0,0.59854468107223513,0.62695387601852415,0,1
invalid_consent,7843,V32P-A058508,0,0.60331667661666866,0.63257747888565063,0,1
invalid_consent,7844,V32P-A058509,0,0.59785058498382571,0.62962056398391719,0,1
invalid_consent,7845,V32P-A058510,0,0.55566890239715572,0.58866503238677981,0,0
invalid_consent,7846,V32P-A058511,0,0.49889425635337831,0.53115565180778501,0,0
invalid_consent,7847,V32P-A058512,0,0.044783362001180646,0.040372486039996144,0,0
invalid_consent,7848,V32P-A058525,0,0.47643802762031556,0.4968020975589752,0,0
invalid_consent,7849,V32P-A058528,0,0.40507287383079527,0.43649045825004579,0,0
invalid_consent,7850,V32P-A058529,1,0.33467436432838438,0.36691316962242126,0,0
invalid_consent,7851,V32P-A058530,0,0.031332938931882381,0.029459349252283572,0,0
invalid_consent,7852,V32P-A058549,0,0.49796070456504821,0.5192760050296783,0,0
invalid_consent,7853,V32P-A058552,0,0.33995562791824341,0.35781128406524659,0,0
invalid_consent,7854,V32P-A058553,0,0.2781145364046097,0.29592557549476622,0,0
invalid_consent,7855,V32P-A058554,0,0.13964894413948059,0.15033556222915651,0,0
invalid_consent,7856,V32P-A058561,0,0.68271810412406919,0.70238135457038875,1,1
invalid_consent,7857,V32P-A058562,0,0.56296568512916567,0.58621034026145935,0,0
invalid_consent,7858,V32P-A058563,0,0.50845128893852232,0.56265411376953123,0,0
invalid_consent,7859,V32P-A058564,0,0.35524867773056029,0.38132383525371549,0,0
invalid_consent,7860,V32P-A058565,0,0.24546793699264527,0.27019363790750506,0,0
invalid_consent,7861,V32P-A058566,0,0.09459876492619515,0.10048368945717812,0,0
invalid_consent,7862,V32P-A058585,0,0.6167934656143188,0.64379568099975581,0,1
invalid_consent,7863,V32P-A058586,0,0.53215189576148991,0.56103956103324892,0,0
invalid_consent,7864,V32P-A058587,0,0.53059126734733586,0.56200509667396548,0,0
invalid_consent,7865,V32P-A058588,0,0.47292433381080629,0.51517844200134277,0,0
invalid_consent,7866,V32P-A058589,0,0.40364208221435549,0.45012189149856568,0,0
invalid_consent,7867,V32P-A058590,0,0.19702458679676055,0.22368886172771454,0,0
invalid_consent,7868,V32P-A058603,0,0.39713616967201232,0.40226942896842954,0,0
invalid_consent,7869,V32P-A058604,0,0.41056828498840331,0.41710012555122378,0,0
invalid_consent,7870,V32P-A058606,0,0.32328735589981078,0.33287656307220459,0,0
invalid_consent,7871,V32P-A058607,0,0.26931493580341337,0.27676365971565248,0,0
invalid_consent,7872,V32P-A058608,0,0.12226428538560867,0.12286831885576248,0,0
invalid_consent,7873,V32P-A058621,0,0.58268923759460445,0.61746113300323491,0,0
invalid_consent,7874,V32P-A058622,0,0.57108460068702693,0.6069952607154846,0,0
invalid_consent,7875,V32P-A058623,0,0.5919950008392334,0.62569177150726318,0,1
invalid_consent,7876,V32P-A058624,0,0.5706037223339081,0.60779533982276912,0,0
invalid_consent,7877,V32P-A058625,0,0.52064782381057739,0.56169703006744387,0,0
invalid_consent,7878,V32P-A058626,0,0.049973342195153238,0.047959791123867036,0,0
invalid_consent,7879,V32P-A058657,0,0.6489695072174072,0.66147536039352417,1,1
invalid_consent,7880,V32P-A058658,0,0.51597835421562199,0.5333462655544281,0,0
invalid_consent,7881,V32P-A058660,0,0.40190803408622744,0.43104729652404783,0,0
invalid_consent,7882,V32P-A058661,0,0.30828814506530761,0.3385033071041107,0,0
invalid_consent,7883,V32P-A058662,0,0.12766993939876556,0.13882157802581788,0,0
invalid_consent,7884,V32P-A058729,0,0.77166343927383418,0.77922543287277224,1,1
invalid_consent,7885,V32P-A058730,0,0.70594251155853271,0.71677962541580198,1,1
invalid_consent,7886,V32P-A058731,0,0.63140769004821773,0.64449532032012935,1,1
invalid_consent,7887,V32P-A058732,0,0.54783003926277163,0.56233631372451787,0,0
invalid_consent,7888,V32P-A058733,0,0.51921758651733396,0.53168185949325564,0,0
invalid_consent,7889,V32P-A058734,0,0.03446274120360613,0.032023258879780768,0,0
invalid_consent,7890,V32P-A058735,0,0.44731715917587278,0.47683521509170534,0,0
invalid_consent,7891,V32P-A058736,0,0.40017216205596923,0.42581375241279601,0,0
invalid_consent,7892,V32P-A058737,0,0.44550160169601438,0.47022597193717958,0,0
invalid_consent,7893,V32P-A058738,0,0.38636218607425687,0.40590648651123046,0,0
invalid_consent,7894,V32P-A058739,0,0.31404564976692201,0.32962977588176728,0,0
invalid_consent,7895,V32P-A058740,0,0.14425604343414306,0.15393636524677276,0,0
invalid_consent,7896,V32P-A058789,0,0.53932366967201228,0.5943007349967957,0,0
invalid_consent,7897,V32P-A058790,0,0.51836756467819212,0.57562335729599001,0,0
invalid_consent,7898,V32P-A058791,0,0.47595336437225344,0.53884508013725285,0,0
invalid_consent,7899,V32P-A058792,0,0.51556983590126038,0.57378985881805422,0,0
invalid_consent,7900,V32P-A058793,0,0.44894863963127135,0.509140533208847,0,0
invalid_consent,7901,V32P-A058794,0,0.23103769570589067,0.27372673898935318,0,0
invalid_consent,7902,V32P-A058807,0,0.57246781587600704,0.57507754564285274,0,0
invalid_consent,7903,V32P-A058808,0,0.50488741397857662,0.50855013728141785,0,0
invalid_consent,7904,V32P-A058809,0,0.46731824874877931,0.47903092503547667,0,0
invalid_consent,7905,V32P-A058810,1,0.39309213161468504,0.41044824719429018,0,0
invalid_consent,7906,V32P-A058811,0,0.056374462693929671,0.052733767777681351,0,0
invalid_consent,7907,V32P-A058812,0,0.022576642595231532,0.021176610887050629,0,0
invalid_consent,7908,V32P-A058849,0,0.41026315689086912,0.43186832666397096,0,0
invalid_consent,7909,V32P-A058850,0,0.41361671686172485,0.43684850931167601,0,0
invalid_consent,7910,V32P-A058851,0,0.37357336878776548,0.40152256488800048,0,0
invalid_consent,7911,V32P-A058852,0,0.50930821895599365,0.57298351526260372,0,0
invalid_consent,7912,V32P-A058853,0,0.26138991713523863,0.28286311924457552,0,0
invalid_consent,7913,V32P-A058854,0,0.029662737250328065,0.028099689912050963,0,0
invalid_consent,7914,V32P-A058921,0,0.77890216112136845,0.79359860420227046,1,1
invalid_consent,7915,V32P-A058922,0,0.77268890142440794,0.78716949224472044,1,1
invalid_consent,7916,V32P-A058923,0,0.7664371132850647,0.7817940235137939,1,1
invalid_consent,7917,V32P-A058924,0,0.73792865276336672,0.75652704238891599,1,1
invalid_consent,7918,V32P-A058925,0,0.68680615425109859,0.71220911741256709,1,1
invalid_consent,7919,V32P-A058926,0,0.49728718101978303,0.52775540351867678,0,0
invalid_consent,7920,V32P-A058999,0,0.81169712543487549,0.81871517896652224,1,1
invalid_consent,7921,V32P-A059002,0,0.53016192913055415,0.54972516894340517,0,0
invalid_consent,7922,V32P-A059003,0,0.40485326647758485,0.42390551567077639,0,0
invalid_consent,7923,V32P-A059004,0,0.19299380630254745,0.20391383022069931,0,0
invalid_consent,7924,V32P-A059005,0,0.60723142623901372,0.62605623006820676,0,1
invalid_consent,7925,V32P-A059006,0,0.53208013176918034,0.57614844441413882,0,0
invalid_consent,7926,V32P-A059007,0,0.53741472363471987,0.56547569632530215,0,0
invalid_consent,7927,V32P-A059008,0,0.45631678700447081,0.49447609186172486,0,0
invalid_consent,7928,V32P-A059009,0,0.38006832003593444,0.42093756794929504,0,0
invalid_consent,7929,V32P-A059010,0,0.19467908442020415,0.21268962323665619,0,0
invalid_consent,7930,V32P-A059011,0,0.39123446345329282,0.42123656272888182,0,0
invalid_consent,7931,V32P-A059012,0,0.42407318353652956,0.45492332577705386,0,0
invalid_consent,7932,V32P-A059013,0,0.38677021265029909,0.42272484302520752,0,0
invalid_consent,7933,V32P-A059014,0,0.3121153235435486,0.34605005979537962,0,0
invalid_consent,7934,V32P-A059015,0,0.23804954588413238,0.26660274267196654,0,0
invalid_consent,7935,V32P-A059016,0,0.1032591238617897,0.11376101225614547,0,0
invalid_consent,7936,V32P-A059023,0,0.8149988055229187,0.82908706665039067,1,1
invalid_consent,7937,V32P-A059024,0,0.72632396221160889,0.74582065343856807,1,1
invalid_consent,7938,V32P-A059025,0,0.62808672189712522,0.65567171573638916,1,1
invalid_consent,7939,V32P-A059026,0,0.57923552989959715,0.60773943662643437,0,0
invalid_consent,7940,V32P-A059027,0,0.54601730108261104,0.57477802038192749,0,0
invalid_consent,7941,V32P-A059028,0,0.30606822669506073,0.32340160608291624,0,0
invalid_consent,7942,V32P-A059041,0,0.48772076368331907,0.50567984580993652,0,0
invalid_consent,7943,V32P-A059042,0,0.5196959793567657,0.53732431530952451,0,0
invalid_consent,7944,V32P-A059043,0,0.57745085358619686,0.60011458396911621,0,0
invalid_consent,7945,V32P-A059044,0,0.53251518011093135,0.5542732954025269,0,0
invalid_consent,7946,V32P-A059045,0,0.44915584921836854,0.47067492008209227,0,0
invalid_consent,7947,V32P-A059046,0,0.21744369268417357,0.23098350763320924,0,0
invalid_consent,7948,V32P-A059131,0,0.60224450826644893,0.6147303581237793,0,0
invalid_consent,7949,V32P-A059132,0,0.5020935714244843,0.51712467074394231,0,0
invalid_consent,7950,V32P-A059133,0,0.45320379734039307,0.47746766805648805,0,0
invalid_consent,7951,V32P-A059134,0,0.39125365018844604,0.42113670706748962,0,0
invalid_consent,7952,V32P-A059135,0,0.31811202168464658,0.35132500529289246,0,0
invalid_consent,7953,V32P-A059136,0,0.16935328692197799,0.18727263957262039,0,0
invalid_consent,7954,V32P-A059185,0,0.69424017667770388,0.72128421068191528,1,1
invalid_consent,7955,V32P-A059186,0,0.5967498183250427,0.62472977638244631,0,1
invalid_consent,7956,V32P-A059187,0,0.53089130520820615,0.56247985363006592,0,0
invalid_consent,7957,V32P-A059188,0,0.5184326589107513,0.55318779349327085,0,0
invalid_consent,7958,V32P-A059189,0,0.39971499443054198,0.44067903161048888,0,0
invalid_consent,7959,V32P-A059190,0,0.20167639255523681,0.23374145030975341,0,0
invalid_consent,7960,V32P-A059197,0,0.66907716989517207,0.69779601097106936,1,1
invalid_consent,7961,V32P-A059198,0,0.62349500656127932,0.6543321371078491,1,1
invalid_consent,7962,V32P-A059199,0,0.58892689943313603,0.62171324491500857,0,1
invalid_consent,7963,V32P-A059200,0,0.49230793714523313,0.53276537656784062,0,0
invalid_consent,7964,V32P-A059201,0,0.40788256525993349,0.45796445608139036,0,0
invalid_consent,7965,V32P-A059202,0,0.17168120294809341,0.20203529447317123,0,0
invalid_consent,7966,V32P-A059221,0,0.60470757484436033,0.63374602794647217,0,1
invalid_consent,7967,V32P-A059222,0,0.62299612760543821,0.649854040145874,1,1
invalid_consent,7968,V32P-A059223,0,0.59585285186767578,0.62469128370285032,0,1
invalid_consent,7969,V32P-A059224,0,0.54294022917747498,0.5780910432338715,0,0
invalid_consent,7970,V32P-A059225,0,0.45985530018806459,0.49725292325019838,0,0
invalid_consent,7971,V32P-A059226,0,0.22867700159549714,0.2457536906003952,0,0
invalid_consent,7972,V32P-A059257,1,0.68068598508834843,0.69698437452316286,1,1
invalid_consent,7973,V32P-A059258,1,0.57997038960456848,0.59845142960548403,0,0
invalid_consent,7974,V32P-A059259,1,0.54925842285156246,0.56845101714134216,0,0
invalid_consent,7975,V32P-A059260,0,0.10802090018987656,0.10446812510490418,0,0
invalid_consent,7976,V32P-A059261,0,0.083429983258247381,0.080472512543201452,0,0
invalid_consent,7977,V32P-A059262,0,0.038189499266445638,0.036315846443176272,0,0
invalid_consent,7978,V32P-A059269,0,0.69613915681838989,0.71200739145278935,1,1
invalid_consent,7979,V32P-A059272,0,0.41325279474258425,0.44345887303352355,0,0
invalid_consent,7980,V32P-A059273,0,0.32650313377380369,0.35404672622680666,0,0
invalid_consent,7981,V32P-A059274,0,0.16380441486835479,0.17416613698005676,0,0
invalid_consent,7982,V32P-A059317,0,0.65948545932769775,0.69245290756225586,1,1
invalid_consent,7983,V32P-A059318,0,0.56207282543182369,0.60330330133438115,0,0
invalid_consent,7984,V32P-A059320,0,0.5525648713111877,0.60447033643722536,0,0
invalid_consent,7985,V32P-A059321,0,0.46523166894912721,0.52161468267440791,0,0
invalid_consent,7986,V32P-A059322,0,0.23005169332027436,0.26999090909957885,0,0
invalid_consent,7987,V32P-A059323,0,0.77059435844421387,0.76138075590133669,1,1
invalid_consent,7988,V32P-A059326,0,0.36161768138408662,0.37146196365356443,0,0
invalid_consent,7989,V32P-A059327,0,0.28051639199256895,0.29223897755146028,0,0
invalid_consent,7990,V32P-A059328,0,0.11343031525611877,0.11623289287090302,0,0
invalid_consent,7991,V32P-A059449,0,0.70926539897918706,0.72461334466934202,1,1
invalid_consent,7992,V32P-A059450,0,0.58032394647598262,0.5974831819534302,0,0
invalid_consent,7993,V32P-A059451,0,0.50941817760467534,0.52414190769195557,0,0
invalid_consent,7994,V32P-A059452,0,0.39623979926109315,0.41212034225463867,0,0
invalid_consent,7995,V32P-A059453,0,0.31200975179672241,0.32521139383316039,0,0
invalid_consent,7996,V32P-A059454,0,0.135633884370327,0.14331012964248657,0,0
invalid_consent,7997,V32P-A059641,0,0.47195992469787595,0.48004440665245057,0,0
invalid_consent,7998,V32P-A059642,0,0.45820745229721072,0.47440199851989745,0,0
invalid_consent,7999,V32P-A059643,0,0.46752464771270752,0.49166887402534487,0,0
invalid_consent,8000,V32P-A059644,0,0.38933427929878234,0.41807845830917356,0,0
invalid_consent,8001,V32P-A059645,1,0.32666105926036837,0.35261526107788088,0,0
invalid_consent,8002,V32P-A059646,0,0.0284612693823874,0.026923485845327378,0,0
invalid_consent,8003,V32P-A059653,0,0.61762253046035764,0.64216872453689577,0,1
invalid_consent,8004,V32P-A059654,0,0.57009060382843013,0.59662824869155884,0,0
invalid_consent,8005,V32P-A059656,0,0.43835647702217101,0.47192512154579164,0,0
invalid_consent,8006,V32P-A059657,0,0.35766081809997557,0.38720756769180298,0,0
invalid_consent,8007,V32P-A059658,0,0.16194305568933487,0.17517085671424865,0,0
invalid_consent,8008,V32P-A059677,0,0.809443187713623,0.81896961927413936,1,1
invalid_consent,8009,V32P-A059680,0,0.67736192941665652,0.69321579933166499,1,1
invalid_consent,8010,V32P-A059681,0,0.60871269702911379,0.62316749095916746,0,1
invalid_consent,8011,V32P-A059682,0,0.33041920065879821,0.33674423396587372,0,0
invalid_consent,8012,V32P-A059689,0,0.74689655303955083,0.74866354465484619,1,1
invalid_consent,8013,V32P-A059692,0,0.52519717812538147,0.53393861055374148,0,0
invalid_consent,8014,V32P-A059693,1,0.4412392318248749,0.44969317913055418,0,0
invalid_consent,8015,V32P-A059694,0,0.040091338567435741,0.037338474951684478,0,0
invalid_consent,8016,V32P-A059725,0,0.52853862047195432,0.56232774257659912,0,0
invalid_consent,8017,V32P-A059726,0,0.49094759821891787,0.52825709581375124,0,0
invalid_consent,8018,V32P-A059727,0,0.45530540347099302,0.48693378567695617,0,0
invalid_consent,8019,V32P-A059728,0,0.37969139814376829,0.39697244763374329,0,0
invalid_consent,8020,V32P-A059729,0,0.29593525826931,0.30361741185188296,0,0
invalid_consent,8021,V32P-A059730,0,0.12336934953927994,0.12538539767265319,0,0
invalid_consent,8022,V32P-A059761,0,0.71999310255050664,0.70201900005340578,1,1
invalid_consent,8023,V32P-A059762,0,0.66564946174621586,0.64776701927185054,1,1
invalid_consent,8024,V32P-A059763,0,0.62739512920379636,0.60836475491523745,1,0
invalid_consent,8025,V32P-A059764,0,0.56862645745277407,0.55076023340225222,0,0
invalid_consent,8026,V32P-A059765,1,0.48803510069847106,0.47462228536605833,0,0
invalid_consent,8027,V32P-A059766,0,0.038202833384275436,0.036412298679351807,0,0
invalid_consent,8028,V32P-A059779,0,0.54809961318969724,0.56936728954315186,0,0
invalid_consent,8029,V32P-A059782,0,0.42519528269767759,0.45568572878837588,0,0
invalid_consent,8030,V32P-A059783,0,0.33280213773250578,0.36589241921901705,0,0
invalid_consent,8031,V32P-A059784,0,0.1533259242773056,0.1630953148007393,0,0
invalid_consent,8032,V32P-A059785,0,0.31390892267227172,0.34337363243103025,0,0
invalid_consent,8033,V32P-A059786,0,0.35718326568603515,0.40047908425331114,0,0
invalid_consent,8034,V32P-A059787,0,0.33555842041969297,0.37909412980079649,0,0
invalid_consent,8035,V32P-A059788,0,0.25033526122570038,0.28120971620082857,0,0
invalid_consent,8036,V32P-A059789,0,0.20577416121959685,0.23188318312168121,0,0
invalid_consent,8037,V32P-A059790,0,0.099187481403350833,0.10759946703910828,0,0
invalid_consent,8038,V32P-A059845,0,0.59159600734710693,0.60451760292053225,0,0
invalid_consent,8039,V32P-A059846,0,0.55168763399124143,0.56132764816284175,0,0
invalid_consent,8040,V32P-A059847,0,0.51287105679512024,0.52345031499862671,0,0
invalid_consent,8041,V32P-A059848,0,0.42864627242088316,0.44267759323120115,0,0
invalid_consent,8042,V32P-A059849,0,0.34429475665092468,0.35552237033843992,0,0
invalid_consent,8043,V32P-A059850,0,0.15132296383380889,0.15713378190994262,0,0
invalid_consent,8044,V32P-A059881,1,0.57096828818321232,0.58996157050132747,0,0
invalid_consent,8045,V32P-A059884,0,0.15777431726455687,0.16214092671871186,0,0
invalid_consent,8046,V32P-A059885,0,0.087897741794586176,0.083126861602067947,0,0
invalid_consent,8047,V32P-A059886,0,0.041966809332370757,0.039646096900105475,0,0
invalid_consent,8048,V32P-A059905,0,0.60595338344573979,0.63692809343338008,0,1
invalid_consent,8049,V32P-A059906,0,0.58907159566879275,0.61834895610809326,0,0
invalid_consent,8050,V32P-A059907,0,0.53874995708465578,0.5656621634960175,0,0
invalid_consent,8051,V32P-A059908,0,0.49288250207901002,0.52188836336135869,0,0
invalid_consent,8052,V32P-A059909,0,0.40413925647735593,0.43914429545402528,0,0
invalid_consent,8053,V32P-A059910,0,0.17280267179012299,0.19290282130241393,0,0
invalid_consent,8054,V32P-A059911,0,0.77453634738922117,0.79433238506317139,1,1
invalid_consent,8055,V32P-A059912,0,0.66806577444076543,0.69142426252365108,1,1
invalid_consent,8056,V32P-A059913,0,0.58080277442932127,0.61249389648437502,0,0
invalid_consent,8057,V32P-A059914,0,0.50049780011177059,0.53938854336738584,0,0
invalid_consent,8058,V32P-A059915,0,0.47187800407409669,0.5156465888023376,0,0
invalid_consent,8059,V32P-A059916,0,0.037137094885110855,0.036977593973279002,0,0
invalid_consent,8060,V32P-A059917,0,0.59806529283523557,0.61932665109634399,0,0
invalid_consent,8061,V32P-A059918,0,0.48261029720306398,0.5058871984481812,0,0
invalid_consent,8062,V32P-A059919,0,0.40280073285102846,0.42515662908554075,0,0
invalid_consent,8063,V32P-A059920,0,0.31657943427562713,0.33660735189914703,0,0
invalid_consent,8064,V32P-A059921,1,0.24147490859031678,0.25578480958938599,0,0
invalid_consent,8065,V32P-A059922,0,0.022623520437628032,0.021435093507170676,0,0
invalid_consent,8066,V32P-A059941,0,0.74111980199813843,0.76134420633316036,1,1
invalid_consent,8067,V32P-A059942,0,0.64264982938766479,0.6728965818881989,1,1
invalid_consent,8068,V32P-A059943,0,0.61457313895225529,0.64590474367141726,0,1
invalid_consent,8069,V32P-A059944,0,0.54607886075973511,0.5863456547260284,0,0
invalid_consent,8070,V32P-A059945,0,0.45453393459320068,0.50270856618881221,0,0
invalid_consent,8071,V32P-A059946,0,0.038271777145564553,0.037456043437123297,0,0
invalid_consent,8072,V32P-A059971,0,0.50659698247909546,0.52009693980216976,0,0
invalid_consent,8073,V32P-A059972,0,0.44618150591850281,0.46049636006355288,0,0
invalid_consent,8074,V32P-A059973,0,0.35531064271926882,0.37675908207893372,0,0
invalid_consent,8075,V32P-A059974,0,0.2894903361797333,0.31422351598739623,0,0
invalid_consent,8076,V32P-A059975,0,0.26862946152687073,0.29199651181697844,0,0
invalid_consent,8077,V32P-A059976,0,0.12380855679512023,0.13353909701108932,0,0
retention_expiry,0,V32P-A000025,0,0.64196459054946897,0.67452059984207158,1,1
retention_expiry,1,V32P-A000026,0,0.54580625891685486,0.58441845774650569,0,0
retention_expiry,2,V32P-A000027,0,0.45527541637420654,0.49018304944038393,0,0
retention_expiry,3,V32P-A000028,0,0.47681547999382018,0.50412375330924986,0,0
retention_expiry,4,V32P-A000029,0,0.31462445259094241,0.3304113060235977,0,0
retention_expiry,5,V32P-A000030,0,0.038141265418380497,0.032350465189665556,0,0
retention_expiry,6,V32P-A000058,0,0.62380927801132202,0.64682719707489011,1,1
retention_expiry,7,V32P-A000059,0,0.42977386713027954,0.43782675862312315,0,0
retention_expiry,8,V32P-A000060,0,0.17423627376556397,0.16276296526193618,0,0
retention_expiry,9,V32P-A000133,1,0.66907008886337282,0.67300393581390383,1,1
retention_expiry,10,V32P-A000134,1,0.60441773533821108,0.60433980822563171,0,0
retention_expiry,11,V32P-A000135,1,0.53488787412643435,0.54244614839553829,0,0
retention_expiry,12,V32P-A000136,0,0.07007151991128921,0.060300150513648988,0,0
retention_expiry,13,V32P-A000137,0,0.050932205840945245,0.043209063448011877,0,0
retention_expiry,14,V32P-A000138,0,0.020815097820013763,0.017642640927806496,0,0
retention_expiry,15,V32P-A000154,0,0.25513446033000947,0.2980222165584564,0,0
retention_expiry,16,V32P-A000155,0,0.1863671898841858,0.20760639011859894,0,0
retention_expiry,17,V32P-A000156,0,0.086802083998918533,0.084748764336109159,0,0
retention_expiry,18,V32P-A000175,1,0.81364271640777586,0.84195050001144411,1,1
retention_expiry,19,V32P-A000176,1,0.66830750703811648,0.72435114383697508,1,1
retention_expiry,20,V32P-A000177,1,0.74108881950378414,0.778291380405426,1,1
retention_expiry,21,V32P-A000178,0,0.13470991998910903,0.13297361806035041,0,0
retention_expiry,22,V32P-A000179,0,0.1005596674978733,0.094372212141752246,0,0
retention_expiry,23,V32P-A000180,0,0.043079922348260878,0.038583642058074477,0,0
retention_expiry,24,V32P-A000206,0,0.59811351299285886,0.64701476097106936,0,1
retention_expiry,25,V32P-A000207,0,0.57274052500724792,0.61634221076965334,0,0
retention_expiry,26,V32P-A000208,0,0.48540135622024538,0.52890181541442871,0,0
retention_expiry,27,V32P-A000209,0,0.40022924542427063,0.44246859550476075,0,0
retention_expiry,28,V32P-A000210,0,0.18451943695545198,0.19664169251918792,0,0
retention_expiry,29,V32P-A000253,0,0.63338264226913454,0.69618729352951048,1,1
retention_expiry,30,V32P-A000254,0,0.59867467880249026,0.66339187622070317,0,1
retention_expiry,31,V32P-A000255,0,0.63411530256271365,0.68858150243759153,1,1
retention_expiry,32,V32P-A000256,1,0.60749281644821163,0.66023386716842647,0,1
retention_expiry,33,V32P-A000257,0,0.10723498389124871,0.096249673515558243,0,0
retention_expiry,34,V32P-A000258,0,0.05866676643490791,0.049738726392388341,0,0
retention_expiry,35,V32P-A000283,0,0.67715648412704466,0.71659879684448247,1,1
retention_expiry,36,V32P-A000284,0,0.5112620532512665,0.56774086952209468,0,0
retention_expiry,37,V32P-A000285,0,0.47270198464393615,0.52420528531074528,0,0
retention_expiry,38,V32P-A000286,0,0.3635817587375641,0.40750330090522768,0,0
retention_expiry,39,V32P-A000287,0,0.33036087453365326,0.36818848252296449,0,0
retention_expiry,40,V32P-A000288,0,0.12582589834928512,0.12952788770198823,0,0
retention_expiry,41,V32P-A000304,0,0.54285869002342224,0.57936251759529112,0,0
retention_expiry,42,V32P-A000305,0,0.45511153340339661,0.48665869235992432,0,0
retention_expiry,43,V32P-A000306,0,0.21196887791156768,0.21587589979171753,0,0
retention_expiry,44,V32P-A000307,1,0.55317733883857723,0.59932580590248108,0,0
retention_expiry,45,V32P-A000308,1,0.56885576844215391,0.6064894318580627,0,0
retention_expiry,46,V32P-A000309,1,0.55909919738769531,0.58686246871948244,0,0
retention_expiry,47,V32P-A000310,0,0.087644403427839274,0.075807283073663717,0,0
retention_expiry,48,V32P-A000311,0,0.067176416516304016,0.057560537382960318,0,0
retention_expiry,49,V32P-A000312,0,0.030575655214488507,0.025326164346188305,0,0
retention_expiry,50,V32P-A000313,1,0.61686277389526367,0.66320403814315798,0,1
retention_expiry,51,V32P-A000314,1,0.62566457986831669,0.65945163965225218,1,1
retention_expiry,52,V32P-A000315,1,0.54573091268539431,0.57329827547073364,0,0
retention_expiry,53,V32P-A000316,0,0.078995821624994272,0.069905931502580648,0,0
retention_expiry,54,V32P-A000317,0,0.059819506853818892,0.052259036526083949,0,0
retention_expiry,55,V32P-A000318,0,0.024684707075357436,0.021058333013206719,0,0
retention_expiry,56,V32P-A000388,0,0.48722062110900877,0.51935766935348515,0,0
retention_expiry,57,V32P-A000389,0,0.39751036167144777,0.42701802253723142,0,0
retention_expiry,58,V32P-A000390,0,0.17962228059768676,0.1726715311408043,0,0
retention_expiry,59,V32P-A000505,0,0.40282809138298037,0.43641712069511412,0,0
retention_expiry,60,V32P-A000506,0,0.42570905089378358,0.45524770617485044,0,0
retention_expiry,61,V32P-A000507,0,0.40180680155754089,0.42677705287933348,0,0
retention_expiry,62,V32P-A000508,0,0.3385697603225708,0.34947857856750486,0,0
retention_expiry,63,V32P-A000509,0,0.27491993606090548,0.27377177178859713,0,0
retention_expiry,64,V32P-A000510,0,0.12452323138713836,0.11282166540622711,0,0
retention_expiry,65,V32P-A000595,0,0.69363397359848022,0.72421634197235107,1,1
retention_expiry,66,V32P-A000596,0,0.61326445341110225,0.65157079696655273,0,1
retention_expiry,67,V32P-A000597,0,0.55624698996543886,0.59475915431976323,0,0
retention_expiry,68,V32P-A000598,0,0.47436484694480896,0.50326988697052,0,0
retention_expiry,69,V32P-A000599,0,0.46565389633178711,0.48452064394950867,0,0
retention_expiry,70,V32P-A000600,0,0.22660112380981445,0.21960920989513397,0,0
retention_expiry,71,V32P-A000634,0,0.31083613336086274,0.33648292720317841,0,0
retention_expiry,72,V32P-A000635,0,0.24839633405208589,0.25942456424236299,0,0
retention_expiry,73,V32P-A000636,0,0.018583244364708661,0.015148474555462598,0,0
retention_expiry,74,V32P-A000685,0,0.46635974049568174,0.52691365480422969,0,0
retention_expiry,75,V32P-A000686,0,0.47904475927352907,0.53535012006759641,0,0
retention_expiry,76,V32P-A000687,0,0.42209690809249878,0.46931886672973633,0,0
retention_expiry,77,V32P-A000688,0,0.45922012925148009,0.49226654767990113,0,0
retention_expiry,78,V32P-A000689,0,0.35228869020938874,0.37331708073616027,0,0
retention_expiry,79,V32P-A000690,0,0.032635345123708248,0.029415119625627994,0,0
retention_expiry,80,V32P-A000703,0,0.8269545793533325,0.86254370212554932,1,1
retention_expiry,81,V32P-A000704,0,0.84731440544128422,0.87747983932495122,1,1
retention_expiry,82,V32P-A000705,0,0.87427866458892822,0.89815899133682253,1,1
retention_expiry,83,V32P-A000706,0,0.74787431955337524,0.77664141654968266,1,1
retention_expiry,84,V32P-A000707,1,0.61796449422836308,0.65844689607620244,0,1
retention_expiry,85,V32P-A000708,0,0.063759598135948184,0.056976374983787534,0,0
retention_expiry,86,V32P-A000793,0,0.73406701087951665,0.76209100484848025,1,1
retention_expiry,87,V32P-A000794,0,0.6397982597351074,0.65920675992965694,1,1
retention_expiry,88,V32P-A000795,0,0.60804705619812016,0.62066174745559688,0,1
retention_expiry,89,V32P-A000796,0,0.48298515677452086,0.48589144349098207,0,0
retention_expiry,90,V32P-A000797,0,0.43525897860527041,0.43600692152976989,0,0
retention_expiry,91,V32P-A000798,0,0.16734732389450074,0.14852096140384674,0,0
retention_expiry,92,V32P-A000824,0,0.47137195467948911,0.52146419286727907,0,0
retention_expiry,93,V32P-A000825,0,0.40009005665779113,0.44053274393081665,0,0
retention_expiry,94,V32P-A000826,0,0.35945431590080262,0.38790667057037354,0,0
retention_expiry,95,V32P-A000827,0,0.28158844411373141,0.31260944306850436,0,0
retention_expiry,96,V32P-A000828,0,0.12691233456134796,0.1241853341460228,0,0
retention_expiry,97,V32P-A000838,0,0.75668982267379759,0.77027206420898442,1,1
retention_expiry,98,V32P-A000839,1,0.70993820428848264,0.71673637628555298,1,1
retention_expiry,99,V32P-A000840,0,0.069703712314367297,0.058674728497862816,0,0
retention_expiry,100,V32P-A000843,0,0.43989791274070739,0.47551712989807127,0,0
retention_expiry,101,V32P-A000844,0,0.38814433813095095,0.41620185375213625,0,0
retention_expiry,102,V32P-A000845,1,0.32721944451332091,0.34243022203445433,0,0
retention_expiry,103,V32P-A000846,0,0.025377197563648222,0.020903345942497254,0,0
retention_expiry,104,V32P-A000865,0,0.50820101499557491,0.53526505827903748,0,0
retention_expiry,105,V32P-A000866,0,0.5341369152069092,0.55604556798934934,0,0
retention_expiry,106,V32P-A000867,0,0.46391258239746092,0.49410493373870851,0,0
retention_expiry,107,V32P-A000868,0,0.44078563451766967,0.45888548493385317,0,0
retention_expiry,108,V32P-A000869,0,0.36980617344379424,0.37892479002475737,0,0
retention_expiry,109,V32P-A000870,0,0.16598979830741883,0.15581417977809905,0,0
retention_expiry,110,V32P-A000901,0,0.51399408578872685,0.56747037172317505,0,0
retention_expiry,111,V32P-A000902,0,0.53078427314758303,0.57572785615921018,0,0
retention_expiry,112,V32P-A000903,0,0.49858161807060242,0.54292188882827763,0,0
retention_expiry,113,V32P-A000904,0,0.46599304676055908,0.50197090506553654,0,0
retention_expiry,114,V32P-A000905,0,0.37998404204845426,0.40958415269851683,0,0
retention_expiry,115,V32P-A000906,0,0.17508004903793334,0.17778649181127548,0,0
retention_expiry,116,V32P-A000985,0,0.44770550131797793,0.50425617694854741,0,0
retention_expiry,117,V32P-A000986,0,0.46634162068367002,0.51257015466690059,0,0
retention_expiry,118,V32P-A000987,0,0.41881088614463807,0.4610399603843689,0,0
retention_expiry,119,V32P-A000988,0,0.34536088705062867,0.37551211118698119,0,0
retention_expiry,120,V32P-A000989,0,0.26183221042156218,0.27645712792873384,0,0
retention_expiry,121,V32P-A000990,0,0.11000665724277496,0.10520944446325302,0,0
retention_expiry,122,V32P-A001021,0,0.3813913345336914,0.44749857783317565,0,0
retention_expiry,123,V32P-A001022,0,0.42707443237304688,0.47895854115486147,0,0
retention_expiry,124,V32P-A001023,0,0.39945326447486879,0.44301916956901549,0,0
retention_expiry,125,V32P-A001024,0,0.37751774191856385,0.40934125185012815,0,0
retention_expiry,126,V32P-A001025,1,0.3121606707572937,0.32440590858459473,0,0
retention_expiry,127,V32P-A001026,0,0.02769757490605116,0.025294415280222894,0,0
retention_expiry,128,V32P-A001048,0,0.23708249330520631,0.28346611559391022,0,0
retention_expiry,129,V32P-A001049,0,0.18678943514823915,0.22002552747726439,0,0
retention_expiry,130,V32P-A001050,0,0.085132873058319097,0.089526528120040888,0,0
retention_expiry,131,V32P-A001051,0,0.59880909919738767,0.67757006883621218,0,1
retention_expiry,132,V32P-A001052,0,0.57418878078460689,0.64696663022041323,0,1
retention_expiry,133,V32P-A001053,0,0.54315474629402161,0.60943682193756099,0,0
retention_expiry,134,V32P-A001054,1,0.47917137145996092,0.54085049033164978,0,0
retention_expiry,135,V32P-A001055,0,0.080414929986000055,0.070181906968355176,0,0
retention_expiry,136,V32P-A001056,0,0.033008613437414167,0.026873522065579893,0,0
retention_expiry,137,V32P-A001071,0,0.49816913008689878,0.52253836393356323,0,0
retention_expiry,138,V32P-A001072,0,0.49421527385711672,0.51909619569778442,0,0
retention_expiry,139,V32P-A001073,0,0.42258700728416443,0.43937086462974551,0,0
retention_expiry,140,V32P-A001074,0,0.16944733262062073,0.16609881222248077,0,0
retention_expiry,141,V32P-A001077,0,0.43137245774269106,0.50015087127685542,0,0
retention_expiry,142,V32P-A001078,0,0.40337086319923399,0.46317594647407534,0,0
retention_expiry,143,V32P-A001079,0,0.3711400032043457,0.41987258195877075,0,0
retention_expiry,144,V32P-A001080,0,0.18158216178417205,0.19194634556770324,0,0
retention_expiry,145,V32P-A001155,0,0.57005333304405215,0.60374338626861568,0,0
retention_expiry,146,V32P-A001156,0,0.47409929037094117,0.50114187598228455,0,0
retention_expiry,147,V32P-A001157,0,0.3876383274793625,0.40466941595077516,0,0
retention_expiry,148,V32P-A001158,0,0.16910392194986343,0.1597971349954605,0,0
retention_expiry,149,V32P-A001171,0,0.67028689384460449,0.7028801441192627,1,1
retention_expiry,150,V32P-A001172,0,0.55344554781913757,0.59826985001564026,0,0
retention_expiry,151,V32P-A001173,0,0.54351544380187988,0.59273613691329952,0,0
retention_expiry,152,V32P-A001174,0,0.42816772460937502,0.4788560628890991,0,0
retention_expiry,153,V32P-A001175,0,0.41771349310874939,0.45834429264068605,0,0
retention_expiry,154,V32P-A001176,0,0.21221380531787873,0.21540214121341705,0,0
retention_expiry,155,V32P-A001183,0,0.28911103308200836,0.33862180709838868,0,0
retention_expiry,156,V32P-A001184,0,0.49223868250846864,0.52807376980781551,0,0
retention_expiry,157,V32P-A001185,0,0.42239980697631835,0.45916084647178651,0,0
retention_expiry,158,V32P-A001186,0,0.30115773379802702,0.3149676978588104,0,0
retention_expiry,159,V32P-A001187,0,0.22915431261062622,0.23372955024242401,0,0
retention_expiry,160,V32P-A001188,0,0.096344706416130063,0.091957899928092959,0,0
retention_expiry,161,V32P-A001189,1,0.83762208223342893,0.85874072313308714,1,1
retention_expiry,162,V32P-A001190,1,0.84257129430770872,0.85553425550460815,1,1
retention_expiry,163,V32P-A001191,1,0.65182812213897701,0.65399165153503414,1,1
retention_expiry,164,V32P-A001192,0,0.090628972649574285,0.08101176843047142,0,0
retention_expiry,165,V32P-A001193,0,0.065020577609539026,0.056652881577610968,0,0
retention_expiry,166,V32P-A001194,0,0.027785720676183699,0.023639145493507385,0,0
retention_expiry,167,V32P-A001210,0,0.42334024310112001,0.4567266643047333,0,0
retention_expiry,168,V32P-A001211,0,0.33776573538780214,0.3736561596393585,0,0
retention_expiry,169,V32P-A001212,0,0.17060689628124237,0.16525833308696747,0,0
retention_expiry,170,V32P-A001213,0,0.59481037855148311,0.67973884344100954,0,1
retention_expiry,171,V32P-A001214,0,0.60844724774360659,0.68349725008010864,0,1
retention_expiry,172,V32P-A001215,0,0.57978212237358095,0.64620909690856931,0,1
retention_expiry,173,V32P-A001216,0,0.67358238697051998,0.72267339229583738,1,1
retention_expiry,174,V32P-A001217,1,0.48090843558311464,0.53469863533973694,0,0
retention_expiry,175,V32P-A001218,0,0.037240629643201829,0.031831022351980209,0,0
retention_expiry,176,V32P-A001275,0,0.44413897991180418,0.46965219974517824,0,0
retention_expiry,177,V32P-A001276,0,0.3764055848121643,0.39573025703430176,0,0
retention_expiry,178,V32P-A001277,0,0.30235656797885896,0.31269726753234861,0,0
retention_expiry,179,V32P-A001278,0,0.12631162106990815,0.11869087815284729,0,0
retention_expiry,180,V32P-A001285,0,0.36870201230049132,0.42894088029861449,0,0
retention_expiry,181,V32P-A001286,0,0.35854617357254026,0.40739659070968626,0,0
retention_expiry,182,V32P-A001287,0,0.31717353463172915,0.35102470517158507,0,0
retention_expiry,183,V32P-A001288,0,0.25275432765483857,0.26969901025295256,0,0
retention_expiry,184,V32P-A001289,0,0.19435904324054717,0.20074086487293244,0,0
retention_expiry,185,V32P-A001290,0,0.082048158347606662,0.078236196935176847,0,0
retention_expiry,186,V32P-A001375,0,0.6107490062713623,0.67390384674072268,0,1
retention_expiry,187,V32P-A001376,0,0.59939473867416382,0.65521893501281736,0,1
retention_expiry,188,V32P-A001377,0,0.58198263645172121,0.63171976804733276,0,1
retention_expiry,189,V32P-A001378,0,0.53089336156845091,0.57426192760467532,0,0
retention_expiry,190,V32P-A001379,0,0.50577720403671267,0.53896774053573604,0,0
retention_expiry,191,V32P-A001380,0,0.2812043994665146,0.28157857060432434,0,0
retention_expiry,192,V32P-A001393,0,0.7528433561325073,0.79703077077865603,1,1
retention_expiry,193,V32P-A001394,0,0.77086366415023799,0.81080759763717647,1,1
retention_expiry,194,V32P-A001395,0,0.62805564403533931,0.67040718793869014,1,1
retention_expiry,195,V32P-A001396,0,0.56320298910140987,0.60808151960372925,0,0
retention_expiry,196,V32P-A001397,0,0.44576854109764097,0.48892618417739869,0,0
retention_expiry,197,V32P-A001398,0,0.21026773154735565,0.21965294182300568,0,0
retention_expiry,198,V32P-A001444,0,0.33708738088607787,0.38390328288078307,0,0
retention_expiry,199,V32P-A001445,0,0.25236440598964693,0.28218150734901426,0,0
retention_expiry,200,V32P-A001446,0,0.10755635201930999,0.10417466461658478,0,0
retention_expiry,201,V32P-A001483,1,0.51550105214118958,0.59391202330589299,0,0
retention_expiry,202,V32P-A001484,1,0.58341966867446904,0.64755821228027344,0,1
retention_expiry,203,V32P-A001485,1,0.62652711868286137,0.6731391906738281,1,1
retention_expiry,204,V32P-A001486,0,0.15940920859575272,0.147513747215271,0,0
retention_expiry,205,V32P-A001487,0,0.11953032165765762,0.10564723908901215,0,0
retention_expiry,206,V32P-A001488,0,0.054716236889362335,0.045981040969491002,0,0
retention_expiry,207,V32P-A001495,0,0.61084514856338501,0.65172047615051265,0,1
retention_expiry,208,V32P-A001496,0,0.44443625211715698,0.50098826885223391,0,0
retention_expiry,209,V32P-A001497,0,0.35235737562179564,0.4208808898925781,0,0
retention_expiry,210,V32P-A001498,0,0.29490059614181519,0.3577954828739166,0,0
retention_expiry,211,V32P-A001499,0,0.27569379806518557,0.32666725814342501,0,0
retention_expiry,212,V32P-A001500,0,0.11748635470867157,0.12445754855871201,0,0
retention_expiry,213,V32P-A001531,0,0.71186968088150027,0.75760272741317747,1,1
retention_expiry,214,V32P-A001532,0,0.66488353013992307,0.71717293262481685,1,1
retention_expiry,215,V32P-A001533,0,0.63516050577163696,0.68229776620864868,1,1
retention_expiry,216,V32P-A001534,0,0.59318915605545042,0.63599239587783818,0,1
retention_expiry,217,V32P-A001535,0,0.53305268883705137,0.57290074229240417,0,0
retention_expiry,218,V32P-A001536,0,0.2539191782474518,0.25467307567596437,0,0
retention_expiry,219,V32P-A001544,0,0.40385270714759824,0.40805215239524839,0,0
retention_expiry,220,V32P-A001545,0,0.35954103767871859,0.36294224560260774,0,0
retention_expiry,221,V32P-A001546,0,0.34578704237937929,0.34216836988925936,0,0
retention_expiry,222,V32P-A001547,0,0.26734339594841006,0.26539335846900941,0,0
retention_expiry,223,V32P-A001548,0,0.024213672801852226,0.021132461680099367,0,0
retention_expiry,224,V32P-A001593,0,0.47413229942321777,0.52683645486831665,0,0
retention_expiry,225,V32P-A001594,0,0.46145450472831728,0.50346148014068604,0,0
retention_expiry,226,V32P-A001595,0,0.40953215360641482,0.43943623900413514,0,0
retention_expiry,227,V32P-A001596,0,0.18383446335792542,0.17344894409179687,0,0
retention_expiry,228,V32P-A001610,0,0.56459053158760075,0.62558362483978269,0,1
retention_expiry,229,V32P-A001611,0,0.50707571506500249,0.56596108078956608,0,0
retention_expiry,230,V32P-A001612,0,0.46573998332023619,0.51448619365692139,0,0
retention_expiry,231,V32P-A001613,0,0.45353848338127134,0.49639541506767271,0,0
retention_expiry,232,V32P-A001614,0,0.22730989754199982,0.24587373882532121,0,0
retention_expiry,233,V32P-A001615,0,0.74191153049468994,0.77979034185409546,1,1
retention_expiry,234,V32P-A001616,0,0.55447670221328738,0.62661880254745483,0,1
retention_expiry,235,V32P-A001617,0,0.67599167823791506,0.72205450534820559,1,1
retention_expiry,236,V32P-A001618,0,0.50882276892662048,0.57136285901069639,0,0
retention_expiry,237,V32P-A001619,0,0.42972991466522215,0.48656491041183469,0,0
retention_expiry,238,V32P-A001620,0,0.235362908244133,0.25077876448631287,0,0
retention_expiry,239,V32P-A001645,0,0.57389662265777586,0.61112647056579594,0,0
retention_expiry,240,V32P-A001646,0,0.54104135036468504,0.57829251289367678,0,0
retention_expiry,241,V32P-A001647,0,0.49688331484794618,0.52805685997009277,0,0
retention_expiry,242,V32P-A001648,0,0.51548393964767458,0.53850653171539309,0,0
retention_expiry,243,V32P-A001649,0,0.42731707096099852,0.43803665637969968,0,0
retention_expiry,244,V32P-A001650,0,0.14761431515216827,0.14024449586868287,0,0
retention_expiry,245,V32P-A001666,0,0.45905565619468691,0.50231340527534485,0,0
retention_expiry,246,V32P-A001667,0,0.40952440500259402,0.44230551123619077,0,0
retention_expiry,247,V32P-A001668,0,0.055163808166980743,0.048758253455162048,0,0
retention_expiry,248,V32P-A001693,0,0.65860999822616573,0.7006137013435364,1,1
retention_expiry,249,V32P-A001694,0,0.61691789031028743,0.66228444576263423,0,1
retention_expiry,250,V32P-A001695,0,0.59913890361785893,0.63372200727462769,0,1
retention_expiry,251,V32P-A001696,0,0.49567960500717162,0.53175619840621946,0,0
retention_expiry,252,V32P-A001697,0,0.41226053237915039,0.44415374398231505,0,0
retention_expiry,253,V32P-A001698,0,0.18270244300365449,0.18535920232534409,0,0
retention_expiry,254,V32P-A001723,0,0.46310582756996155,0.50374043583869932,0,0
retention_expiry,255,V32P-A001724,0,0.38097426295280457,0.4172099232673645,0,0
retention_expiry,256,V32P-A001725,0,0.38948495984077453,0.42194466590881347,0,0
retention_expiry,257,V32P-A001726,0,0.30938799381256105,0.33693705499172211,0,0
retention_expiry,258,V32P-A001727,1,0.23683771193027497,0.25369327664375307,0,0
retention_expiry,259,V32P-A001728,0,0.018336363136768341,0.014855241868644953,0,0
retention_expiry,260,V32P-A001750,0,0.39754096865653993,0.40055446028709413,0,0
retention_expiry,261,V32P-A001751,0,0.32484565377235414,0.32637726068496703,0,0
retention_expiry,262,V32P-A001752,0,0.15328875035047532,0.13886767625808716,0,0
retention_expiry,263,V32P-A001761,0,0.27551851570606234,0.30989472270011903,0,0
retention_expiry,264,V32P-A001762,0,0.22634280920028688,0.25290022194385531,0,0
retention_expiry,265,V32P-A001763,0,0.17850461155176162,0.1924356535077095,0,0
retention_expiry,266,V32P-A001764,0,0.078984338790178299,0.078189398348331454,0,0
retention_expiry,267,V32P-A001888,0,0.42501457333564757,0.45440611243247986,0,0
retention_expiry,268,V32P-A001889,1,0.28659965693950651,0.30223352611064913,0,0
retention_expiry,269,V32P-A001890,0,0.024457702971994878,0.021053235698491334,0,0
retention_expiry,270,V32P-A001909,0,0.78875169754028318,0.80162433385848997,1,1
retention_expiry,271,V32P-A001910,0,0.70179585218429563,0.71361939907073979,1,1
retention_expiry,272,V32P-A001911,0,0.62505322694778442,0.64894645214080815,1,1
retention_expiry,273,V32P-A001912,0,0.65379328727722164,0.67191535234451294,1,1
retention_expiry,274,V32P-A001913,0,0.59968920946121218,0.61441342830657963,0,0
retention_expiry,275,V32P-A001914,0,0.30355674326419829,0.2883592486381531,0,0
retention_expiry,276,V32P-A001915,0,0.52819711565971372,0.55782591104507451,0,0
retention_expiry,277,V32P-A001916,0,0.50858445167541499,0.53765692710876467,0,0
retention_expiry,278,V32P-A001917,0,0.49133318066596987,0.51228873729705815,0,0
retention_expiry,279,V32P-A001918,0,0.42745886445045472,0.44069058299064634,0,0
retention_expiry,280,V32P-A001919,0,0.34820740818977358,0.35719648003578186,0,0
retention_expiry,281,V32P-A001920,0,0.15457552224397658,0.14976003766059875,0,0
retention_expiry,282,V32P-A001947,0,0.77293363809585569,0.81055312156677251,1,1
retention_expiry,283,V32P-A001948,0,0.59883773326873779,0.66515370607376101,0,1
retention_expiry,284,V32P-A001949,0,0.55663342475891109,0.62219573259353633,0,1
retention_expiry,285,V32P-A001950,0,0.32514527440071106,0.3509707063436508,0,0
retention_expiry,286,V32P-A002041,0,0.35087300539016725,0.40149743556976319,0,0
retention_expiry,287,V32P-A002042,0,0.28666165173053743,0.34567825496196747,0,0
retention_expiry,288,V32P-A002043,0,0.27837767004966735,0.30925304889678956,0,0
retention_expiry,289,V32P-A002044,0,0.22169157266616821,0.23888956606388093,0,0
retention_expiry,290,V32P-A002045,0,0.16426690518856049,0.17236959934234619,0,0
retention_expiry,291,V32P-A002046,0,0.070127583295106891,0.068677629530429843,0,0
retention_expiry,292,V32P-A002089,0,0.7538784265518188,0.80050377845764165,1,1
retention_expiry,293,V32P-A002090,0,0.6010792016983032,0.6756322979927063,0,1
retention_expiry,294,V32P-A002091,0,0.5268149852752686,0.60634893178939819,0,0
retention_expiry,295,V32P-A002092,0,0.48241212368011477,0.56377483606338497,0,0
retention_expiry,296,V32P-A002093,0,0.49181069135665895,0.55795328617095952,0,0
retention_expiry,297,V32P-A002094,0,0.23877271115779877,0.26516976952552795,0,0
retention_expiry,298,V32P-A002097,0,0.40176988840103151,0.42455440163612368,0,0
retention_expiry,299,V32P-A002098,0,0.33608816266059877,0.3492188513278961,0,0
retention_expiry,300,V32P-A002099,0,0.27114332020282744,0.2773838758468628,0,0
retention_expiry,301,V32P-A002100,0,0.12980465590953827,0.12321267277002335,0,0
retention_expiry,302,V32P-A002116,0,0.18838281333446502,0.17655249536037446,0,0
retention_expiry,303,V32P-A002117,0,0.10778202265501022,0.099678799510002136,0,0
retention_expiry,304,V32P-A002118,0,0.045776675641536715,0.041030083410441877,0,0
retention_expiry,305,V32P-A002131,0,0.4307952642440796,0.48694384098052979,0,0
retention_expiry,306,V32P-A002132,0,0.45697892308235166,0.51130612492561345,0,0
retention_expiry,307,V32P-A002133,0,0.39782399535179136,0.44679433107376099,0,0
retention_expiry,308,V32P-A002134,0,0.38216650485992432,0.41720466017723085,0,0
retention_expiry,309,V32P-A002135,1,0.32543457448482516,0.35231226086616518,0,0
retention_expiry,310,V32P-A002136,0,0.03554114606231451,0.031911548878997567,0,0
retention_expiry,311,V32P-A002188,0,0.29750100970268251,0.31578357219696046,0,0
retention_expiry,312,V32P-A002189,0,0.20808153152465819,0.22463538646697997,0,0
retention_expiry,313,V32P-A002190,0,0.10114446133375168,0.096538226306438449,0,0
retention_expiry,314,V32P-A002224,0,0.39402357339859007,0.43392523527145388,0,0
retention_expiry,315,V32P-A002225,0,0.33487522006034853,0.37291308045387267,0,0
retention_expiry,316,V32P-A002226,0,0.17504103183746339,0.19496827423572541,0,0
retention_expiry,317,V32P-A002242,0,0.44070341587066653,0.42957825660705568,0,0
retention_expiry,318,V32P-A002243,0,0.34853374361991885,0.3331041097640991,0,0
retention_expiry,319,V32P-A002244,0,0.13869649916887283,0.12207041382789612,0,0
retention_expiry,320,V32P-A002284,1,0.50232352614402775,0.52468348741531368,0,0
retention_expiry,321,V32P-A002285,0,0.061914823949337006,0.052434167265892027,0,0
retention_expiry,322,V32P-A002286,0,0.026340806111693382,0.02138727866113186,0,0
retention_expiry,323,V32P-A002302,0,0.59161964058876038,0.6040692090988159,0,0
retention_expiry,324,V32P-A002303,0,0.52822929024696352,0.53892515897750859,0,0
retention_expiry,325,V32P-A002304,0,0.054809764400124548,0.046749765984714031,0,0
retention_expiry,326,V32P-A002308,0,0.10016762614250183,0.092411437630653376,0,0
retention_expiry,327,V32P-A002309,0,0.062687861174345022,0.055301413685083387,0,0
retention_expiry,328,V32P-A002310,0,0.025446337275207044,0.021141054481267928,0,0
retention_expiry,329,V32P-A002317,0,0.78378194570541382,0.8105615019798279,1,1
retention_expiry,330,V32P-A002318,0,0.67961285114288328,0.70918583869934082,1,1
retention_expiry,331,V32P-A002319,0,0.63209671974182124,0.66642190217971797,1,1
retention_expiry,332,V32P-A002320,0,0.76285878419876096,0.78720872402191167,1,1
retention_expiry,333,V32P-A002321,0,0.60327526926994324,0.61396892070770259,0,0
retention_expiry,334,V32P-A002322,0,0.056452025100588797,0.045292891189455987,0,0
retention_expiry,335,V32P-A002337,0,0.5094445586204529,0.55504450798034666,0,0
retention_expiry,336,V32P-A002338,0,0.44907274246215823,0.48240722417831422,0,0
retention_expiry,337,V32P-A002339,0,0.33887410163879395,0.35819945335388181,0,0
retention_expiry,338,V32P-A002340,0,0.14056159406900406,0.13440921604633332,0,0
retention_expiry,339,V32P-A002359,1,0.71452144384384153,0.73106371164321904,1,1
retention_expiry,340,V32P-A002360,1,0.65448534488677979,0.67371946573257446,1,1
retention_expiry,341,V32P-A002361,1,0.70538777112960815,0.72140176296234126,1,1
retention_expiry,342,V32P-A002362,0,0.10047744512557984,0.088216465711593625,0,0
retention_expiry,343,V32P-A002363,0,0.074197410047054296,0.064891996979713443,0,0
retention_expiry,344,V32P-A002364,0,0.032653446123003957,0.027929306216537952,0,0
retention_expiry,345,V32P-A002395,0,0.63599197864532475,0.69400802850723264,1,1
retention_expiry,346,V32P-A002396,0,0.5942093074321747,0.64772315025329585,0,1
retention_expiry,347,V32P-A002397,0,0.55273095369338987,0.60499514341354366,0,0
retention_expiry,348,V32P-A002398,0,0.48678773045539858,0.53916143774986269,0,0
retention_expiry,349,V32P-A002399,0,0.40594059228897095,0.45297892689704894,0,0
retention_expiry,350,V32P-A002400,0,0.19518902003765107,0.21189592778682709,0,0
retention_expiry,351,V32P-A002506,0,0.6757300972938538,0.72706128358840938,1,1
retention_expiry,352,V32P-A002507,0,0.63288736343383789,0.67745689153671262,1,1
retention_expiry,353,V32P-A002508,0,0.39524534344673157,0.40611252188682556,0,0
retention_expiry,354,V32P-A002545,1,0.84846142530441282,0.86622226238250732,1,1
retention_expiry,355,V32P-A002546,1,0.7857110261917114,0.79912472963333125,1,1
retention_expiry,356,V32P-A002547,1,0.63901140689849856,0.65658795833587646,1,1
retention_expiry,357,V32P-A002548,0,0.16857483685016633,0.15815375372767448,0,0
retention_expiry,358,V32P-A002549,0,0.15363970398902893,0.14381715059280395,0,0
retention_expiry,359,V32P-A002550,0,0.058286233618855474,0.054591906070709226,0,0
retention_expiry,360,V32P-A002593,0,0.6424564480781555,0.6908138513565063,1,1
retention_expiry,361,V32P-A002594,0,0.59227272868156433,0.63889054656028743,0,1
retention_expiry,362,V32P-A002595,0,0.58205244541168211,0.62694660425186155,0,1
retention_expiry,363,V32P-A002596,0,0.53116528391838069,0.56919624209403996,0,0
retention_expiry,364,V32P-A002597,0,0.45581530928611758,0.47873697280883787,0,0
retention_expiry,365,V32P-A002598,0,0.24808037877082825,0.23503277599811553,0,0
retention_expiry,366,V32P-A002629,1,0.74763966798782344,0.7901960015296936,1,1
retention_expiry,367,V32P-A002630,1,0.74523537158966069,0.78168432712554936,1,1
retention_expiry,368,V32P-A002631,1,0.71342487335205074,0.74621829986572263,1,1
retention_expiry,369,V32P-A002632,0,0.16616197377443315,0.15356560796499252,0,0
retention_expiry,370,V32P-A002633,0,0.11151251494884491,0.10001812726259232,0,0
retention_expiry,371,V32P-A002634,0,0.045028676092624662,0.038875181414186957,0,0
retention_expiry,372,V32P-A002635,0,0.73075600862503054,0.77591454982757568,1,1
retention_expiry,373,V32P-A002636,0,0.63450483083724973,0.68964498043060307,1,1
retention_expiry,374,V32P-A002637,0,0.58377200961112974,0.64600453376770017,0,1
retention_expiry,375,V32P-A002638,0,0.54189221858978276,0.60651466846466062,0,0
retention_expiry,376,V32P-A002639,0,0.46062944531440736,0.52174263000488286,0,0
retention_expiry,377,V32P-A002640,0,0.23032639920711517,0.24774065613746643,0,0
retention_expiry,378,V32P-A002665,0,0.73220679759979246,0.77991918325424192,1,1
retention_expiry,379,V32P-A002666,0,0.63605822324752803,0.69240736961364746,1,1
retention_expiry,380,V32P-A002667,0,0.59479480385780337,0.64341363906860349,0,1
retention_expiry,381,V32P-A002668,0,0.53826466798782346,0.57688474655151367,0,0
retention_expiry,382,V32P-A002669,0,0.51250358223915105,0.53818469047546391,0,0
retention_expiry,383,V32P-A002670,0,0.26641306281089783,0.26373820006847382,0,0
retention_expiry,384,V32P-A002695,0,0.5434399485588074,0.58961638212203982,0,0
retention_expiry,385,V32P-A002696,0,0.55769235491752622,0.60046012401580806,0,0
retention_expiry,386,V32P-A002697,0,0.53451336026191709,0.57163486480712888,0,0
retention_expiry,387,V32P-A002698,0,0.46984500288963316,0.50526201128959658,0,0
retention_expiry,388,V32P-A002699,0,0.38309596180915834,0.41316343545913697,0,0
retention_expiry,389,V32P-A002700,0,0.16244138479232789,0.16256892979145049,0,0
retention_expiry,390,V32P-A002767,0,0.61679944992065427,0.64119802713394169,0,1
retention_expiry,391,V32P-A002768,0,0.58887610435485838,0.6047564029693604,0,0
retention_expiry,392,V32P-A002769,0,0.52474489212036135,0.54021064639091487,0,0
retention_expiry,393,V32P-A002770,0,0.45018216967582703,0.46148034334182741,0,0
retention_expiry,394,V32P-A002771,0,0.37199935615062713,0.37802627384662629,0,0
retention_expiry,395,V32P-A002772,0,0.16479447782039641,0.15487067699432372,0,0
retention_expiry,396,V32P-A002839,0,0.67889959812164302,0.72998930215835567,1,1
retention_expiry,397,V32P-A002840,0,0.61450333595275874,0.66838144063949589,0,1
retention_expiry,398,V32P-A002841,0,0.55645661950111391,0.61373456716537478,0,0
retention_expiry,399,V32P-A002842,0,0.43794990777969361,0.48594625592231749,0,0
retention_expiry,400,V32P-A002843,0,0.35328862369060515,0.38268707990646361,0,0
retention_expiry,401,V32P-A002844,0,0.16530764400959014,0.16233280897140503,0,0
retention_expiry,402,V32P-A002863,0,0.46319455504417417,0.52857261896133423,0,0
retention_expiry,403,V32P-A002864,0,0.53127505183219914,0.58730891346931458,0,0
retention_expiry,404,V32P-A002865,0,0.54132310152053831,0.59293591976165771,0,0
retention_expiry,405,V32P-A002866,1,0.48141298294067381,0.53493139147758484,0,0
retention_expiry,406,V32P-A002867,0,0.08291566781699658,0.074020500481128695,0,0
retention_expiry,407,V32P-A002868,0,0.041826916113495829,0.035937749594449994,0,0
retention_expiry,408,V32P-A002881,0,0.67885053157806396,0.70529812574386597,1,1
retention_expiry,409,V32P-A002882,0,0.52507655620574956,0.55910311937332158,0,0
retention_expiry,410,V32P-A002883,0,0.47063360810279847,0.49449589252471926,0,0
retention_expiry,411,V32P-A002884,0,0.4854184091091156,0.49908039569854734,0,0
retention_expiry,412,V32P-A002885,0,0.33585158884525301,0.34454232454299927,0,0
retention_expiry,413,V32P-A002886,0,0.14032359123229982,0.13774621188640596,0,0
retention_expiry,414,V32P-A003055,0,0.56322143673896785,0.61843002438545225,0,0
retention_expiry,415,V32P-A003056,0,0.51036269068717954,0.56889975666999815,0,0
retention_expiry,416,V32P-A003057,0,0.46359697580337522,0.51857855916023254,0,0
retention_expiry,417,V32P-A003058,0,0.39595526456832886,0.43869634270668029,0,0
retention_expiry,418,V32P-A003059,0,0.32117843627929688,0.35162437558174131,0,0
retention_expiry,419,V32P-A003060,0,0.023569001629948617,0.020487694442272185,0,0
retention_expiry,420,V32P-A003085,1,0.81307888031005859,0.83487536907196047,1,1
retention_expiry,421,V32P-A003086,1,0.72050174474716189,0.74877901077270503,1,1
retention_expiry,422,V32P-A003087,0,0.2022305741906166,0.18974431604146957,0,0
retention_expiry,423,V32P-A003088,0,0.22813720405101776,0.20963264703750611,0,0
retention_expiry,424,V32P-A003089,0,0.13413992002606392,0.12086717262864113,0,0
retention_expiry,425,V32P-A003090,0,0.055559368804097176,0.0484959339722991,0,0
retention_expiry,426,V32P-A003103,0,0.42524473667144774,0.48057566285133363,0,0
retention_expiry,427,V32P-A003104,0,0.42726510763168335,0.48104964494705199,0,0
retention_expiry,428,V32P-A003105,0,0.41094428896903989,0.45548233389854431,0,0
retention_expiry,429,V32P-A003106,0,0.33656976222991941,0.36874858736991883,0,0
retention_expiry,430,V32P-A003107,0,0.2560335099697113,0.28280516564846037,0,0
retention_expiry,431,V32P-A003108,0,0.12305648177862168,0.12368571162223815,0,0
retention_expiry,432,V32P-A003118,0,0.42272543907165527,0.46743343472480775,0,0
retention_expiry,433,V32P-A003119,0,0.34578253626823424,0.37935671210289001,0,0
retention_expiry,434,V32P-A003120,0,0.029020389169454576,0.026572675909847021,0,0
retention_expiry,435,V32P-A003235,0,0.45924503803253175,0.50950403809547429,0,0
retention_expiry,436,V32P-A003236,0,0.47377946972846985,0.51845424771308901,0,0
retention_expiry,437,V32P-A003237,0,0.44179118275642393,0.47882760167121885,0,0
retention_expiry,438,V32P-A003238,0,0.36087094545364379,0.3881885349750519,0,0
retention_expiry,439,V32P-A003239,0,0.28259305953979491,0.2962332248687744,0,0
retention_expiry,440,V32P-A003240,0,0.12273155152797699,0.11854899823665618,0,0
retention_expiry,441,V32P-A003241,0,0.3581567257642746,0.43211124241352084,0,0
retention_expiry,442,V32P-A003242,0,0.37283669114112855,0.44354363083839415,0,0
retention_expiry,443,V32P-A003243,0,0.33127107918262483,0.39249964654445646,0,0
retention_expiry,444,V32P-A003244,0,0.31292659938335421,0.3652209550142288,0,0
retention_expiry,445,V32P-A003245,0,0.21630582511425017,0.26567420065402986,0,0
retention_expiry,446,V32P-A003246,0,0.11401749700307846,0.11046837568283081,0,0
retention_expiry,447,V32P-A003331,0,0.60593992471694946,0.66771894693374634,0,1
retention_expiry,448,V32P-A003332,0,0.44583804011344907,0.50818810462951658,0,0
retention_expiry,449,V32P-A003333,0,0.3664462625980377,0.41693754792213439,0,0
retention_expiry,450,V32P-A003334,0,0.37134562134742738,0.41042498946189881,0,0
retention_expiry,451,V32P-A003335,0,0.2527746081352234,0.26804594397544862,0,0
retention_expiry,452,V32P-A003336,0,0.13404810801148415,0.12920032814145088,0,0
retention_expiry,453,V32P-A003343,0,0.86697126626968379,0.89125779867172239,1,1
retention_expiry,454,V32P-A003344,0,0.7739355802536011,0.80974308252334593,1,1
retention_expiry,455,V32P-A003345,0,0.86719570159912107,0.88659893274307255,1,1
retention_expiry,456,V32P-A003346,0,0.72205171585083006,0.75905750989913945,1,1
retention_expiry,457,V32P-A003347,0,0.6234073162078857,0.665623950958252,1,1
retention_expiry,458,V32P-A003348,0,0.085226745158433911,0.072618944942951208,0,0
retention_expiry,459,V32P-A003409,0,0.5971010804176331,0.63108018636703489,0,1
retention_expiry,460,V32P-A003410,0,0.66326106786727901,0.68183096647262575,1,1
retention_expiry,461,V32P-A003411,0,0.65644183158874514,0.6716407418251038,1,1
retention_expiry,462,V32P-A003412,0,0.59535115361213686,0.60347789525985718,0,0
retention_expiry,463,V32P-A003413,0,0.51868827342987056,0.51603316664695742,0,0
retention_expiry,464,V32P-A003414,0,0.037122845835983756,0.030567708797752856,0,0
retention_expiry,465,V32P-A003484,0,0.46074958443641661,0.47734405398368834,0,0
retention_expiry,466,V32P-A003485,0,0.36636552214622498,0.37703816592693329,0,0
retention_expiry,467,V32P-A003486,0,0.16233581304550171,0.15954601839184762,0,0
retention_expiry,468,V32P-A003493,0,0.51343076825141909,0.54757080674171443,0,0
retention_expiry,469,V32P-A003494,0,0.46385242342948912,0.49784575700759887,0,0
retention_expiry,470,V32P-A003495,0,0.43628448843955991,0.46429098844528199,0,0
retention_expiry,471,V32P-A003496,0,0.35692437291145324,0.36929278969764712,0,0
retention_expiry,472,V32P-A003497,0,0.27447039186954497,0.27425968348979951,0,0
retention_expiry,473,V32P-A003498,0,0.11611251384019852,0.10638253241777421,0,0
retention_expiry,474,V32P-A003517,1,0.65974122881889341,0.7048314571380615,1,1
retention_expiry,475,V32P-A003518,1,0.5273833215236664,0.59907515048980708,0,0
retention_expiry,476,V32P-A003519,1,0.42358146905899047,0.49566230177879333,0,0
retention_expiry,477,V32P-A003520,0,0.086227626353502271,0.079954243451356891,0,0
retention_expiry,478,V32P-A003521,0,0.066987866163253779,0.060941528528928757,0,0
retention_expiry,479,V32P-A003522,0,0.034056660532951352,0.029933642596006393,0,0
retention_expiry,480,V32P-A003598,0,0.28437066674232481,0.31989642977714539,0,0
retention_expiry,481,V32P-A003599,0,0.22044235169887544,0.24160260260105132,0,0
retention_expiry,482,V32P-A003600,0,0.098827394843101504,0.10069541782140731,0,0
retention_expiry,483,V32P-A003715,1,0.69232428073883057,0.71376953124999998,1,1
retention_expiry,484,V32P-A003716,1,0.57508788108825681,0.61795907020568852,0,0
retention_expiry,485,V32P-A003717,1,0.57713379859924319,0.60762646198272707,0,0
retention_expiry,486,V32P-A003718,0,0.10119681432843208,0.093762550503015518,0,0
retention_expiry,487,V32P-A003719,0,0.076168958097696304,0.069627465307712549,0,0
retention_expiry,488,V32P-A003720,0,0.033730574324727057,0.029745726846158504,0,0
retention_expiry,489,V32P-A003829,0,0.6872696161270142,0.70959645509719849,1,1
retention_expiry,490,V32P-A003830,0,0.6367157459259033,0.66128462553024292,1,1
retention_expiry,491,V32P-A003831,0,0.60239005088806152,0.62597981691360471,0,1
retention_expiry,492,V32P-A003832,0,0.54905040860176091,0.56922116279602053,0,0
retention_expiry,493,V32P-A003833,1,0.45706472992897035,0.47786129713058473,0,0
retention_expiry,494,V32P-A003834,0,0.039752076379954815,0.032697701267898081,0,0
retention_expiry,495,V32P-A003907,0,0.72306938171386714,0.7380364775657654,1,1
retention_expiry,496,V32P-A003908,0,0.61440904140472408,0.62828035354614253,0,1
retention_expiry,497,V32P-A003909,0,0.52461413741111751,0.53276042938232426,0,0
retention_expiry,498,V32P-A003910,1,0.58675719499588008,0.5835347533226013,0,0
retention_expiry,499,V32P-A003911,0,0.065624771267175669,0.055096411332488063,0,0
retention_expiry,500,V32P-A003912,0,0.027791630849242209,0.022709202766418458,0,0
retention_expiry,501,V32P-A003957,0,0.61585166454315188,0.64735343456268313,0,1
retention_expiry,502,V32P-A003958,0,0.54078883528709409,0.56434186697006228,0,0
retention_expiry,503,V32P-A003959,0,0.45895794034004211,0.47560065984725952,0,0
retention_expiry,504,V32P-A003960,0,0.21867585480213164,0.21161814332008361,0,0
retention_expiry,505,V32P-A003963,0,0.47727970480918885,0.53005045056343081,0,0
retention_expiry,506,V32P-A003964,0,0.41064561009407041,0.46100655198097229,0,0
retention_expiry,507,V32P-A003965,0,0.3587396264076233,0.38288798034191129,0,0
retention_expiry,508,V32P-A003966,0,0.20271313041448594,0.20753584653139115,0,0
retention_expiry,509,V32P-A003976,0,0.3388896048069,0.34340269565582277,0,0
retention_expiry,510,V32P-A003977,0,0.25331895053386688,0.25556424856185911,0,0
retention_expiry,511,V32P-A003978,0,0.10682712644338607,0.09783514887094498,0,0
retention_expiry,512,V32P-A004000,0,0.11478438302874565,0.10468742623925209,0,0
retention_expiry,513,V32P-A004001,0,0.092037996649742132,0.082484204322099686,0,0
retention_expiry,514,V32P-A004002,0,0.038370490074157715,0.033370728604495525,0,0
retention_expiry,515,V32P-A004033,0,0.63572504520416262,0.67788760662078862,1,1
retention_expiry,516,V32P-A004034,0,0.59897784590721126,0.63972302675247195,0,1
retention_expiry,517,V32P-A004035,0,0.60582227706909175,0.6433683395385742,0,1
retention_expiry,518,V32P-A004036,0,0.56576725840568542,0.58772069215774536,0,0
retention_expiry,519,V32P-A004037,0,0.49857596755027772,0.51395070552825928,0,0
retention_expiry,520,V32P-A004038,0,0.28976783156394958,0.27832541912794112,0,0
retention_expiry,521,V32P-A004084,1,0.59673239588737492,0.59896637797355656,0,0
retention_expiry,522,V32P-A004085,0,0.13859252557158469,0.13238846492022277,0,0
retention_expiry,523,V32P-A004086,0,0.077763809822499752,0.07343607153743506,0,0
retention_expiry,524,V32P-A004105,0,0.73197200298309328,0.76254060268402102,1,1
retention_expiry,525,V32P-A004106,0,0.60597721338272093,0.65286539793014531,0,1
retention_expiry,526,V32P-A004107,0,0.53039901256561284,0.58923820257186887,0,0
retention_expiry,527,V32P-A004108,0,0.6530958235263824,0.68164634704589844,1,1
retention_expiry,528,V32P-A004109,0,0.42901940345764161,0.4650295853614807,0,0
retention_expiry,529,V32P-A004110,0,0.21749228835105897,0.22565807700157164,0,0
retention_expiry,530,V32P-A004184,0,0.46298558115959165,0.51151301264762883,0,0
retention_expiry,531,V32P-A004185,0,0.51280044913291933,0.55985273122787471,0,0
retention_expiry,532,V32P-A004186,0,0.4607664108276367,0.50111976265907288,0,0
retention_expiry,533,V32P-A004187,0,0.39197340607643127,0.42008661031723021,0,0
retention_expiry,534,V32P-A004188,0,0.1857164204120636,0.17296279668807985,0,0
retention_expiry,535,V32P-A004232,0,0.54589600563049312,0.59461236000061035,0,0
retention_expiry,536,V32P-A004233,0,0.39108337163925172,0.460020512342453,0,0
retention_expiry,537,V32P-A004234,0,0.40588670372962954,0.46214644908905028,0,0
retention_expiry,538,V32P-A004235,0,0.33317173123359678,0.37754800915718079,0,0
retention_expiry,539,V32P-A004236,0,0.19129025936126709,0.20208743512630462,0,0
retention_expiry,540,V32P-A004258,0,0.54836446642875669,0.57729797363281254,0,0
retention_expiry,541,V32P-A004259,0,0.40392663478851321,0.43764789104461671,0,0
retention_expiry,542,V32P-A004260,0,0.20511039197444916,0.20765525400638579,0,0
retention_expiry,543,V32P-A004273,0,0.3650639235973358,0.43171979784965514,0,0
retention_expiry,544,V32P-A004274,0,0.41983596086502073,0.4833377957344055,0,0
retention_expiry,545,V32P-A004275,0,0.38603156805038452,0.44386389255523684,0,0
retention_expiry,546,V32P-A004276,0,0.31081169843673706,0.35432623624801635,0,0
retention_expiry,547,V32P-A004277,0,0.24703549742698669,0.27172951102256776,0,0
retention_expiry,548,V32P-A004278,0,0.12307512164115905,0.12272319048643113,0,0
retention_expiry,549,V32P-A004291,0,0.52843509912490849,0.54929666519165044,0,0
retention_expiry,550,V32P-A004292,0,0.53918489813804626,0.55120550394058232,0,0
retention_expiry,551,V32P-A004293,0,0.45979651808738708,0.46921859979629515,0,0
retention_expiry,552,V32P-A004294,0,0.45082569122314453,0.46678189039230344,0,0
retention_expiry,553,V32P-A004295,0,0.33338308930397031,0.32663609087467194,0,0
retention_expiry,554,V32P-A004296,0,0.12304139733314515,0.11422109678387642,0,0
retention_expiry,555,V32P-A004399,0,0.5901263952255249,0.6408215403556824,0,1
retention_expiry,556,V32P-A004400,0,0.62088435888290405,0.66286562681198125,1,1
retention_expiry,557,V32P-A004401,0,0.62515304088592527,0.66361378431320195,1,1
retention_expiry,558,V32P-A004402,0,0.59508904218673708,0.63587455749511723,0,1
retention_expiry,559,V32P-A004403,0,0.5337677001953125,0.56863299012184143,0,0
retention_expiry,560,V32P-A004404,0,0.28062652349472045,0.27428374886512757,0,0
retention_expiry,561,V32P-A004411,1,0.65296069383621214,0.67674179077148433,1,1
retention_expiry,562,V32P-A004412,1,0.46048163175582885,0.49530104398727415,0,0
retention_expiry,563,V32P-A004413,1,0.40577516555786131,0.44315385222435,0,0
retention_expiry,564,V32P-A004414,0,0.073457914590835574,0.068517609685659411,0,0
retention_expiry,565,V32P-A004415,0,0.05202411487698555,0.047585961222648618,0,0
retention_expiry,566,V32P-A004416,0,0.024593005329370497,0.021768385730683803,0,0
retention_expiry,567,V32P-A004423,0,0.6046026349067688,0.65493811368942256,0,1
retention_expiry,568,V32P-A004424,0,0.39081877470016479,0.47176265120506289,0,0
retention_expiry,569,V32P-A004425,0,0.49518492817878723,0.56397280693054197,0,0
retention_expiry,570,V32P-A004426,0,0.40935410857200621,0.47108444571495056,0,0
retention_expiry,571,V32P-A004427,0,0.34781164228916167,0.39240362048149108,0,0
retention_expiry,572,V32P-A004428,0,0.16938612163066863,0.16961131691932679,0,0
retention_expiry,573,V32P-A004453,0,0.64451253414154053,0.68013001680374141,1,1
retention_expiry,574,V32P-A004454,0,0.59876272082328796,0.63700501322746272,0,1
retention_expiry,575,V32P-A004455,0,0.61469471454620361,0.64137669801712038,0,1
retention_expiry,576,V32P-A004456,0,0.62691255807876589,0.64529862403869631,1,1
retention_expiry,577,V32P-A004457,0,0.57059025764465332,0.58345201015472414,0,0
retention_expiry,578,V32P-A004458,0,0.31057175993919373,0.29505282044410708,0,0
retention_expiry,579,V32P-A004603,0,0.41610045433044435,0.50427917242050169,0,0
retention_expiry,580,V32P-A004604,0,0.41708008646965028,0.50263867378234861,0,0
retention_expiry,581,V32P-A004605,0,0.37381912469863893,0.44926916360855101,0,0
retention_expiry,582,V32P-A004606,0,0.28300248086452484,0.32909011840820312,0,0
retention_expiry,583,V32P-A004607,0,0.23271479904651643,0.26087980568408964,0,0
retention_expiry,584,V32P-A004608,0,0.10902432054281234,0.10539942234754562,0,0
retention_expiry,585,V32P-A004651,0,0.82171810865402217,0.85230561494827273,1,1
retention_expiry,586,V32P-A004652,0,0.82297370433807371,0.85116450786590581,1,1
retention_expiry,587,V32P-A004653,0,0.69605293273925783,0.74386945962905882,1,1
retention_expiry,588,V32P-A004654,0,0.58442367911338811,0.64927103519439699,0,1
retention_expiry,589,V32P-A004655,0,0.51685226559638975,0.58145191073417668,0,0
retention_expiry,590,V32P-A004656,0,0.041608534939587119,0.036301710270345212,0,0
retention_expiry,591,V32P-A004663,0,0.67315328121185303,0.70298655033111568,1,1
retention_expiry,592,V32P-A004664,0,0.68434249162673955,0.7111390233039856,1,1
retention_expiry,593,V32P-A004665,0,0.68874402046203609,0.71291846036911011,1,1
retention_expiry,594,V32P-A004666,0,0.5946403443813324,0.62640100717544556,0,1
retention_expiry,595,V32P-A004667,0,0.49162330627441408,0.52394009232521055,0,0
retention_expiry,596,V32P-A004668,0,0.24718156456947327,0.25525203049182893,0,0
retention_expiry,597,V32P-A004675,1,0.58310450315475459,0.64330890178680422,0,1
retention_expiry,598,V32P-A004676,1,0.54257112145423891,0.60266102552413936,0,0
retention_expiry,599,V32P-A004677,0,0.11760756522417068,0.1063562735915184,0,0
retention_expiry,600,V32P-A004678,0,0.088131216168403623,0.077855601161718371,0,0
retention_expiry,601,V32P-A004679,0,0.065986808389425278,0.056923109292984012,0,0
retention_expiry,602,V32P-A004680,0,0.027328023687005043,0.022690543532371522,0,0
retention_expiry,603,V32P-A004717,0,0.61544169783592229,0.62761428952217102,0,1
retention_expiry,604,V32P-A004718,0,0.48013238310813905,0.49829767942428588,0,0
retention_expiry,605,V32P-A004719,0,0.49795092940330504,0.51052382588386536,0,0
retention_expiry,606,V32P-A004720,1,0.46679383516311646,0.46992666125297544,0,0
retention_expiry,607,V32P-A004721,0,0.071166165918111798,0.059636834263801577,0,0
retention_expiry,608,V32P-A004722,0,0.031079561356455086,0.025751489028334618,0,0
retention_expiry,609,V32P-A004729,0,0.78286994695663448,0.81157184839248653,1,1
retention_expiry,610,V32P-A004730,0,0.75311188697814946,0.77982226610183714,1,1
retention_expiry,611,V32P-A004731,0,0.61710451841354375,0.65313048362731929,0,1
retention_expiry,612,V32P-A004732,0,0.55349895954132078,0.59049721956253054,0,0
retention_expiry,613,V32P-A004733,0,0.46634966135025024,0.50436873435974117,0,0
retention_expiry,614,V32P-A004734,0,0.044507659645751117,0.035810313047841193,0,0
retention_expiry,615,V32P-A004789,0,0.72628573179244993,0.73326154947280886,1,1
retention_expiry,616,V32P-A004790,0,0.51340562105178833,0.51979079842567444,0,0
retention_expiry,617,V32P-A004791,0,0.51554477214813232,0.51814242601394656,0,0
retention_expiry,618,V32P-A004792,0,0.3907733976840973,0.3877915322780609,0,0
retention_expiry,619,V32P-A004793,0,0.31816563010215759,0.31118930578231813,0,0
retention_expiry,620,V32P-A004794,0,0.14655943512916564,0.13403713554143906,0,0
retention_expiry,621,V32P-A004855,1,0.55974639654159541,0.5881274938583374,0,0
retention_expiry,622,V32P-A004856,1,0.57847096323966984,0.59910487532615664,0,0
retention_expiry,623,V32P-A004857,1,0.59204503297805788,0.60403070449829099,0,0
retention_expiry,624,V32P-A004858,0,0.083305617421865458,0.072128497809171674,0,0
retention_expiry,625,V32P-A004859,0,0.064074093103408808,0.054925447702407836,0,0
retention_expiry,626,V32P-A004860,0,0.029693604819476603,0.025006037298589946,0,0
retention_expiry,627,V32P-A004873,0,0.46061945855617525,0.51250542104244234,0,0
retention_expiry,628,V32P-A004874,0,0.45465027987957002,0.50570109188556667,0,0
retention_expiry,629,V32P-A004875,0,0.45744082033634187,0.50528798997402191,0,0
retention_expiry,630,V32P-A004876,0,0.46707176268100736,0.50451249182224278,0,0
retention_expiry,631,V32P-A004877,0,0.43809139132499697,0.46587316393852235,0,0
retention_expiry,632,V32P-A004878,0,0.059964909125119446,0.05659844349138439,0,0
retention_expiry,633,V32P-A004903,0,0.75994869470596316,0.79648292064666748,1,1
retention_expiry,634,V32P-A004904,0,0.69173926115036011,0.72880911827087402,1,1
retention_expiry,635,V32P-A004905,0,0.66932599544525151,0.69983077049255371,1,1
retention_expiry,636,V32P-A004906,0,0.7031948924064636,0.72541477680206301,1,1
retention_expiry,637,V32P-A004907,0,0.68713836669921879,0.70258258581161503,1,1
retention_expiry,638,V32P-A004908,0,0.43839938938617706,0.40787876844406129,0,0
retention_expiry,639,V32P-A004909,0,0.60067182779312134,0.64027130603790283,0,1
retention_expiry,640,V32P-A004910,0,0.52545450329780574,0.56998066902160649,0,0
retention_expiry,641,V32P-A004911,0,0.51731486916542058,0.5526915311813354,0,0
retention_expiry,642,V32P-A004912,1,0.49810734391212463,0.52067214250564575,0,0
retention_expiry,643,V32P-A004913,0,0.060824000090360639,0.055168787017464638,0,0
retention_expiry,644,V32P-A004914,0,0.027738297916948797,0.024594955425709487,0,0
retention_expiry,645,V32P-A004981,0,0.5871687173843384,0.63280423879623415,0,1
retention_expiry,646,V32P-A004982,0,0.50173504948616032,0.55528213381767277,0,0
retention_expiry,647,V32P-A004983,0,0.43807432651519773,0.48482083678245547,0,0
retention_expiry,648,V32P-A004984,0,0.34099139571189879,0.37857624888420105,0,0
retention_expiry,649,V32P-A004985,0,0.27492660284042358,0.29663737416267394,0,0
retention_expiry,650,V32P-A004986,0,0.12084110826253891,0.11645636558532715,0,0
retention_expiry,651,V32P-A004987,0,0.52152130007743835,0.56657817959785461,0,0
retention_expiry,652,V32P-A004988,0,0.50424681305885311,0.5497094988822937,0,0
retention_expiry,653,V32P-A004989,0,0.47921745777130126,0.5241016149520874,0,0
retention_expiry,654,V32P-A004990,0,0.42286533117294312,0.46050356030464173,0,0
retention_expiry,655,V32P-A004991,0,0.33840923905372622,0.36704347133636472,0,0
retention_expiry,656,V32P-A004992,0,0.027756417728960515,0.024288733955472708,0,0
retention_expiry,657,V32P-A005080,1,0.50012101531028752,0.52672331333160405,0,0
retention_expiry,658,V32P-A005081,0,0.068417824059724811,0.056033336743712428,0,0
retention_expiry,659,V32P-A005082,0,0.029329540766775609,0.023549012932926418,0,0
retention_expiry,660,V32P-A005113,1,0.74607625007629397,0.7772667407989502,1,1
retention_expiry,661,V32P-A005114,1,0.5947431683540344,0.63817746639251705,0,1
retention_expiry,662,V32P-A005115,0,0.1764993466436863,0.16272514835000038,0,0
retention_expiry,663,V32P-A005116,0,0.074404308944940573,0.067407496273517609,0,0
retention_expiry,664,V32P-A005117,0,0.05846993625164032,0.052323013544082642,0,0
retention_expiry,665,V32P-A005118,0,0.027076157927513122,0.023413571156561376,0,0
retention_expiry,666,V32P-A005122,0,0.4493322014808655,0.48602177500724791,0,0
retention_expiry,667,V32P-A005123,0,0.3783311605453491,0.39969364404678343,0,0
retention_expiry,668,V32P-A005124,0,0.14646408706903458,0.14414298832416533,0,0
retention_expiry,669,V32P-A005131,0,0.53154230713844297,0.58802768588066101,0,0
retention_expiry,670,V32P-A005132,0,0.59224102497100828,0.62613176107406621,0,1
retention_expiry,671,V32P-A005133,0,0.57388007044792178,0.59908447861671443,0,0
retention_expiry,672,V32P-A005134,0,0.50446299910545345,0.51886821985244747,0,0
retention_expiry,673,V32P-A005135,0,0.4225057899951935,0.42832175195217131,0,0
retention_expiry,674,V32P-A005136,0,0.20674215108156205,0.19634028971195222,0,0
retention_expiry,675,V32P-A005149,0,0.3914131224155426,0.44832279086112975,0,0
retention_expiry,676,V32P-A005150,0,0.44229778051376345,0.49414124488830569,0,0
retention_expiry,677,V32P-A005151,0,0.41357116103172303,0.46128580570220945,0,0
retention_expiry,678,V32P-A005152,0,0.34932923316955566,0.38718217015266421,0,0
retention_expiry,679,V32P-A005153,0,0.28366931080818175,0.31012502312660217,0,0
retention_expiry,680,V32P-A005154,0,0.12864830195903779,0.12580086588859557,0,0
retention_expiry,681,V32P-A005197,0,0.74463566541671755,0.78353232145309448,1,1
retention_expiry,682,V32P-A005198,0,0.57163010835647587,0.62823703289031985,0,1
retention_expiry,683,V32P-A005199,0,0.45937215089797973,0.51521198153495784,0,0
retention_expiry,684,V32P-A005200,0,0.40885940790176389,0.47671089172363279,0,0
retention_expiry,685,V32P-A005201,0,0.37821497619152067,0.43689930737018584,0,0
retention_expiry,686,V32P-A005202,0,0.15627314448356627,0.16218854784965514,0,0
retention_expiry,687,V32P-A005212,0,0.6272580206394196,0.6705539286136627,1,1
retention_expiry,688,V32P-A005213,0,0.59634433984756474,0.63933812379837041,0,1
retention_expiry,689,V32P-A005214,0,0.31734414696693419,0.32415382266044618,0,0
retention_expiry,690,V32P-A005258,1,0.87172366380691524,0.87480643987655637,1,1
retention_expiry,691,V32P-A005259,1,0.74343491792678829,0.72159218788146973,1,1
retention_expiry,692,V32P-A005260,0,0.13281578198075294,0.1202561877667904,0,0
retention_expiry,693,V32P-A005261,0,0.084918529540300366,0.076843291893601423,0,0
retention_expiry,694,V32P-A005262,0,0.038562999479472636,0.034156562481075528,0,0
retention_expiry,695,V32P-A005302,0,0.44947193264961244,0.48293071985244751,0,0
retention_expiry,696,V32P-A005303,0,0.33749153017997741,0.35999131500720977,0,0
retention_expiry,697,V32P-A005304,0,0.13772587776184081,0.13634764924645423,0,0
retention_expiry,698,V32P-A005330,0,0.71605505943298342,0.75536463260650633,1,1
retention_expiry,699,V32P-A005331,0,0.67500084638595581,0.71674747467041011,1,1
retention_expiry,700,V32P-A005332,0,0.62396599054336543,0.66426091194152836,1,1
retention_expiry,701,V32P-A005333,1,0.56257669925689702,0.59790275692939754,0,0
retention_expiry,702,V32P-A005334,0,0.055799092724919321,0.049077949859201907,0,0
retention_expiry,703,V32P-A005347,0,0.56923447847366337,0.58540593385696416,0,0
retention_expiry,704,V32P-A005348,0,0.4278779923915863,0.45571787953376769,0,0
retention_expiry,705,V32P-A005349,0,0.34790533781051636,0.37299183011054993,0,0
retention_expiry,706,V32P-A005350,0,0.27751539051532748,0.29006871283054353,0,0
retention_expiry,707,V32P-A005351,0,0.21634633541107179,0.21906787306070327,0,0
retention_expiry,708,V32P-A005352,0,0.097473190724849695,0.089023533463478091,0,0
retention_expiry,709,V32P-A005355,0,0.48492272496223449,0.51266357898712156,0,0
retention_expiry,710,V32P-A005356,0,0.37422579526901245,0.38603454232215884,0,0
retention_expiry,711,V32P-A005357,0,0.28361530900001525,0.28534671366214753,0,0
retention_expiry,712,V32P-A005358,0,0.12203955203294754,0.11040724664926529,0,0
retention_expiry,713,V32P-A005428,0,0.62004022598266606,0.6545204639434814,1,1
retention_expiry,714,V32P-A005429,0,0.47233827114105226,0.50459243655204777,0,0
retention_expiry,715,V32P-A005430,0,0.23467154502868653,0.23167178332805632,0,0
retention_expiry,716,V32P-A005482,0,0.49766496419906614,0.54593340158462522,0,0
retention_expiry,717,V32P-A005483,0,0.42968046069145205,0.47774668335914611,0,0
retention_expiry,718,V32P-A005484,0,0.22018635272979736,0.24855484813451767,0,0
retention_expiry,719,V32P-A005515,0,0.61271554231643677,0.65715173482894895,0,1
retention_expiry,720,V32P-A005516,0,0.50983744859695435,0.56256569623947139,0,0
retention_expiry,721,V32P-A005517,0,0.43799452781677245,0.4784265637397766,0,0
retention_expiry,722,V32P-A005518,0,0.41993243694305421,0.46299182772636416,0,0
retention_expiry,723,V32P-A005519,0,0.37661240100860593,0.41561354994773864,0,0
retention_expiry,724,V32P-A005520,0,0.1929330348968506,0.20146906971931458,0,0
retention_expiry,725,V32P-A005528,0,0.52268826365470888,0.55445980429649355,0,0
retention_expiry,726,V32P-A005529,0,0.43333336114883425,0.46180410385131837,0,0
retention_expiry,727,V32P-A005530,0,0.36293584704399107,0.38628412485122682,0,0
retention_expiry,728,V32P-A005531,0,0.26403898894786837,0.27980899810791016,0,0
retention_expiry,729,V32P-A005532,0,0.10012178122997284,0.097152288258075717,0,0
retention_expiry,730,V32P-A005569,0,0.76782085895538332,0.80045716762542729,1,1
retention_expiry,731,V32P-A005570,0,0.66831055879592893,0.70173171758651731,1,1
retention_expiry,732,V32P-A005571,0,0.6092607200145721,0.63008692860603333,0,1
retention_expiry,733,V32P-A005572,0,0.65552930235862727,0.66561635136604314,1,1
retention_expiry,734,V32P-A005573,0,0.63014666438102718,0.62983148694038393,1,1
retention_expiry,735,V32P-A005574,0,0.40884148776531221,0.39322140514850618,0,0
retention_expiry,736,V32P-A005581,0,0.72902288436889651,0.73478558063507082,1,1
retention_expiry,737,V32P-A005582,0,0.53045666813850401,0.55280026197433474,0,0
retention_expiry,738,V32P-A005583,0,0.44097749590873719,0.46963120102882383,0,0
retention_expiry,739,V32P-A005584,0,0.4009652376174927,0.41484235525131224,0,0
retention_expiry,740,V32P-A005585,0,0.3569230020046234,0.35967060923576355,0,0
retention_expiry,741,V32P-A005586,0,0.21022400707006456,0.19509613066911696,0,0
retention_expiry,742,V32P-A005623,1,0.74383491277694702,0.76105370521545412,1,1
retention_expiry,743,V32P-A005624,1,0.63706446290016172,0.65371536612510683,1,1
retention_expiry,744,V32P-A005625,1,0.57499525547027586,0.59430845975875857,0,0
retention_expiry,745,V32P-A005626,0,0.1151166208088398,0.10145930424332619,0,0
retention_expiry,746,V32P-A005627,0,0.11568612828850747,0.098994101583957675,0,0
retention_expiry,747,V32P-A005628,0,0.036461823992431162,0.031375068798661233,0,0
retention_expiry,748,V32P-A005668,0,0.54473434686660771,0.5428613066673279,0,0
retention_expiry,749,V32P-A005669,0,0.37982206344604491,0.37947525978088381,0,0
retention_expiry,750,V32P-A005670,0,0.15475896000862122,0.14275734126567841,0,0
retention_expiry,751,V32P-A005671,0,0.43618462681770326,0.49298437237739562,0,0
retention_expiry,752,V32P-A005672,0,0.4793765187263489,0.52573751807212832,0,0
retention_expiry,753,V32P-A005673,0,0.45075006484985353,0.49339873790740968,0,0
retention_expiry,754,V32P-A005674,0,0.38449383974075318,0.42063742280006411,0,0
retention_expiry,755,V32P-A005675,0,0.30595101714134215,0.32820272445678711,0,0
retention_expiry,756,V32P-A005676,0,0.1323486864566803,0.12601131349802017,0,0
retention_expiry,757,V32P-A005680,0,0.51987127065658567,0.57863135337829585,0,0
retention_expiry,758,V32P-A005681,0,0.44678251743316649,0.50412619113922119,0,0
retention_expiry,759,V32P-A005682,0,0.21915017366409301,0.23010772466659546,0,0
retention_expiry,760,V32P-A005701,0,0.59691638350486753,0.65751526355743406,0,1
retention_expiry,761,V32P-A005702,0,0.59927141666412354,0.65653771162033081,0,1
retention_expiry,762,V32P-A005703,0,0.55962934494018557,0.61583691835403442,0,0
retention_expiry,763,V32P-A005704,0,0.50734375119209285,0.56165241003036503,0,0
retention_expiry,764,V32P-A005705,0,0.43837751746177672,0.48106651902198794,0,0
retention_expiry,765,V32P-A005706,0,0.033513800986111161,0.030664500780403614,0,0
retention_expiry,766,V32P-A005821,0,0.55640327930450439,0.61368589401245122,0,0
retention_expiry,767,V32P-A005822,0,0.55728144049644468,0.60843547582626345,0,0
retention_expiry,768,V32P-A005823,0,0.5325186550617218,0.57739323973655698,0,0
retention_expiry,769,V32P-A005824,0,0.466228187084198,0.50222967267036434,0,0
retention_expiry,770,V32P-A005825,0,0.38250997960567473,0.41047687530517579,0,0
retention_expiry,771,V32P-A005826,0,0.18018694818019867,0.18263518810272217,0,0
retention_expiry,772,V32P-A005833,0,0.57830440402030947,0.65104787349700932,0,1
retention_expiry,773,V32P-A005834,0,0.50286956429481511,0.56752228736877441,0,0
retention_expiry,774,V32P-A005835,0,0.47267504930496218,0.52833385467529292,0,0
retention_expiry,775,V32P-A005836,0,0.46201003789901735,0.50549979209899898,0,0
retention_expiry,776,V32P-A005837,0,0.4114322543144226,0.44424669146537782,0,0
retention_expiry,777,V32P-A005838,0,0.19583037048578261,0.19272461980581285,0,0
retention_expiry,778,V32P-A005893,0,0.59135563373565669,0.62477920055389402,0,1
retention_expiry,779,V32P-A005894,0,0.57087396383285527,0.60249134302139284,0,0
retention_expiry,780,V32P-A005895,0,0.53584324121475224,0.56573274135589602,0,0
retention_expiry,781,V32P-A005896,0,0.45237261056900024,0.47652481794357299,0,0
retention_expiry,782,V32P-A005897,0,0.36575185656547549,0.38355535864830015,0,0
retention_expiry,783,V32P-A005898,0,0.15891025364398956,0.15794119387865066,0,0
retention_expiry,784,V32P-A005899,0,0.60210787057876591,0.65163675546646116,0,1
retention_expiry,785,V32P-A005900,0,0.54658711552619932,0.60201174020767212,0,0
retention_expiry,786,V32P-A005901,0,0.49669471383094788,0.55193555951118467,0,0
retention_expiry,787,V32P-A005902,0,0.42399872541427613,0.47160997390747073,0,0
retention_expiry,788,V32P-A005903,0,0.37754606008529662,0.40706864595413206,0,0
retention_expiry,789,V32P-A005904,0,0.15333727300167083,0.15377159267663956,0,0
retention_expiry,790,V32P-A005977,0,0.54658021926879885,0.60612916946411133,0,0
retention_expiry,791,V32P-A005978,0,0.42945070862770079,0.50286207795143123,0,0
retention_expiry,792,V32P-A005979,0,0.29689607322216033,0.36254629194736482,0,0
retention_expiry,793,V32P-A005980,0,0.28462328314781188,0.32507249712944031,0,0
retention_expiry,794,V32P-A005981,0,0.21679180860519409,0.23764036595821381,0,0
retention_expiry,795,V32P-A005982,0,0.09164393469691276,0.092421783506870275,0,0
retention_expiry,796,V32P-A006025,1,0.7010339140892029,0.71639188528060915,1,1
retention_expiry,797,V32P-A006026,1,0.69608260393142696,0.71161342859268184,1,1
retention_expiry,798,V32P-A006027,1,0.64604762792587278,0.66334037780761723,1,1
retention_expiry,799,V32P-A006028,0,0.10490440055727959,0.097234743088483816,0,0
retention_expiry,800,V32P-A006029,0,0.10738988295197487,0.099864015355706215,0,0
retention_expiry,801,V32P-A006030,0,0.037643942423164843,0.03431605342775583,0,0
retention_expiry,802,V32P-A006031,0,0.74451678991317749,0.77849544286727901,1,1
retention_expiry,803,V32P-A006032,0,0.70799498558044438,0.74579377174377437,1,1
retention_expiry,804,V32P-A006033,0,0.64633136987686157,0.6899600625038147,1,1
retention_expiry,805,V32P-A006034,1,0.57277737855911259,0.61487623453140261,0,0
retention_expiry,806,V32P-A006035,0,0.088513540476560598,0.078470826521515852,0,0
retention_expiry,807,V32P-A006036,0,0.036975361406803131,0.031612366344779728,0,0
retention_expiry,808,V32P-A006055,0,0.26686880588531492,0.33178464770317079,0,0
retention_expiry,809,V32P-A006056,0,0.29593712687492368,0.34981737732887269,0,0
retention_expiry,810,V32P-A006057,0,0.26748732328414915,0.30193645060062407,0,0
retention_expiry,811,V32P-A006058,0,0.21320031285285951,0.22955873906612395,0,0
retention_expiry,812,V32P-A006059,0,0.16288496255874635,0.1677701711654663,0,0
retention_expiry,813,V32P-A006060,0,0.012331127282232046,0.010527235828340054,0,0
retention_expiry,814,V32P-A006064,0,0.48441924452781676,0.49539585709571837,0,0
retention_expiry,815,V32P-A006065,0,0.39020812213420869,0.39636873006820678,0,0
retention_expiry,816,V32P-A006066,0,0.18334800899028778,0.17934446781873703,0,0
retention_expiry,817,V32P-A006117,0,0.55817427039146428,0.59303579330444334,0,0
retention_expiry,818,V32P-A006118,0,0.48788185119628907,0.51572998166084294,0,0
retention_expiry,819,V32P-A006119,1,0.39713900685310366,0.42116849422454833,0,0
retention_expiry,820,V32P-A006120,0,0.027231203764677046,0.023489507194608451,0,0
retention_expiry,821,V32P-A006145,0,0.81859878301620481,0.83261731863021848,1,1
retention_expiry,822,V32P-A006146,0,0.65919933319091795,0.66819376945495601,1,1
retention_expiry,823,V32P-A006147,0,0.58062291145324707,0.61953820586204533,0,0
retention_expiry,824,V32P-A006148,0,0.48870034217834474,0.50337488055229185,0,0
retention_expiry,825,V32P-A006149,0,0.38078294992446898,0.39289143681526184,0,0
retention_expiry,826,V32P-A006150,0,0.17057940363883972,0.16181529462337493,0,0
retention_expiry,827,V32P-A006163,0,0.73860069513320925,0.76226661205291746,1,1
retention_expiry,828,V32P-A006164,0,0.56861079931259151,0.60214905738830571,0,0
retention_expiry,829,V32P-A006165,0,0.44013201594352724,0.47340389490127566,0,0
retention_expiry,830,V32P-A006166,0,0.40326851606369019,0.42748559117317197,0,0
retention_expiry,831,V32P-A006167,0,0.31538191437721252,0.33172930479049684,0,0
retention_expiry,832,V32P-A006168,0,0.13376418650150299,0.1239718183875084,0,0
retention_expiry,833,V32P-A006295,1,0.71022803783416744,0.76041562557220455,1,1
retention_expiry,834,V32P-A006296,1,0.60657932758331301,0.66638976335525513,0,1
retention_expiry,835,V32P-A006297,1,0.54538902044296267,0.60439207553863528,0,0
retention_expiry,836,V32P-A006298,0,0.083524482697248464,0.073853594064712522,0,0
retention_expiry,837,V32P-A006299,0,0.06085726544260979,0.052140138298273089,0,0
retention_expiry,838,V32P-A006300,0,0.023910926282405855,0.019692766852676867,0,0
retention_expiry,839,V32P-A006331,0,0.72063301801681523,0.71946226358413701,1,1
retention_expiry,840,V32P-A006332,0,0.47237032651901245,0.4955335259437561,0,0
retention_expiry,841,V32P-A006333,0,0.40978882312774656,0.42764914631843565,0,0
retention_expiry,842,V32P-A006334,0,0.41384836435317995,0.42163562178611758,0,0
retention_expiry,843,V32P-A006335,0,0.36230446100234986,0.36406986117362977,0,0
retention_expiry,844,V32P-A006336,0,0.16675478518009185,0.16005764603614808,0,0
retention_expiry,845,V32P-A006379,0,0.7046043872833252,0.75036102533340454,1,1
retention_expiry,846,V32P-A006380,0,0.56589056253433223,0.62283456325531006,0,1
retention_expiry,847,V32P-A006381,0,0.46248604655265807,0.51407870054244997,0,0
retention_expiry,848,V32P-A006382,0,0.44159337878227234,0.4942889451980591,0,0
retention_expiry,849,V32P-A006383,0,0.35934066176414492,0.40587530732154847,0,0
retention_expiry,850,V32P-A006384,0,0.16576969772577285,0.18401526510715485,0,0
retention_expiry,851,V32P-A006484,0,0.5369850158691406,0.57939311265945437,0,0
retention_expiry,852,V32P-A006485,1,0.46837314367294314,0.51183862090110777,0,0
retention_expiry,853,V32P-A006486,0,0.037860062159597876,0.032800230756402017,0,0
retention_expiry,854,V32P-A006490,0,0.39913177490234375,0.43353165984153746,0,0
retention_expiry,855,V32P-A006491,0,0.33816422224044801,0.36110212802886965,0,0
retention_expiry,856,V32P-A006492,0,0.14667062610387802,0.14602112472057344,0,0
retention_expiry,857,V32P-A006496,0,0.49349027276039126,0.54235860109329226,0,0
retention_expiry,858,V32P-A006497,0,0.42289444804191589,0.46348017454147339,0,0
retention_expiry,859,V32P-A006498,0,0.24025436937808992,0.24583985209465026,0,0
retention_expiry,860,V32P-A006520,0,0.63535835742950442,0.66681995391845705,1,1
retention_expiry,861,V32P-A006521,0,0.590038001537323,0.61436314582824703,0,0
retention_expiry,862,V32P-A006522,0,0.41109269261360171,0.40061379075050352,0,0
retention_expiry,863,V32P-A006541,0,0.79116377830505369,0.81474595069885258,1,1
retention_expiry,864,V32P-A006542,0,0.66297404766082768,0.69985734224319462,1,1
retention_expiry,865,V32P-A006543,0,0.69268530607223511,0.72856644392013548,1,1
retention_expiry,866,V32P-A006544,0,0.68483197689056396,0.70453563928604124,1,1
retention_expiry,867,V32P-A006545,0,0.58951287865638735,0.60755904912948611,0,0
retention_expiry,868,V32P-A006546,0,0.33077295124530792,0.33793540894985197,0,0
retention_expiry,869,V32P-A006547,0,0.67115020751953125,0.71585229635238645,1,1
retention_expiry,870,V32P-A006548,0,0.61066783666610713,0.66223677396774294,0,1
retention_expiry,871,V32P-A006549,0,0.54108303785324097,0.60029357075691225,0,0
retention_expiry,872,V32P-A006550,1,0.4646285057067871,0.51495563983917236,0,0
retention_expiry,873,V32P-A006551,0,0.068122844398021701,0.060542303696274759,0,0
retention_expiry,874,V32P-A006552,0,0.029003912210464479,0.025188277382403611,0,0
retention_expiry,875,V32P-A006559,0,0.54038910269737239,0.6062572240829468,0,0
retention_expiry,876,V32P-A006560,0,0.4917400121688843,0.55849913358688352,0,0
retention_expiry,877,V32P-A006561,0,0.4520726978778839,0.51529644131660457,0,0
retention_expiry,878,V32P-A006562,0,0.38578887581825255,0.43995054364204406,0,0
retention_expiry,879,V32P-A006563,0,0.31856755912303925,0.36671880483627317,0,0
retention_expiry,880,V32P-A006564,0,0.13903861343860627,0.1488514170050621,0,0
retention_expiry,881,V32P-A006571,0,0.5046283960342407,0.57341262698173523,0,0
retention_expiry,882,V32P-A006572,0,0.51185232400894165,0.57498980164527891,0,0
retention_expiry,883,V32P-A006573,0,0.54707483053207395,0.59939532876014712,0,0
retention_expiry,884,V32P-A006574,0,0.49252417087554934,0.54374377131462093,0,0
retention_expiry,885,V32P-A006575,0,0.42248651981353758,0.47344371080398562,0,0
retention_expiry,886,V32P-A006576,0,0.21797572970390319,0.23501837253570557,0,0
retention_expiry,887,V32P-A006577,0,0.54161385893821712,0.59988976716995235,0,0
retention_expiry,888,V32P-A006578,0,0.43273511528968811,0.49787864685058592,0,0
retention_expiry,889,V32P-A006579,0,0.40523635149002074,0.46319016814231873,0,0
retention_expiry,890,V32P-A006580,0,0.33630475997924802,0.38178576231002809,0,0
retention_expiry,891,V32P-A006581,0,0.28089960515499113,0.3120391547679901,0,0
retention_expiry,892,V32P-A006582,0,0.13458153158426284,0.13853619769215583,0,0
retention_expiry,893,V32P-A006595,0,0.75321441888809204,0.76886218786239624,1,1
retention_expiry,894,V32P-A006596,0,0.6980069041252136,0.71441731452941892,1,1
retention_expiry,895,V32P-A006597,0,0.60922708511352541,0.62449628114700317,0,1
retention_expiry,896,V32P-A006598,0,0.59731237888336186,0.6009207606315613,0,0
retention_expiry,897,V32P-A006599,0,0.50849448442459111,0.50765097737312315,0,0
retention_expiry,898,V32P-A006600,0,0.23393848538398743,0.2150581806898117,0,0
retention_expiry,899,V32P-A006631,0,0.46523488759994508,0.53716392517089839,0,0
retention_expiry,900,V32P-A006632,0,0.56320896744728088,0.6281396746635437,0,1
retention_expiry,901,V32P-A006633,0,0.60184779167175295,0.66005417108535769,0,1
retention_expiry,902,V32P-A006634,0,0.63983856439590459,0.68896478414535522,1,1
retention_expiry,903,V32P-A006635,0,0.61269578933715818,0.66213004589080815,0,1
retention_expiry,904,V32P-A006636,0,0.058671737462282179,0.047002170979976651,0,0
retention_expiry,905,V32P-A006664,0,0.58340919017791748,0.62782628536224361,0,1
retention_expiry,906,V32P-A006665,0,0.47694329023361204,0.51869411468505855,0,0
retention_expiry,907,V32P-A006666,0,0.21494790315628051,0.22041933834552765,0,0
retention_expiry,908,V32P-A006673,0,0.73186569213867192,0.7600602865219116,1,1
retention_expiry,909,V32P-A006674,0,0.72676634788513184,0.75340398550033572,1,1
retention_expiry,910,V32P-A006675,0,0.75280520915985105,0.77781734466552732,1,1
retention_expiry,911,V32P-A006676,0,0.56985954046249387,0.59609719514846804,0,0
retention_expiry,912,V32P-A006677,0,0.47099636793136596,0.50243299007415776,0,0
retention_expiry,913,V32P-A006678,0,0.23958915770053862,0.24427376091480255,0,0
retention_expiry,914,V32P-A006817,0,0.77460545301437378,0.80490790605545048,1,1
retention_expiry,915,V32P-A006818,0,0.6755753755569458,0.71842432022094727,1,1
retention_expiry,916,V32P-A006819,0,0.55474250316619877,0.6100878953933716,0,0
retention_expiry,917,V32P-A006820,0,0.46467689871788026,0.51951698064804075,0,0
retention_expiry,918,V32P-A006821,0,0.3737125277519226,0.41322504878044131,0,0
retention_expiry,919,V32P-A006822,0,0.17089974284172058,0.16932515054941177,0,0
retention_expiry,920,V32P-A006847,0,0.75366233587265019,0.77756569385528562,1,1
retention_expiry,921,V32P-A006848,0,0.68792588710784908,0.70865641832351689,1,1
retention_expiry,922,V32P-A006849,0,0.64731709957122807,0.65802131891250615,1,1
retention_expiry,923,V32P-A006850,0,0.67496097087860107,0.68523716926574707,1,1
retention_expiry,924,V32P-A006851,0,0.57030700445175175,0.56086570024490356,0,0
retention_expiry,925,V32P-A006852,0,0.034279701486229899,0.02665827814489603,0,0
retention_expiry,926,V32P-A006856,0,0.26744319796562194,0.29749652743339539,0,0
retention_expiry,927,V32P-A006857,0,0.19872166514396666,0.21819662749767305,0,0
retention_expiry,928,V32P-A006858,0,0.090558367222547537,0.089923187345266345,0,0
retention_expiry,929,V32P-A006883,0,0.83987429141998293,0.86202107667922978,1,1
retention_expiry,930,V32P-A006884,0,0.69145442247390743,0.72355680465698247,1,1
retention_expiry,931,V32P-A006885,0,0.81837970018386841,0.8387587904930115,1,1
retention_expiry,932,V32P-A006886,0,0.71033215522766113,0.73483386039733889,1,1
retention_expiry,933,V32P-A006887,0,0.64323574304580688,0.66444830894470219,1,1
retention_expiry,934,V32P-A006888,0,0.06591040529310703,0.053018148988485336,0,0
retention_expiry,935,V32P-A006898,0,0.33202793896198274,0.39760170280933382,0,0
retention_expiry,936,V32P-A006899,0,0.26293171346187594,0.32040094435214994,0,0
retention_expiry,937,V32P-A006900,0,0.12199888080358505,0.1358592003583908,0,0
retention_expiry,938,V32P-A006901,0,0.82027783393859866,0.85876307487487791,1,1
retention_expiry,939,V32P-A006902,0,0.71826798915863033,0.77038866281509399,1,1
retention_expiry,940,V32P-A006903,0,0.69823378324508667,0.75122853517532351,1,1
retention_expiry,941,V32P-A006904,0,0.69477701187133789,0.7413934111595154,1,1
retention_expiry,942,V32P-A006905,0,0.60266724228858948,0.64878942966461184,0,1
retention_expiry,943,V32P-A006906,0,0.3830876350402832,0.4112782061100006,0,0
retention_expiry,944,V32P-A006913,0,0.66370733976364138,0.69208008050918579,1,1
retention_expiry,945,V32P-A006914,0,0.55913242101669314,0.58309170007705691,0,0
retention_expiry,946,V32P-A006915,0,0.47367757558822632,0.49748227596282957,0,0
retention_expiry,947,V32P-A006916,0,0.39832465648651122,0.41401212215423583,0,0
retention_expiry,948,V32P-A006917,0,0.32023212313652039,0.33077258467674253,0,0
retention_expiry,949,V32P-A006918,0,0.12388931363821029,0.11580622792243958,0,0
retention_expiry,950,V32P-A006931,0,0.53107504844665532,0.59367364645004272,0,0
retention_expiry,951,V32P-A006932,0,0.5328316926956177,0.58966438770294194,0,0
retention_expiry,952,V32P-A006933,0,0.51595953106880188,0.56845265626907349,0,0
retention_expiry,953,V32P-A006934,0,0.45786259770393373,0.50567536354064946,0,0
retention_expiry,954,V32P-A006935,0,0.38905838727951048,0.42292413115501404,0,0
retention_expiry,955,V32P-A006936,0,0.17381713539361954,0.17401400506496428,0,0
retention_expiry,956,V32P-A006970,0,0.56763412952423098,0.55972632765769958,0,0
retention_expiry,957,V32P-A006971,0,0.53237716555595394,0.51579918861389162,0,0
retention_expiry,958,V32P-A006972,0,0.24101459681987764,0.21626037657260894,0,0
retention_expiry,959,V32P-A006982,0,0.68394384384155271,0.66440836191177366,1,1
retention_expiry,960,V32P-A006983,0,0.59328655004501341,0.56839349865913391,0,0
retention_expiry,961,V32P-A006984,0,0.038650138676166533,0.032072242908179761,0,0
retention_expiry,962,V32P-A007045,0,0.69065555334091189,0.73795813322067261,1,1
retention_expiry,963,V32P-A007046,0,0.53411972522735596,0.60934365987777706,0,0
retention_expiry,964,V32P-A007047,0,0.6633009791374207,0.71882750988006594,1,1
retention_expiry,965,V32P-A007048,0,0.46323506832122802,0.52637306451797483,0,0
retention_expiry,966,V32P-A007049,0,0.38061866462230681,0.43459061682224276,0,0
retention_expiry,967,V32P-A007050,0,0.19524443596601487,0.2025309383869171,0,0
retention_expiry,968,V32P-A007057,0,0.82748525142669682,0.84824811220169072,1,1
retention_expiry,969,V32P-A007058,0,0.65735465288162231,0.69477121829986577,1,1
retention_expiry,970,V32P-A007059,0,0.56632621288299556,0.61401044130325322,0,0
retention_expiry,971,V32P-A007060,0,0.50519378781318669,0.55030235052108767,0,0
retention_expiry,972,V32P-A007061,0,0.49224738478660585,0.53129305243492131,0,0
retention_expiry,973,V32P-A007062,0,0.22738342583179474,0.22572881579399109,0,0
retention_expiry,974,V32P-A007087,0,0.48370208144187926,0.53316465616226194,0,0
retention_expiry,975,V32P-A007088,0,0.50575307011604309,0.54792588949203491,0,0
retention_expiry,976,V32P-A007089,0,0.51119866967201233,0.54252176880836489,0,0
retention_expiry,977,V32P-A007090,0,0.45401217937469485,0.48308506608009338,0,0
retention_expiry,978,V32P-A007091,0,0.38966808915138246,0.41137003898620605,0,0
retention_expiry,979,V32P-A007092,0,0.18527570366859436,0.17950754165649413,0,0
retention_expiry,980,V32P-A007141,0,0.62452992200851443,0.66565469503402708,1,1
retention_expiry,981,V32P-A007142,0,0.49769186377525332,0.54991299510002134,0,0
retention_expiry,982,V32P-A007143,0,0.44335042238235473,0.50240654945373531,0,0
retention_expiry,983,V32P-A007144,0,0.4280156373977661,0.4797560155391693,0,0
retention_expiry,984,V32P-A007145,0,0.30435231328010559,0.3476587414741516,0,0
retention_expiry,985,V32P-A007146,0,0.14541241228580476,0.15181822478771209,0,0
retention_expiry,986,V32P-A007246,0,0.26330048143863677,0.2877406358718872,0,0
retention_expiry,987,V32P-A007247,0,0.20788130462169646,0.21846646666526795,0,0
retention_expiry,988,V32P-A007248,0,0.088142628222703939,0.082804509252309796,0,0
retention_expiry,989,V32P-A007267,0,0.58990030288696294,0.65625296831130986,0,1
retention_expiry,990,V32P-A007268,0,0.52632390856742861,0.60309041142463682,0,0
retention_expiry,991,V32P-A007269,0,0.57216836810112004,0.64130159020423894,0,1
retention_expiry,992,V32P-A007270,0,0.50326598882675166,0.56436911225318909,0,0
retention_expiry,993,V32P-A007271,0,0.42415469288825991,0.48047429323196411,0,0
retention_expiry,994,V32P-A007272,0,0.2247793346643448,0.23168538510799408,0,0
retention_expiry,995,V32P-A007405,0,0.70769869089126591,0.75129833221435549,1,1
retention_expiry,996,V32P-A007406,0,0.56597712635993958,0.61011410951614375,0,0
retention_expiry,997,V32P-A007407,0,0.47188289165496827,0.50096156597137453,0,0
retention_expiry,998,V32P-A007408,0,0.40379300713539124,0.4243127703666687,0,0
retention_expiry,999,V32P-A007409,0,0.37758973240852356,0.38999502658843993,0,0
retention_expiry,1000,V32P-A007410,0,0.1785140335559845,0.17177454829216005,0,0
retention_expiry,1001,V32P-A007468,0,0.51500566005706783,0.54690479040145878,0,0
retention_expiry,1002,V32P-A007469,0,0.44973608255386355,0.48267097473144532,0,0
retention_expiry,1003,V32P-A007470,0,0.21160813570022582,0.21552748382091522,0,0
retention_expiry,1004,V32P-A007579,1,0.77484456300735471,0.80523234605789185,1,1
retention_expiry,1005,V32P-A007580,1,0.65082460641860962,0.6925932765007019,1,1
retention_expiry,1006,V32P-A007581,1,0.54270015358924861,0.59613614678382876,0,0
retention_expiry,1007,V32P-A007582,0,0.10619578063488007,0.10019174665212631,0,0
retention_expiry,1008,V32P-A007583,0,0.080248919501900676,0.074881013110280031,0,0
retention_expiry,1009,V32P-A007584,0,0.036109204217791555,0.032968636043369769,0,0
retention_expiry,1010,V32P-A007603,0,0.77855893373489382,0.80759648084640501,1,1
retention_expiry,1011,V32P-A007604,0,0.70231765508651733,0.74036693572998047,1,1
retention_expiry,1012,V32P-A007605,0,0.7345114588737488,0.76778960227966309,1,1
retention_expiry,1013,V32P-A007606,0,0.75298870801925655,0.77402229309082027,1,1
retention_expiry,1014,V32P-A007607,0,0.63368616104125974,0.65292272567749021,1,1
retention_expiry,1015,V32P-A007608,0,0.051649954915046689,0.042037887498736382,0,0
retention_expiry,1016,V32P-A007693,0,0.62079025506973262,0.67807484865188594,1,1
retention_expiry,1017,V32P-A007694,0,0.60063869953155513,0.65901602506637569,0,1
retention_expiry,1018,V32P-A007695,0,0.57442418336868284,0.62872160673141475,0,1
retention_expiry,1019,V32P-A007696,0,0.49577409029006958,0.54563273191452022,0,0
retention_expiry,1020,V32P-A007697,0,0.41879534721374512,0.45959010720252991,0,0
retention_expiry,1021,V32P-A007698,0,0.19940547794103622,0.20647757649421691,0,0
retention_expiry,1022,V32P-A007729,0,0.6343579888343811,0.68062644004821782,1,1
retention_expiry,1023,V32P-A007730,0,0.63108365535736088,0.6676638126373291,1,1
retention_expiry,1024,V32P-A007731,0,0.5840364396572113,0.61039201021194456,0,0
retention_expiry,1025,V32P-A007732,0,0.51021966338157654,0.52069495320320125,0,0
retention_expiry,1026,V32P-A007733,0,0.42513567209243774,0.42817045450210572,0,0
retention_expiry,1027,V32P-A007734,0,0.18091620951890947,0.17216513752937318,0,0
retention_expiry,1028,V32P-A007957,0,0.54859907031059263,0.61099784374237065,0,0
retention_expiry,1029,V32P-A007958,0,0.51933858990669246,0.59122000336647029,0,0
retention_expiry,1030,V32P-A007959,0,0.41033245325088502,0.48962091803550722,0,0
retention_expiry,1031,V32P-A007960,0,0.36192764043807985,0.40901551246643064,0,0
retention_expiry,1032,V32P-A007961,0,0.28428955674171447,0.31085458993911741,0,0
retention_expiry,1033,V32P-A007962,0,0.11214718669652939,0.10779801309108734,0,0
retention_expiry,1034,V32P-A008044,0,0.48032850027084351,0.50280702114105225,0,0
retention_expiry,1035,V32P-A008045,1,0.39731407761573789,0.41337686777114868,0,0
retention_expiry,1036,V32P-A008046,0,0.03019778858870268,0.027464241348206998,0,0
retention_expiry,1037,V32P-A008121,0,0.5679690480232239,0.61788698434829714,0,0
retention_expiry,1038,V32P-A008122,0,0.45135103464126586,0.48577747941017152,0,0
retention_expiry,1039,V32P-A008123,0,0.37693966627120973,0.40429901182651518,0,0
retention_expiry,1040,V32P-A008124,0,0.17104435563087464,0.16810191422700882,0,0
retention_expiry,1041,V32P-A008167,0,0.62362792491912844,0.67634810209274288,1,1
retention_expiry,1042,V32P-A008168,0,0.53721804618835445,0.60898979306221013,0,0
retention_expiry,1043,V32P-A008169,0,0.42014185190200803,0.50584670901298523,0,0
retention_expiry,1044,V32P-A008170,0,0.35776639580726621,0.43364140391349792,0,0
retention_expiry,1045,V32P-A008171,0,0.33584754467010497,0.4017837166786194,0,0
retention_expiry,1046,V32P-A008172,0,0.19089908301830291,0.21238324046134949,0,0
retention_expiry,1047,V32P-A008191,1,0.45793520808219912,0.52189615964889524,0,0
retention_expiry,1048,V32P-A008192,1,0.32348127365112306,0.39064984917640688,0,0
retention_expiry,1049,V32P-A008193,1,0.27788846790790556,0.33173287808895113,0,0
retention_expiry,1050,V32P-A008194,0,0.048047807440161704,0.043716476485133174,0,0
retention_expiry,1051,V32P-A008195,0,0.039189915917813775,0.034569896571338174,0,0
retention_expiry,1052,V32P-A008196,0,0.016106881806626915,0.01361117367632687,0,0
retention_expiry,1053,V32P-A008203,0,0.75429580211639402,0.77991242408752437,1,1
retention_expiry,1054,V32P-A008204,0,0.65762972831726074,0.672696840763092,1,1
retention_expiry,1055,V32P-A008205,0,0.81201713085174565,0.82193247079849241,1,1
retention_expiry,1056,V32P-A008206,1,0.57583474516868594,0.58849065303802495,0,0
retention_expiry,1057,V32P-A008207,0,0.10474302694201469,0.093342455476522451,0,0
retention_expiry,1058,V32P-A008208,0,0.046207628585398196,0.040986171551048757,0,0
retention_expiry,1059,V32P-A008209,0,0.59178094863891606,0.62879195213317873,0,1
retention_expiry,1060,V32P-A008210,0,0.54700645208358767,0.58835251331329341,0,0
retention_expiry,1061,V32P-A008211,0,0.48336198329925539,0.52548249363899235,0,0
retention_expiry,1062,V32P-A008212,0,0.39730963706970213,0.43216149210929872,0,0
retention_expiry,1063,V32P-A008213,0,0.32539543509483337,0.34574388861656191,0,0
retention_expiry,1064,V32P-A008214,0,0.14752112179994584,0.14001677930355072,0,0
retention_expiry,1065,V32P-A008215,0,0.63064800500869755,0.65822358131408687,1,1
retention_expiry,1066,V32P-A008216,0,0.52177180647850041,0.55409746766090395,0,0
retention_expiry,1067,V32P-A008217,0,0.47730441689491271,0.50512746572494505,0,0
retention_expiry,1068,V32P-A008218,0,0.43479394912719727,0.4576211214065552,0,0
retention_expiry,1069,V32P-A008219,0,0.45485048294067382,0.46090603470802305,0,0
retention_expiry,1070,V32P-A008220,0,0.17545897960662843,0.16789827942848207,0,0
retention_expiry,1071,V32P-A008320,0,0.54118291735649104,0.57760225534439091,0,0
retention_expiry,1072,V32P-A008321,0,0.46005383133888245,0.48635306358337405,0,0
retention_expiry,1073,V32P-A008322,0,0.22479213178157806,0.2272011786699295,0,0
retention_expiry,1074,V32P-A008485,0,0.68946689367294312,0.73463904857635498,1,1
retention_expiry,1075,V32P-A008486,0,0.688916540145874,0.73270564079284672,1,1
retention_expiry,1076,V32P-A008487,0,0.70516734123229985,0.74461280107498173,1,1
retention_expiry,1077,V32P-A008488,0,0.68111630678176882,0.71893496513366695,1,1
retention_expiry,1078,V32P-A008489,0,0.55581842064857478,0.59421442151069637,0,0
retention_expiry,1079,V32P-A008490,0,0.053644031658768652,0.044596525095403197,0,0
retention_expiry,1080,V32P-A008535,0,0.63054491281509395,0.68495445251464848,1,1
retention_expiry,1081,V32P-A008536,0,0.6186029732227325,0.66867176890373226,0,1
retention_expiry,1082,V32P-A008537,0,0.46370319426059725,0.49487400949001314,0,0
retention_expiry,1083,V32P-A008538,0,0.2544118598103523,0.25129300504922869,0,0
retention_expiry,1084,V32P-A008629,0,0.68514202833175664,0.72379072904586794,1,1
retention_expiry,1085,V32P-A008630,0,0.59375785589218144,0.62808434963226323,0,1
retention_expiry,1086,V32P-A008631,0,0.55492614507675175,0.58627347946166997,0,0
retention_expiry,1087,V32P-A008632,0,0.54218617677688596,0.57025989294052126,0,0
retention_expiry,1088,V32P-A008633,0,0.48414366841316225,0.50781987309455867,0,0
retention_expiry,1089,V32P-A008634,0,0.032108712382614611,0.026008559484034778,0,0
retention_expiry,1090,V32P-A008674,0,0.53189579248428343,0.56153887510299683,0,0
retention_expiry,1091,V32P-A008675,0,0.48575206398963927,0.50276316404342647,0,0
retention_expiry,1092,V32P-A008676,0,0.27919907867908478,0.27242412865161897,0,0
retention_expiry,1093,V32P-A008683,0,0.64421452283859248,0.6622408509254456,1,1
retention_expiry,1094,V32P-A008684,0,0.61518412828445435,0.63025544881820683,0,1
retention_expiry,1095,V32P-A008685,0,0.55147968530654912,0.56179012060165401,0,0
retention_expiry,1096,V32P-A008686,0,0.4398435652256012,0.43754810094833374,0,0
retention_expiry,1097,V32P-A008687,1,0.34736826717853547,0.33947728872299193,0,0
retention_expiry,1098,V32P-A008688,0,0.026016646064817905,0.021388494689017535,0,0
retention_expiry,1099,V32P-A008701,0,0.58425216078758235,0.65445820093154905,0,1
retention_expiry,1100,V32P-A008702,0,0.57838000059127803,0.64433577060699465,0,1
retention_expiry,1101,V32P-A008703,0,0.56687948107719421,0.62987318038940432,0,1
retention_expiry,1102,V32P-A008704,0,0.51959996223449711,0.57672557234764099,0,0
retention_expiry,1103,V32P-A008705,0,0.4350061774253845,0.48498381376266481,0,0
retention_expiry,1104,V32P-A008706,0,0.2117534801363945,0.21532445698976516,0,0
retention_expiry,1105,V32P-A008751,0,0.39905774593353271,0.45227318406105044,0,0
retention_expiry,1106,V32P-A008752,0,0.31514371931552887,0.35805526673793792,0,0
retention_expiry,1107,V32P-A008753,0,0.24194731712341308,0.26430848538875579,0,0
retention_expiry,1108,V32P-A008754,0,0.10618670433759689,0.099765485525131231,0,0
retention_expiry,1109,V32P-A008761,0,0.58284885287284849,0.63592523336410522,0,1
retention_expiry,1110,V32P-A008762,0,0.45934976935386657,0.5197648763656616,0,0
retention_expiry,1111,V32P-A008763,0,0.38352169394493102,0.43245593309402464,0,0
retention_expiry,1112,V32P-A008764,0,0.30143785178661348,0.33831994533538817,0,0
retention_expiry,1113,V32P-A008765,0,0.27000315785408019,0.29805628657341005,0,0
retention_expiry,1114,V32P-A008766,0,0.1479788064956665,0.15088479369878768,0,0
retention_expiry,1115,V32P-A008800,0,0.29067437648773192,0.30951063036918641,0,0
retention_expiry,1116,V32P-A008801,0,0.22718494534492492,0.23549885898828507,0,0
retention_expiry,1117,V32P-A008802,0,0.108073740452528,0.10298288762569427,0,0
retention_expiry,1118,V32P-A008833,0,0.81213377714157109,0.84092558622360225,1,1
retention_expiry,1119,V32P-A008834,0,0.71134208440780644,0.74741230010986326,1,1
retention_expiry,1120,V32P-A008835,0,0.67130068540573118,0.71567687988281248,1,1
retention_expiry,1121,V32P-A008836,0,0.70956417322158816,0.75145491361618044,1,1
retention_expiry,1122,V32P-A008837,0,0.64567233324050899,0.68286924362182622,1,1
retention_expiry,1123,V32P-A008838,0,0.35000033378601075,0.35015495121479034,0,0
retention_expiry,1124,V32P-A008854,0,0.48826287388801576,0.48128643035888674,0,0
retention_expiry,1125,V32P-A008855,0,0.38111662268638613,0.36844938397407534,0,0
retention_expiry,1126,V32P-A008856,0,0.15543721169233321,0.14011545628309249,0,0
retention_expiry,1127,V32P-A008889,0,0.66811655759811406,0.67629827260971065,1,1
retention_expiry,1128,V32P-A008890,0,0.58920776844024658,0.60257912874221797,0,0
retention_expiry,1129,V32P-A008891,0,0.49668681621551514,0.5074397206306458,0,0
retention_expiry,1130,V32P-A008892,0,0.23001352846622466,0.21439191699028015,0,0
retention_expiry,1131,V32P-A008896,0,0.35303052067756652,0.39890946149826051,0,0
retention_expiry,1132,V32P-A008897,0,0.34937236309051511,0.38449604511260987,0,0
retention_expiry,1133,V32P-A008898,0,0.11206801980733871,0.10811021775007248,0,0
retention_expiry,1134,V32P-A008911,0,0.72813525199890139,0.75669322013854978,1,1
retention_expiry,1135,V32P-A008912,0,0.49549571275711057,0.53615004420280454,0,0
retention_expiry,1136,V32P-A008913,0,0.47303687334060668,0.50791604518890376,0,0
retention_expiry,1137,V32P-A008914,0,0.38422287702560426,0.40736261606216428,0,0
retention_expiry,1138,V32P-A008915,0,0.29596035182476044,0.30939243733882904,0,0
retention_expiry,1139,V32P-A008916,0,0.128023724257946,0.12184215635061264,0,0
retention_expiry,1140,V32P-A008917,0,0.44271343350410464,0.50177059173583982,0,0
retention_expiry,1141,V32P-A008918,0,0.40946242213249207,0.46693245768547059,0,0
retention_expiry,1142,V32P-A008919,0,0.36526609659194947,0.41462292075157164,0,0
retention_expiry,1143,V32P-A008920,0,0.29585613310337067,0.32999595403671267,0,0
retention_expiry,1144,V32P-A008921,0,0.22313085794448853,0.24106585681438447,0,0
retention_expiry,1145,V32P-A008922,0,0.10097046419978142,0.098217938840389249,0,0
retention_expiry,1146,V32P-A008925,1,0.52602151632308958,0.55163030624389653,0,0
retention_expiry,1147,V32P-A008926,0,0.085825458168983459,0.078789301216602325,0,0
retention_expiry,1148,V32P-A008927,0,0.065940593183040616,0.059890817478299142,0,0
retention_expiry,1149,V32P-A008928,0,0.030139063671231269,0.026832455024123191,0,0
retention_expiry,1150,V32P-A008931,0,0.30023077130317688,0.34902304112911225,0,0
retention_expiry,1151,V32P-A008932,0,0.24126950949430465,0.27698979228734971,0,0
retention_expiry,1152,V32P-A008933,0,0.211052505671978,0.23388275355100632,0,0
retention_expiry,1153,V32P-A008934,0,0.1099247582256794,0.11020942479372024,0,0
retention_expiry,1154,V32P-A008959,1,0.51227697730064392,0.56970663070678706,0,0
retention_expiry,1155,V32P-A008960,1,0.40067604184150696,0.45862987041473391,0,0
retention_expiry,1156,V32P-A008961,1,0.3518608182668686,0.40184958577156066,0,0
retention_expiry,1157,V32P-A008962,0,0.083006937429308897,0.0782131802290678,0,0
retention_expiry,1158,V32P-A008963,0,0.062270247563719752,0.057982470095157626,0,0
retention_expiry,1159,V32P-A008964,0,0.028742673899978401,0.026199393719434739,0,0
retention_expiry,1160,V32P-A008983,0,0.60214117765426634,0.63839977979660034,0,1
retention_expiry,1161,V32P-A008984,0,0.48162620663642886,0.50986701250076294,0,0
retention_expiry,1162,V32P-A008985,0,0.43791977167129514,0.45828692913055419,0,0
retention_expiry,1163,V32P-A008986,0,0.33853334188461304,0.34581655263900757,0,0
retention_expiry,1164,V32P-A008987,0,0.26317867636680603,0.26125997602939605,0,0
retention_expiry,1165,V32P-A008988,0,0.098888745903968817,0.090393524616956711,0,0
retention_expiry,1166,V32P-A009007,0,0.59247696399688721,0.62839119434356694,0,1
retention_expiry,1167,V32P-A009008,0,0.50255650281906128,0.54179839491844173,0,0
retention_expiry,1168,V32P-A009009,0,0.47297002077102662,0.50652027726173399,0,0
retention_expiry,1169,V32P-A009010,0,0.39354196786880491,0.42004532217979429,0,0
retention_expiry,1170,V32P-A009011,0,0.32376947104930875,0.34010895788669587,0,0
retention_expiry,1171,V32P-A009012,0,0.14410509616136552,0.13892514109611512,0,0
retention_expiry,1172,V32P-A009033,0,0.41238097548484803,0.47121765017509459,0,0
retention_expiry,1173,V32P-A009034,0,0.36068633794784544,0.40379008650779724,0,0
retention_expiry,1174,V32P-A009035,0,0.34101028144359591,0.36996697187423705,0,0
retention_expiry,1175,V32P-A009036,0,0.16042875945568086,0.15877794176340104,0,0
retention_expiry,1176,V32P-A009052,0,0.51271005868911745,0.55791696310043337,0,0
retention_expiry,1177,V32P-A009053,0,0.45798419117927552,0.48984484672546386,0,0
retention_expiry,1178,V32P-A009054,0,0.24692392051219941,0.24937628209590912,0,0
retention_expiry,1179,V32P-A009076,0,0.45549093484878539,0.49368267059326171,0,0
retention_expiry,1180,V32P-A009077,0,0.38479071557521821,0.4122841775417328,0,0
retention_expiry,1181,V32P-A009078,0,0.18432704806327821,0.17824173867702484,0,0
retention_expiry,1182,V32P-A009118,0,0.46909231543540952,0.4881471633911133,0,0
retention_expiry,1183,V32P-A009119,0,0.41156100034713744,0.42553504705429079,0,0
retention_expiry,1184,V32P-A009120,0,0.15076367557048798,0.15300427004694939,0,0
retention_expiry,1185,V32P-A009184,0,0.082872211188077929,0.078970480710268021,0,0
retention_expiry,1186,V32P-A009185,0,0.060697840899229048,0.055599232017993924,0,0
retention_expiry,1187,V32P-A009186,0,0.026071166247129442,0.022838999517261982,0,0
retention_expiry,1188,V32P-A009271,0,0.6362049341201782,0.66559942960739138,1,1
retention_expiry,1189,V32P-A009272,0,0.57274059057235716,0.59950164556503294,0,0
retention_expiry,1190,V32P-A009273,0,0.51731684803962708,0.53970559239387517,0,0
retention_expiry,1191,V32P-A009274,0,0.57884096503257754,0.5914151251316071,0,0
retention_expiry,1192,V32P-A009275,0,0.56542065143585207,0.57143009305000303,0,0
retention_expiry,1193,V32P-A009276,0,0.34910042285919191,0.33577281832695005,0,0
retention_expiry,1194,V32P-A009319,0,0.65922781229019167,0.6968330860137939,1,1
retention_expiry,1195,V32P-A009320,0,0.43817582130432131,0.49220138192176821,0,0
retention_expiry,1196,V32P-A009321,0,0.42040901780128481,0.44254233837127688,0,0
retention_expiry,1197,V32P-A009322,0,0.32154780030250552,0.33293635845184327,0,0
retention_expiry,1198,V32P-A009323,0,0.26441971361637118,0.26833398640155792,0,0
retention_expiry,1199,V32P-A009324,0,0.10083974599838257,0.09701737985014916,0,0
retention_expiry,1200,V32P-A009355,0,0.65527718067169194,0.69033296108245845,1,1
retention_expiry,1201,V32P-A009356,0,0.60610423088073728,0.63853495121002202,0,1
retention_expiry,1202,V32P-A009357,0,0.5718353748321533,0.60027711391448979,0,0
retention_expiry,1203,V32P-A009358,0,0.5390178322792053,0.56210252642631531,0,0
retention_expiry,1204,V32P-A009359,0,0.49968073368072508,0.5138194799423218,0,0
retention_expiry,1205,V32P-A009360,0,0.23907206654548646,0.22757121324539184,0,0
retention_expiry,1206,V32P-A009381,0,0.15953102111816406,0.16038794219493865,0,0
retention_expiry,1207,V32P-A009382,0,0.12588157653808593,0.12075634896755219,0,0
retention_expiry,1208,V32P-A009383,0,0.084028647094964978,0.077132894098758703,0,0
retention_expiry,1209,V32P-A009384,0,0.034994689375162126,0.030358794145286083,0,0
retention_expiry,1210,V32P-A009393,0,0.4500104308128357,0.48609254956245423,0,0
retention_expiry,1211,V32P-A009394,0,0.58443179726600647,0.59508138298988345,0,0
retention_expiry,1212,V32P-A009395,0,0.3167402595281601,0.33461863398551939,0,0
retention_expiry,1213,V32P-A009396,0,0.13762521296739577,0.1359137013554573,0,0
retention_expiry,1214,V32P-A009403,0,0.49956942200660703,0.59460594654083254,0,0
retention_expiry,1215,V32P-A009404,0,0.54510209560394285,0.62084339857101445,0,1
retention_expiry,1216,V32P-A009405,0,0.49703311920166016,0.56929702162742613,0,0
retention_expiry,1217,V32P-A009406,0,0.41463137865066529,0.47574896216392515,0,0
retention_expiry,1218,V32P-A009407,0,0.32537267208099363,0.36887065172195432,0,0
retention_expiry,1219,V32P-A009408,0,0.1424397960305214,0.14779162704944609,0,0
retention_expiry,1220,V32P-A009409,0,0.51497741341590886,0.54483850002288814,0,0
retention_expiry,1221,V32P-A009410,0,0.48046364188194274,0.5125149011611938,0,0
retention_expiry,1222,V32P-A009411,0,0.37157441377639772,0.39796107411384585,0,0
retention_expiry,1223,V32P-A009412,0,0.28670802712440491,0.30339868366718292,0,0
retention_expiry,1224,V32P-A009413,1,0.21905440986156463,0.22878636717796325,0,0
retention_expiry,1225,V32P-A009414,0,0.014876286312937737,0.013144835177809001,0,0
retention_expiry,1226,V32P-A009499,0,0.55558975934982302,0.61709430217742922,0,0
retention_expiry,1227,V32P-A009500,0,0.54900695085525508,0.612882387638092,0,0
retention_expiry,1228,V32P-A009501,0,0.41569844484329221,0.49111139178276064,0,0
retention_expiry,1229,V32P-A009502,0,0.40755608081817629,0.46573483347892763,0,0
retention_expiry,1230,V32P-A009503,0,0.32283378243446348,0.37047815322875977,0,0
retention_expiry,1231,V32P-A009504,0,0.14344020336866378,0.14850858449935914,0,0
retention_expiry,1232,V32P-A009508,0,0.41760398745536803,0.46595427989959715,0,0
retention_expiry,1233,V32P-A009509,0,0.32540454566478727,0.35551545619964597,0,0
retention_expiry,1234,V32P-A009510,0,0.16802203208208083,0.16093073189258575,0,0
retention_expiry,1235,V32P-A009601,0,0.41988446116447448,0.46045352220535279,0,0
retention_expiry,1236,V32P-A009602,0,0.53384603857994084,0.56782964468002317,0,0
retention_expiry,1237,V32P-A009603,0,0.49565532207489016,0.52344707846641536,0,0
retention_expiry,1238,V32P-A009604,0,0.43309184312820437,0.45465828180313111,0,0
retention_expiry,1239,V32P-A009605,0,0.36706934571266175,0.3885938048362732,0,0
retention_expiry,1240,V32P-A009606,0,0.17893973439931871,0.17267394363880156,0,0
retention_expiry,1241,V32P-A009649,0,0.72152057886123655,0.7614564180374146,1,1
retention_expiry,1242,V32P-A009650,0,0.50329401493072512,0.56802308559417725,0,0
retention_expiry,1243,V32P-A009651,0,0.59640083312988279,0.65192291736602781,0,1
retention_expiry,1244,V32P-A009652,0,0.37422547936439515,0.44146201014518738,0,0
retention_expiry,1245,V32P-A009653,0,0.3199348270893097,0.38038169145584105,0,0
retention_expiry,1246,V32P-A009654,0,0.15654337406158447,0.16323946416378021,0,0
retention_expiry,1247,V32P-A009670,0,0.57103353142738345,0.58792642354965208,0,0
retention_expiry,1248,V32P-A009671,0,0.54307245016098027,0.55539371371269231,0,0
retention_expiry,1249,V32P-A009672,0,0.21511913239955902,0.19718800932168962,0,0
retention_expiry,1250,V32P-A009692,0,0.4903762459754944,0.53005830049514768,0,0
retention_expiry,1251,V32P-A009693,0,0.45693033337593081,0.48505516052246095,0,0
retention_expiry,1252,V32P-A009694,1,0.3873696982860565,0.40233436822891233,0,0
retention_expiry,1253,V32P-A009695,0,0.051834574341773985,0.043506152927875519,0,0
retention_expiry,1254,V32P-A009696,0,0.021880250982940198,0.017607611231505872,0,0
retention_expiry,1255,V32P-A009703,0,0.76998211145400997,0.78834855556488037,1,1
retention_expiry,1256,V32P-A009704,0,0.6748601078987122,0.69407173395156863,1,1
retention_expiry,1257,V32P-A009705,0,0.63979719877243046,0.65897656679153438,1,1
retention_expiry,1258,V32P-A009706,0,0.64642755985260014,0.6617712259292603,1,1
retention_expiry,1259,V32P-A009707,0,0.60119688510894775,0.61902894973754885,0,0
retention_expiry,1260,V32P-A009708,0,0.28646623492240908,0.27609993219375611,0,0
retention_expiry,1261,V32P-A009729,0,0.44309378862380983,0.5265923082828522,0,0
retention_expiry,1262,V32P-A009730,0,0.36839516162872316,0.44373604655265808,0,0
retention_expiry,1263,V32P-A009731,0,0.29702358543872831,0.35320670902729034,0,0
retention_expiry,1264,V32P-A009732,0,0.035165872611105445,0.03120011053979397,0,0
retention_expiry,1265,V32P-A009763,0,0.71576471328735347,0.74913076162338255,1,1
retention_expiry,1266,V32P-A009764,0,0.48699634671211245,0.53984377980232234,0,0
retention_expiry,1267,V32P-A009765,0,0.46054224371910096,0.51446893215179446,0,0
retention_expiry,1268,V32P-A009766,0,0.39109235405921938,0.44123817682266236,0,0
retention_expiry,1269,V32P-A009767,0,0.31024874150753023,0.34143725633621214,0,0
retention_expiry,1270,V32P-A009768,0,0.1397854968905449,0.13916912972927092,0,0
retention_expiry,1271,V32P-A009781,0,0.74637537002563481,0.78905638456344607,1,1
retention_expiry,1272,V32P-A009782,0,0.62193959951400757,0.67906476259231563,1,1
retention_expiry,1273,V32P-A009783,0,0.50693285465240479,0.58065589666366579,0,0
retention_expiry,1274,V32P-A009784,1,0.43299795389175416,0.50828660726547237,0,0
retention_expiry,1275,V32P-A009785,0,0.079347196221351626,0.072718951851129532,0,0
retention_expiry,1276,V32P-A009786,0,0.037181210331618787,0.032998520508408548,0,0
retention_expiry,1277,V32P-A009787,0,0.63295634984970095,0.702286159992218,1,1
retention_expiry,1278,V32P-A009788,0,0.56998260021209712,0.62981622219085698,0,1
retention_expiry,1279,V32P-A009789,0,0.49447591900825499,0.55072318315505986,0,0
retention_expiry,1280,V32P-A009790,0,0.41325538158416747,0.45718610882759092,0,0
retention_expiry,1281,V32P-A009791,0,0.37648590505123136,0.42367657423019411,0,0
retention_expiry,1282,V32P-A009792,0,0.14636289030313493,0.14507644772529601,0,0
retention_expiry,1283,V32P-A009799,1,0.77176877260208132,0.784123158454895,1,1
retention_expiry,1284,V32P-A009800,1,0.66687707901000981,0.68413063287734988,1,1
retention_expiry,1285,V32P-A009801,1,0.71738617420196538,0.74163601398468015,1,1
retention_expiry,1286,V32P-A009802,0,0.10707894265651703,0.097323499619960785,0,0
retention_expiry,1287,V32P-A009803,0,0.080241297185420987,0.071463171020150179,0,0
retention_expiry,1288,V32P-A009804,0,0.036479120701551439,0.031180661730468275,0,0
retention_expiry,1289,V32P-A009837,0,0.56504493951797485,0.59205248951911926,0,0
retention_expiry,1290,V32P-A009838,0,0.49464004039764403,0.4986292362213135,0,0
retention_expiry,1291,V32P-A009839,0,0.41642993688583374,0.41958678960800172,0,0
retention_expiry,1292,V32P-A009840,0,0.19534411877393723,0.18602514564990996,0,0
retention_expiry,1293,V32P-A009866,0,0.61099392175674438,0.64853203296661377,0,1
retention_expiry,1294,V32P-A009867,0,0.692552638053894,0.7158732056617737,1,1
retention_expiry,1295,V32P-A009868,0,0.66817957162857056,0.69600651264190672,1,1
retention_expiry,1296,V32P-A009869,0,0.47467340826988219,0.51609705686569218,0,0
retention_expiry,1297,V32P-A009870,0,0.03792029097676277,0.033964124135673047,0,0
retention_expiry,1298,V32P-A009901,0,0.67958966493606565,0.71201572418212888,1,1
retention_expiry,1299,V32P-A009902,0,0.79412127733230586,0.81590671539306636,1,1
retention_expiry,1300,V32P-A009903,0,0.66230580806732176,0.68602277040481563,1,1
retention_expiry,1301,V32P-A009904,0,0.6308575510978699,0.65375789403915407,1,1
retention_expiry,1302,V32P-A009905,1,0.55145333409309383,0.57196435928344724,0,0
retention_expiry,1303,V32P-A009906,0,0.040477516502141951,0.034633840993046762,0,0
retention_expiry,1304,V32P-A009907,0,0.40843992829322817,0.48348324298858641,0,0
retention_expiry,1305,V32P-A009908,0,0.3420766919851303,0.42655098736286162,0,0
retention_expiry,1306,V32P-A009909,0,0.35285908579826353,0.43227127790451048,0,0
retention_expiry,1307,V32P-A009910,0,0.29035235345363619,0.36295962929725645,0,0
retention_expiry,1308,V32P-A009911,0,0.23348820805549622,0.28455823361873628,0,0
retention_expiry,1309,V32P-A009912,0,0.12195332795381546,0.12952693104743956,0,0
retention_expiry,1310,V32P-A009919,0,0.66056622266769405,0.68989182710647579,1,1
retention_expiry,1311,V32P-A009920,0,0.46610776185989378,0.51338751316070552,0,0
retention_expiry,1312,V32P-A009921,0,0.38312014937400818,0.43310893774032594,0,0
retention_expiry,1313,V32P-A009922,0,0.42437068223953245,0.47113457918167112,0,0
retention_expiry,1314,V32P-A009923,0,0.36903964579105375,0.4010001838207245,0,0
retention_expiry,1315,V32P-A009924,0,0.19895756095647812,0.19845022857189179,0,0
retention_expiry,1316,V32P-A009969,0,0.62314771413803105,0.63623243570327759,1,1
retention_expiry,1317,V32P-A009970,0,0.58582930564880376,0.59137828350067134,0,0
retention_expiry,1318,V32P-A009971,0,0.49842307567596433,0.49411744475364683,0,0
retention_expiry,1319,V32P-A009972,0,0.26294792294502256,0.2438216507434845,0,0
retention_expiry,1320,V32P-A009976,0,0.30522430539131162,0.33779823184013369,0,0
retention_expiry,1321,V32P-A009977,0,0.23509563505649567,0.25375409722328185,0,0
retention_expiry,1322,V32P-A009978,0,0.10594424605369568,0.09957341402769089,0,0
retention_expiry,1323,V32P-A010000,0,0.64923064708709721,0.65735664367675783,1,1
retention_expiry,1324,V32P-A010001,0,0.54844115972518925,0.55693527460098269,0,0
retention_expiry,1325,V32P-A010002,0,0.2782557398080826,0.27279318571090699,0,0
retention_expiry,1326,V32P-A010105,0,0.69080687165260313,0.71120315194129946,1,1
retention_expiry,1327,V32P-A010106,0,0.6336059987545013,0.65619787573814392,1,1
retention_expiry,1328,V32P-A010107,0,0.58624267578125,0.61127058267593382,0,0
retention_expiry,1329,V32P-A010108,1,0.5040835857391357,0.52812504768371582,0,0
retention_expiry,1330,V32P-A010109,0,0.0853337837383151,0.078960452601313597,0,0
retention_expiry,1331,V32P-A010110,0,0.039453561510890724,0.036264702770859004,0,0
retention_expiry,1332,V32P-A010153,0,0.79394817352294922,0.81140253543853758,1,1
retention_expiry,1333,V32P-A010154,0,0.64562013745307922,0.67027007937431338,1,1
retention_expiry,1334,V32P-A010155,0,0.57978984117507937,0.61177211999893188,0,0
retention_expiry,1335,V32P-A010156,0,0.61322754025459292,0.63735156655311587,0,1
retention_expiry,1336,V32P-A010157,0,0.57298679947853093,0.5892725348472595,0,0
retention_expiry,1337,V32P-A010158,0,0.35730255842208863,0.35615227818489076,0,0
retention_expiry,1338,V32P-A010171,0,0.44128693342208863,0.47214384675025939,0,0
retention_expiry,1339,V32P-A010172,0,0.47122713923454285,0.49747418165206908,0,0
retention_expiry,1340,V32P-A010173,0,0.44432030320167543,0.4691172420978546,0,0
retention_expiry,1341,V32P-A010174,0,0.31192695796489717,0.33284238576889036,0,0
retention_expiry,1342,V32P-A010175,0,0.23688728213310242,0.24510064721107483,0,0
retention_expiry,1343,V32P-A010176,0,0.10303806960582733,0.0961134172976017,0,0
retention_expiry,1344,V32P-A010231,0,0.77024383544921871,0.80655666589736941,1,1
retention_expiry,1345,V32P-A010232,0,0.69835548400878911,0.7403660893440247,1,1
retention_expiry,1346,V32P-A010233,0,0.6500225186347961,0.69992519617080684,1,1
retention_expiry,1347,V32P-A010234,0,0.59689553380012517,0.65201067924499512,0,1
retention_expiry,1348,V32P-A010235,1,0.58633200526237483,0.63655480146408083,0,1
retention_expiry,1349,V32P-A010236,0,0.062285879999399184,0.052841714024543761,0,0
retention_expiry,1350,V32P-A010293,0,0.56534838676452637,0.59996472597122197,0,0
retention_expiry,1351,V32P-A010294,0,0.49005475044250491,0.51557601690292354,0,0
retention_expiry,1352,V32P-A010295,1,0.46162374615669249,0.47811429500579833,0,0
retention_expiry,1353,V32P-A010296,0,0.035475832223892209,0.030737846903502942,0,0
retention_expiry,1354,V32P-A010297,0,0.61531742811203005,0.66015211343765257,0,1
retention_expiry,1355,V32P-A010298,0,0.57458909749984743,0.61530723571777346,0,0
retention_expiry,1356,V32P-A010299,0,0.5251748263835907,0.55859624147415166,0,0
retention_expiry,1357,V32P-A010300,0,0.41493618488311768,0.43482035398483276,0,0
retention_expiry,1358,V32P-A010301,0,0.3647966504096985,0.37536326050758362,0,0
retention_expiry,1359,V32P-A010302,0,0.16037729680538176,0.14865112900733948,0,0
retention_expiry,1360,V32P-A010309,0,0.41432338356971743,0.49814069867134092,0,0
retention_expiry,1361,V32P-A010310,0,0.4706605076789856,0.55011383295059202,0,0
retention_expiry,1362,V32P-A010311,0,0.46522254347801206,0.5372580468654633,0,0
retention_expiry,1363,V32P-A010312,0,0.40415315032005311,0.46218666434288025,0,0
retention_expiry,1364,V32P-A010313,0,0.33700326979160311,0.38045992255210875,0,0
retention_expiry,1365,V32P-A010314,0,0.15351690948009492,0.15752825587987901,0,0
retention_expiry,1366,V32P-A010366,0,0.27587513327598573,0.31328500211238863,0,0
retention_expiry,1367,V32P-A010367,1,0.21949226260185242,0.23376678228378295,0,0
retention_expiry,1368,V32P-A010368,0,0.017914313077926635,0.015670836064964534,0,0
retention_expiry,1369,V32P-A010384,0,0.70199773311614988,0.72564829587936397,1,1
retention_expiry,1370,V32P-A010385,1,0.61615968942642207,0.64629315137863164,0,1
retention_expiry,1371,V32P-A010386,0,0.062150803953409196,0.0571703065186739,0,0
retention_expiry,1372,V32P-A010429,0,0.6145994305610657,0.65909922122955322,0,1
retention_expiry,1373,V32P-A010430,0,0.5792253732681274,0.62895441055297852,0,1
retention_expiry,1374,V32P-A010431,0,0.572782963514328,0.62109518051147461,0,1
retention_expiry,1375,V32P-A010432,0,0.438380229473114,0.47934106588363645,0,0
retention_expiry,1376,V32P-A010433,0,0.3144604593515396,0.33568685054779052,0,0
retention_expiry,1377,V32P-A010434,0,0.13257722556591034,0.12749598175287247,0,0
retention_expiry,1378,V32P-A010447,0,0.58303653001785283,0.62159430980682373,0,1
retention_expiry,1379,V32P-A010448,0,0.42138607501983644,0.46975610256195066,0,0
retention_expiry,1380,V32P-A010449,0,0.36085010468959811,0.39525192081928251,0,0
retention_expiry,1381,V32P-A010450,0,0.30841357111930845,0.33415032029151914,0,0
retention_expiry,1382,V32P-A010451,0,0.2967676132917404,0.31968230009078979,0,0
retention_expiry,1383,V32P-A010452,0,0.12723941057920457,0.12298619896173477,0,0
retention_expiry,1384,V32P-A010507,1,0.74498217105865483,0.75972868204116817,1,1
retention_expiry,1385,V32P-A010508,1,0.74709345102310176,0.75789798498153682,1,1
retention_expiry,1386,V32P-A010509,1,0.76623936891555788,0.77334687709808347,1,1
retention_expiry,1387,V32P-A010510,0,0.12585616558790208,0.1079811193048954,0,0
retention_expiry,1388,V32P-A010511,0,0.084687439724802971,0.071758534759283066,0,0
retention_expiry,1389,V32P-A010512,0,0.038629886880517009,0.031912726722657679,0,0
retention_expiry,1390,V32P-A010551,0,0.45788971781730653,0.49664914608001709,0,0
retention_expiry,1391,V32P-A010552,0,0.48200358748435973,0.51347936987876897,0,0
retention_expiry,1392,V32P-A010553,1,0.42007483243942262,0.44218819737434389,0,0
retention_expiry,1393,V32P-A010554,0,0.038312202692031859,0.034825896285474299,0,0
retention_expiry,1394,V32P-A010611,0,0.36396321654319763,0.41575014591217041,0,0
retention_expiry,1395,V32P-A010612,0,0.31480858027935027,0.34648434519767762,0,0
retention_expiry,1396,V32P-A010613,0,0.24737241566181184,0.26265622973442077,0,0
retention_expiry,1397,V32P-A010614,0,0.10955940037965775,0.10865395218133926,0,0
retention_expiry,1398,V32P-A010615,0,0.82849138975143433,0.85165196657180786,1,1
retention_expiry,1399,V32P-A010616,0,0.6857625484466553,0.72485487461090092,1,1
retention_expiry,1400,V32P-A010617,0,0.55695613026618962,0.59859569072723384,0,0
retention_expiry,1401,V32P-A010618,0,0.49523467421531675,0.54718760848045345,0,0
retention_expiry,1402,V32P-A010619,0,0.46272130608558654,0.5012035071849823,0,0
retention_expiry,1403,V32P-A010620,0,0.17917172908782958,0.18039990961551666,0,0
retention_expiry,1404,V32P-A010699,1,0.67838416099548338,0.7393562436103821,1,1
retention_expiry,1405,V32P-A010700,1,0.58738986253738401,0.66968035697937012,0,1
retention_expiry,1406,V32P-A010701,1,0.62863988876342769,0.69912613630294795,1,1
retention_expiry,1407,V32P-A010702,0,0.1760677844285965,0.17948684990406036,0,0
retention_expiry,1408,V32P-A010703,0,0.097695644944906235,0.093015807121992117,0,0
retention_expiry,1409,V32P-A010704,0,0.043799818865954875,0.040319345518946649,0,0
retention_expiry,1410,V32P-A010741,0,0.84964635372161867,0.86530299186706539,1,1
retention_expiry,1411,V32P-A010742,0,0.74640182256698606,0.75431914329528804,1,1
retention_expiry,1412,V32P-A010743,0,0.64109808206558228,0.67179281711578365,1,1
retention_expiry,1413,V32P-A010744,0,0.62975078821182251,0.6410231471061707,1,1
retention_expiry,1414,V32P-A010745,0,0.58199561834335323,0.59530459642410283,0,0
retention_expiry,1415,V32P-A010746,0,0.25136203765869142,0.23905514031648636,0,0
retention_expiry,1416,V32P-A010831,0,0.74844205379486084,0.77184386253356929,1,1
retention_expiry,1417,V32P-A010832,0,0.5774504959583282,0.5993721544742584,0,0
retention_expiry,1418,V32P-A010833,0,0.46541457176208495,0.4962379574775696,0,0
retention_expiry,1419,V32P-A010834,0,0.55234147310256954,0.58255051970481875,0,0
retention_expiry,1420,V32P-A010835,0,0.34928531646728517,0.3617819517850876,0,0
retention_expiry,1421,V32P-A010836,0,0.15131834894418716,0.14464530348777771,0,0
retention_expiry,1422,V32P-A010873,0,0.65087105035781856,0.70022522211074834,1,1
retention_expiry,1423,V32P-A010874,0,0.64173702001571653,0.68985066413879392,1,1
retention_expiry,1424,V32P-A010875,0,0.65560308694839475,0.69463826417922969,1,1
retention_expiry,1425,V32P-A010876,0,0.63937731981277468,0.67296441793441775,1,1
retention_expiry,1426,V32P-A010877,0,0.60306452512741093,0.63230069875717165,0,1
retention_expiry,1427,V32P-A010878,0,0.39406166076660154,0.38386243581771851,0,0
retention_expiry,1428,V32P-A010903,0,0.40144384503364561,0.45888953208923339,0,0
retention_expiry,1429,V32P-A010904,0,0.49436249732971194,0.53567066788673401,0,0
retention_expiry,1430,V32P-A010905,0,0.47233479619026186,0.51391080617904661,0,0
retention_expiry,1431,V32P-A010906,0,0.41278952956199644,0.44620828628540038,0,0
retention_expiry,1432,V32P-A010907,0,0.34589077830314635,0.37088606357574461,0,0
retention_expiry,1433,V32P-A010908,0,0.027708936110138895,0.025519591104239226,0,0
retention_expiry,1434,V32P-A010953,0,0.62032375335693357,0.66735917329788208,1,1
retention_expiry,1435,V32P-A010954,0,0.54122065901756289,0.58855772018432617,0,0
retention_expiry,1436,V32P-A010955,1,0.46637508273124695,0.50871377587318423,0,0
retention_expiry,1437,V32P-A010956,0,0.040665617957711217,0.034408444538712502,0,0
retention_expiry,1438,V32P-A011090,0,0.45764993429183959,0.51729428768157959,0,0
retention_expiry,1439,V32P-A011091,0,0.42973369956016538,0.48090843558311464,0,0
retention_expiry,1440,V32P-A011092,0,0.41212878823280336,0.45081669092178345,0,0
retention_expiry,1441,V32P-A011093,0,0.3546803891658783,0.38348995447158812,0,0
retention_expiry,1442,V32P-A011094,0,0.17642715871334075,0.17639805227518082,0,0
retention_expiry,1443,V32P-A011215,0,0.63408915996551518,0.68527642488479612,1,1
retention_expiry,1444,V32P-A011216,0,0.53273928761482237,0.59598281383514407,0,0
retention_expiry,1445,V32P-A011217,0,0.46413581967353823,0.5197436511516571,0,0
retention_expiry,1446,V32P-A011218,0,0.38561196923255919,0.43064201474189756,0,0
retention_expiry,1447,V32P-A011219,0,0.30582497715950013,0.33333189189434054,0,0
retention_expiry,1448,V32P-A011220,0,0.13067496865987777,0.12655189037322997,0,0
retention_expiry,1449,V32P-A011227,0,0.43357880115509034,0.48413562774658203,0,0
retention_expiry,1450,V32P-A011228,0,0.30976664423942568,0.34938439726829529,0,0
retention_expiry,1451,V32P-A011229,0,0.26865464746952056,0.29770964384078979,0,0
retention_expiry,1452,V32P-A011230,0,0.25246100723743437,0.27412176132202148,0,0
retention_expiry,1453,V32P-A011231,0,0.21108798682689667,0.21477223038673401,0,0
retention_expiry,1454,V32P-A011232,0,0.089841171354055407,0.083689929544925684,0,0
retention_expiry,1455,V32P-A011301,0,0.37350686192512511,0.42668749690055846,0,0
retention_expiry,1456,V32P-A011302,0,0.36843669414520264,0.39853173494338989,0,0
retention_expiry,1457,V32P-A011303,0,0.30380909144878387,0.31898890733718871,0,0
retention_expiry,1458,V32P-A011304,0,0.14013847410678865,0.13488608598709106,0,0
retention_expiry,1459,V32P-A011359,1,0.38289973735809324,0.4369985103607178,0,0
retention_expiry,1460,V32P-A011360,1,0.39527522325515746,0.44526271224021913,0,0
retention_expiry,1461,V32P-A011361,0,0.084705745428800577,0.080640037357807157,0,0
retention_expiry,1462,V32P-A011362,0,0.064644655585289007,0.060276208072900773,0,0
retention_expiry,1463,V32P-A011363,0,0.050296603515744207,0.046391016244888304,0,0
retention_expiry,1464,V32P-A011364,0,0.022684533987194298,0.020325866248458623,0,0
retention_expiry,1465,V32P-A011449,0,0.73788746595382693,0.76213749647140505,1,1
retention_expiry,1466,V32P-A011450,0,0.59853395223617556,0.63483108282089229,0,1
retention_expiry,1467,V32P-A011451,0,0.71441398859024052,0.73734630346298213,1,1
retention_expiry,1468,V32P-A011452,0,0.54426636695861819,0.57045837044715886,0,0
retention_expiry,1469,V32P-A011453,0,0.47055978775024415,0.49706333279609682,0,0
retention_expiry,1470,V32P-A011454,0,0.22891111373901368,0.22981954365968704,0,0
retention_expiry,1471,V32P-A011457,0,0.44170757234096525,0.50452601611614223,0,0
retention_expiry,1472,V32P-A011458,0,0.46367746591567993,0.52514743804931641,0,0
retention_expiry,1473,V32P-A011459,0,0.42994407415390012,0.46660742759704588,0,0
retention_expiry,1474,V32P-A011460,0,0.19018197059631348,0.19147028625011445,0,0
retention_expiry,1475,V32P-A011469,0,0.5408075749874115,0.608271187543869,0,0
retention_expiry,1476,V32P-A011470,0,0.55348784327507017,0.62309117317199703,0,1
retention_expiry,1477,V32P-A011471,0,0.49323852062225343,0.55774595141410832,0,0
retention_expiry,1478,V32P-A011472,0,0.054482586123049258,0.047460833378136155,0,0
retention_expiry,1479,V32P-A011503,0,0.74426081180572512,0.76269655227661137,1,1
retention_expiry,1480,V32P-A011504,0,0.64129245281219482,0.65821095705032351,1,1
retention_expiry,1481,V32P-A011505,0,0.59292529821395878,0.61030123233795164,0,0
retention_expiry,1482,V32P-A011506,0,0.5395144939422607,0.55473436713218693,0,0
retention_expiry,1483,V32P-A011507,0,0.44665072560310365,0.45857017040252684,0,0
retention_expiry,1484,V32P-A011508,0,0.21493728309869767,0.21078873127698899,0,0
retention_expiry,1485,V32P-A011533,0,0.36970373392105105,0.42822853922843934,0,0
retention_expiry,1486,V32P-A011534,0,0.33787810802459717,0.39486332535743712,0,0
retention_expiry,1487,V32P-A011535,0,0.29371525347232819,0.34526626765727997,0,0
retention_expiry,1488,V32P-A011536,0,0.22888875305652617,0.26722190976142884,0,0
retention_expiry,1489,V32P-A011537,0,0.17677776515483856,0.20166814029216767,0,0
retention_expiry,1490,V32P-A011538,0,0.078554465621709826,0.080791448056697843,0,0
retention_expiry,1491,V32P-A011683,0,0.30869494676589965,0.33931167125701905,0,0
retention_expiry,1492,V32P-A011684,0,0.4409679710865021,0.46969714760780334,0,0
retention_expiry,1493,V32P-A011685,0,0.41370149254798888,0.43839468359947203,0,0
retention_expiry,1494,V32P-A011686,0,0.36356623172760011,0.38137114644050596,0,0
retention_expiry,1495,V32P-A011687,0,0.266439288854599,0.27018316090106964,0,0
retention_expiry,1496,V32P-A011688,0,0.021634617168456317,0.018615101231262088,0,0
retention_expiry,1497,V32P-A011695,0,0.45854370594024657,0.50696914792060854,0,0
retention_expiry,1498,V32P-A011696,0,0.44796331524848937,0.49319688677787782,0,0
retention_expiry,1499,V32P-A011697,0,0.41537736654281615,0.4536802411079407,0,0
retention_expiry,1500,V32P-A011698,0,0.34758389592170713,0.37377949953079226,0,0
retention_expiry,1501,V32P-A011699,0,0.27506507635116578,0.29261755049228666,0,0
retention_expiry,1502,V32P-A011700,0,0.1201040841639042,0.11333204731345177,0,0
retention_expiry,1503,V32P-A011701,0,0.64738546013832088,0.69306533336639409,1,1
retention_expiry,1504,V32P-A011702,0,0.66381527185440059,0.7023151040077209,1,1
retention_expiry,1505,V32P-A011703,0,0.65071772336959843,0.6860978484153748,1,1
retention_expiry,1506,V32P-A011704,1,0.5974116742610931,0.62568162083625789,0,1
retention_expiry,1507,V32P-A011705,0,0.099059934169054037,0.088975737988948825,0,0
retention_expiry,1508,V32P-A011706,0,0.041983294114470479,0.037084845826029778,0,0
retention_expiry,1509,V32P-A011797,1,0.78684940338134768,0.82502096891403198,1,1
retention_expiry,1510,V32P-A011798,1,0.6310911893844604,0.69756383895874019,1,1
retention_expiry,1511,V32P-A011799,1,0.4219320982694626,0.50173318684101109,0,0
retention_expiry,1512,V32P-A011800,0,0.10781365819275379,0.10305496864020824,0,0
retention_expiry,1513,V32P-A011801,0,0.090334235504269597,0.083729938417673108,0,0
retention_expiry,1514,V32P-A011802,0,0.046051291655749081,0.041378268972039223,0,0
retention_expiry,1515,V32P-A011884,0,0.10254337489604951,0.091973648965358729,0,0
retention_expiry,1516,V32P-A011885,0,0.09058272242546081,0.080242763087153432,0,0
retention_expiry,1517,V32P-A011886,0,0.041291110590100287,0.035514612589031457,0,0
retention_expiry,1518,V32P-A011917,0,0.65767138004302983,0.66275042295455933,1,1
retention_expiry,1519,V32P-A011918,0,0.5735204815864563,0.58262628316879272,0,0
retention_expiry,1520,V32P-A011919,0,0.48731003999710082,0.49700706005096434,0,0
retention_expiry,1521,V32P-A011920,0,0.42913906574249266,0.43298767209053041,0,0
retention_expiry,1522,V32P-A011921,0,0.39153046607971193,0.3865300714969635,0,0
retention_expiry,1523,V32P-A011922,0,0.15089541226625441,0.14228936880826951,0,0
retention_expiry,1524,V32P-A011941,0,0.73665612936019897,0.76500345468521114,1,1
retention_expiry,1525,V32P-A011942,0,0.602981960773468,0.64825656414031985,0,1
retention_expiry,1526,V32P-A011943,0,0.52383941411972046,0.57766581177711485,0,0
retention_expiry,1527,V32P-A011944,0,0.39329702854156495,0.43960301876068114,0,0
retention_expiry,1528,V32P-A011945,0,0.31777825057506559,0.35464000105857851,0,0
retention_expiry,1529,V32P-A011946,0,0.16188260167837143,0.16613814532756804,0,0
retention_expiry,1530,V32P-A011983,0,0.76515233516693115,0.79979699850082397,1,1
retention_expiry,1531,V32P-A011984,0,0.76511974334716792,0.7996679902076721,1,1
retention_expiry,1532,V32P-A011985,0,0.70546227693557739,0.74806811809539797,1,1
retention_expiry,1533,V32P-A011986,0,0.7318577766418457,0.76392924785614014,1,1
retention_expiry,1534,V32P-A011987,0,0.64383569359779358,0.67317470312118532,1,1
retention_expiry,1535,V32P-A011988,0,0.063476005196571345,0.048973852209746836,0,0
retention_expiry,1536,V32P-A012019,0,0.79003225564956669,0.81787962913513179,1,1
retention_expiry,1537,V32P-A012020,0,0.62364764213562007,0.66931967735290532,1,1
retention_expiry,1538,V32P-A012021,0,0.5868181586265564,0.63532623052597048,0,1
retention_expiry,1539,V32P-A012022,0,0.59585404396057129,0.63703371286392207,0,1
retention_expiry,1540,V32P-A012023,0,0.42679196000099184,0.47375848889350891,0,0
retention_expiry,1541,V32P-A012024,0,0.035409701056778431,0.030692845955491065,0,0
retention_expiry,1542,V32P-A012043,0,0.61114701628684998,0.61501840949058528,0,0
retention_expiry,1543,V32P-A012044,0,0.46571770310401917,0.48388441801071169,0,0
retention_expiry,1544,V32P-A012045,0,0.42342676520347594,0.43795545697212218,0,0
retention_expiry,1545,V32P-A012046,0,0.34119985103607176,0.35551432967185975,0,0
retention_expiry,1546,V32P-A012047,0,0.25578544139862058,0.2647206813097,0,0
retention_expiry,1547,V32P-A012048,0,0.11291040182113647,0.10793987363576889,0,0
retention_expiry,1548,V32P-A012063,0,0.45946085453033447,0.50489477515220638,0,0
retention_expiry,1549,V32P-A012064,0,0.36100254654884339,0.39190449714660647,0,0
retention_expiry,1550,V32P-A012065,0,0.27168900370597837,0.28524948954582213,0,0
retention_expiry,1551,V32P-A012066,0,0.10920805782079697,0.099319013208150869,0,0
retention_expiry,1552,V32P-A012091,0,0.84271939992904665,0.8673444390296936,1,1
retention_expiry,1553,V32P-A012092,0,0.76792227029800419,0.79177772998809814,1,1
retention_expiry,1554,V32P-A012093,0,0.74409221410751347,0.76695721149444585,1,1
retention_expiry,1555,V32P-A012094,0,0.71381697654724119,0.72979810237884524,1,1
retention_expiry,1556,V32P-A012095,0,0.74055063724517822,0.75079388618469234,1,1
retention_expiry,1557,V32P-A012096,0,0.50740708708763127,0.49047945141792298,0,0
retention_expiry,1558,V32P-A012109,1,0.78219559192657473,0.80695174932479863,1,1
retention_expiry,1559,V32P-A012110,1,0.64500223398208623,0.66954082250595093,1,1
retention_expiry,1560,V32P-A012111,1,0.6922702312469482,0.71714268922805791,1,1
retention_expiry,1561,V32P-A012112,0,0.10028538778424263,0.085831762850284571,0,0
retention_expiry,1562,V32P-A012113,0,0.079092853143811231,0.06654899828135967,0,0
retention_expiry,1563,V32P-A012114,0,0.033751247730106113,0.027269951533526182,0,0
retention_expiry,1564,V32P-A012133,0,0.61569473743438718,0.67834351062774656,0,1
retention_expiry,1565,V32P-A012134,0,0.50718495845794676,0.58595313429832463,0,0
retention_expiry,1566,V32P-A012135,0,0.4793244540691376,0.54789254665374754,0,0
retention_expiry,1567,V32P-A012136,0,0.40748953819274902,0.4589063823223114,0,0
retention_expiry,1568,V32P-A012137,0,0.32652744948863982,0.35394024848937988,0,0
retention_expiry,1569,V32P-A012138,0,0.13429920226335526,0.13017579317092895,0,0
retention_expiry,1570,V32P-A012139,0,0.7823206424713135,0.80013368129730222,1,1
retention_expiry,1571,V32P-A012140,0,0.69787219762802122,0.70803079605102537,1,1
retention_expiry,1572,V32P-A012141,0,0.66617348194122317,0.67538282871246336,1,1
retention_expiry,1573,V32P-A012142,1,0.57340834140777586,0.57626632452011106,0,0
retention_expiry,1574,V32P-A012143,0,0.081667126715183253,0.071514160558581355,0,0
retention_expiry,1575,V32P-A012144,0,0.037218660116195679,0.032497275341302159,0,0
retention_expiry,1576,V32P-A012151,0,0.59803555011749265,0.68195979595184331,0,1
retention_expiry,1577,V32P-A012152,0,0.53727481961250301,0.63446699976921084,0,1
retention_expiry,1578,V32P-A012153,0,0.46957982778549195,0.57471081018447878,0,0
retention_expiry,1579,V32P-A012154,0,0.38038753867149355,0.4852326989173889,0,0
retention_expiry,1580,V32P-A012155,0,0.30799414217472076,0.39887237250804902,0,0
retention_expiry,1581,V32P-A012156,0,0.15688642747700215,0.17674599625170231,0,0
retention_expiry,1582,V32P-A012169,0,0.77177715301513672,0.80938779115676884,1,1
retention_expiry,1583,V32P-A012170,0,0.71963827610015874,0.77675421237945552,1,1
retention_expiry,1584,V32P-A012171,0,0.61220530271530149,0.67456245422363281,0,1
retention_expiry,1585,V32P-A012172,0,0.53743712902069096,0.60120323896408079,0,0
retention_expiry,1586,V32P-A012173,1,0.50059458613395691,0.55558764934539795,0,0
retention_expiry,1587,V32P-A012174,0,0.043067090213298798,0.036678743176162244,0,0
retention_expiry,1588,V32P-A012247,0,0.77445510625839231,0.80611714124679568,1,1
retention_expiry,1589,V32P-A012248,0,0.58765476942062378,0.634108555316925,0,1
retention_expiry,1590,V32P-A012249,0,0.5228665232658386,0.57273439764976497,0,0
retention_expiry,1591,V32P-A012250,0,0.58364839553833003,0.63174247741699219,0,1
retention_expiry,1592,V32P-A012251,0,0.40351980924606323,0.43193588852882386,0,0
retention_expiry,1593,V32P-A012252,0,0.17264278829097748,0.16504110246896744,0,0
retention_expiry,1594,V32P-A012253,0,0.59228023290634157,0.61367771625518797,0,0
retention_expiry,1595,V32P-A012254,0,0.69764152765274046,0.71240504980087282,1,1
retention_expiry,1596,V32P-A012255,0,0.46337508559226992,0.50069329738616941,0,0
retention_expiry,1597,V32P-A012256,1,0.4080041289329529,0.43120667338371277,0,0
retention_expiry,1598,V32P-A012257,0,0.06870424747467041,0.059091816097497939,0,0
retention_expiry,1599,V32P-A012258,0,0.030899329483509062,0.025021036714315416,0,0
retention_expiry,1600,V32P-A012331,0,0.60067908763885502,0.63176293373107906,0,1
retention_expiry,1601,V32P-A012332,0,0.55493209362030027,0.59417221546173093,0,0
retention_expiry,1602,V32P-A012333,0,0.56517769098281856,0.59693764448165898,0,0
retention_expiry,1603,V32P-A012334,0,0.53464968800544743,0.56282841563224795,0,0
retention_expiry,1604,V32P-A012335,0,0.47564536333084106,0.4989332675933838,0,0
retention_expiry,1605,V32P-A012336,0,0.26559699773788453,0.26049651205539703,0,0
retention_expiry,1606,V32P-A012337,0,0.35527648329734801,0.41324071884155272,0,0
retention_expiry,1607,V32P-A012338,0,0.39190745949745176,0.4413943111896515,0,0
retention_expiry,1608,V32P-A012339,0,0.44697505831718443,0.48269821405410768,0,0
retention_expiry,1609,V32P-A012340,0,0.36433656811714171,0.39479192495346072,0,0
retention_expiry,1610,V32P-A012341,0,0.30476552248001099,0.32726975083351134,0,0
retention_expiry,1611,V32P-A012342,0,0.12709954530000686,0.12408184111118317,0,0
retention_expiry,1612,V32P-A012424,0,0.33414592444896696,0.36579836308956148,0,0
retention_expiry,1613,V32P-A012425,0,0.25429416894912721,0.27257498800754548,0,0
retention_expiry,1614,V32P-A012426,0,0.10701426267623901,0.10800487995147705,0,0
retention_expiry,1615,V32P-A012470,0,0.53984109759330745,0.62576123476028445,0,1
retention_expiry,1616,V32P-A012471,0,0.49896051287651061,0.58569009304046626,0,0
retention_expiry,1617,V32P-A012472,0,0.41980631947517394,0.49982861876487733,0,0
retention_expiry,1618,V32P-A012473,0,0.34352656006813048,0.40360954999923704,0,0
retention_expiry,1619,V32P-A012474,0,0.18534952104091645,0.1937810093164444,0,0
retention_expiry,1620,V32P-A012490,0,0.40319412350654604,0.43779093623161314,0,0
retention_expiry,1621,V32P-A012491,0,0.36054567694664003,0.38329224586486815,0,0
retention_expiry,1622,V32P-A012492,0,0.19339639246463775,0.19323534071445464,0,0
retention_expiry,1623,V32P-A012553,0,0.33867409825325012,0.40815938115119932,0,0
retention_expiry,1624,V32P-A012554,0,0.4044328987598419,0.47367058396339418,0,0
retention_expiry,1625,V32P-A012555,0,0.38446224927902223,0.44639624357223512,0,0
retention_expiry,1626,V32P-A012556,0,0.32673405408859252,0.37296521067619326,0,0
retention_expiry,1627,V32P-A012557,0,0.26188581287860868,0.28583864569664003,0,0
retention_expiry,1628,V32P-A012558,0,0.11360648423433303,0.103453029692173,0,0
retention_expiry,1629,V32P-A012595,1,0.76266467571258545,0.79329526424407959,1,1
retention_expiry,1630,V32P-A012596,1,0.62817724943161013,0.6711354613304138,1,1
retention_expiry,1631,V32P-A012597,1,0.51412399411201481,0.55770741701126103,0,0
retention_expiry,1632,V32P-A012598,0,0.081519515067338941,0.077600908279418943,0,0
retention_expiry,1633,V32P-A012599,0,0.058190814405679706,0.054299987480044366,0,0
retention_expiry,1634,V32P-A012600,0,0.023885689489543439,0.021693728212267161,0,0
retention_expiry,1635,V32P-A012706,0,0.68845049142837522,0.70070971250534053,1,1
retention_expiry,1636,V32P-A012707,0,0.62765868902206423,0.63606957197189329,1,1
retention_expiry,1637,V32P-A012708,0,0.41140524744987489,0.38369705080986022,0,0
retention_expiry,1638,V32P-A012739,0,0.74713513851165769,0.76736031770706181,1,1
retention_expiry,1639,V32P-A012740,0,0.64383654594421391,0.66642347574234007,1,1
retention_expiry,1640,V32P-A012741,0,0.57001128196716311,0.59665452241897587,0,0
retention_expiry,1641,V32P-A012742,0,0.4480455219745636,0.47448628544807436,0,0
retention_expiry,1642,V32P-A012743,0,0.3394824802875519,0.35872677564620969,0,0
retention_expiry,1643,V32P-A012744,0,0.13994535505771638,0.13390475809574126,0,0
retention_expiry,1644,V32P-A012807,0,0.6686852812767029,0.68093750476837156,1,1
retention_expiry,1645,V32P-A012808,0,0.64705829620361333,0.65252435207366943,1,1
retention_expiry,1646,V32P-A012809,0,0.6300165057182312,0.63174076080322261,1,1
retention_expiry,1647,V32P-A012810,0,0.30913456082344054,0.28875595331192017,0,0
retention_expiry,1648,V32P-A012889,0,0.67948806285858154,0.73315560817718506,1,1
retention_expiry,1649,V32P-A012890,0,0.70342493057250977,0.75117988586425777,1,1
retention_expiry,1650,V32P-A012891,0,0.6419955968856812,0.68813277482986446,1,1
retention_expiry,1651,V32P-A012892,0,0.61382128000259395,0.65560134649276736,0,1
retention_expiry,1652,V32P-A012893,1,0.53526233434677128,0.56753834486007693,0,0
retention_expiry,1653,V32P-A012894,0,0.050308691710233687,0.042386324703693391,0,0
retention_expiry,1654,V32P-A012907,0,0.58630815744400022,0.62349299192428587,0,1
retention_expiry,1655,V32P-A012908,0,0.49395764470100401,0.53519405722618107,0,0
retention_expiry,1656,V32P-A012909,0,0.43974443674087527,0.47775326967239379,0,0
retention_expiry,1657,V32P-A012910,0,0.36473708152770995,0.39784066081047059,0,0
retention_expiry,1658,V32P-A012911,0,0.28668036162853239,0.31285457909107206,0,0
retention_expiry,1659,V32P-A012912,0,0.1366347074508667,0.13325415104627608,0,0
retention_expiry,1660,V32P-A012943,0,0.64991915225982666,0.70652428865432737,1,1
retention_expiry,1661,V32P-A012944,0,0.50408369898796079,0.57009670734405515,0,0
retention_expiry,1662,V32P-A012945,0,0.42047904729843139,0.48939778804779055,0,0
retention_expiry,1663,V32P-A012946,0,0.4328418791294098,0.48028324246406556,0,0
retention_expiry,1664,V32P-A012947,0,0.39494436979293823,0.42697480320930481,0,0
retention_expiry,1665,V32P-A012948,0,0.14265616834163666,0.14020434468984605,0,0
retention_expiry,1666,V32P-A012979,0,0.62835506200790403,0.67896493673324587,1,1
retention_expiry,1667,V32P-A012980,0,0.65403683185577388,0.69574818611145017,1,1
retention_expiry,1668,V32P-A012981,0,0.68066992759704592,0.71020237207412718,1,1
retention_expiry,1669,V32P-A012982,1,0.67392176389694214,0.69247375726699834,1,1
retention_expiry,1670,V32P-A012983,0,0.10279108881950379,0.088073225319385523,0,0
retention_expiry,1671,V32P-A012984,0,0.044321110099554063,0.036165411770343783,0,0
retention_expiry,1672,V32P-A013017,0,0.41219482421874998,0.44788473248481753,0,0
retention_expiry,1673,V32P-A013018,0,0.33773805499076842,0.36791255474090578,0,0
retention_expiry,1674,V32P-A013019,0,0.30025797784328462,0.31837563216686249,0,0
retention_expiry,1675,V32P-A013020,0,0.14566899985074996,0.13861757665872573,0,0
retention_expiry,1676,V32P-A013027,0,0.4139390468597412,0.49102187156677246,0,0
retention_expiry,1677,V32P-A013028,0,0.47994786500930786,0.5438738346099854,0,0
retention_expiry,1678,V32P-A013029,0,0.41245325207710265,0.48986665010452268,0,0
retention_expiry,1679,V32P-A013030,0,0.36319172382354736,0.42242821455001833,0,0
retention_expiry,1680,V32P-A013031,0,0.33439462482929228,0.38798673152923585,0,0
retention_expiry,1681,V32P-A013032,0,0.15412592887878418,0.1680229738354683,0,0
retention_expiry,1682,V32P-A013123,0,0.58297313451766963,0.64771429300308225,0,1
retention_expiry,1683,V32P-A013124,0,0.72781603336334233,0.75030725002288823,1,1
retention_expiry,1684,V32P-A013125,0,0.49316419959068297,0.5554906845092773,0,0
retention_expiry,1685,V32P-A013126,1,0.39450024366378783,0.44352592825889586,0,0
retention_expiry,1686,V32P-A013127,0,0.057175144925713538,0.052073965594172475,0,0
retention_expiry,1687,V32P-A013128,0,0.023312497511506082,0.020341465063393117,0,0
retention_expiry,1688,V32P-A013183,0,0.58536385893821719,0.61664581894874571,0,0
retention_expiry,1689,V32P-A013184,0,0.57686705589294429,0.60422307252883911,0,0
retention_expiry,1690,V32P-A013185,0,0.51923742294311526,0.53982871770858765,0,0
retention_expiry,1691,V32P-A013186,0,0.47187260985374452,0.48464245796203614,0,0
retention_expiry,1692,V32P-A013187,0,0.38731066584587098,0.39513235688209536,0,0
retention_expiry,1693,V32P-A013188,0,0.028620972856879236,0.024511991254985332,0,0
retention_expiry,1694,V32P-A013207,0,0.49491508007049562,0.59547922015190125,0,0
retention_expiry,1695,V32P-A013208,0,0.56837724447250371,0.66559649705886836,0,1
retention_expiry,1696,V32P-A013209,0,0.6365647435188293,0.71717185974121089,1,1
retention_expiry,1697,V32P-A013210,0,0.605959165096283,0.68448525667190552,0,1
retention_expiry,1698,V32P-A013211,1,0.56895443797111511,0.64466719627380376,0,1
retention_expiry,1699,V32P-A013212,0,0.061130860447883607,0.054575635679066183,0,0
retention_expiry,1700,V32P-A013267,0,0.32913541793823242,0.3741918385028839,0,0
retention_expiry,1701,V32P-A013268,0,0.37824374437332153,0.40769233703613283,0,0
retention_expiry,1702,V32P-A013269,0,0.33378946185112002,0.35649737119674685,0,0
retention_expiry,1703,V32P-A013270,0,0.24979106485843658,0.26451787054538728,0,0
retention_expiry,1704,V32P-A013271,0,0.18209357857704161,0.19236619919538497,0,0
retention_expiry,1705,V32P-A013272,0,0.073402571678161624,0.071354182809591299,0,0
retention_expiry,1706,V32P-A013291,0,0.40574931502342226,0.4700986981391907,0,0
retention_expiry,1707,V32P-A013292,0,0.4690671920776367,0.52400602698326115,0,0
retention_expiry,1708,V32P-A013293,0,0.44214556813240052,0.48953621983528139,0,0
retention_expiry,1709,V32P-A013294,1,0.35843848586082461,0.39443472623825071,0,0
retention_expiry,1710,V32P-A013295,0,0.055601666867733004,0.050575827062129972,0,0
retention_expiry,1711,V32P-A013296,0,0.024689340498298407,0.022020630538463593,0,0
retention_expiry,1712,V32P-A013401,0,0.39772201776504518,0.43756743073463439,0,0
retention_expiry,1713,V32P-A013402,0,0.32138472199440005,0.3467614144086838,0,0
retention_expiry,1714,V32P-A013403,0,0.25645915269851682,0.26956089138984679,0,0
retention_expiry,1715,V32P-A013404,0,0.11236274242401123,0.10818710625171661,0,0
retention_expiry,1716,V32P-A013418,0,0.59773312807083134,0.64639320373535158,0,1
retention_expiry,1717,V32P-A013419,0,0.51042003631591792,0.56513341069221501,0,0
retention_expiry,1718,V32P-A013420,0,0.52187590599060063,0.5559102535247803,0,0
retention_expiry,1719,V32P-A013421,0,0.45591393113136292,0.48485745787620543,0,0
retention_expiry,1720,V32P-A013422,0,0.21928135454654693,0.21825563162565231,0,0
retention_expiry,1721,V32P-A013447,1,0.61436158418655396,0.65440565347671509,0,1
retention_expiry,1722,V32P-A013448,1,0.48845700025558469,0.52976174354553218,0,0
retention_expiry,1723,V32P-A013449,0,0.14506533294916152,0.13354034125804901,0,0
retention_expiry,1724,V32P-A013450,0,0.13345407694578171,0.11910003498196602,0,0
retention_expiry,1725,V32P-A013451,0,0.082591283321380618,0.072614958137273783,0,0
retention_expiry,1726,V32P-A013452,0,0.037060200423002246,0.032008409686386588,0,0
retention_expiry,1727,V32P-A013471,0,0.77872889041900639,0.81346113681793208,1,1
retention_expiry,1728,V32P-A013472,0,0.64732204675674443,0.70282589197158818,1,1
retention_expiry,1729,V32P-A013473,0,0.58137084245681758,0.63678188323974605,0,1
retention_expiry,1730,V32P-A013474,0,0.59267771244049072,0.63808037042617793,0,1
retention_expiry,1731,V32P-A013475,0,0.55539631843566895,0.59491388797760014,0,0
retention_expiry,1732,V32P-A013476,0,0.035079989954829215,0.030388580076396464,0,0
retention_expiry,1733,V32P-A013510,0,0.45234311819076539,0.49838576912879945,0,0
retention_expiry,1734,V32P-A013511,0,0.36546939015388491,0.39401336312294005,0,0
retention_expiry,1735,V32P-A013512,0,0.16705784797668458,0.16466394364833831,0,0
retention_expiry,1736,V32P-A013519,0,0.71873035430908205,0.74098469018936153,1,1
retention_expiry,1737,V32P-A013520,0,0.62276883125305171,0.64289138317108152,1,1
retention_expiry,1738,V32P-A013521,0,0.60718098878860471,0.6190709710121155,0,0
retention_expiry,1739,V32P-A013522,0,0.50887165665626521,0.51742768883705137,0,0
retention_expiry,1740,V32P-A013523,0,0.46547443270683286,0.46867139339447023,0,0
retention_expiry,1741,V32P-A013524,0,0.18703104108572005,0.17274694740772248,0,0
retention_expiry,1742,V32P-A013549,0,0.79081676006317136,0.81126015186309819,1,1
retention_expiry,1743,V32P-A013550,0,0.69392826557159426,0.7184758186340332,1,1
retention_expiry,1744,V32P-A013551,0,0.57798497080802913,0.62890568971633909,0,1
retention_expiry,1745,V32P-A013552,0,0.51710631251335148,0.54526239037513735,0,0
retention_expiry,1746,V32P-A013553,0,0.4378125727176666,0.4669209599494934,0,0
retention_expiry,1747,V32P-A013554,0,0.21405405998229982,0.21947075128555299,0,0
retention_expiry,1748,V32P-A013603,0,0.7692848205566406,0.80156472921371458,1,1
retention_expiry,1749,V32P-A013604,0,0.6452082514762878,0.6901965379714966,1,1
retention_expiry,1750,V32P-A013605,0,0.56019839048385622,0.61763983964920044,0,0
retention_expiry,1751,V32P-A013606,0,0.4793964087963104,0.54091070294380184,0,0
retention_expiry,1752,V32P-A013607,0,0.48062603473663329,0.53135059475898738,0,0
retention_expiry,1753,V32P-A013608,0,0.33592554926872253,0.35093615055084226,0,0
retention_expiry,1754,V32P-A013633,0,0.6735926747322083,0.72863559722900395,1,1
retention_expiry,1755,V32P-A013634,0,0.52802960872650151,0.61065542697906494,0,0
retention_expiry,1756,V32P-A013635,0,0.44166472554206848,0.51385065317153933,0,0
retention_expiry,1757,V32P-A013636,0,0.38871576786041262,0.44543371796607972,0,0
retention_expiry,1758,V32P-A013637,0,0.32148251533508299,0.35409309864044192,0,0
retention_expiry,1759,V32P-A013638,0,0.16101035475730896,0.15778842419385911,0,0
retention_expiry,1760,V32P-A013666,0,0.39172056317329407,0.45249409079551695,0,0
retention_expiry,1761,V32P-A013667,0,0.30818946957588195,0.3583547115325928,0,0
retention_expiry,1762,V32P-A013668,0,0.025707836821675302,0.023541268799453972,0,0
retention_expiry,1763,V32P-A013762,0,0.61719276905059817,0.64955012798309331,0,1
retention_expiry,1764,V32P-A013763,0,0.53382421135902403,0.56060262918472292,0,0
retention_expiry,1765,V32P-A013764,0,0.29258407652378082,0.29036816954612732,0,0
retention_expiry,1766,V32P-A013765,0,0.67306940555572514,0.6960182785987854,1,1
retention_expiry,1767,V32P-A013766,0,0.4999633193016052,0.52837252616882324,0,0
retention_expiry,1768,V32P-A013767,0,0.35187172889709473,0.39081493020057678,0,0
retention_expiry,1769,V32P-A013768,0,0.34380591511726377,0.36746187210083009,0,0
retention_expiry,1770,V32P-A013769,0,0.31016835272312165,0.32456201314926147,0,0
retention_expiry,1771,V32P-A013770,0,0.13700141310691832,0.12973179966211318,0,0
retention_expiry,1772,V32P-A013771,0,0.69134441614150999,0.72300485372543333,1,1
retention_expiry,1773,V32P-A013772,0,0.57119784355163572,0.59649251699447636,0,0
retention_expiry,1774,V32P-A013773,0,0.51713108420372011,0.53359254598617556,0,0
retention_expiry,1775,V32P-A013774,0,0.37132184505462645,0.38132660388946532,0,0
retention_expiry,1776,V32P-A013775,0,0.26922506392002105,0.27468239665031435,0,0
retention_expiry,1777,V32P-A013776,0,0.10282320827245713,0.096112179756164554,0,0
retention_expiry,1778,V32P-A013783,0,0.3881261169910431,0.43990226387977599,0,0
retention_expiry,1779,V32P-A013784,0,0.49789355993270873,0.53952794075012211,0,0
retention_expiry,1780,V32P-A013785,0,0.45266346931457518,0.4950377345085144,0,0
retention_expiry,1781,V32P-A013786,0,0.38695701956748962,0.42691522240638735,0,0
retention_expiry,1782,V32P-A013787,0,0.31277492344379426,0.34478057026863096,0,0
retention_expiry,1783,V32P-A013788,0,0.14196713566780089,0.14346077144145966,0,0
retention_expiry,1784,V32P-A013792,0,0.22969054579734802,0.26110990643501281,0,0
retention_expiry,1785,V32P-A013793,0,0.20415608882904052,0.22751166820526122,0,0
retention_expiry,1786,V32P-A013794,0,0.085232472419738775,0.081950890272855764,0,0
retention_expiry,1787,V32P-A013795,0,0.48954684138298032,0.53600584864616396,0,0
retention_expiry,1788,V32P-A013796,0,0.3842109739780426,0.43161361217498778,0,0
retention_expiry,1789,V32P-A013797,0,0.31205793917179109,0.35086973011493683,0,0
retention_expiry,1790,V32P-A013798,0,0.24082004129886628,0.26528214216232299,0,0
retention_expiry,1791,V32P-A013799,0,0.185562364757061,0.2000307783484459,0,0
retention_expiry,1792,V32P-A013800,0,0.07958702221512795,0.077849131822586057,0,0
retention_expiry,1793,V32P-A013807,0,0.63152015209197998,0.67619936466217045,1,1
retention_expiry,1794,V32P-A013808,0,0.66046737432479863,0.70237207412719727,1,1
retention_expiry,1795,V32P-A013809,0,0.67163598537445068,0.70826455354690554,1,1
retention_expiry,1796,V32P-A013810,0,0.6375003457069397,0.66973848342895503,1,1
retention_expiry,1797,V32P-A013811,0,0.56183590292930607,0.58964076042175295,0,0
retention_expiry,1798,V32P-A013812,0,0.34775327146053314,0.34449300467967986,0,0
retention_expiry,1799,V32P-A013837,0,0.60305268764495845,0.67019966840744016,0,1
retention_expiry,1800,V32P-A013838,0,0.51094954609870913,0.58763437867164614,0,0
retention_expiry,1801,V32P-A013839,0,0.46483259201049804,0.53152786493301396,0,0
retention_expiry,1802,V32P-A013840,0,0.39045125842094419,0.44135884642601014,0,0
retention_expiry,1803,V32P-A013841,0,0.37805855274200439,0.41571492552757261,0,0
retention_expiry,1804,V32P-A013842,0,0.18332918286323546,0.18315769731998444,0,0
retention_expiry,1805,V32P-A013897,0,0.5742376863956451,0.63729754090309143,0,1
retention_expiry,1806,V32P-A013898,0,0.43215796947479246,0.50329194664955135,0,0
retention_expiry,1807,V32P-A013899,0,0.43233124017715452,0.50155808925628664,0,0
retention_expiry,1808,V32P-A013900,0,0.41494206190109251,0.476493638753891,0,0
retention_expiry,1809,V32P-A013901,0,0.38184548616409303,0.4383490324020386,0,0
retention_expiry,1810,V32P-A013902,0,0.18663990199565889,0.20591610074043273,0,0
retention_expiry,1811,V32P-A013927,0,0.53773040175437925,0.57980258464813228,0,0
retention_expiry,1812,V32P-A013928,0,0.48285351395606996,0.52742306590080257,0,0
retention_expiry,1813,V32P-A013929,0,0.50579674243926998,0.54545135498046871,0,0
retention_expiry,1814,V32P-A013930,0,0.4201137602329254,0.4535044193267822,0,0
retention_expiry,1815,V32P-A013931,0,0.3487264424562454,0.36971756219863894,0,0
retention_expiry,1816,V32P-A013932,0,0.16341198533773421,0.15865052491426468,0,0
retention_expiry,1817,V32P-A013939,1,0.39980561733245851,0.46386339664459231,0,0
retention_expiry,1818,V32P-A013940,1,0.42374697327613831,0.48046352267265319,0,0
retention_expiry,1819,V32P-A013941,1,0.45027673840522764,0.49098673462867737,0,0
retention_expiry,1820,V32P-A013942,0,0.069957375153899187,0.058031548187136649,0,0
retention_expiry,1821,V32P-A013943,0,0.049329872801899911,0.039235145598649976,0,0
retention_expiry,1822,V32P-A013944,0,0.02183414837345481,0.016850633919239043,0,0
retention_expiry,1823,V32P-A013951,0,0.69210169315338133,0.71442807912826534,1,1
retention_expiry,1824,V32P-A013952,0,0.55482998490333557,0.58352960944175725,0,0
retention_expiry,1825,V32P-A013953,0,0.49801365137100218,0.52724689245223999,0,0
retention_expiry,1826,V32P-A013954,0,0.53408178687095642,0.55462837219238281,0,0
retention_expiry,1827,V32P-A013955,0,0.41708952784538267,0.42856453061103822,0,0
retention_expiry,1828,V32P-A013956,0,0.16145080775022508,0.15062472671270372,0,0
retention_expiry,1829,V32P-A014044,0,0.50800898671150208,0.56689310669898985,0,0
retention_expiry,1830,V32P-A014045,0,0.43722015023231509,0.48134848475456238,0,0
retention_expiry,1831,V32P-A014046,0,0.21917679011821747,0.22220369577407836,0,0
retention_expiry,1832,V32P-A014083,0,0.59781576395034786,0.65015252828598025,0,1
retention_expiry,1833,V32P-A014084,0,0.52095711827278135,0.5782622158527374,0,0
retention_expiry,1834,V32P-A014085,0,0.4232791244983673,0.46625583171844481,0,0
retention_expiry,1835,V32P-A014086,0,0.33344722390174864,0.36329865455627441,0,0
retention_expiry,1836,V32P-A014087,0,0.26128346323966978,0.28050446510314941,0,0
retention_expiry,1837,V32P-A014088,0,0.11342953145503998,0.10745399370789528,0,0
retention_expiry,1838,V32P-A014101,0,0.74049723148345947,0.76810877323150639,1,1
retention_expiry,1839,V32P-A014102,0,0.66856881380081179,0.70397928953170774,1,1
retention_expiry,1840,V32P-A014103,0,0.72496712207794189,0.75367389917373662,1,1
retention_expiry,1841,V32P-A014104,0,0.62713746428489681,0.65686396956443782,1,1
retention_expiry,1842,V32P-A014105,0,0.55827230215072632,0.58540601730346675,0,0
retention_expiry,1843,V32P-A014106,0,0.26306208074092863,0.25736677944660186,0,0
retention_expiry,1844,V32P-A014110,0,0.3530107796192169,0.394394314289093,0,0
retention_expiry,1845,V32P-A014111,0,0.28690750598907472,0.31833660006523135,0,0
retention_expiry,1846,V32P-A014112,0,0.024768229387700558,0.020879141613841058,0,0
retention_expiry,1847,V32P-A014131,0,0.60931253433227539,0.63690202236175542,0,1
retention_expiry,1848,V32P-A014132,0,0.53725929260253902,0.56626131534576418,0,0
retention_expiry,1849,V32P-A014133,0,0.45805600881576536,0.48562548756599427,0,0
retention_expiry,1850,V32P-A014134,0,0.47959387898445127,0.50396038293838497,0,0
retention_expiry,1851,V32P-A014135,0,0.38505752682685851,0.39678778052330016,0,0
retention_expiry,1852,V32P-A014136,0,0.1862935796380043,0.17778873443603516,0,0
retention_expiry,1853,V32P-A014143,0,0.85807334184646611,0.88036481142044065,1,1
retention_expiry,1854,V32P-A014144,0,0.77339652776718137,0.80966219902038572,1,1
retention_expiry,1855,V32P-A014145,0,0.69475874900817869,0.73924164772033696,1,1
retention_expiry,1856,V32P-A014146,0,0.62662329673767092,0.67009327411651609,1,1
retention_expiry,1857,V32P-A014147,1,0.53562579154968259,0.58612629175186159,0,0
retention_expiry,1858,V32P-A014148,0,0.05658366121351719,0.052877554111182688,0,0
retention_expiry,1859,V32P-A014176,0,0.48226149678230285,0.50619629621505735,0,0
retention_expiry,1860,V32P-A014177,0,0.43296794891357421,0.45054838657379148,0,0
retention_expiry,1861,V32P-A014178,0,0.21461724042892455,0.20456452369689943,0,0
retention_expiry,1862,V32P-A014209,0,0.59474556446075444,0.63582165241241451,0,1
retention_expiry,1863,V32P-A014210,0,0.60760838985443111,0.64087154865264895,0,1
retention_expiry,1864,V32P-A014211,0,0.53813449740409847,0.57859447598457336,0,0
retention_expiry,1865,V32P-A014212,0,0.45672558546066283,0.49197929501533511,0,0
retention_expiry,1866,V32P-A014213,0,0.38224937915802004,0.40972927212715149,0,0
retention_expiry,1867,V32P-A014214,0,0.167409810423851,0.16885087937116622,0,0
retention_expiry,1868,V32P-A014305,0,0.44833717942237855,0.48162244558334349,0,0
retention_expiry,1869,V32P-A014306,0,0.40743900537490846,0.43922724127769469,0,0
retention_expiry,1870,V32P-A014307,0,0.37404350638389589,0.39931299090385436,0,0
retention_expiry,1871,V32P-A014308,0,0.30601045191287995,0.31980803310871125,0,0
retention_expiry,1872,V32P-A014309,0,0.23984124660491943,0.24392389357089997,0,0
retention_expiry,1873,V32P-A014310,0,0.10678033679723739,0.099921015650033945,0,0
retention_expiry,1874,V32P-A014317,0,0.59403222799301147,0.63829219341278076,0,1
retention_expiry,1875,V32P-A014318,0,0.44872322082519533,0.49994660615921022,0,0
retention_expiry,1876,V32P-A014319,0,0.43340749144554136,0.47514804005622863,0,0
retention_expiry,1877,V32P-A014320,0,0.35688154101371766,0.3930978298187256,0,0
retention_expiry,1878,V32P-A014321,0,0.28564074933528899,0.31080787181854247,0,0
retention_expiry,1879,V32P-A014322,0,0.022166123241186143,0.019679497648030519,0,0
retention_expiry,1880,V32P-A014365,0,0.5762125551700592,0.62665138244628904,0,1
retention_expiry,1881,V32P-A014366,0,0.60897547006607056,0.64905242919921879,0,1
retention_expiry,1882,V32P-A014367,0,0.59137676954269414,0.62700660228729244,0,1
retention_expiry,1883,V32P-A014368,0,0.53418964147567749,0.56423668861389165,0,0
retention_expiry,1884,V32P-A014369,0,0.47495378255844117,0.50183321237564082,0,0
retention_expiry,1885,V32P-A014370,0,0.27473662495613099,0.29246956408023833,0,0
retention_expiry,1886,V32P-A014407,0,0.48128495812416078,0.55674090385437014,0,0
retention_expiry,1887,V32P-A014408,0,0.46378161907196047,0.53485276699066164,0,0
retention_expiry,1888,V32P-A014409,0,0.35951501727104185,0.44594372510910035,0,0
retention_expiry,1889,V32P-A014410,0,0.35589480400085449,0.41826954483985901,0,0
retention_expiry,1890,V32P-A014411,0,0.27983518838882449,0.32256323695182798,0,0
retention_expiry,1891,V32P-A014412,0,0.12007111459970474,0.12388990521430969,0,0
retention_expiry,1892,V32P-A014433,0,0.53428442478179927,0.57504494786262517,0,0
retention_expiry,1893,V32P-A014434,1,0.5336576044559479,0.57186893224716184,0,0
retention_expiry,1894,V32P-A014435,0,0.071508523821830747,0.066794811561703679,0,0
retention_expiry,1895,V32P-A014436,0,0.03036809228360653,0.026919772569090127,0,0
retention_expiry,1896,V32P-A014509,0,0.37140384316444397,0.40761475265026093,0,0
retention_expiry,1897,V32P-A014510,0,0.40135350525379182,0.4314321964979172,0,0
retention_expiry,1898,V32P-A014511,0,0.40141226351261139,0.42199340164661409,0,0
retention_expiry,1899,V32P-A014512,0,0.34474201500415802,0.35647771954536439,0,0
retention_expiry,1900,V32P-A014513,1,0.29104568362236022,0.29245150685310362,0,0
retention_expiry,1901,V32P-A014514,0,0.025840465817600487,0.021773641789332034,0,0
retention_expiry,1902,V32P-A014533,0,0.50222923159599309,0.56277419328689571,0,0
retention_expiry,1903,V32P-A014534,0,0.47682682275772093,0.5352703750133514,0,0
retention_expiry,1904,V32P-A014535,0,0.37272524237632754,0.42142319679260254,0,0
retention_expiry,1905,V32P-A014536,0,0.29596685767173769,0.32956149578094485,0,0
retention_expiry,1906,V32P-A014537,0,0.23792432844638825,0.2572596102952957,0,0
retention_expiry,1907,V32P-A014538,0,0.10392199829220772,0.10008011385798454,0,0
retention_expiry,1908,V32P-A014581,0,0.73489643335342403,0.73808286190032957,1,1
retention_expiry,1909,V32P-A014582,0,0.6101310610771179,0.61118698120117188,0,0
retention_expiry,1910,V32P-A014583,0,0.5169639408588409,0.52281988263130186,0,0
retention_expiry,1911,V32P-A014584,0,0.40690535902976988,0.41859737634658811,0,0
retention_expiry,1912,V32P-A014585,0,0.38061544299125671,0.39046397507190705,0,0
retention_expiry,1913,V32P-A014586,0,0.21452197283506394,0.20016700774431229,0,0
retention_expiry,1914,V32P-A014590,0,0.44398462772369385,0.49608504176139834,0,0
retention_expiry,1915,V32P-A014591,0,0.37402589023113253,0.41619488298892976,0,0
retention_expiry,1916,V32P-A014592,0,0.20074026137590409,0.20377296954393387,0,0
retention_expiry,1917,V32P-A014593,0,0.48328449726104739,0.54486950635910036,0,0
retention_expiry,1918,V32P-A014594,0,0.46013053655624392,0.51369719505310063,0,0
retention_expiry,1919,V32P-A014595,0,0.54755097031593325,0.58989881873130801,0,0
retention_expiry,1920,V32P-A014596,0,0.32523422837257387,0.3572354853153229,0,0
retention_expiry,1921,V32P-A014597,1,0.26890138089656829,0.293408727645874,0,0
retention_expiry,1922,V32P-A014598,0,0.020149500295519828,0.01736513590440154,0,0
retention_expiry,1923,V32P-A014605,1,0.73523545265197754,0.77029029130935667,1,1
retention_expiry,1924,V32P-A014606,1,0.65429894924163823,0.68781282901763918,1,1
retention_expiry,1925,V32P-A014607,1,0.61645090579986572,0.649824070930481,0,1
retention_expiry,1926,V32P-A014608,0,0.09605559185147286,0.083594471216201782,0,0
retention_expiry,1927,V32P-A014609,0,0.072685843706130987,0.062741689011454577,0,0
retention_expiry,1928,V32P-A014610,0,0.03227687906473875,0.027089509088546036,0,0
retention_expiry,1929,V32P-A014653,0,0.59280381202697752,0.63320749998092651,0,1
retention_expiry,1930,V32P-A014654,0,0.41751836538314818,0.48053410053253176,0,0
retention_expiry,1931,V32P-A014655,0,0.34780471324920653,0.40000395178794862,0,0
retention_expiry,1932,V32P-A014656,0,0.27899382114410398,0.31065319180488588,0,0
retention_expiry,1933,V32P-A014657,0,0.21302770376205443,0.23213271349668502,0,0
retention_expiry,1934,V32P-A014658,0,0.085577317327260968,0.086637455970048904,0,0
retention_expiry,1935,V32P-A014665,0,0.55118815302848811,0.59930361509323116,0,0
retention_expiry,1936,V32P-A014666,0,0.38854774832725525,0.44218083620071413,0,0
retention_expiry,1937,V32P-A014667,0,0.37961860895156863,0.4350252687931061,0,0
retention_expiry,1938,V32P-A014668,0,0.29164370596408845,0.33915248215198518,0,0
retention_expiry,1939,V32P-A014669,0,0.21744767725467681,0.24660399854183196,0,0
retention_expiry,1940,V32P-A014670,0,0.096293240785598755,0.09692142009735108,0,0
retention_expiry,1941,V32P-A014721,0,0.50628635883331297,0.53009245991706844,0,0
retention_expiry,1942,V32P-A014722,0,0.43347461819648742,0.44768426418304441,0,0
retention_expiry,1943,V32P-A014723,0,0.3746197998523712,0.38124694824218752,0,0
retention_expiry,1944,V32P-A014724,0,0.16568378061056138,0.15039105415344239,0,0
retention_expiry,1945,V32P-A014743,0,0.67992444038391109,0.70899782180786131,1,1
retention_expiry,1946,V32P-A014744,0,0.51879202127456669,0.55331156253814695,0,0
retention_expiry,1947,V32P-A014745,0,0.40834851264953614,0.44984894990921021,0,0
retention_expiry,1948,V32P-A014746,0,0.33307178616523742,0.37587598562240598,0,0
retention_expiry,1949,V32P-A014747,0,0.3490495651960373,0.38647657930850982,0,0
retention_expiry,1950,V32P-A014748,0,0.13739274740219115,0.13943765163421631,0,0
retention_expiry,1951,V32P-A014752,0,0.38429964184761045,0.4378842771053314,0,0
retention_expiry,1952,V32P-A014753,0,0.31758804619312286,0.36767175495624543,0,0
retention_expiry,1953,V32P-A014754,0,0.15638238638639451,0.16930783390998841,0,0
retention_expiry,1954,V32P-A014791,0,0.39447864890098572,0.43551721572875979,0,0
retention_expiry,1955,V32P-A014792,0,0.39668613076210024,0.42702347636222837,0,0
retention_expiry,1956,V32P-A014793,0,0.36693139672279357,0.38589763641357422,0,0
retention_expiry,1957,V32P-A014794,0,0.2750228703022003,0.28037610352039338,0,0
retention_expiry,1958,V32P-A014795,0,0.19823802411556243,0.19575717151165009,0,0
retention_expiry,1959,V32P-A014796,0,0.083531067520380017,0.076760850101709369,0,0
retention_expiry,1960,V32P-A014798,0,0.44602679908275605,0.50331774652004246,0,0
retention_expiry,1961,V32P-A014799,0,0.42538993358612059,0.46970395445823671,0,0
retention_expiry,1962,V32P-A014800,0,0.35996024012565614,0.39192099869251251,0,0
retention_expiry,1963,V32P-A014801,0,0.30244567394256594,0.32293965816497805,0,0
retention_expiry,1964,V32P-A014802,0,0.1636972613632679,0.16251894012093543,0,0
retention_expiry,1965,V32P-A014829,0,0.60741184949874882,0.66000205278396606,0,1
retention_expiry,1966,V32P-A014830,0,0.54318709373474117,0.59350073337554932,0,0
retention_expiry,1967,V32P-A014831,0,0.52040414810180669,0.56667835712432857,0,0
retention_expiry,1968,V32P-A014832,0,0.22772629857063292,0.23051396012306213,0,0
retention_expiry,1969,V32P-A014851,0,0.52519538998603821,0.57269096374511719,0,0
retention_expiry,1970,V32P-A014852,0,0.53423841595649724,0.57483352422714229,0,0
retention_expiry,1971,V32P-A014853,0,0.50543503761291508,0.53795377016067503,0,0
retention_expiry,1972,V32P-A014854,0,0.42335833311080934,0.45171697735786437,0,0
retention_expiry,1973,V32P-A014855,0,0.33032790422439573,0.35065829157829287,0,0
retention_expiry,1974,V32P-A014856,0,0.13797557204961777,0.13324367851018906,0,0
retention_expiry,1975,V32P-A014941,0,0.49440063238143922,0.52595362663269041,0,0
retention_expiry,1976,V32P-A014942,0,0.46644734144210814,0.50151428580284119,0,0
retention_expiry,1977,V32P-A014943,0,0.39657430946826933,0.4263761669397354,0,0
retention_expiry,1978,V32P-A014944,0,0.32274639010429385,0.34009906649589539,0,0
retention_expiry,1979,V32P-A014945,1,0.25735365748405459,0.2638951063156128,0,0
retention_expiry,1980,V32P-A014946,0,0.025377393141388892,0.02146753193810582,0,0
retention_expiry,1981,V32P-A014950,0,0.57836164236068721,0.59590122699737547,0,0
retention_expiry,1982,V32P-A014951,0,0.41528265476226806,0.42422926425933838,0,0
retention_expiry,1983,V32P-A014952,0,0.036719040386378764,0.031350665353238584,0,0
retention_expiry,1984,V32P-A014992,0,0.52763845920562746,0.55590211749076845,0,0
retention_expiry,1985,V32P-A014993,0,0.36638633310794833,0.38788833618164065,0,0
retention_expiry,1986,V32P-A014994,0,0.14738057255744935,0.14649412035942078,0,0
retention_expiry,1987,V32P-A015013,0,0.73994839191436768,0.75668338537216184,1,1
retention_expiry,1988,V32P-A015014,0,0.6632786870002747,0.68856363296508794,1,1
retention_expiry,1989,V32P-A015015,0,0.59058853983879089,0.61238948106765745,0,0
retention_expiry,1990,V32P-A015016,0,0.51049655675888062,0.52704562544822697,0,0
retention_expiry,1991,V32P-A015017,0,0.43188145458698274,0.44477667510509489,0,0
retention_expiry,1992,V32P-A015018,0,0.24028468728065491,0.23440003693103789,0,0
retention_expiry,1993,V32P-A015037,0,0.46255447864532473,0.53071359395980833,0,0
retention_expiry,1994,V32P-A015038,0,0.49065393805503843,0.5516449511051178,0,0
retention_expiry,1995,V32P-A015039,0,0.47221159338951113,0.52518399953842165,0,0
retention_expiry,1996,V32P-A015040,0,0.4110576629638672,0.45025500655174255,0,0
retention_expiry,1997,V32P-A015041,0,0.33974090516567229,0.37090827226638795,0,0
retention_expiry,1998,V32P-A015042,0,0.025089937821030618,0.02208547554910183,0,0
retention_expiry,1999,V32P-A015163,0,0.40164157748222351,0.4330899715423584,0,0
retention_expiry,2000,V32P-A015164,0,0.36092996597290039,0.39318675398826597,0,0
retention_expiry,2001,V32P-A015165,0,0.31676590442657471,0.34326804280281065,0,0
retention_expiry,2002,V32P-A015166,0,0.24664321541786194,0.25990441739559172,0,0
retention_expiry,2003,V32P-A015167,0,0.18885546326637268,0.19142972230911254,0,0
retention_expiry,2004,V32P-A015168,0,0.082124543190002439,0.076108220964670181,0,0
retention_expiry,2005,V32P-A015171,0,0.45800108313560484,0.50871231555938723,0,0
retention_expiry,2006,V32P-A015172,0,0.37460392117500307,0.40989089608192442,0,0
retention_expiry,2007,V32P-A015173,0,0.28626171350479124,0.30092945694923401,0,0
retention_expiry,2008,V32P-A015174,0,0.12154241502285004,0.11618799120187759,0,0
retention_expiry,2009,V32P-A015199,0,0.57359158992767334,0.61941676139831547,0,0
retention_expiry,2010,V32P-A015200,0,0.45889276862144468,0.50777348279953005,0,0
retention_expiry,2011,V32P-A015201,0,0.42218307256698606,0.46290089488029479,0,0
retention_expiry,2012,V32P-A015202,0,0.37724863886833193,0.40281427502632139,0,0
retention_expiry,2013,V32P-A015203,0,0.30469602048397065,0.31766734123229978,0,0
retention_expiry,2014,V32P-A015204,0,0.12351608127355576,0.11266034245491027,0,0
retention_expiry,2015,V32P-A015205,0,0.74632722139358521,0.76024409532546999,1,1
retention_expiry,2016,V32P-A015206,0,0.72763872146606445,0.74073700904846196,1,1
retention_expiry,2017,V32P-A015207,0,0.75656276941299438,0.76726881265640257,1,1
retention_expiry,2018,V32P-A015208,0,0.71048686504364011,0.71386768817901614,1,1
retention_expiry,2019,V32P-A015209,0,0.69652398824691775,0.6952177047729492,1,1
retention_expiry,2020,V32P-A015210,0,0.35067965090274811,0.32089567780494688,0,0
retention_expiry,2021,V32P-A015256,0,0.6165632367134094,0.65566743612289424,0,1
retention_expiry,2022,V32P-A015257,0,0.68928866386413579,0.72324666976928709,1,1
retention_expiry,2023,V32P-A015258,0,0.39224099218845365,0.41496691107749939,0,0
retention_expiry,2024,V32P-A015259,0,0.79313473701477055,0.81846499443054199,1,1
retention_expiry,2025,V32P-A015260,0,0.69530410766601558,0.72016931772232051,1,1
retention_expiry,2026,V32P-A015261,0,0.62436408996582027,0.65739359855651858,1,1
retention_expiry,2027,V32P-A015262,0,0.54289804697036748,0.56980733275413509,0,0
retention_expiry,2028,V32P-A015263,0,0.56357418894767763,0.58471882343292236,0,0
retention_expiry,2029,V32P-A015264,0,0.25270014107227323,0.25469023585319517,0,0
retention_expiry,2030,V32P-A015373,0,0.55673395395278935,0.59683692455291748,0,0
retention_expiry,2031,V32P-A015374,0,0.55672096014022832,0.58594291210174565,0,0
retention_expiry,2032,V32P-A015375,0,0.46155067086219786,0.48540947437286375,0,0
retention_expiry,2033,V32P-A015376,0,0.48965774178504945,0.50210201144218447,0,0
retention_expiry,2034,V32P-A015377,0,0.32428644299507142,0.3290016710758209,0,0
retention_expiry,2035,V32P-A015378,0,0.17258770167827606,0.16244803369045258,0,0
retention_expiry,2036,V32P-A015451,0,0.71271643638610838,0.73348922729492183,1,1
retention_expiry,2037,V32P-A015452,0,0.61426128149032588,0.63462570905685423,0,1
retention_expiry,2038,V32P-A015453,0,0.70299962759017942,0.72333445549011233,1,1
retention_expiry,2039,V32P-A015454,0,0.57062337994575496,0.58025302886962893,0,0
retention_expiry,2040,V32P-A015455,0,0.57618654966354366,0.58436931967735295,0,0
retention_expiry,2041,V32P-A015456,0,0.33512728214263915,0.31347395181655885,0,0
retention_expiry,2042,V32P-A015520,0,0.48263968229293824,0.54202025532722475,0,0
retention_expiry,2043,V32P-A015521,0,0.42140174508094785,0.47543791532516477,0,0
retention_expiry,2044,V32P-A015522,0,0.21586265563964843,0.23233072757720946,0,0
retention_expiry,2045,V32P-A015559,1,0.69072518348693845,0.73344483375549319,1,1
retention_expiry,2046,V32P-A015560,1,0.63877981901168823,0.70178334712982182,1,1
retention_expiry,2047,V32P-A015561,1,0.5799547493457794,0.63677514791488643,0,1
retention_expiry,2048,V32P-A015562,0,0.12079037129878997,0.11284583508968353,0,0
retention_expiry,2049,V32P-A015563,0,0.092543778568506235,0.084847594052553182,0,0
retention_expiry,2050,V32P-A015564,0,0.04090157151222229,0.036394271627068521,0,0
retention_expiry,2051,V32P-A015583,0,0.72935429811477659,0.76949940919876103,1,1
retention_expiry,2052,V32P-A015584,0,0.69389379024505615,0.74087702035903935,1,1
retention_expiry,2053,V32P-A015585,0,0.6855725765228271,0.7291163325309753,1,1
retention_expiry,2054,V32P-A015586,0,0.6408810436725616,0.68454759120941167,1,1
retention_expiry,2055,V32P-A015587,1,0.60571306943893433,0.64665449857711788,0,1
retention_expiry,2056,V32P-A015588,0,0.054103042185306552,0.04591779708862305,0,0
retention_expiry,2057,V32P-A015595,0,0.62490153312683105,0.69491989612579341,1,1
retention_expiry,2058,V32P-A015596,0,0.60813395977020268,0.6733572363853455,0,1
retention_expiry,2059,V32P-A015597,0,0.55875702500343327,0.62257837057113652,0,1
retention_expiry,2060,V32P-A015598,0,0.56014515757560734,0.62023347020149233,0,1
retention_expiry,2061,V32P-A015599,0,0.50811994671821592,0.563300096988678,0,0
retention_expiry,2062,V32P-A015600,0,0.06091478634625673,0.058747289702296257,0,0
retention_expiry,2063,V32P-A015607,0,0.52609821557998659,0.56972081661224361,0,0
retention_expiry,2064,V32P-A015608,0,0.49506542682647703,0.53821609020233152,0,0
retention_expiry,2065,V32P-A015609,0,0.47467640042304993,0.51390401721000667,0,0
retention_expiry,2066,V32P-A015610,0,0.45316752195358279,0.48233313560485841,0,0
retention_expiry,2067,V32P-A015611,0,0.3812045931816101,0.39921993613243101,0,0
retention_expiry,2068,V32P-A015612,0,0.17777260690927504,0.17307085543870926,0,0
retention_expiry,2069,V32P-A015625,0,0.77900829315185549,0.80962109565734863,1,1
retention_expiry,2070,V32P-A015626,0,0.71196062564849849,0.75030940771102905,1,1
retention_expiry,2071,V32P-A015627,0,0.77884612083435056,0.8105604767799377,1,1
retention_expiry,2072,V32P-A015628,0,0.67915621995925901,0.71035729646682744,1,1
retention_expiry,2073,V32P-A015629,0,0.61077002286911009,0.64601936340332033,0,1
retention_expiry,2074,V32P-A015630,0,0.36902660131454468,0.37841920554637909,0,0
retention_expiry,2075,V32P-A015682,0,0.46610980033874511,0.49348257780075072,0,0
retention_expiry,2076,V32P-A015683,0,0.28609654009342195,0.30975401699542998,0,0
retention_expiry,2077,V32P-A015684,0,0.12473162114620209,0.12834466099739075,0,0
retention_expiry,2078,V32P-A015693,0,0.51598019003868101,0.56522696614265444,0,0
retention_expiry,2079,V32P-A015694,0,0.4419083297252655,0.48938953280448916,0,0
retention_expiry,2080,V32P-A015695,0,0.36438554525375366,0.40267944931983946,0,0
retention_expiry,2081,V32P-A015696,0,0.15788966864347459,0.15717913806438447,0,0
retention_expiry,2082,V32P-A015837,0,0.58755210638046262,0.6153731644153595,0,0
retention_expiry,2083,V32P-A015838,0,0.5680765748023987,0.58654577732086177,0,0
retention_expiry,2084,V32P-A015839,0,0.40796889066696168,0.42599653601646426,0,0
retention_expiry,2085,V32P-A015840,0,0.20679401010274887,0.20699729472398759,0,0
retention_expiry,2086,V32P-A015892,0,0.59050889015197749,0.60606979131698613,0,0
retention_expiry,2087,V32P-A015893,0,0.55834406614303589,0.56492846012115483,0,0
retention_expiry,2088,V32P-A015894,0,0.33308821022510526,0.31791340708732607,0,0
retention_expiry,2089,V32P-A015916,0,0.45274392962455751,0.50237164497375486,0,0
retention_expiry,2090,V32P-A015917,0,0.3892617464065552,0.42393559217453003,0,0
retention_expiry,2091,V32P-A015918,0,0.18391460031270981,0.17270538657903672,0,0
retention_expiry,2092,V32P-A015919,0,0.80878987312316897,0.83095178604125974,1,1
retention_expiry,2093,V32P-A015920,0,0.68543161153793331,0.7083842992782593,1,1
retention_expiry,2094,V32P-A015921,0,0.58757136464118953,0.60578826069831848,0,0
retention_expiry,2095,V32P-A015922,0,0.63376207351684566,0.65984321832656856,1,1
retention_expiry,2096,V32P-A015923,0,0.52325645089149475,0.54303159117698674,0,0
retention_expiry,2097,V32P-A015924,0,0.23566221594810485,0.22577677667140961,0,0
retention_expiry,2098,V32P-A015961,0,0.30282189846038821,0.36590057015419009,0,0
retention_expiry,2099,V32P-A015962,0,0.28595978319644927,0.34010333418846128,0,0
retention_expiry,2100,V32P-A015963,0,0.25949886739253997,0.30284938812255857,0,0
retention_expiry,2101,V32P-A015964,0,0.20463073253631592,0.22804942429065705,0,0
retention_expiry,2102,V32P-A015965,0,0.16773417294025422,0.17954905331134796,0,0
retention_expiry,2103,V32P-A015966,0,0.079639326035976413,0.076369965821504598,0,0
retention_expiry,2104,V32P-A015979,0,0.84561991691589355,0.8652172207832336,1,1
retention_expiry,2105,V32P-A015980,0,0.73506559133529659,0.7528439044952393,1,1
retention_expiry,2106,V32P-A015981,0,0.65926432609558105,0.67916197776794429,1,1
retention_expiry,2107,V32P-A015982,0,0.55877482891082764,0.58617844581604006,0,0
retention_expiry,2108,V32P-A015983,0,0.49903328418731691,0.5298861145973206,0,0
retention_expiry,2109,V32P-A015984,0,0.30081056654453275,0.3013125002384186,0,0
retention_expiry,2110,V32P-A016017,0,0.60350328683853149,0.62924165725708003,0,1
retention_expiry,2111,V32P-A016018,0,0.52269211411476135,0.54581414461135869,0,0
retention_expiry,2112,V32P-A016019,0,0.42835386991500857,0.44223995804786681,0,0
retention_expiry,2113,V32P-A016020,0,0.20004724562168122,0.18740666210651397,0,0
retention_expiry,2114,V32P-A016023,0,0.46027222871780393,0.51075497269630432,0,0
retention_expiry,2115,V32P-A016024,0,0.37070507109165191,0.41204834580421446,0,0
retention_expiry,2116,V32P-A016025,0,0.30295732915401458,0.33111866712570193,0,0
retention_expiry,2117,V32P-A016026,0,0.1366592064499855,0.14232681989669799,0,0
retention_expiry,2118,V32P-A016066,0,0.28187639713287355,0.31484994590282439,0,0
retention_expiry,2119,V32P-A016067,0,0.21142584979534149,0.2300074279308319,0,0
retention_expiry,2120,V32P-A016068,0,0.0855410486459732,0.082508856058120722,0,0
retention_expiry,2121,V32P-A016118,0,0.3526300609111786,0.41079924702644349,0,0
retention_expiry,2122,V32P-A016119,0,0.31928985118865966,0.37498015761375425,0,0
retention_expiry,2123,V32P-A016120,0,0.24649167060852051,0.28831066787242887,0,0
retention_expiry,2124,V32P-A016121,0,0.18869644701480864,0.21609500646591187,0,0
retention_expiry,2125,V32P-A016122,0,0.074006976932287222,0.074423944950103765,0,0
retention_expiry,2126,V32P-A016135,0,0.61383467316627505,0.68144429326057432,0,1
retention_expiry,2127,V32P-A016136,0,0.56304823160171513,0.63111153841018675,0,1
retention_expiry,2128,V32P-A016137,0,0.4835096776485443,0.54436669945716853,0,0
retention_expiry,2129,V32P-A016138,0,0.42474860548973081,0.47233815789222716,0,0
retention_expiry,2130,V32P-A016139,0,0.32970747053623201,0.36186187863349917,0,0
retention_expiry,2131,V32P-A016140,0,0.14102470874786377,0.13877161145210265,0,0
retention_expiry,2132,V32P-A016203,0,0.38855734467506409,0.44195744991302488,0,0
retention_expiry,2133,V32P-A016204,0,0.31390026211738586,0.35045642852783204,0,0
retention_expiry,2134,V32P-A016205,0,0.25564718842506406,0.27258920073509219,0,0
retention_expiry,2135,V32P-A016206,0,0.11284600794315339,0.10727470070123672,0,0
retention_expiry,2136,V32P-A016225,0,0.58247426152229309,0.64970127344131468,0,1
retention_expiry,2137,V32P-A016226,0,0.63366935253143308,0.68231995105743404,1,1
retention_expiry,2138,V32P-A016227,0,0.64934166669845583,0.68800668716430669,1,1
retention_expiry,2139,V32P-A016228,1,0.66694478988647465,0.70019690990448002,1,1
retention_expiry,2140,V32P-A016229,0,0.10564227402210236,0.093926083296537399,0,0
retention_expiry,2141,V32P-A016230,0,0.043067333102226255,0.037772341258823873,0,0
retention_expiry,2142,V32P-A016291,0,0.55826880335807805,0.61095081567764287,0,0
retention_expiry,2143,V32P-A016292,0,0.62367488145828243,0.66371742486953733,1,1
retention_expiry,2144,V32P-A016293,0,0.64580912590026851,0.67203090190887449,1,1
retention_expiry,2145,V32P-A016294,0,0.59158324003219609,0.61329421401023865,0,0
retention_expiry,2146,V32P-A016295,0,0.51891784071922298,0.54571710228919978,0,0
retention_expiry,2147,V32P-A016296,0,0.27682293951511383,0.29262506514787673,0,0
retention_expiry,2148,V32P-A016303,0,0.59115597009658816,0.63017668724060061,0,1
retention_expiry,2149,V32P-A016304,0,0.44046884775161743,0.47782723307609559,0,0
retention_expiry,2150,V32P-A016305,0,0.37691184282302859,0.40980886220932006,0,0
retention_expiry,2151,V32P-A016306,0,0.36315435767173765,0.3884257197380066,0,0
retention_expiry,2152,V32P-A016307,1,0.30347695648670198,0.31592623293399813,0,0
retention_expiry,2153,V32P-A016308,0,0.025813556648790835,0.024239724967628717,0,0
retention_expiry,2154,V32P-A016423,0,0.67415739297866817,0.70002909898757937,1,1
retention_expiry,2155,V32P-A016424,0,0.56232596039772031,0.60036750435829167,0,0
retention_expiry,2156,V32P-A016425,0,0.50122210383415222,0.54034284949302669,0,0
retention_expiry,2157,V32P-A016426,0,0.4342185318470001,0.46310260891914368,0,0
retention_expiry,2158,V32P-A016427,0,0.33573756814002992,0.35213036537170411,0,0
retention_expiry,2159,V32P-A016428,0,0.16282857656478883,0.146701879799366,0,0
retention_expiry,2160,V32P-A016438,0,0.46223064064979552,0.49386030435562134,0,0
retention_expiry,2161,V32P-A016439,0,0.36381913423538209,0.38088663816452029,0,0
retention_expiry,2162,V32P-A016440,0,0.16055434197187424,0.15714472979307176,0,0
retention_expiry,2163,V32P-A016471,0,0.63910127878189082,0.68562881946563725,1,1
retention_expiry,2164,V32P-A016472,0,0.4842438757419586,0.56385070085525513,0,0
retention_expiry,2165,V32P-A016473,0,0.51009078025817867,0.55662392377853398,0,0
retention_expiry,2166,V32P-A016474,0,0.46951837539672853,0.50083549022674556,0,0
retention_expiry,2167,V32P-A016475,0,0.45836153626441956,0.48804722428321839,0,0
retention_expiry,2168,V32P-A016476,0,0.19006827771663665,0.19534514993429183,0,0
retention_expiry,2169,V32P-A016507,0,0.81143431663513188,0.8308294415473938,1,1
retention_expiry,2170,V32P-A016508,0,0.70380765199661255,0.70917100906372066,1,1
retention_expiry,2171,V32P-A016509,0,0.75932321548461912,0.76094243526458738,1,1
retention_expiry,2172,V32P-A016510,0,0.50936710238456728,0.51113318204879765,0,0
retention_expiry,2173,V32P-A016511,0,0.44518859386444093,0.44215123057365419,0,0
retention_expiry,2174,V32P-A016512,0,0.034014617651700975,0.02943181563168764,0,0
retention_expiry,2175,V32P-A016604,0,0.73177957534790039,0.76002085208892822,1,1
retention_expiry,2176,V32P-A016605,0,0.62183318138122556,0.66396639347076414,1,1
retention_expiry,2177,V32P-A016606,0,0.56762879490852358,0.61062721014022825,0,0
retention_expiry,2178,V32P-A016607,0,0.55041502118110652,0.58845536708831792,0,0
retention_expiry,2179,V32P-A016608,0,0.26288463473320006,0.27473874092102052,0,0
retention_expiry,2180,V32P-A016648,0,0.10352290421724319,0.095779267698526377,0,0
retention_expiry,2181,V32P-A016649,0,0.076352604478597638,0.06995714977383613,0,0
retention_expiry,2182,V32P-A016650,0,0.0329029930755496,0.029439230263233186,0,0
retention_expiry,2183,V32P-A016687,0,0.75515230894088747,0.78318979740142824,1,1
retention_expiry,2184,V32P-A016688,0,0.6619301438331604,0.70352609157562251,1,1
retention_expiry,2185,V32P-A016689,0,0.61208176612854004,0.66554628610610966,0,1
retention_expiry,2186,V32P-A016690,0,0.58542806506156919,0.6154759883880615,0,0
retention_expiry,2187,V32P-A016691,0,0.50987092256546018,0.53338360190391543,0,0
retention_expiry,2188,V32P-A016692,0,0.25587157905101776,0.24939444065093994,0,0
retention_expiry,2189,V32P-A016708,0,0.27636166214942931,0.31030183434486391,0,0
retention_expiry,2190,V32P-A016709,0,0.21881782412528991,0.24029937088489534,0,0
retention_expiry,2191,V32P-A016710,0,0.095603340864181513,0.090307724475860593,0,0
retention_expiry,2192,V32P-A016738,0,0.16351534426212311,0.1513255625963211,0,0
retention_expiry,2193,V32P-A016739,0,0.13973117768764495,0.12305556237697601,0,0
retention_expiry,2194,V32P-A016740,0,0.042674959637224674,0.036085670627653596,0,0
retention_expiry,2195,V32P-A016783,1,0.67862960100173952,0.68739813566207886,1,1
retention_expiry,2196,V32P-A016784,1,0.5443009674549103,0.56017838120460506,0,0
retention_expiry,2197,V32P-A016785,1,0.45391129255294799,0.47447338700294495,0,0
retention_expiry,2198,V32P-A016786,0,0.096375277638435369,0.081946858018636701,0,0
retention_expiry,2199,V32P-A016787,0,0.070249433815479281,0.059475994482636449,0,0
retention_expiry,2200,V32P-A016788,0,0.033631357830017805,0.027520910929888488,0,0
retention_expiry,2201,V32P-A016797,0,0.49540960192680361,0.53005369305610661,0,0
retention_expiry,2202,V32P-A016798,0,0.4465565621852875,0.46936671137809755,0,0
retention_expiry,2203,V32P-A016799,1,0.36356856822967532,0.38022199869155882,0,0
retention_expiry,2204,V32P-A016800,0,0.02668944150209427,0.021970974840223791,0,0
retention_expiry,2205,V32P-A016801,1,0.74992563724517824,0.78635759353637691,1,1
retention_expiry,2206,V32P-A016802,1,0.6295110702514648,0.67971504926681514,1,1
retention_expiry,2207,V32P-A016803,1,0.57968875765800476,0.63806068301200869,0,1
retention_expiry,2208,V32P-A016804,0,0.099347946792840952,0.09207317978143692,0,0
retention_expiry,2209,V32P-A016805,0,0.07372173890471459,0.064761507511138919,0,0
retention_expiry,2210,V32P-A016806,0,0.032228074781596658,0.026689104735851288,0,0
retention_expiry,2211,V32P-A016815,0,0.38734343051910403,0.4245116114616394,0,0
retention_expiry,2212,V32P-A016816,0,0.30827004313468931,0.33115974068641663,0,0
retention_expiry,2213,V32P-A016817,0,0.24127854406833649,0.2519096225500107,0,0
retention_expiry,2214,V32P-A016818,0,0.10801055207848549,0.10102346763014794,0,0
retention_expiry,2215,V32P-A016831,0,0.70975290536880498,0.73707790374755855,1,1
retention_expiry,2216,V32P-A016832,0,0.63910208940505986,0.67283190488815303,1,1
retention_expiry,2217,V32P-A016833,0,0.56097235679626467,0.60437037944793703,0,0
retention_expiry,2218,V32P-A016834,0,0.47295788526535032,0.51385794281959529,0,0
retention_expiry,2219,V32P-A016835,0,0.46324113011360168,0.49622550010681155,0,0
retention_expiry,2220,V32P-A016836,0,0.035774591937661172,0.031506033241748811,0,0
retention_expiry,2221,V32P-A016867,0,0.7438372731208801,0.77827721834182739,1,1
retention_expiry,2222,V32P-A016868,0,0.6701724171638489,0.71219719648361202,1,1
retention_expiry,2223,V32P-A016869,0,0.64161057472228999,0.68093717098236084,1,1
retention_expiry,2224,V32P-A016870,0,0.68521107435226436,0.71451481580734255,1,1
retention_expiry,2225,V32P-A016871,0,0.57804154157638554,0.59856036901473997,0,0
retention_expiry,2226,V32P-A016872,0,0.058790260180830958,0.049985124915838244,0,0
retention_expiry,2227,V32P-A016960,0,0.57154756784439087,0.63174096941947933,0,1
retention_expiry,2228,V32P-A016961,0,0.48095127344131472,0.53686665892601015,0,0
retention_expiry,2229,V32P-A016962,0,0.2636641889810562,0.279177850484848,0,0
retention_expiry,2230,V32P-A017062,0,0.65319507122039799,0.69488719701766966,1,1
retention_expiry,2231,V32P-A017063,0,0.61668794155120854,0.65033596754074097,0,1
retention_expiry,2232,V32P-A017064,0,0.35607202649116515,0.35807886719703674,0,0
retention_expiry,2233,V32P-A017077,0,0.62343281507492065,0.67057237625122068,1,1
retention_expiry,2234,V32P-A017078,0,0.65194025039672854,0.69779500961303709,1,1
retention_expiry,2235,V32P-A017079,0,0.60835548043251042,0.65420235395431514,0,1
retention_expiry,2236,V32P-A017080,0,0.54074111580848694,0.57886747121810911,0,0
retention_expiry,2237,V32P-A017081,0,0.38724296987056733,0.4047605633735657,0,0
retention_expiry,2238,V32P-A017082,0,0.15481117814779283,0.14423522055149079,0,0
retention_expiry,2239,V32P-A017091,1,0.80492252111434937,0.82448705434799197,1,1
retention_expiry,2240,V32P-A017092,0,0.19329306781291961,0.16843602508306504,0,0
retention_expiry,2241,V32P-A017093,0,0.15739412158727645,0.131178817152977,0,0
retention_expiry,2242,V32P-A017094,0,0.053167059272527697,0.043229976855218413,0,0
retention_expiry,2243,V32P-A017167,1,0.73049731254577632,0.75823765993118286,1,1
retention_expiry,2244,V32P-A017168,1,0.63543204069137571,0.65989296436309819,1,1
retention_expiry,2245,V32P-A017169,1,0.53677923679351802,0.56410277485847471,0,0
retention_expiry,2246,V32P-A017170,0,0.10724993497133255,0.091788928210735324,0,0
retention_expiry,2247,V32P-A017171,0,0.072195000946521759,0.061143754422664641,0,0
retention_expiry,2248,V32P-A017172,0,0.02973173577338457,0.024970761127769948,0,0
retention_expiry,2249,V32P-A017173,0,0.61489022970199581,0.69642482995986943,0,1
retention_expiry,2250,V32P-A017174,0,0.62724485397338869,0.69398136138916011,1,1
retention_expiry,2251,V32P-A017175,0,0.59070421457290645,0.65172572135925289,0,1
retention_expiry,2252,V32P-A017176,0,0.47724688649177549,0.53489042520523067,0,0
retention_expiry,2253,V32P-A017177,1,0.35698473453521729,0.39819927811622619,0,0
retention_expiry,2254,V32P-A017178,0,0.025654275156557559,0.023661256767809391,0,0
retention_expiry,2255,V32P-A017187,0,0.52144013643264775,0.54862529039382935,0,0
retention_expiry,2256,V32P-A017188,0,0.42574132680892945,0.4570485591888428,0,0
retention_expiry,2257,V32P-A017189,0,0.32222889661788939,0.35029802918434144,0,0
retention_expiry,2258,V32P-A017190,0,0.13644338250160218,0.13633329570293426,0,0
retention_expiry,2259,V32P-A017284,0,0.40075280070304869,0.4320657730102539,0,0
retention_expiry,2260,V32P-A017285,0,0.31773974597454069,0.33368132710456849,0,0
retention_expiry,2261,V32P-A017286,0,0.13327638506889344,0.12950872629880905,0,0
retention_expiry,2262,V32P-A017344,0,0.52423971891403198,0.55225949883461001,0,0
retention_expiry,2263,V32P-A017345,0,0.53303266167640684,0.55539378523826599,0,0
retention_expiry,2264,V32P-A017346,0,0.20322373509407043,0.19766118824481965,0,0
retention_expiry,2265,V32P-A017383,0,0.59421228170394902,0.63396079540252681,0,1
retention_expiry,2266,V32P-A017384,0,0.58329974412918095,0.62659376859664917,0,1
retention_expiry,2267,V32P-A017385,0,0.58617774248123167,0.62275559902191158,0,1
retention_expiry,2268,V32P-A017386,0,0.53599803447723393,0.56764935851097109,0,0
retention_expiry,2269,V32P-A017387,0,0.47924643754959106,0.50631585717201233,0,0
retention_expiry,2270,V32P-A017388,0,0.26382094323635102,0.26050179600715639,0,0
retention_expiry,2271,V32P-A017401,0,0.44182963967323302,0.4814868628978729,0,0
retention_expiry,2272,V32P-A017402,0,0.44067263007164004,0.47490493059158323,0,0
retention_expiry,2273,V32P-A017403,0,0.4095234453678131,0.44112664461135864,0,0
retention_expiry,2274,V32P-A017404,0,0.32280039191246035,0.33919532001018526,0,0
retention_expiry,2275,V32P-A017405,0,0.25364708304405215,0.26208616495132447,0,0
retention_expiry,2276,V32P-A017406,0,0.1111394815146923,0.10797514021396637,0,0
retention_expiry,2277,V32P-A017407,0,0.64823349714279177,0.66831958293914795,1,1
retention_expiry,2278,V32P-A017408,0,0.65842427015304561,0.67331616878509526,1,1
retention_expiry,2279,V32P-A017409,0,0.67042075395584111,0.67800911664962771,1,1
retention_expiry,2280,V32P-A017410,1,0.63511306047439575,0.63663445711135869,1,1
retention_expiry,2281,V32P-A017411,0,0.09453736394643783,0.083004946261644369,0,0
retention_expiry,2282,V32P-A017412,0,0.044836985692381856,0.038484169729053976,0,0
retention_expiry,2283,V32P-A017422,0,0.37752966880798339,0.41863719820976258,0,0
retention_expiry,2284,V32P-A017423,0,0.35149230062961578,0.38188300132751463,0,0
retention_expiry,2285,V32P-A017424,0,0.15878560841083528,0.16568224281072616,0,0
retention_expiry,2286,V32P-A017457,1,0.61926344633102415,0.61693797111511228,0,0
retention_expiry,2287,V32P-A017458,0,0.13730659633874892,0.11239821910858154,0,0
retention_expiry,2288,V32P-A017459,0,0.099479445815086359,0.079926049709320074,0,0
retention_expiry,2289,V32P-A017460,0,0.042931201867759228,0.03528282605111599,0,0
retention_expiry,2290,V32P-A017461,0,0.65493913888931277,0.67505710124969487,1,1
retention_expiry,2291,V32P-A017462,0,0.56984499096870422,0.5969926118850708,0,0
retention_expiry,2292,V32P-A017463,0,0.54722927808761601,0.57063354253768916,0,0
retention_expiry,2293,V32P-A017464,0,0.49808076024055481,0.51687273383140564,0,0
retention_expiry,2294,V32P-A017465,0,0.42054964303970338,0.43080519437789916,0,0
retention_expiry,2295,V32P-A017466,0,0.20447950065135956,0.19449053853750228,0,0
retention_expiry,2296,V32P-A017551,1,0.7394227266311646,0.77305443286895748,1,1
retention_expiry,2297,V32P-A017552,1,0.63043581247329716,0.68454575538635254,1,1
retention_expiry,2298,V32P-A017553,0,0.21277568638324737,0.20807227492332458,0,0
retention_expiry,2299,V32P-A017554,0,0.20854130983352662,0.19863195419311525,0,0
retention_expiry,2300,V32P-A017555,0,0.13016094714403154,0.12028900086879731,0,0
retention_expiry,2301,V32P-A017556,0,0.057041115686297418,0.051100715622305871,0,0
retention_expiry,2302,V32P-A017653,0,0.59530129432678225,0.62180430889129634,0,1
retention_expiry,2303,V32P-A017654,0,0.4794194161891937,0.51287557482719426,0,0
retention_expiry,2304,V32P-A017655,0,0.61237213611602781,0.64993351697921753,0,1
retention_expiry,2305,V32P-A017656,0,0.51153092980384829,0.53278216123580935,0,0
retention_expiry,2306,V32P-A017657,0,0.43587768077850342,0.44673569202423097,0,0
retention_expiry,2307,V32P-A017658,0,0.22349053621292114,0.20897726565599442,0,0
retention_expiry,2308,V32P-A017659,0,0.71139081716537478,0.75019149780273442,1,1
retention_expiry,2309,V32P-A017660,0,0.65915867090225222,0.69363280534744265,1,1
retention_expiry,2310,V32P-A017661,0,0.61704767942428584,0.64820322990417478,0,1
retention_expiry,2311,V32P-A017662,0,0.58332673311233518,0.61325378417968746,0,0
retention_expiry,2312,V32P-A017663,0,0.57048047780990596,0.57931237220764165,0,0
retention_expiry,2313,V32P-A017664,0,0.044611258432269096,0.036095166020095347,0,0
retention_expiry,2314,V32P-A017689,0,0.69045232534408574,0.73531507253646855,1,1
retention_expiry,2315,V32P-A017690,0,0.61671601533889775,0.66781533956527706,0,1
retention_expiry,2316,V32P-A017691,0,0.59793214797973637,0.64431689977645878,0,1
retention_expiry,2317,V32P-A017692,0,0.58764601349830625,0.62301067113876341,0,1
retention_expiry,2318,V32P-A017693,1,0.53202645182609554,0.56019554734230037,0,0
retention_expiry,2319,V32P-A017694,0,0.040976193174719809,0.036207144893705842,0,0
retention_expiry,2320,V32P-A017698,0,0.28650493025779722,0.31479008197784425,0,0
retention_expiry,2321,V32P-A017699,0,0.22057013511657714,0.23561417460441589,0,0
retention_expiry,2322,V32P-A017700,0,0.098557979613542554,0.097649791091680524,0,0
retention_expiry,2323,V32P-A017704,0,0.11823427453637123,0.11029456332325935,0,0
retention_expiry,2324,V32P-A017705,0,0.13583681210875512,0.13221246525645255,0,0
retention_expiry,2325,V32P-A017706,0,0.038311694003641608,0.032348763942718503,0,0
retention_expiry,2326,V32P-A017734,0,0.5591084778308868,0.57923704981803892,0,0
retention_expiry,2327,V32P-A017735,1,0.47973915934562683,0.49486938118934631,0,0
retention_expiry,2328,V32P-A017736,0,0.03817331325262785,0.032858477253466842,0,0
retention_expiry,2329,V32P-A017779,0,0.66590087413787846,0.71835278272628789,1,1
retention_expiry,2330,V32P-A017780,0,0.58434299826622005,0.64606455564498899,0,1
retention_expiry,2331,V32P-A017781,0,0.50051025152206419,0.5562807440757751,0,0
retention_expiry,2332,V32P-A017782,0,0.47209541201591493,0.5120094239711761,0,0
retention_expiry,2333,V32P-A017783,0,0.44167189598083495,0.4729702830314636,0,0
retention_expiry,2334,V32P-A017784,0,0.22740984857082366,0.23275077641010283,0,0
retention_expiry,2335,V32P-A017821,0,0.62076740264892583,0.66083339452743528,1,1
retention_expiry,2336,V32P-A017822,0,0.52004305124282835,0.5752458333969116,0,0
retention_expiry,2337,V32P-A017823,0,0.46900812387466428,0.52577697038650517,0,0
retention_expiry,2338,V32P-A017824,0,0.39669387936592104,0.44852705001831056,0,0
retention_expiry,2339,V32P-A017825,0,0.31945286393165589,0.36018955111503603,0,0
retention_expiry,2340,V32P-A017826,0,0.15561921894550323,0.16246931999921799,0,0
retention_expiry,2341,V32P-A017851,0,0.73385286331176758,0.76352248191833494,1,1
retention_expiry,2342,V32P-A017852,0,0.51480329036712646,0.57325676679611204,0,0
retention_expiry,2343,V32P-A017853,0,0.54692104458808899,0.58641558289527895,0,0
retention_expiry,2344,V32P-A017854,0,0.56233109831810002,0.597900390625,0,0
retention_expiry,2345,V32P-A017855,0,0.41788109540939333,0.45431667566299438,0,0
retention_expiry,2346,V32P-A017856,0,0.18848613649606705,0.19642886519432068,0,0
retention_expiry,2347,V32P-A017875,0,0.4903453975915909,0.57110442221164703,0,0
retention_expiry,2348,V32P-A017876,0,0.55856103897094722,0.62350339889526363,0,1
retention_expiry,2349,V32P-A017877,0,0.54556165337562557,0.60287197232246403,0,0
retention_expiry,2350,V32P-A017878,0,0.48829553127288816,0.53932301998138432,0,0
retention_expiry,2351,V32P-A017879,0,0.40525255203247068,0.44577606320381163,0,0
retention_expiry,2352,V32P-A017880,0,0.17662452906370163,0.1801598384976387,0,0
retention_expiry,2353,V32P-A017905,1,0.57446807622909546,0.627570116519928,0,1
retention_expiry,2354,V32P-A017906,1,0.53686932921409602,0.59132794141769407,0,0
retention_expiry,2355,V32P-A017907,1,0.56818506121635437,0.61462637186050417,0,0
retention_expiry,2356,V32P-A017908,0,0.092491801083087924,0.085383795201778412,0,0
retention_expiry,2357,V32P-A017909,0,0.071421563625335693,0.064612698554992673,0,0
retention_expiry,2358,V32P-A017910,0,0.033303222805261615,0.028824124857783316,0,0
retention_expiry,2359,V32P-A017926,0,0.4030675172805786,0.41903988718986512,0,0
retention_expiry,2360,V32P-A017927,0,0.36821188032627106,0.37495177388191225,0,0
retention_expiry,2361,V32P-A017928,0,0.030828583240509033,0.027701932471245527,0,0
retention_expiry,2362,V32P-A018001,0,0.78223879337310787,0.81153867244720457,1,1
retention_expiry,2363,V32P-A018002,0,0.63492108583450313,0.67456482648849492,1,1
retention_expiry,2364,V32P-A018003,0,0.56002975702285762,0.61613687276840212,0,0
retention_expiry,2365,V32P-A018004,0,0.50696630477905269,0.5593653082847595,0,0
retention_expiry,2366,V32P-A018005,0,0.47590343356132508,0.52099444866180422,0,0
retention_expiry,2367,V32P-A018006,0,0.21531680822372437,0.21621885895729065,0,0
retention_expiry,2368,V32P-A018009,0,0.430331689119339,0.47553414702415464,0,0
retention_expiry,2369,V32P-A018010,0,0.36027216613292695,0.39394655823707581,0,0
retention_expiry,2370,V32P-A018011,0,0.2856369435787201,0.30944480597972868,0,0
retention_expiry,2371,V32P-A018012,0,0.12643707394599915,0.12405750006437302,0,0
retention_expiry,2372,V32P-A018015,0,0.32317132949829103,0.38502125740051268,0,0
retention_expiry,2373,V32P-A018016,0,0.48321606516838073,0.52631638646125789,0,0
retention_expiry,2374,V32P-A018017,0,0.37319375872611998,0.39727950096130371,0,0
retention_expiry,2375,V32P-A018018,0,0.12489610761404038,0.12017242014408111,0,0
retention_expiry,2376,V32P-A018073,1,0.60299394130706785,0.64488298892974849,0,1
retention_expiry,2377,V32P-A018074,1,0.53106710314750671,0.58329272866249082,0,0
retention_expiry,2378,V32P-A018075,0,0.14701314866542817,0.13673341423273086,0,0
retention_expiry,2379,V32P-A018076,0,0.15614179223775865,0.15525161102414131,0,0
retention_expiry,2380,V32P-A018077,0,0.071012590080499649,0.05870397090911865,0,0
retention_expiry,2381,V32P-A018078,0,0.030660462006926535,0.023572400398552417,0,0
retention_expiry,2382,V32P-A018106,0,0.48972315192222593,0.48707724213600156,0,0
retention_expiry,2383,V32P-A018107,0,0.37781661748886108,0.36807212829589842,0,0
retention_expiry,2384,V32P-A018108,0,0.16706838011741637,0.15329439342021942,0,0
retention_expiry,2385,V32P-A018190,0,0.28250234723091128,0.23775740712881088,0,0
retention_expiry,2386,V32P-A018191,0,0.20458884537220001,0.17038592770695687,0,0
retention_expiry,2387,V32P-A018192,0,0.087952486798167223,0.073840807005763051,0,0
retention_expiry,2388,V32P-A018232,0,0.36359770894050597,0.38873481154441836,0,0
retention_expiry,2389,V32P-A018233,0,0.26914719343185423,0.27268737554550171,0,0
retention_expiry,2390,V32P-A018234,0,0.10288882553577423,0.095680323243141172,0,0
retention_expiry,2391,V32P-A018326,0,0.49117261171340942,0.51947625875473025,0,0
retention_expiry,2392,V32P-A018327,0,0.4434101700782776,0.46106993556022646,0,0
retention_expiry,2393,V32P-A018328,0,0.34379885196685789,0.34839850664138794,0,0
retention_expiry,2394,V32P-A018329,0,0.26251221597194674,0.26345092058181763,0,0
retention_expiry,2395,V32P-A018330,0,0.11996722519397736,0.1116743728518486,0,0
retention_expiry,2396,V32P-A018406,0,0.22967092543840409,0.24023212641477584,0,0
retention_expiry,2397,V32P-A018407,0,0.17666507214307786,0.17987092286348344,0,0
retention_expiry,2398,V32P-A018408,0,0.077164251357316971,0.072449810057878497,0,0
retention_expiry,2399,V32P-A018433,1,0.53471753001213074,0.61012899875640869,0,0
retention_expiry,2400,V32P-A018434,1,0.5121504604816437,0.58775289654731755,0,0
retention_expiry,2401,V32P-A018435,1,0.47734830975532533,0.55382696986198421,0,0
retention_expiry,2402,V32P-A018436,0,0.094778929278254515,0.091883849725127226,0,0
retention_expiry,2403,V32P-A018437,0,0.071534788608551031,0.066257819533348083,0,0
retention_expiry,2404,V32P-A018438,0,0.032453364785760642,0.027917997259646655,0,0
retention_expiry,2405,V32P-A018442,0,0.39249434471130373,0.42718190550804136,0,0
retention_expiry,2406,V32P-A018443,0,0.39511943459510801,0.42517378330230715,0,0
retention_expiry,2407,V32P-A018444,0,0.15202472507953643,0.14819616228342056,0,0
retention_expiry,2408,V32P-A018471,0,0.44432851672172546,0.50373046994209292,0,0
retention_expiry,2409,V32P-A018472,0,0.38625640869140626,0.43165381550788878,0,0
retention_expiry,2410,V32P-A018473,0,0.30262215733528136,0.32904351353645322,0,0
retention_expiry,2411,V32P-A018474,0,0.12979090958833694,0.12645554840564727,0,0
retention_expiry,2412,V32P-A018475,0,0.44883090853691099,0.51434360742568974,0,0
retention_expiry,2413,V32P-A018476,0,0.48577723503112791,0.54466108679771419,0,0
retention_expiry,2414,V32P-A018477,0,0.5553540706634521,0.59932333827018736,0,0
retention_expiry,2415,V32P-A018478,0,0.60054338574409483,0.63810640573501587,0,1
retention_expiry,2416,V32P-A018479,1,0.38199561834335327,0.40994711518287658,0,0
retention_expiry,2417,V32P-A018480,0,0.026531917229294776,0.022823433484882118,0,0
retention_expiry,2418,V32P-A018481,0,0.50560891032218935,0.53891218304634092,0,0
retention_expiry,2419,V32P-A018482,0,0.53263342380523682,0.55912802219390867,0,0
retention_expiry,2420,V32P-A018483,0,0.51416410803794865,0.52842314243316646,0,0
retention_expiry,2421,V32P-A018484,0,0.44588965773582456,0.45385252833366396,0,0
retention_expiry,2422,V32P-A018485,0,0.34050315618515015,0.3459561586380005,0,0
retention_expiry,2423,V32P-A018486,0,0.150523279607296,0.14130448400974274,0,0
retention_expiry,2424,V32P-A018489,0,0.68064413070678709,0.72526164054870601,1,1
retention_expiry,2425,V32P-A018490,0,0.66515443325042722,0.69974910020828252,1,1
retention_expiry,2426,V32P-A018491,0,0.63798888921737673,0.66106305122375486,1,1
retention_expiry,2427,V32P-A018492,0,0.39661480784416198,0.37995952963829038,0,0
retention_expiry,2428,V32P-A018517,0,0.60974477529525761,0.64871008396148677,0,1
retention_expiry,2429,V32P-A018518,0,0.46645061373710633,0.52106177210807803,0,0
retention_expiry,2430,V32P-A018519,0,0.41571574807167055,0.46348810791969297,0,0
retention_expiry,2431,V32P-A018520,0,0.379256534576416,0.4176476001739502,0,0
retention_expiry,2432,V32P-A018521,1,0.33116323351860044,0.35607702732086183,0,0
retention_expiry,2433,V32P-A018522,0,0.028372392058372498,0.02511900421231985,0,0
retention_expiry,2434,V32P-A018544,0,0.5444540739059448,0.5748648405075073,0,0
retention_expiry,2435,V32P-A018545,0,0.44738103747367858,0.47475124001502989,0,0
retention_expiry,2436,V32P-A018546,0,0.053317309450358154,0.04873605342581868,0,0
retention_expiry,2437,V32P-A018625,0,0.71316282153129573,0.73694581389427183,1,1
retention_expiry,2438,V32P-A018626,0,0.59664756059646606,0.62597399950027466,0,1
retention_expiry,2439,V32P-A018627,0,0.71994009613990784,0.74021912217140196,1,1
retention_expiry,2440,V32P-A018628,0,0.49355664551258088,0.50776878893375399,0,0
retention_expiry,2441,V32P-A018629,0,0.41245253086090089,0.42241640090942384,0,0
retention_expiry,2442,V32P-A018630,0,0.22151794880628586,0.20489953011274337,0,0
retention_expiry,2443,V32P-A018640,0,0.10822176486253739,0.092024795711040497,0,0
retention_expiry,2444,V32P-A018641,0,0.084980931133031845,0.070300044119358057,0,0
retention_expiry,2445,V32P-A018642,0,0.032104330882430074,0.026125315390527249,0,0
retention_expiry,2446,V32P-A018667,0,0.74951775074005123,0.77108759880065914,1,1
retention_expiry,2447,V32P-A018668,0,0.55574578046798706,0.58993629217147825,0,0
retention_expiry,2448,V32P-A018669,0,0.48580728173255922,0.52550861239433289,0,0
retention_expiry,2449,V32P-A018670,0,0.4068415343761444,0.43962250351905824,0,0
retention_expiry,2450,V32P-A018671,0,0.37732850313186644,0.4060822665691376,0,0
retention_expiry,2451,V32P-A018672,0,0.18430165797472001,0.18289727717638016,0,0
retention_expiry,2452,V32P-A018766,0,0.36927467584609985,0.42807542085647582,0,0
retention_expiry,2453,V32P-A018767,0,0.29612187743186952,0.35187044441699983,0,0
retention_expiry,2454,V32P-A018768,0,0.13390965461730958,0.15443313419818877,0,0
retention_expiry,2455,V32P-A018769,0,0.6183221101760864,0.63505420684814451,0,1
retention_expiry,2456,V32P-A018770,0,0.47626980543136599,0.49883294105529785,0,0
retention_expiry,2457,V32P-A018771,0,0.32861690521240233,0.37170698642730715,0,0
retention_expiry,2458,V32P-A018772,0,0.31988994479179383,0.33370293080806734,0,0
retention_expiry,2459,V32P-A018773,0,0.23657236695289613,0.24027199745178224,0,0
retention_expiry,2460,V32P-A018774,0,0.096541184186935428,0.088795837759971616,0,0
retention_expiry,2461,V32P-A018943,0,0.81317366361618038,0.83125861883163454,1,1
retention_expiry,2462,V32P-A018944,0,0.69795986413955691,0.71929035186767576,1,1
retention_expiry,2463,V32P-A018945,0,0.66496813297271729,0.69114363193511963,1,1
retention_expiry,2464,V32P-A018946,0,0.7080604672431946,0.72762138843536373,1,1
retention_expiry,2465,V32P-A018947,0,0.56901898384094241,0.58718985319137573,0,0
retention_expiry,2466,V32P-A018948,0,0.2854891002178192,0.2874072939157486,0,0
retention_expiry,2467,V32P-A018955,0,0.77883918285369869,0.79838963747024538,1,1
retention_expiry,2468,V32P-A018956,0,0.70735232830047612,0.73204281330108645,1,1
retention_expiry,2469,V32P-A018957,0,0.6417143821716309,0.67329621315002441,1,1
retention_expiry,2470,V32P-A018958,0,0.50892774462699886,0.54873380064964294,0,0
retention_expiry,2471,V32P-A018959,0,0.39718487858772278,0.43268817663192749,0,0
retention_expiry,2472,V32P-A018960,0,0.16649345308542252,0.16630262285470962,0,0
retention_expiry,2473,V32P-A018976,0,0.58295829296112056,0.63194830417633052,0,1
retention_expiry,2474,V32P-A018977,0,0.51535490155220032,0.556657862663269,0,0
retention_expiry,2475,V32P-A018978,0,0.044275466352701187,0.04021616764366627,0,0
retention_expiry,2476,V32P-A019069,0,0.44721845984458924,0.48004875183105467,0,0
retention_expiry,2477,V32P-A019070,0,0.36997519731521605,0.40616123080253602,0,0
retention_expiry,2478,V32P-A019071,0,0.32459943890571596,0.35488908290863036,0,0
retention_expiry,2479,V32P-A019072,0,0.25144918262958527,0.26736460328102113,0,0
retention_expiry,2480,V32P-A019073,0,0.2288988560438156,0.24046624302864075,0,0
retention_expiry,2481,V32P-A019074,0,0.086250959336757665,0.079306609928607941,0,0
retention_expiry,2482,V32P-A019129,0,0.52128891944885258,0.59767574071884155,0,0
retention_expiry,2483,V32P-A019130,0,0.56117230653762817,0.62179487943649292,0,1
retention_expiry,2484,V32P-A019131,0,0.49761498570442197,0.55216095447540281,0,0
retention_expiry,2485,V32P-A019132,0,0.43381422162055971,0.47987102270126342,0,0
retention_expiry,2486,V32P-A019133,0,0.36341316699981691,0.39429702758789065,0,0
retention_expiry,2487,V32P-A019134,0,0.17755021303892135,0.17795562893152236,0,0
retention_expiry,2488,V32P-A019243,0,0.61485072374343874,0.67178705930709837,0,1
retention_expiry,2489,V32P-A019244,0,0.6125696182250977,0.66291948556900027,0,1
retention_expiry,2490,V32P-A019245,0,0.55378468632698064,0.60012804865837099,0,0
retention_expiry,2491,V32P-A019246,0,0.5048978745937347,0.54607472419738767,0,0
retention_expiry,2492,V32P-A019247,1,0.49144745469093321,0.52611029148101807,0,0
retention_expiry,2493,V32P-A019248,0,0.032360838167369364,0.030364821292459966,0,0
retention_expiry,2494,V32P-A019251,0,0.3895886719226837,0.43898202776908873,0,0
retention_expiry,2495,V32P-A019252,0,0.2985842227935791,0.33244199752807618,0,0
retention_expiry,2496,V32P-A019253,0,0.21676964163780213,0.22546324431896209,0,0
retention_expiry,2497,V32P-A019254,0,0.09008044153451919,0.081835255771875379,0,0
retention_expiry,2498,V32P-A019285,0,0.41178516149520872,0.48981478810310364,0,0
retention_expiry,2499,V32P-A019286,0,0.40031548738479616,0.47255823612213133,0,0
retention_expiry,2500,V32P-A019287,0,0.37339949905872344,0.43838324546813967,0,0
retention_expiry,2501,V32P-A019288,0,0.29750157594680787,0.3468111276626587,0,0
retention_expiry,2502,V32P-A019289,0,0.23487189412117004,0.2672827124595642,0,0
retention_expiry,2503,V32P-A019290,0,0.10188504755496978,0.10742866098880768,0,0
retention_expiry,2504,V32P-A019341,0,0.5094313502311707,0.53589280247688298,0,0
retention_expiry,2505,V32P-A019342,0,0.42604113221168516,0.44394431710243226,0,0
retention_expiry,2506,V32P-A019343,0,0.32739219069480896,0.33299677371978759,0,0
retention_expiry,2507,V32P-A019344,0,0.14130515605211258,0.13097585737705231,0,0
retention_expiry,2508,V32P-A019345,0,0.59542034864425664,0.65248913764953609,0,1
retention_expiry,2509,V32P-A019346,0,0.68438332080841069,0.71846271753311153,1,1
retention_expiry,2510,V32P-A019347,0,0.64607677459716795,0.67212306261062627,1,1
retention_expiry,2511,V32P-A019348,0,0.57735692262649541,0.59180238842964172,0,0
retention_expiry,2512,V32P-A019349,0,0.49263571500778197,0.48828963637351991,0,0
retention_expiry,2513,V32P-A019350,0,0.23955962508916856,0.20923503637313842,0,0
retention_expiry,2514,V32P-A019414,0,0.35592893362045286,0.37677197456359862,0,0
retention_expiry,2515,V32P-A019415,0,0.29035117924213411,0.3033280074596405,0,0
retention_expiry,2516,V32P-A019416,0,0.11717404872179031,0.11447408944368362,0,0
retention_expiry,2517,V32P-A019429,1,0.69828737974166866,0.73275204896926882,1,1
retention_expiry,2518,V32P-A019430,1,0.68416161537170406,0.72244749069213865,1,1
retention_expiry,2519,V32P-A019431,1,0.6797177791595459,0.71962542533874507,1,1
retention_expiry,2520,V32P-A019432,0,0.1652493618428707,0.151605074852705,0,0
retention_expiry,2521,V32P-A019433,0,0.12089524194598197,0.10845190510153771,0,0
retention_expiry,2522,V32P-A019434,0,0.060427254252135756,0.053287901729345319,0,0
retention_expiry,2523,V32P-A019442,1,0.62339540719985964,0.67419049739837644,1,1
retention_expiry,2524,V32P-A019443,1,0.54276707768440247,0.59806696176528928,0,0
retention_expiry,2525,V32P-A019444,0,0.10324033871293067,0.098656642064452169,0,0
retention_expiry,2526,V32P-A019445,0,0.075873878225684172,0.072327450290322309,0,0
retention_expiry,2527,V32P-A019446,0,0.034327182825654744,0.032059214916080235,0,0
retention_expiry,2528,V32P-A019597,0,0.58145993947982788,0.64566940069198608,0,1
retention_expiry,2529,V32P-A019598,0,0.58776184320449831,0.64797425270080566,0,1
retention_expiry,2530,V32P-A019599,0,0.56471888422965999,0.62381232380867002,0,1
retention_expiry,2531,V32P-A019600,0,0.4898614823818207,0.5451649069786072,0,0
retention_expiry,2532,V32P-A019601,0,0.4187482178211212,0.4612405002117157,0,0
retention_expiry,2533,V32P-A019602,0,0.20901803076267242,0.21020904183387756,0,0
retention_expiry,2534,V32P-A019609,0,0.7065579891204834,0.72487297058105471,1,1
retention_expiry,2535,V32P-A019610,0,0.54993705749511723,0.57286645174026485,0,0
retention_expiry,2536,V32P-A019611,0,0.44341814517974854,0.47395181655883789,0,0
retention_expiry,2537,V32P-A019612,0,0.46457307338714598,0.49097458124160764,0,0
retention_expiry,2538,V32P-A019613,0,0.33447843492031099,0.35326593518257143,0,0
retention_expiry,2539,V32P-A019614,0,0.1377109855413437,0.13357609510421753,0,0
retention_expiry,2540,V32P-A019759,0,0.67092006206512456,0.72355338335037234,1,1
retention_expiry,2541,V32P-A019760,0,0.53788869380950932,0.60966208577156067,0,0
retention_expiry,2542,V32P-A019761,0,0.49701311588287356,0.56449473500251768,0,0
retention_expiry,2543,V32P-A019762,0,0.47267362475395203,0.53687960505485532,0,0
retention_expiry,2544,V32P-A019763,0,0.38626410365104674,0.43856252431869508,0,0
retention_expiry,2545,V32P-A019764,0,0.17524904608726502,0.17542175352573394,0,0
retention_expiry,2546,V32P-A019815,0,0.41853617429733275,0.44435490369796754,0,0
retention_expiry,2547,V32P-A019816,0,0.32709399461746214,0.34148251414299013,0,0
retention_expiry,2548,V32P-A019817,0,0.25058007538318633,0.25282407701015475,0,0
retention_expiry,2549,V32P-A019818,0,0.098121348023414615,0.088011482357978815,0,0
retention_expiry,2550,V32P-A019887,0,0.43283072412014006,0.49125370085239412,0,0
retention_expiry,2551,V32P-A019888,0,0.36973004043102264,0.42177479565143583,0,0
retention_expiry,2552,V32P-A019889,0,0.35331729054450989,0.39782661199569702,0,0
retention_expiry,2553,V32P-A019890,0,0.18422817885875703,0.19030527919530868,0,0
retention_expiry,2554,V32P-A019905,0,0.67855345010757451,0.72028025388717654,1,1
retention_expiry,2555,V32P-A019906,0,0.6617494940757751,0.69456524848937984,1,1
retention_expiry,2556,V32P-A019907,0,0.57817244529724121,0.58972848653793331,0,0
retention_expiry,2557,V32P-A019908,0,0.42513735294342042,0.41081074476242063,0,0
retention_expiry,2558,V32P-A019957,0,0.47081266045570375,0.53746374249458317,0,0
retention_expiry,2559,V32P-A019958,0,0.45437502861022949,0.51809358000755312,0,0
retention_expiry,2560,V32P-A019959,0,0.42790122628211974,0.48677987456321714,0,0
retention_expiry,2561,V32P-A019960,0,0.36475526690483095,0.41651589274406431,0,0
retention_expiry,2562,V32P-A019961,1,0.29079012274742128,0.32920607328414919,0,0
retention_expiry,2563,V32P-A019962,0,0.02348292963579297,0.020624142047017811,0,0
retention_expiry,2564,V32P-A019978,0,0.53648377656936641,0.58477116823196407,0,0
retention_expiry,2565,V32P-A019979,0,0.52552165389060979,0.56692373752593994,0,0
retention_expiry,2566,V32P-A019980,0,0.29118838310241701,0.30695173740386961,0,0
retention_expiry,2567,V32P-A019987,1,0.41916148066520692,0.48275995254516602,0,0
retention_expiry,2568,V32P-A019988,1,0.3844733774662018,0.44718077778816223,0,0
retention_expiry,2569,V32P-A019989,1,0.42154735922813413,0.47671138048171996,0,0
retention_expiry,2570,V32P-A019990,0,0.069810382649302477,0.065255776420235639,0,0
retention_expiry,2571,V32P-A019991,0,0.055926094204187392,0.051351742446422578,0,0
retention_expiry,2572,V32P-A019992,0,0.025418771710246802,0.022934621293097736,0,0
retention_expiry,2573,V32P-A019993,1,0.8429801821708679,0.86017514467239375,1,1
retention_expiry,2574,V32P-A019994,1,0.77099891901016238,0.78766425848007204,1,1
retention_expiry,2575,V32P-A019995,0,0.19707378745079041,0.16915621161460875,0,0
retention_expiry,2576,V32P-A019996,0,0.33103889226913452,0.27697032094001772,0,0
retention_expiry,2577,V32P-A019997,0,0.11646227836608887,0.095512101799249655,0,0
retention_expiry,2578,V32P-A019998,0,0.045906209945678712,0.036754450947046283,0,0
retention_expiry,2579,V32P-A019999,1,0.67844821214675899,0.70252195596694944,1,1
retention_expiry,2580,V32P-A020000,1,0.6600469827651978,0.68437982797622676,1,1
retention_expiry,2581,V32P-A020001,1,0.60247749090194702,0.62342592477798464,0,1
retention_expiry,2582,V32P-A020002,0,0.09951407387852669,0.089416556432843214,0,0
retention_expiry,2583,V32P-A020003,0,0.075086790323257449,0.066616569831967357,0,0
retention_expiry,2584,V32P-A020004,0,0.033344220556318763,0.028865617420524358,0,0
retention_expiry,2585,V32P-A020008,0,0.27080456614494325,0.31670914292335511,0,0
retention_expiry,2586,V32P-A020009,0,0.21501294970512391,0.24922775328159333,0,0
retention_expiry,2587,V32P-A020010,0,0.10228722095489502,0.1057111717760563,0,0
retention_expiry,2588,V32P-A020017,1,0.79337254762649534,0.82721847295761108,1,1
retention_expiry,2589,V32P-A020018,1,0.56820933818817143,0.61603590250015261,0,0
retention_expiry,2590,V32P-A020019,0,0.14069158136844634,0.1293182298541069,0,0
retention_expiry,2591,V32P-A020020,0,0.23828689157962799,0.21826777458190919,0,0
retention_expiry,2592,V32P-A020021,0,0.092840953916311267,0.081168154999613759,0,0
retention_expiry,2593,V32P-A020022,0,0.045538913086056711,0.038688279874622825,0,0
retention_expiry,2594,V32P-A020095,0,0.49446347951889036,0.5715922594070435,0,0
retention_expiry,2595,V32P-A020096,0,0.44690392613410951,0.52917400598525999,0,0
retention_expiry,2596,V32P-A020097,0,0.41721175909042357,0.491198205947876,0,0
retention_expiry,2597,V32P-A020098,0,0.32570519745349885,0.39139764904975893,0,0
retention_expiry,2598,V32P-A020099,0,0.24232226312160493,0.29140015542507169,0,0
retention_expiry,2599,V32P-A020100,0,0.098619557917118073,0.10648128241300583,0,0
retention_expiry,2600,V32P-A020113,0,0.4142899990081787,0.48990231156349184,0,0
retention_expiry,2601,V32P-A020114,0,0.33966349959373476,0.4257853627204895,0,0
retention_expiry,2602,V32P-A020115,0,0.44516325592994688,0.50758552551269531,0,0
retention_expiry,2603,V32P-A020116,0,0.31709779202938082,0.36979857087135315,0,0
retention_expiry,2604,V32P-A020117,0,0.24735760986804961,0.27827055156230929,0,0
retention_expiry,2605,V32P-A020118,0,0.11146947145462036,0.1153419129550457,0,0
retention_expiry,2606,V32P-A020149,0,0.83012639284133916,0.84875479936599729,1,1
retention_expiry,2607,V32P-A020150,0,0.75126627683639524,0.7767973661422729,1,1
retention_expiry,2608,V32P-A020151,0,0.66338946819305422,0.70044231414794922,1,1
retention_expiry,2609,V32P-A020152,0,0.61844530105590823,0.64113236665725704,0,1
retention_expiry,2610,V32P-A020153,0,0.65307486057281494,0.66787383556365965,1,1
retention_expiry,2611,V32P-A020154,0,0.34767157435417173,0.33289465904235838,0,0
retention_expiry,2612,V32P-A020186,0,0.6071948885917664,0.65961008071899419,0,1
retention_expiry,2613,V32P-A020187,0,0.53853591680526736,0.60147461891174314,0,0
retention_expiry,2614,V32P-A020188,0,0.41394867897033694,0.47303001284599305,0,0
retention_expiry,2615,V32P-A020189,0,0.31651452779769895,0.35592182874679568,0,0
retention_expiry,2616,V32P-A020190,0,0.13888401836156844,0.14095967561006545,0,0
retention_expiry,2617,V32P-A020263,0,0.71772828102111819,0.75256655216217039,1,1
retention_expiry,2618,V32P-A020264,0,0.65402636528015134,0.69526780843734737,1,1
retention_expiry,2619,V32P-A020265,0,0.64727602005004881,0.68697748184204099,1,1
retention_expiry,2620,V32P-A020266,0,0.64871999025344851,0.68012118339538574,1,1
retention_expiry,2621,V32P-A020267,0,0.60572958588600156,0.62327350378036495,0,1
retention_expiry,2622,V32P-A020268,0,0.36076366901397705,0.33729844689369204,0,0
retention_expiry,2623,V32P-A020299,0,0.34573683440685271,0.39335025250911715,0,0
retention_expiry,2624,V32P-A020300,0,0.36572157740592959,0.40592797398567199,0,0
retention_expiry,2625,V32P-A020301,0,0.30280334353446958,0.33266227841377261,0,0
retention_expiry,2626,V32P-A020302,0,0.28466325700283052,0.32455126941204071,0,0
retention_expiry,2627,V32P-A020303,0,0.16392268985509872,0.17754531949758529,0,0
retention_expiry,2628,V32P-A020304,0,0.070861296355724329,0.071491457521915436,0,0
retention_expiry,2629,V32P-A020431,0,0.28279387056827543,0.35002727508544923,0,0
retention_expiry,2630,V32P-A020432,0,0.28579602837562562,0.34895942807197572,0,0
retention_expiry,2631,V32P-A020433,0,0.25922945141792297,0.31574185192584991,0,0
retention_expiry,2632,V32P-A020434,0,0.21762700080871583,0.26190181672573087,0,0
retention_expiry,2633,V32P-A020435,1,0.17770048379898071,0.20651128590106965,0,0
retention_expiry,2634,V32P-A020436,0,0.022280430281534792,0.02092644260264933,0,0
retention_expiry,2635,V32P-A020437,1,0.52750605344772339,0.55714647769927983,0,0
retention_expiry,2636,V32P-A020438,1,0.53457086682319643,0.55867846608161931,0,0
retention_expiry,2637,V32P-A020439,0,0.1188423715531826,0.10479361042380334,0,0
retention_expiry,2638,V32P-A020440,0,0.19376094788312911,0.15696585774421692,0,0
retention_expiry,2639,V32P-A020441,0,0.06805749908089638,0.056555036455392838,0,0
retention_expiry,2640,V32P-A020442,0,0.032008373923599717,0.025827122293412684,0,0
retention_expiry,2641,V32P-A020449,0,0.57900660037994389,0.62707492113113406,0,1
retention_expiry,2642,V32P-A020450,0,0.66750818490982056,0.69390161037445064,1,1
retention_expiry,2643,V32P-A020451,0,0.66555052995681763,0.6880093932151794,1,1
retention_expiry,2644,V32P-A020452,0,0.64748018980026245,0.6628549218177795,1,1
retention_expiry,2645,V32P-A020453,0,0.59770575761795042,0.60642762184143062,0,0
retention_expiry,2646,V32P-A020454,0,0.054466724023222925,0.044704472832381728,0,0
retention_expiry,2647,V32P-A020467,0,0.53032267093658447,0.59826914668083186,0,0
retention_expiry,2648,V32P-A020468,0,0.48987522721290588,0.5593339622020721,0,0
retention_expiry,2649,V32P-A020469,0,0.46306471228599549,0.53082799911499023,0,0
retention_expiry,2650,V32P-A020470,0,0.38757681846618652,0.44409368634223939,0,0
retention_expiry,2651,V32P-A020471,0,0.3219298183917999,0.36385666131973265,0,0
retention_expiry,2652,V32P-A020472,0,0.15903118997812271,0.16179237961769105,0,0
retention_expiry,2653,V32P-A020473,0,0.62363002300262449,0.67760219573974612,1,1
retention_expiry,2654,V32P-A020474,0,0.63071877956390376,0.6758031487464905,1,1
retention_expiry,2655,V32P-A020475,0,0.60355855226516719,0.6404382586479187,0,1
retention_expiry,2656,V32P-A020476,0,0.53089905381202696,0.56204726696014407,0,0
retention_expiry,2657,V32P-A020477,0,0.44274140596389772,0.46820834279060364,0,0
retention_expiry,2658,V32P-A020478,0,0.18524672389030455,0.18020657896995546,0,0
retention_expiry,2659,V32P-A020536,0,0.49457827210426331,0.54626439213752742,0,0
retention_expiry,2660,V32P-A020537,0,0.41777986288070679,0.459620064496994,0,0
retention_expiry,2661,V32P-A020538,0,0.21863078325986862,0.23550692498683928,0,0
retention_expiry,2662,V32P-A020551,0,0.72328664064407344,0.75458182096481319,1,1
retention_expiry,2663,V32P-A020552,0,0.53023321032524107,0.57307846546173091,0,0
retention_expiry,2664,V32P-A020553,0,0.4310005843639374,0.47760231494903566,0,0
retention_expiry,2665,V32P-A020554,0,0.41998233199119567,0.4635367155075073,0,0
retention_expiry,2666,V32P-A020555,0,0.3438793420791626,0.36696463823318481,0,0
retention_expiry,2667,V32P-A020556,0,0.17124957740306854,0.16641381680965422,0,0
retention_expiry,2668,V32P-A020611,0,0.76291861534118655,0.80739886760711665,1,1
retention_expiry,2669,V32P-A020612,0,0.61811740398406978,0.66897479295730589,0,1
retention_expiry,2670,V32P-A020613,0,0.64756653904914852,0.69400405287742617,1,1
retention_expiry,2671,V32P-A020614,0,0.48696689009666444,0.53246228694915776,0,0
retention_expiry,2672,V32P-A020615,0,0.43413894176483153,0.47877159118652346,0,0
retention_expiry,2673,V32P-A020616,0,0.23274307399988176,0.24747273176908494,0,0
retention_expiry,2674,V32P-A020617,0,0.49513439536094667,0.56643239855766292,0,0
retention_expiry,2675,V32P-A020618,0,0.48344902396202089,0.55232419371604924,0,0
retention_expiry,2676,V32P-A020619,0,0.45323828458786009,0.51265484690666197,0,0
retention_expiry,2677,V32P-A020620,0,0.3982259273529053,0.44425448775291443,0,0
retention_expiry,2678,V32P-A020621,0,0.33079928457736968,0.36265232264995573,0,0
retention_expiry,2679,V32P-A020622,0,0.042657227627933024,0.03856526603922248,0,0
retention_expiry,2680,V32P-A020629,0,0.63616604804992671,0.67755942344665532,1,1
retention_expiry,2681,V32P-A020630,0,0.64877150058746336,0.69322150945663452,1,1
retention_expiry,2682,V32P-A020631,0,0.68550966978073125,0.71143490076065063,1,1
retention_expiry,2683,V32P-A020632,0,0.63098957538604739,0.65260807275772093,1,1
retention_expiry,2684,V32P-A020633,0,0.57196998000144961,0.59114489555358884,0,0
retention_expiry,2685,V32P-A020634,0,0.30478559732437133,0.2963236331939697,0,0
retention_expiry,2686,V32P-A020785,0,0.62079106569290166,0.66784657239913936,1,1
retention_expiry,2687,V32P-A020786,0,0.5605062782764435,0.60170221328735352,0,0
retention_expiry,2688,V32P-A020787,0,0.51042608618736263,0.54244403839111333,0,0
retention_expiry,2689,V32P-A020788,0,0.42130635976791381,0.43606651425361631,0,0
retention_expiry,2690,V32P-A020789,0,0.3283696949481964,0.33404377698898313,0,0
retention_expiry,2691,V32P-A020790,0,0.13585920333862306,0.12669316530227662,0,0
retention_expiry,2692,V32P-A020830,0,0.43853754401206968,0.49621985554695131,0,0
retention_expiry,2693,V32P-A020831,0,0.35056398510932923,0.4037247896194458,0,0
retention_expiry,2694,V32P-A020832,0,0.16221445053815842,0.17477833628654479,0,0
retention_expiry,2695,V32P-A020876,0,0.6731310367584229,0.72502329349517824,1,1
retention_expiry,2696,V32P-A020877,0,0.56575231552124028,0.64977775216102596,0,1
retention_expiry,2697,V32P-A020878,0,0.47444128394126894,0.54297660589218144,0,0
retention_expiry,2698,V32P-A020879,0,0.41955309808254243,0.47837366759777067,0,0
retention_expiry,2699,V32P-A020880,0,0.29807880520820618,0.32240969240665435,0,0
retention_expiry,2700,V32P-A020941,0,0.5045674324035645,0.51608626246452327,0,0
retention_expiry,2701,V32P-A020942,0,0.49006702899932864,0.49823558330535889,0,0
retention_expiry,2702,V32P-A020943,0,0.43640725016593934,0.44401878118515015,0,0
retention_expiry,2703,V32P-A020944,0,0.35284996330738067,0.35665475726127627,0,0
retention_expiry,2704,V32P-A020945,0,0.27569825649261476,0.27397048175334932,0,0
retention_expiry,2705,V32P-A020946,0,0.11917036175727844,0.10981351658701896,0,0
retention_expiry,2706,V32P-A020962,0,0.3991512656211853,0.45021066069602966,0,0
retention_expiry,2707,V32P-A020963,0,0.30168460309505463,0.33713136911392211,0,0
retention_expiry,2708,V32P-A020964,0,0.025863132812082766,0.022725900635123253,0,0
retention_expiry,2709,V32P-A020967,0,0.55259772539138796,0.61286357641220091,0,0
retention_expiry,2710,V32P-A020968,0,0.48510053157806399,0.53946547508239751,0,0
retention_expiry,2711,V32P-A020969,0,0.40349640846252444,0.44523056149482726,0,0
retention_expiry,2712,V32P-A020970,0,0.1841004341840744,0.18195346295833587,0,0
retention_expiry,2713,V32P-A020998,0,0.49711530804634096,0.54461489319801326,0,0
retention_expiry,2714,V32P-A020999,0,0.484665709733963,0.52681859135627751,0,0
retention_expiry,2715,V32P-A021000,0,0.27454221695661546,0.27735369056463244,0,0
retention_expiry,2716,V32P-A021037,0,0.78882505893707278,0.82019735574722286,1,1
retention_expiry,2717,V32P-A021038,0,0.61537821292877193,0.67567236423492427,0,1
retention_expiry,2718,V32P-A021039,0,0.51846732497215275,0.58122671246528623,0,0
retention_expiry,2719,V32P-A021040,0,0.57686179280281069,0.63676635622978206,0,1
retention_expiry,2720,V32P-A021041,0,0.42914279997348787,0.4782433182001114,0,0
retention_expiry,2721,V32P-A021042,0,0.2260059267282486,0.23129933476448059,0,0
retention_expiry,2722,V32P-A021043,0,0.75810604095458989,0.77937695980072019,1,1
retention_expiry,2723,V32P-A021044,0,0.72479047775268557,0.74005062580108638,1,1
retention_expiry,2724,V32P-A021045,0,0.72359311580657959,0.73551574945449827,1,1
retention_expiry,2725,V32P-A021046,0,0.70732610225677495,0.71360197067260744,1,1
retention_expiry,2726,V32P-A021047,1,0.6558150053024292,0.65268198251724241,1,1
retention_expiry,2727,V32P-A021048,0,0.055204990878701211,0.04856424229219556,0,0
retention_expiry,2728,V32P-A021055,0,0.57046583294868469,0.64614661931991579,0,1
retention_expiry,2729,V32P-A021056,0,0.65604346990585327,0.71429417133331297,1,1
retention_expiry,2730,V32P-A021057,0,0.67591618299484257,0.72059801816940305,1,1
retention_expiry,2731,V32P-A021058,1,0.60860427618026736,0.64324609041213987,0,1
retention_expiry,2732,V32P-A021059,0,0.085917729139328006,0.074396646022796636,0,0
retention_expiry,2733,V32P-A021060,0,0.035235932096838951,0.02930052801966667,0,0
retention_expiry,2734,V32P-A021079,1,0.83785147666931148,0.8559178948402405,1,1
retention_expiry,2735,V32P-A021080,1,0.73789634704589846,0.75794194936752324,1,1
retention_expiry,2736,V32P-A021081,1,0.68463892936706539,0.70531269311904909,1,1
retention_expiry,2737,V32P-A021082,0,0.15912919938564302,0.14174901098012924,0,0
retention_expiry,2738,V32P-A021083,0,0.1299160674214363,0.11502281203866005,0,0
retention_expiry,2739,V32P-A021084,0,0.05332112740725279,0.047524804808199407,0,0
retention_expiry,2740,V32P-A021116,0,0.42162696123123167,0.4715157151222229,0,0
retention_expiry,2741,V32P-A021117,0,0.37055644690990447,0.41735372245311736,0,0
retention_expiry,2742,V32P-A021118,0,0.39884849786758425,0.43458216488361356,0,0
retention_expiry,2743,V32P-A021119,0,0.24256121814250947,0.2641533136367798,0,0
retention_expiry,2744,V32P-A021120,0,0.019095015688799323,0.016143513447605073,0,0
retention_expiry,2745,V32P-A021133,0,0.51386996507644656,0.54878458380699158,0,0
retention_expiry,2746,V32P-A021134,0,0.49548360407352449,0.53154928982257843,0,0
retention_expiry,2747,V32P-A021135,0,0.38165989518165588,0.42105534076690676,0,0
retention_expiry,2748,V32P-A021136,0,0.29994049668312073,0.33318857699632642,0,0
retention_expiry,2749,V32P-A021137,1,0.24270823299884797,0.2692126050591469,0,0
retention_expiry,2750,V32P-A021138,0,0.026500447117723525,0.023918043333105744,0,0
retention_expiry,2751,V32P-A021157,0,0.68624494075775144,0.71118735074996953,1,1
retention_expiry,2752,V32P-A021158,0,0.58436332345008846,0.60871697068214414,0,0
retention_expiry,2753,V32P-A021159,0,0.54445641040802006,0.57029912471771238,0,0
retention_expiry,2754,V32P-A021160,0,0.45422013401985167,0.47687003612518308,0,0
retention_expiry,2755,V32P-A021161,0,0.35671078562736513,0.36950746178627014,0,0
retention_expiry,2756,V32P-A021162,0,0.13913837969303131,0.12815230041742326,0,0
retention_expiry,2757,V32P-A021178,0,0.50175098180770872,0.51239379644393923,0,0
retention_expiry,2758,V32P-A021179,0,0.40278053283691406,0.41182988882064819,0,0
retention_expiry,2759,V32P-A021180,0,0.17110198140144348,0.16007363349199294,0,0
retention_expiry,2760,V32P-A021181,0,0.58170738220214846,0.61363117694854741,0,0
retention_expiry,2761,V32P-A021182,0,0.56384868025779722,0.58777984380722048,0,0
retention_expiry,2762,V32P-A021183,0,0.46692205667495729,0.50317802429199221,0,0
retention_expiry,2763,V32P-A021184,0,0.43604717850685121,0.45344640016555787,0,0
retention_expiry,2764,V32P-A021185,0,0.36896545588970187,0.38424573838710785,0,0
retention_expiry,2765,V32P-A021186,0,0.1708294540643692,0.16453790962696074,0,0
retention_expiry,2766,V32P-A021190,0,0.46685416102409361,0.49924973249435423,0,0
retention_expiry,2767,V32P-A021191,1,0.37432430982589721,0.40074014663696289,0,0
retention_expiry,2768,V32P-A021192,0,0.029404972121119498,0.026003364101052286,0,0
retention_expiry,2769,V32P-A021211,0,0.70286077260971069,0.74289225339889531,1,1
retention_expiry,2770,V32P-A021212,0,0.48548073768615724,0.53666471242904668,0,0
retention_expiry,2771,V32P-A021213,0,0.46515137553215025,0.51855810284614567,0,0
retention_expiry,2772,V32P-A021214,0,0.45995538830757143,0.50549641847610471,0,0
retention_expiry,2773,V32P-A021215,0,0.49018984436988833,0.52496136426925655,0,0
retention_expiry,2774,V32P-A021216,0,0.1674690216779709,0.1673385426402092,0,0
retention_expiry,2775,V32P-A021301,0,0.5659966349601746,0.60487879514694209,0,0
retention_expiry,2776,V32P-A021302,0,0.48659073710441592,0.52328386306762698,0,0
retention_expiry,2777,V32P-A021303,0,0.40473084449768065,0.4420592963695526,0,0
retention_expiry,2778,V32P-A021304,0,0.32760507762432101,0.35398411154747011,0,0
retention_expiry,2779,V32P-A021305,0,0.32335478663444517,0.34638640880584715,0,0
retention_expiry,2780,V32P-A021306,0,0.16242649406194687,0.15670777708292008,0,0
retention_expiry,2781,V32P-A021385,0,0.71452554464340212,0.73540203571319585,1,1
retention_expiry,2782,V32P-A021386,0,0.56928843259811401,0.60281304121017454,0,0
retention_expiry,2783,V32P-A021387,0,0.54081970453262329,0.56702910065650936,0,0
retention_expiry,2784,V32P-A021388,0,0.56839050054550166,0.58664783239364626,0,0
retention_expiry,2785,V32P-A021389,0,0.51387919187545772,0.52250786423683171,0,0
retention_expiry,2786,V32P-A021390,0,0.04429355952888727,0.038371342979371545,0,0
retention_expiry,2787,V32P-A021483,0,0.64301700592041011,0.69593490362167354,1,1
retention_expiry,2788,V32P-A021484,0,0.43864140212535857,0.49244152307510375,0,0
retention_expiry,2789,V32P-A021485,0,0.34018673896789553,0.38057213127613065,0,0
retention_expiry,2790,V32P-A021486,0,0.17936268746852874,0.18703147917985916,0,0
retention_expiry,2791,V32P-A021493,0,0.74146829843521123,0.76950589418411253,1,1
retention_expiry,2792,V32P-A021494,0,0.70135024785995481,0.72976335287094118,1,1
retention_expiry,2793,V32P-A021495,0,0.6246822595596313,0.65238654613494873,1,1
retention_expiry,2794,V32P-A021496,0,0.56508792638778682,0.58442397117614742,0,0
retention_expiry,2795,V32P-A021497,0,0.49060254096984862,0.50027813315391545,0,0
retention_expiry,2796,V32P-A021498,0,0.23279716074466705,0.21975080668926239,0,0
retention_expiry,2797,V32P-A021553,1,0.63404638767242427,0.68390361070632932,1,1
retention_expiry,2798,V32P-A021554,1,0.55528072118759153,0.59637839794158931,0,0
retention_expiry,2799,V32P-A021555,1,0.51000781059265132,0.55013127923011784,0,0
retention_expiry,2800,V32P-A021556,0,0.10008377432823182,0.090748352557420725,0,0
retention_expiry,2801,V32P-A021557,0,0.08390768021345138,0.074571972340345377,0,0
retention_expiry,2802,V32P-A021558,0,0.036316145956516263,0.030757488310337068,0,0
retention_expiry,2803,V32P-A021577,0,0.50803963541984554,0.56449534296989445,0,0
retention_expiry,2804,V32P-A021578,0,0.56675558686256411,0.61461610198020933,0,0
retention_expiry,2805,V32P-A021579,0,0.46693320870399474,0.50974280238151548,0,0
retention_expiry,2806,V32P-A021580,0,0.38308537602424619,0.41563333868980407,0,0
retention_expiry,2807,V32P-A021581,0,0.26908333003520968,0.28886614441871644,0,0
retention_expiry,2808,V32P-A021582,0,0.099077223241329199,0.094183288514614105,0,0
retention_expiry,2809,V32P-A021607,0,0.60372557640075686,0.6501317024230957,0,1
retention_expiry,2810,V32P-A021608,0,0.59879096746444704,0.64457316398620601,0,1
retention_expiry,2811,V32P-A021609,0,0.59021232128143308,0.63486130237579341,0,1
retention_expiry,2812,V32P-A021610,0,0.53404603004455564,0.5766421318054199,0,0
retention_expiry,2813,V32P-A021611,0,0.46234642863273623,0.49512192010879519,0,0
retention_expiry,2814,V32P-A021612,0,0.03625694438815117,0.029463378340005876,0,0
retention_expiry,2815,V32P-A021625,0,0.49375222325325013,0.52882500886917116,0,0
retention_expiry,2816,V32P-A021626,0,0.51110073924064636,0.54034452438354497,0,0
retention_expiry,2817,V32P-A021627,0,0.49260586500167847,0.52416198849678042,0,0
retention_expiry,2818,V32P-A021628,0,0.45767650008201599,0.46734579205512999,0,0
retention_expiry,2819,V32P-A021629,0,0.37820933163166048,0.37880839109420777,0,0
retention_expiry,2820,V32P-A021630,0,0.18738061040639878,0.16831692755222322,0,0
retention_expiry,2821,V32P-A021685,0,0.73458044528961186,0.76524523496627805,1,1
retention_expiry,2822,V32P-A021686,0,0.63790946006774907,0.68059586286544804,1,1
retention_expiry,2823,V32P-A021687,0,0.58369414806365971,0.62934561967849734,0,1
retention_expiry,2824,V32P-A021688,0,0.58148416280746462,0.61974468231201174,0,0
retention_expiry,2825,V32P-A021689,0,0.46230172514915469,0.49223147630691527,0,0
retention_expiry,2826,V32P-A021690,0,0.22949936687946321,0.22627146244049073,0,0
retention_expiry,2827,V32P-A021703,0,0.7412667512893677,0.75844109058380127,1,1
retention_expiry,2828,V32P-A021704,0,0.68629817962646489,0.70404870510101314,1,1
retention_expiry,2829,V32P-A021705,0,0.63342843055725095,0.65264543294906618,1,1
retention_expiry,2830,V32P-A021706,1,0.54550741910934453,0.56893285512924197,0,0
retention_expiry,2831,V32P-A021707,0,0.079253685474395749,0.069209130480885506,0,0
retention_expiry,2832,V32P-A021708,0,0.035553464666008949,0.031148463487625122,0,0
retention_expiry,2833,V32P-A021733,0,0.72943704128265385,0.74827922582626338,1,1
retention_expiry,2834,V32P-A021734,0,0.61473799943923946,0.63599015474319454,0,1
retention_expiry,2835,V32P-A021735,0,0.54616636037826538,0.57947911024093623,0,0
retention_expiry,2836,V32P-A021736,0,0.58077320456504822,0.61395606994628904,0,0
retention_expiry,2837,V32P-A021737,0,0.45285008549690248,0.48100127577781676,0,0
retention_expiry,2838,V32P-A021738,0,0.26776912510395051,0.26486923694610598,0,0
retention_expiry,2839,V32P-A021751,0,0.46275133490562437,0.53666495680809023,0,0
retention_expiry,2840,V32P-A021752,0,0.45913127660751341,0.52880649566650395,0,0
retention_expiry,2841,V32P-A021753,0,0.41225042343139651,0.48146649003028869,0,0
retention_expiry,2842,V32P-A021754,0,0.33459639549255371,0.39099680185317992,0,0
retention_expiry,2843,V32P-A021755,0,0.26514586508274079,0.29894725680351258,0,0
retention_expiry,2844,V32P-A021756,0,0.12015111744403839,0.12058465331792831,0,0
retention_expiry,2845,V32P-A021793,0,0.81183228492736814,0.83099827766418455,1,1
retention_expiry,2846,V32P-A021794,0,0.72297179698944092,0.74134278297424316,1,1
retention_expiry,2847,V32P-A021795,0,0.69665379524230953,0.72019937038421633,1,1
retention_expiry,2848,V32P-A021796,0,0.62086901664733884,0.64721575975418089,1,1
retention_expiry,2849,V32P-A021797,0,0.55979230403900149,0.58656412363052368,0,0
retention_expiry,2850,V32P-A021798,0,0.31974199116230012,0.32341450154781343,0,0
retention_expiry,2851,V32P-A021820,0,0.40351310968399046,0.44012376666069031,0,0
retention_expiry,2852,V32P-A021821,0,0.32471767067909241,0.34496880173683164,0,0
retention_expiry,2853,V32P-A021822,0,0.14718900620937347,0.13446290791034698,0,0
retention_expiry,2854,V32P-A021835,0,0.45502928495407102,0.48042700886726381,0,0
retention_expiry,2855,V32P-A021836,0,0.3994284927845001,0.42736672759056094,0,0
retention_expiry,2856,V32P-A021837,0,0.34194648563861846,0.36812470257282259,0,0
retention_expiry,2857,V32P-A021838,0,0.28915651440620421,0.30597040355205535,0,0
retention_expiry,2858,V32P-A021839,0,0.2226736068725586,0.23307168036699294,0,0
retention_expiry,2859,V32P-A021840,0,0.099435758590698239,0.096505296230316159,0,0
retention_expiry,2860,V32P-A021883,0,0.55538035631179805,0.60468374490737919,0,0
retention_expiry,2861,V32P-A021884,0,0.45929278731346129,0.51458424925804136,0,0
retention_expiry,2862,V32P-A021885,0,0.39385348558425903,0.44207129478454588,0,0
retention_expiry,2863,V32P-A021886,0,0.32165666222572326,0.35830899477005007,0,0
retention_expiry,2864,V32P-A021887,0,0.2533403128385544,0.27971485257148743,0,0
retention_expiry,2865,V32P-A021888,0,0.11989092975854873,0.12029230445623398,0,0
retention_expiry,2866,V32P-A021913,0,0.3412438452243805,0.40928727984428404,0,0
retention_expiry,2867,V32P-A021914,0,0.32793166041374205,0.39188249111175538,0,0
retention_expiry,2868,V32P-A021915,0,0.3785827696323395,0.42889415025711058,0,0
retention_expiry,2869,V32P-A021916,0,0.3278959572315216,0.36271513998508453,0,0
retention_expiry,2870,V32P-A021917,0,0.26490903794765475,0.28093681633472445,0,0
retention_expiry,2871,V32P-A021918,0,0.12032832875847817,0.11116506010293961,0,0
retention_expiry,2872,V32P-A021925,1,0.87833887338638306,0.89576457738876347,1,1
retention_expiry,2873,V32P-A021926,1,0.68279134035110478,0.69843245744705196,1,1
retention_expiry,2874,V32P-A021927,1,0.56125465631484983,0.60313068032264705,0,0
retention_expiry,2875,V32P-A021928,0,0.20878222435712815,0.16934687793254852,0,0
retention_expiry,2876,V32P-A021929,0,0.09784445315599441,0.080131847411394119,0,0
retention_expiry,2877,V32P-A021930,0,0.040574075281620027,0.033016826026141644,0,0
retention_expiry,2878,V32P-A021957,0,0.50097218751907346,0.50690943002700806,0,0
retention_expiry,2879,V32P-A021958,0,0.45347868800163271,0.4534298241138458,0,0
retention_expiry,2880,V32P-A021959,0,0.38808756470680239,0.38449660539627073,0,0
retention_expiry,2881,V32P-A021960,0,0.18601081818342208,0.17049814909696578,0,0
retention_expiry,2882,V32P-A022000,0,0.35034014880657194,0.37474124133586884,0,0
retention_expiry,2883,V32P-A022001,0,0.25340296030044557,0.25906182229518893,0,0
retention_expiry,2884,V32P-A022002,0,0.12492526322603226,0.1204694427549839,0,0
retention_expiry,2885,V32P-A022021,0,0.54690406918525691,0.62587742805480961,0,1
retention_expiry,2886,V32P-A022022,0,0.57654999494552617,0.64754562377929692,0,1
retention_expiry,2887,V32P-A022023,0,0.4635506272315979,0.53569206595420837,0,0
retention_expiry,2888,V32P-A022024,0,0.50058866739273067,0.55618629455566404,0,0
retention_expiry,2889,V32P-A022025,0,0.42759916782379148,0.47012145519256593,0,0
retention_expiry,2890,V32P-A022026,0,0.21476973295211793,0.21473582088947296,0,0
retention_expiry,2891,V32P-A022033,0,0.6718201279640198,0.70890901088714597,1,1
retention_expiry,2892,V32P-A022034,0,0.5521607458591461,0.59151953458786011,0,0
retention_expiry,2893,V32P-A022035,0,0.44836528301239015,0.48965239524841309,0,0
retention_expiry,2894,V32P-A022036,0,0.36295232176780701,0.39332144260406493,0,0
retention_expiry,2895,V32P-A022037,0,0.31225574016571045,0.33097982704639434,0,0
retention_expiry,2896,V32P-A022038,0,0.14746702462434769,0.14188612401485443,0,0
retention_expiry,2897,V32P-A022183,0,0.7743716835975647,0.80282506942749021,1,1
retention_expiry,2898,V32P-A022184,0,0.69219809770584106,0.72590571641921997,1,1
retention_expiry,2899,V32P-A022185,0,0.60624091625213627,0.64544461965560918,0,1
retention_expiry,2900,V32P-A022186,0,0.55582857728004453,0.59749621152877808,0,0
retention_expiry,2901,V32P-A022187,0,0.48098852634429934,0.52009995579719548,0,0
retention_expiry,2902,V32P-A022188,0,0.046531763300299643,0.040321411192417146,0,0
retention_expiry,2903,V32P-A022189,0,0.79595789909362791,0.82382212877273564,1,1
retention_expiry,2904,V32P-A022190,0,0.70688436031341551,0.74593718051910396,1,1
retention_expiry,2905,V32P-A022191,0,0.62415591478347776,0.67224332094192507,1,1
retention_expiry,2906,V32P-A022192,0,0.57925119400024416,0.62501302957534788,0,1
retention_expiry,2907,V32P-A022193,0,0.56155789494514463,0.60398325920104978,0,0
retention_expiry,2908,V32P-A022194,0,0.26280124187469484,0.26583996415138245,0,0
retention_expiry,2909,V32P-A022219,0,0.75891329050064082,0.77891322374343874,1,1
retention_expiry,2910,V32P-A022220,0,0.56001595258712766,0.60732235908508303,0,0
retention_expiry,2911,V32P-A022221,0,0.60685778856277461,0.63254824876785276,0,1
retention_expiry,2912,V32P-A022222,1,0.71153355836868282,0.7202779293060303,1,1
retention_expiry,2913,V32P-A022223,0,0.087396979331970215,0.072431174665689463,0,0
retention_expiry,2914,V32P-A022224,0,0.037297940626740453,0.029865270480513573,0,0
retention_expiry,2915,V32P-A022297,0,0.44528409242630007,0.49486646652221677,0,0
retention_expiry,2916,V32P-A022298,0,0.42030961513519288,0.45230855941772463,0,0
retention_expiry,2917,V32P-A022299,0,0.40446884632110597,0.43100928664207461,0,0
retention_expiry,2918,V32P-A022300,0,0.37259016036987302,0.39928402006626129,0,0
retention_expiry,2919,V32P-A022301,0,0.26719698309898376,0.28074910044670104,0,0
retention_expiry,2920,V32P-A022302,0,0.13167567253112794,0.12751057744026184,0,0
retention_expiry,2921,V32P-A022377,0,0.76985242366790774,0.79809563159942631,1,1
retention_expiry,2922,V32P-A022378,0,0.57669872641563413,0.61278499364852901,0,0
retention_expiry,2923,V32P-A022379,0,0.48860273957252504,0.52064447999000552,0,0
retention_expiry,2924,V32P-A022380,0,0.24326722621917723,0.24773932993412018,0,0
retention_expiry,2925,V32P-A022453,0,0.70043628215789799,0.74253617525100712,1,1
retention_expiry,2926,V32P-A022454,0,0.65655289888381962,0.70507633686065674,1,1
retention_expiry,2927,V32P-A022455,0,0.63311895132064822,0.67986969947814946,1,1
retention_expiry,2928,V32P-A022456,0,0.57071423530578613,0.61938884258270266,0,0
retention_expiry,2929,V32P-A022457,0,0.48148309588432314,0.52284840941429134,0,0
retention_expiry,2930,V32P-A022458,0,0.22547308206558228,0.22652945220470427,0,0
retention_expiry,2931,V32P-A022465,0,0.77002669572830196,0.78861083984375002,1,1
retention_expiry,2932,V32P-A022466,0,0.63735018968582158,0.67078214883804321,1,1
retention_expiry,2933,V32P-A022467,0,0.54361560344696047,0.58801312446594234,0,0
retention_expiry,2934,V32P-A022468,0,0.52108784914016726,0.56917127966880798,0,0
retention_expiry,2935,V32P-A022469,0,0.43508793711662291,0.48434350490570066,0,0
retention_expiry,2936,V32P-A022470,0,0.21541302353143693,0.22482624948024749,0,0
retention_expiry,2937,V32P-A022496,0,0.63319540023803711,0.66840271949768071,1,1
retention_expiry,2938,V32P-A022497,0,0.61446403264999394,0.6562773585319519,0,1
retention_expiry,2939,V32P-A022498,0,0.63855447769165041,0.67519568204879765,1,1
retention_expiry,2940,V32P-A022499,0,0.60363507270812988,0.63473132848739622,0,1
retention_expiry,2941,V32P-A022500,0,0.28260775506496427,0.28187959194183348,0,0
retention_expiry,2942,V32P-A022501,0,0.62963360548019409,0.68032534122467037,1,1
retention_expiry,2943,V32P-A022502,0,0.56988495588302612,0.61902227997779846,0,0
retention_expiry,2944,V32P-A022503,0,0.44578867554664614,0.50139385461807251,0,0
retention_expiry,2945,V32P-A022504,0,0.36068668365478518,0.41166952252388,0,0
retention_expiry,2946,V32P-A022505,0,0.2804273724555969,0.32360548973083497,0,0
retention_expiry,2947,V32P-A022506,0,0.12908441126346587,0.13596556037664415,0,0
retention_expiry,2948,V32P-A022519,0,0.72725952863693233,0.76809309720993046,1,1
retention_expiry,2949,V32P-A022520,0,0.74245563745498655,0.78066302537918086,1,1
retention_expiry,2950,V32P-A022521,0,0.60168659687042236,0.64700931310653687,0,1
retention_expiry,2951,V32P-A022522,1,0.57966549396514888,0.62411918640136721,0,1
retention_expiry,2952,V32P-A022523,0,0.098759110271930697,0.086987837404012683,0,0
retention_expiry,2953,V32P-A022524,0,0.04421676769852638,0.037289401516318321,0,0
retention_expiry,2954,V32P-A022537,0,0.48212851285934449,0.53976989984512325,0,0
retention_expiry,2955,V32P-A022538,0,0.51094495058059697,0.55317397713661198,0,0
retention_expiry,2956,V32P-A022539,0,0.46215459704399109,0.49477943778038025,0,0
retention_expiry,2957,V32P-A022540,0,0.38443493843078613,0.40876868963241575,0,0
retention_expiry,2958,V32P-A022541,0,0.29792067706584929,0.3154038727283478,0,0
retention_expiry,2959,V32P-A022542,0,0.11875808835029603,0.11448585540056229,0,0
retention_expiry,2960,V32P-A022597,0,0.72886078357696538,0.76367664337158203,1,1
retention_expiry,2961,V32P-A022598,0,0.55171786546707158,0.61261916160583496,0,0
retention_expiry,2962,V32P-A022599,0,0.47571612000465391,0.53792679905891416,0,0
retention_expiry,2963,V32P-A022600,0,0.37336049079895017,0.42333645224571226,0,0
retention_expiry,2964,V32P-A022601,0,0.28162402808666231,0.31123814880847933,0,0
retention_expiry,2965,V32P-A022602,0,0.12770468294620513,0.12809907197952269,0,0
retention_expiry,2966,V32P-A022684,0,0.29522920548915865,0.3125413477420807,0,0
retention_expiry,2967,V32P-A022685,0,0.23222138285636901,0.24122799932956696,0,0
retention_expiry,2968,V32P-A022686,0,0.10789457857608795,0.10108889490365983,0,0
retention_expiry,2969,V32P-A022699,0,0.51807442307472229,0.6052492737770081,0,0
retention_expiry,2970,V32P-A022700,0,0.44231821298599244,0.52846857309341433,0,0
retention_expiry,2971,V32P-A022701,0,0.41376661956310273,0.49389461278915403,0,0
retention_expiry,2972,V32P-A022702,0,0.35098094940185548,0.41714851856231688,0,0
retention_expiry,2973,V32P-A022703,0,0.28061078488826752,0.32186529040336609,0,0
retention_expiry,2974,V32P-A022704,0,0.13894620686769485,0.13571246117353439,0,0
retention_expiry,2975,V32P-A022849,0,0.72504956722259517,0.75552357435226436,1,1
retention_expiry,2976,V32P-A022850,0,0.63363586664199834,0.67193467617034908,1,1
retention_expiry,2977,V32P-A022851,0,0.70890263319015501,0.73661928176879887,1,1
retention_expiry,2978,V32P-A022852,0,0.60278203487396242,0.62988740205764771,0,1
retention_expiry,2979,V32P-A022853,0,0.508957850933075,0.5376554071903229,0,0
retention_expiry,2980,V32P-A022854,0,0.24628338217735291,0.24210935831069946,0,0
retention_expiry,2981,V32P-A022855,0,0.55316570401191711,0.61209897994995122,0,0
retention_expiry,2982,V32P-A022856,0,0.49935587644577029,0.55384931564331052,0,0
retention_expiry,2983,V32P-A022857,0,0.45885627865791323,0.51224012374877925,0,0
retention_expiry,2984,V32P-A022858,0,0.36640748381614685,0.41413065791130066,0,0
retention_expiry,2985,V32P-A022859,0,0.28720168769359589,0.3246473163366318,0,0
retention_expiry,2986,V32P-A022860,0,0.11703260242938995,0.12084241062402726,0,0
retention_expiry,2987,V32P-A022873,1,0.76770771741867061,0.77773408889770512,1,1
retention_expiry,2988,V32P-A022874,1,0.78813110589981084,0.79078787565231323,1,1
retention_expiry,2989,V32P-A022875,1,0.62456265687942503,0.61890770196914668,1,0
retention_expiry,2990,V32P-A022876,0,0.10809821859002114,0.093732486665248874,0,0
retention_expiry,2991,V32P-A022877,0,0.079077230021357539,0.068779547885060313,0,0
retention_expiry,2992,V32P-A022878,0,0.037099231220781806,0.031991250067949298,0,0
retention_expiry,2993,V32P-A022941,0,0.50645855069160461,0.54315097928047185,0,0
retention_expiry,2994,V32P-A022942,0,0.45734540820121766,0.48200693130493166,0,0
retention_expiry,2995,V32P-A022943,0,0.39518355131149291,0.40455661416053773,0,0
retention_expiry,2996,V32P-A022944,0,0.19762855470180513,0.18330832421779633,0,0
retention_expiry,2997,V32P-A023121,0,0.38290513753890992,0.43932681679725649,0,0
retention_expiry,2998,V32P-A023122,0,0.33182911872863768,0.36729860305786133,0,0
retention_expiry,2999,V32P-A023123,0,0.26290721893310548,0.2796237111091614,0,0
retention_expiry,3000,V32P-A023124,0,0.11401884555816651,0.11255048215389252,0,0
retention_expiry,3001,V32P-A023139,0,0.72387892007827759,0.74024450778961182,1,1
retention_expiry,3002,V32P-A023140,0,0.51396772265434265,0.52462030053138731,0,0
retention_expiry,3003,V32P-A023141,1,0.3646668314933777,0.37670242786407471,0,0
retention_expiry,3004,V32P-A023142,0,0.03252185536548495,0.026895142346620559,0,0
retention_expiry,3005,V32P-A023203,0,0.68311136960983276,0.73079330921173091,1,1
retention_expiry,3006,V32P-A023204,0,0.57823820114135738,0.62890400886535647,0,1
retention_expiry,3007,V32P-A023205,0,0.54726912975311282,0.59029476642608647,0,0
retention_expiry,3008,V32P-A023206,1,0.44992636442184447,0.47880539894104002,0,0
retention_expiry,3009,V32P-A023207,0,0.055423933826386926,0.04676933865994215,0,0
retention_expiry,3010,V32P-A023208,0,0.022155896387994291,0.01787880975753069,0,0
retention_expiry,3011,V32P-A023257,0,0.72220250368118288,0.74862321615219118,1,1
retention_expiry,3012,V32P-A023258,0,0.62139358520507815,0.65620039701461796,1,1
retention_expiry,3013,V32P-A023259,0,0.55430270433425899,0.59710677862167361,0,0
retention_expiry,3014,V32P-A023260,0,0.47208879590034486,0.5125221729278564,0,0
retention_expiry,3015,V32P-A023261,0,0.45491459965705872,0.49068716764450071,0,0
retention_expiry,3016,V32P-A023262,0,0.25223720073699951,0.25833522677421572,0,0
retention_expiry,3017,V32P-A023284,0,0.27827189862728119,0.30507869720458985,0,0
retention_expiry,3018,V32P-A023285,0,0.2119681417942047,0.2268027663230896,0,0
retention_expiry,3019,V32P-A023286,0,0.098461675643920901,0.096521572768688196,0,0
retention_expiry,3020,V32P-A023329,0,0.7656368613243103,0.79410586357116697,1,1
retention_expiry,3021,V32P-A023330,0,0.60093700885772705,0.64997050762176511,0,1
retention_expiry,3022,V32P-A023331,0,0.53805029988288877,0.5912361741065979,0,0
retention_expiry,3023,V32P-A023332,0,0.59487968683242798,0.62499539256095882,0,1
retention_expiry,3024,V32P-A023333,0,0.44123967885971072,0.47474071383476257,0,0
retention_expiry,3025,V32P-A023334,0,0.22050921022891998,0.22825974524021148,0,0
retention_expiry,3026,V32P-A023336,0,0.46445679068565371,0.5357543468475342,0,0
retention_expiry,3027,V32P-A023337,0,0.44523619413375853,0.4967224061489105,0,0
retention_expiry,3028,V32P-A023338,0,0.36154932975769044,0.40408206582069395,0,0
retention_expiry,3029,V32P-A023339,0,0.27906555533409116,0.31119210124015806,0,0
retention_expiry,3030,V32P-A023340,0,0.11568382829427719,0.11680691242218018,0,0
retention_expiry,3031,V32P-A023354,0,0.59764108657836912,0.64102575778961179,0,1
retention_expiry,3032,V32P-A023355,0,0.54848797917366032,0.59523079991340633,0,0
retention_expiry,3033,V32P-A023356,0,0.47088717818260195,0.51221711635589595,0,0
retention_expiry,3034,V32P-A023357,0,0.39469816088676452,0.42529804706573487,0,0
retention_expiry,3035,V32P-A023358,0,0.18000673055648803,0.18290058076381682,0,0
retention_expiry,3036,V32P-A023359,0,0.49928112030029298,0.54468067884445193,0,0
retention_expiry,3037,V32P-A023360,0,0.51035458445549009,0.54747073650360112,0,0
retention_expiry,3038,V32P-A023361,0,0.44313164353370665,0.47192438840866091,0,0
retention_expiry,3039,V32P-A023362,0,0.36458166837692263,0.38276653289794921,0,0
retention_expiry,3040,V32P-A023363,0,0.2879164904356003,0.29800046980381012,0,0
retention_expiry,3041,V32P-A023364,0,0.13206552565097809,0.12670858502387999,0,0
retention_expiry,3042,V32P-A023371,0,0.54047524333000185,0.5757622599601746,0,0
retention_expiry,3043,V32P-A023372,0,0.60942416191101079,0.62940442562103271,0,1
retention_expiry,3044,V32P-A023373,0,0.59894622564315791,0.61113448739051823,0,0
retention_expiry,3045,V32P-A023374,0,0.5222416996955872,0.5243675291538239,0,0
retention_expiry,3046,V32P-A023375,0,0.4386159062385559,0.43641150593757627,0,0
retention_expiry,3047,V32P-A023376,0,0.032133046165108682,0.027749813906848431,0,0
retention_expiry,3048,V32P-A023392,0,0.4838407814502716,0.5274959027767181,0,0
retention_expiry,3049,V32P-A023393,0,0.43974209427833555,0.46695836782455447,0,0
retention_expiry,3050,V32P-A023394,0,0.21852607429027557,0.21905039846897126,0,0
retention_expiry,3051,V32P-A023416,0,0.51339964866638188,0.57259133458137512,0,0
retention_expiry,3052,V32P-A023417,0,0.44222442507743837,0.4946489095687866,0,0
retention_expiry,3053,V32P-A023418,0,0.2193300098180771,0.24651242196559905,0,0
retention_expiry,3054,V32P-A023461,0,0.56652126908302303,0.59562659859657285,0,0
retention_expiry,3055,V32P-A023462,0,0.64093710184097286,0.65965747833251953,1,1
retention_expiry,3056,V32P-A023463,0,0.64700912237167363,0.65791212320327763,1,1
retention_expiry,3057,V32P-A023464,0,0.61906288862228398,0.61973955631256106,0,0
retention_expiry,3058,V32P-A023465,0,0.56893573999404912,0.5591529488563538,0,0
retention_expiry,3059,V32P-A023466,0,0.30916561186313629,0.27535496056079867,0,0
retention_expiry,3060,V32P-A023521,0,0.76660332679748533,0.78849269151687618,1,1
retention_expiry,3061,V32P-A023522,0,0.60375434160232544,0.62443484067916866,0,1
retention_expiry,3062,V32P-A023523,0,0.54771054387092588,0.58512246608734131,0,0
retention_expiry,3063,V32P-A023524,0,0.55018167495727544,0.56735833287239079,0,0
retention_expiry,3064,V32P-A023525,0,0.38545191287994385,0.39269587397575378,0,0
retention_expiry,3065,V32P-A023526,0,0.14700644463300705,0.13928882032632828,0,0
retention_expiry,3066,V32P-A023584,0,0.28486408889293668,0.33095033466815948,0,0
retention_expiry,3067,V32P-A023585,0,0.23183485269546508,0.26325870752334596,0,0
retention_expiry,3068,V32P-A023586,0,0.11582663655281067,0.11889251321554184,0,0
retention_expiry,3069,V32P-A023625,0,0.40842838883399962,0.48615348935127256,0,0
retention_expiry,3070,V32P-A023626,0,0.32085652947425841,0.3897337853908539,0,0
retention_expiry,3071,V32P-A023627,0,0.25259402096271516,0.3083096444606781,0,0
retention_expiry,3072,V32P-A023628,0,0.12096899449825287,0.13676045387983321,0,0
retention_expiry,3073,V32P-A023656,0,0.44695731401443484,0.47534864544868471,0,0
retention_expiry,3074,V32P-A023657,1,0.36212935447692873,0.38259870409965513,0,0
retention_expiry,3075,V32P-A023658,0,0.022689568623900414,0.017528150044381619,0,0
retention_expiry,3076,V32P-A023695,0,0.76750383377075193,0.80297303199768066,1,1
retention_expiry,3077,V32P-A023696,0,0.64960000514984129,0.69497953653335576,1,1
retention_expiry,3078,V32P-A023697,0,0.62396700382232662,0.66892969608306885,1,1
retention_expiry,3079,V32P-A023698,0,0.66158128976821895,0.69881004095077515,1,1
retention_expiry,3080,V32P-A023699,0,0.50902198553085332,0.53992892503738399,0,0
retention_expiry,3081,V32P-A023700,0,0.24775942862033845,0.23207460939884186,0,0
retention_expiry,3082,V32P-A023722,1,0.54321534037590025,0.59139651656150816,0,0
retention_expiry,3083,V32P-A023723,0,0.098920539766550061,0.087491165846586227,0,0
retention_expiry,3084,V32P-A023724,0,0.043294773437082767,0.034403102658689025,0,0
retention_expiry,3085,V32P-A023770,0,0.3082064688205719,0.33034007549285888,0,0
retention_expiry,3086,V32P-A023771,0,0.23951276093721391,0.24968415647745132,0,0
retention_expiry,3087,V32P-A023772,0,0.11199208237230777,0.10819793976843357,0,0
retention_expiry,3088,V32P-A023779,0,0.79741796255111697,0.82621390819549556,1,1
retention_expiry,3089,V32P-A023780,0,0.61170601844787598,0.6751728773117065,0,1
retention_expiry,3090,V32P-A023781,0,0.78279236555099485,0.81376632452011111,1,1
retention_expiry,3091,V32P-A023782,1,0.43851149678230283,0.49806870222091676,0,0
retention_expiry,3092,V32P-A023783,0,0.10725368931889534,0.1003340020775795,0,0
retention_expiry,3093,V32P-A023784,0,0.047963550128042695,0.04367115404456854,0,0
retention_expiry,3094,V32P-A023827,0,0.4485942840576172,0.48844823837280271,0,0
retention_expiry,3095,V32P-A023828,0,0.47283278107643129,0.51523662209510801,0,0
retention_expiry,3096,V32P-A023829,0,0.41252011656761167,0.44696996212005613,0,0
retention_expiry,3097,V32P-A023830,1,0.31728442907333376,0.33947360515594482,0,0
retention_expiry,3098,V32P-A023831,0,0.040902621299028399,0.036075603775680067,0,0
retention_expiry,3099,V32P-A023832,0,0.01726997420191765,0.015155709208920598,0,0
retention_expiry,3100,V32P-A023835,0,0.65741343498229976,0.68632351160049443,1,1
retention_expiry,3101,V32P-A023836,0,0.65011084079742432,0.67660857439041133,1,1
retention_expiry,3102,V32P-A023837,0,0.49822262525558469,0.51901956200599675,0,0
retention_expiry,3103,V32P-A023838,0,0.2137281984090805,0.18656981289386748,0,0
retention_expiry,3104,V32P-A023983,0,0.68424239158630373,0.7131029009819031,1,1
retention_expiry,3105,V32P-A023984,0,0.58066650032997136,0.61611869335174563,0,0
retention_expiry,3106,V32P-A023985,0,0.55607672929763796,0.58712168931961062,0,0
retention_expiry,3107,V32P-A023986,1,0.51095489859580989,0.53296210765838625,0,0
retention_expiry,3108,V32P-A023987,0,0.090501900762319565,0.088597621396183962,0,0
retention_expiry,3109,V32P-A023988,0,0.035505722835659982,0.029966207221150398,0,0
retention_expiry,3110,V32P-A023989,1,0.63033615350723271,0.6526594400405884,1,1
retention_expiry,3111,V32P-A023990,1,0.47776936888694765,0.52233627438545227,0,0
retention_expiry,3112,V32P-A023991,1,0.38845112323760989,0.43178008794784545,0,0
retention_expiry,3113,V32P-A023992,0,0.068923548981547358,0.061897927522659303,0,0
retention_expiry,3114,V32P-A023993,0,0.053905731439590453,0.047836158052086832,0,0
retention_expiry,3115,V32P-A023994,0,0.026007777731865644,0.022487073484808207,0,0
retention_expiry,3116,V32P-A024021,0,0.5733646929264069,0.61822010874748234,0,0
retention_expiry,3117,V32P-A024022,0,0.44237849712371824,0.48437150120735167,0,0
retention_expiry,3118,V32P-A024023,0,0.4570914149284363,0.4917636513710022,0,0
retention_expiry,3119,V32P-A024024,0,0.22210769802331926,0.24301698654890061,0,0
retention_expiry,3120,V32P-A024025,1,0.64547444581985469,0.66326143741607668,1,1
retention_expiry,3121,V32P-A024026,1,0.63217508792877197,0.65275206565856936,1,1
retention_expiry,3122,V32P-A024027,1,0.61342805624008179,0.62723098993301396,0,1
retention_expiry,3123,V32P-A024028,0,0.085782430320978167,0.075974909216165537,0,0
retention_expiry,3124,V32P-A024029,0,0.060833033174276352,0.053412531316280362,0,0
retention_expiry,3125,V32P-A024030,0,0.026828120648860931,0.0226079024374485,0,0
retention_expiry,3126,V32P-A024034,0,0.36529173254966735,0.45222954154014589,0,0
retention_expiry,3127,V32P-A024035,0,0.29689508080482485,0.37677677273750304,0,0
retention_expiry,3128,V32P-A024036,0,0.14830648377537728,0.17802717164158821,0,0
retention_expiry,3129,V32P-A024046,0,0.77058496475219729,0.78218095302581792,1,1
retention_expiry,3130,V32P-A024047,0,0.68581351041793825,0.70027886629104619,1,1
retention_expiry,3131,V32P-A024048,0,0.097889554500579831,0.080918537452816963,0,0
retention_expiry,3132,V32P-A024073,0,0.68402266502380371,0.71532944440841673,1,1
retention_expiry,3133,V32P-A024074,0,0.61748467683792119,0.63566687107086184,0,1
retention_expiry,3134,V32P-A024075,0,0.54581063389778139,0.56013696789741518,0,0
retention_expiry,3135,V32P-A024076,0,0.46501082777976988,0.47541253566741942,0,0
retention_expiry,3136,V32P-A024077,0,0.56264112591743465,0.58249328732490535,0,0
retention_expiry,3137,V32P-A024078,0,0.14861398339271545,0.14108688086271287,0,0
retention_expiry,3138,V32P-A024079,0,0.71269742250442503,0.75203634500503536,1,1
retention_expiry,3139,V32P-A024080,0,0.54527205824851988,0.61233320236206057,0,0
retention_expiry,3140,V32P-A024081,0,0.66698007583618169,0.70909603834152224,1,1
retention_expiry,3141,V32P-A024082,0,0.49913773536682127,0.55517969131469724,0,0
retention_expiry,3142,V32P-A024083,0,0.3948871076107025,0.44351744651794434,0,0
retention_expiry,3143,V32P-A024084,0,0.17177428901195527,0.17548349648714065,0,0
retention_expiry,3144,V32P-A024112,0,0.45278556346893312,0.48681403994560241,0,0
retention_expiry,3145,V32P-A024113,0,0.38128433525562289,0.4055033504962921,0,0
retention_expiry,3146,V32P-A024114,0,0.1694117158651352,0.16556833833456039,0,0
retention_expiry,3147,V32P-A024148,0,0.70918229818344114,0.74515964984893801,1,1
retention_expiry,3148,V32P-A024149,0,0.6684258818626404,0.70273885726928709,1,1
retention_expiry,3149,V32P-A024150,0,0.45932466387748716,0.47600038051605226,0,0
retention_expiry,3150,V32P-A024166,0,0.31703504920005798,0.35781183838844299,0,0
retention_expiry,3151,V32P-A024167,0,0.23480832874774932,0.25452622771263123,0,0
retention_expiry,3152,V32P-A024168,0,0.093710403144359591,0.090106761455535894,0,0
retention_expiry,3153,V32P-A024205,0,0.69758838415145874,0.73657900094985962,1,1
retention_expiry,3154,V32P-A024206,0,0.62099370956420896,0.66586267948150635,1,1
retention_expiry,3155,V32P-A024207,0,0.58916871547698979,0.62853184938430784,0,1
retention_expiry,3156,V32P-A024208,0,0.58773753643035886,0.61619157791137691,0,0
retention_expiry,3157,V32P-A024209,0,0.54970865249633794,0.56683315038681026,0,0
retention_expiry,3158,V32P-A024210,0,0.27980860471725466,0.26928336918354034,0,0
retention_expiry,3159,V32P-A024211,1,0.53728028535842898,0.57052294015884397,0,0
retention_expiry,3160,V32P-A024212,1,0.52993255853652954,0.56513898968696596,0,0
retention_expiry,3161,V32P-A024213,1,0.54737899899482723,0.57930580973625179,0,0
retention_expiry,3162,V32P-A024214,0,0.099157410115003591,0.090312139689922327,0,0
retention_expiry,3163,V32P-A024215,0,0.079973556101322174,0.071469969302415851,0,0
retention_expiry,3164,V32P-A024216,0,0.043074421212077142,0.037682480365037921,0,0
retention_expiry,3165,V32P-A024295,0,0.643030834197998,0.7320716381072998,1,1
retention_expiry,3166,V32P-A024296,0,0.66319067478179927,0.73248971700668331,1,1
retention_expiry,3167,V32P-A024297,0,0.63757790327072139,0.69638177156448366,1,1
retention_expiry,3168,V32P-A024298,0,0.60613346099853516,0.65864799022674558,0,1
retention_expiry,3169,V32P-A024299,0,0.5882303893566132,0.64277760982513432,0,1
retention_expiry,3170,V32P-A024300,0,0.37313479781150816,0.3909227788448334,0,0
retention_expiry,3171,V32P-A024310,0,0.30907106697559356,0.3416233569383621,0,0
retention_expiry,3172,V32P-A024311,0,0.24384520053863526,0.28089557588100433,0,0
retention_expiry,3173,V32P-A024312,0,0.10709995850920677,0.10083650276064873,0,0
retention_expiry,3174,V32P-A024379,1,0.68279236555099487,0.70771834850311277,1,1
retention_expiry,3175,V32P-A024380,1,0.59703384637832646,0.62621669769287114,0,1
retention_expiry,3176,V32P-A024381,1,0.54082910418510433,0.56523438096046452,0,0
retention_expiry,3177,V32P-A024382,0,0.091085409373044962,0.079490432143211359,0,0
retention_expiry,3178,V32P-A024383,0,0.066581619158387187,0.057256716862320901,0,0
retention_expiry,3179,V32P-A024384,0,0.032423537410795691,0.026971168629825116,0,0
retention_expiry,3180,V32P-A024391,0,0.53852249383926387,0.55464127063751223,0,0
retention_expiry,3181,V32P-A024392,0,0.54103592634201048,0.55036330223083496,0,0
retention_expiry,3182,V32P-A024393,0,0.48395408391952516,0.48684806227684019,0,0
retention_expiry,3183,V32P-A024394,0,0.38993868827819822,0.38843255639076235,0,0
retention_expiry,3184,V32P-A024395,0,0.30209782719612122,0.29362703263759615,0,0
retention_expiry,3185,V32P-A024396,0,0.1249644324183464,0.11223496496677399,0,0
retention_expiry,3186,V32P-A024405,0,0.45596096515655515,0.49171034097671507,0,0
retention_expiry,3187,V32P-A024406,0,0.42301287651062014,0.44573909044265747,0,0
retention_expiry,3188,V32P-A024407,1,0.33728919923305511,0.34894009530544279,0,0
retention_expiry,3189,V32P-A024408,0,0.038510752096772197,0.035871883993968366,0,0
retention_expiry,3190,V32P-A024427,1,0.78466044664382939,0.80520846843719485,1,1
retention_expiry,3191,V32P-A024428,1,0.69361321926116948,0.70984823703765865,1,1
retention_expiry,3192,V32P-A024429,1,0.60392729043960569,0.62635387182235713,0,1
retention_expiry,3193,V32P-A024430,0,0.086194286495447164,0.078243616223335269,0,0
retention_expiry,3194,V32P-A024431,0,0.063613722845911977,0.056743789836764334,0,0
retention_expiry,3195,V32P-A024432,0,0.026980160363018514,0.023605030868202447,0,0
retention_expiry,3196,V32P-A024487,0,0.699785304069519,0.75222237110137935,1,1
retention_expiry,3197,V32P-A024488,0,0.6658282518386841,0.71742957830429077,1,1
retention_expiry,3198,V32P-A024489,0,0.62160130739212038,0.67665195465087891,1,1
retention_expiry,3199,V32P-A024490,0,0.56716083884239199,0.62315772175788875,0,1
retention_expiry,3200,V32P-A024491,0,0.49155597686767577,0.54703248143196104,0,0
retention_expiry,3201,V32P-A024492,0,0.25741239786148074,0.27680883407592771,0,0
retention_expiry,3202,V32P-A024579,0,0.63556051850318906,0.6755401134490967,1,1
retention_expiry,3203,V32P-A024580,0,0.59462007880210876,0.62740207910537715,0,1
retention_expiry,3204,V32P-A024581,0,0.57344551086425777,0.59257411956787109,0,0
retention_expiry,3205,V32P-A024582,0,0.33616244792938232,0.33562700748443602,0,0
retention_expiry,3206,V32P-A024614,0,0.63753094673156741,0.67796891927719116,1,1
retention_expiry,3207,V32P-A024615,0,0.58011242151260378,0.61175102591514585,0,0
retention_expiry,3208,V32P-A024616,0,0.49086071252822877,0.50861374139785764,0,0
retention_expiry,3209,V32P-A024617,0,0.39450217485427858,0.40522338449954987,0,0
retention_expiry,3210,V32P-A024618,0,0.16771261394023895,0.16304856166243553,0,0
retention_expiry,3211,V32P-A024633,0,0.47579442858695986,0.55436877608299251,0,0
retention_expiry,3212,V32P-A024634,0,0.40652421712875364,0.47593116760253906,0,0
retention_expiry,3213,V32P-A024635,0,0.31509658098220827,0.36820336580276491,0,0
retention_expiry,3214,V32P-A024636,0,0.1525501787662506,0.16363250762224196,0,0
retention_expiry,3215,V32P-A024637,0,0.46354345679283143,0.52854313850402834,0,0
retention_expiry,3216,V32P-A024638,0,0.47248750925064087,0.53218436241149902,0,0
retention_expiry,3217,V32P-A024639,0,0.46236100196838381,0.51481170058250425,0,0
retention_expiry,3218,V32P-A024640,1,0.44788683056831358,0.48771812319755553,0,0
retention_expiry,3219,V32P-A024641,0,0.06393778882920742,0.057751236110925676,0,0
retention_expiry,3220,V32P-A024642,0,0.026585312373936177,0.02354638548567891,0,0
retention_expiry,3221,V32P-A024763,0,0.65428220033645634,0.67907593250274656,1,1
retention_expiry,3222,V32P-A024764,0,0.68993554115295408,0.71221432685852049,1,1
retention_expiry,3223,V32P-A024765,0,0.70236337184906006,0.71902643442153935,1,1
retention_expiry,3224,V32P-A024766,0,0.68850576877593994,0.69168213605880735,1,1
retention_expiry,3225,V32P-A024767,0,0.60557622909545894,0.58921198844909672,0,0
retention_expiry,3226,V32P-A024768,0,0.34186339378356934,0.3072743982076645,0,0
retention_expiry,3227,V32P-A024802,1,0.40403313636779786,0.45085787773132324,0,0
retention_expiry,3228,V32P-A024803,0,0.067164033092558389,0.061316146142780782,0,0
retention_expiry,3229,V32P-A024804,0,0.028837279090657829,0.02361146011389792,0,0
retention_expiry,3230,V32P-A024808,1,0.4583540201187134,0.47395776510238646,0,0
retention_expiry,3231,V32P-A024809,0,0.06158759817481041,0.054512678831815722,0,0
retention_expiry,3232,V32P-A024810,0,0.026748176477849484,0.022894344944506883,0,0
retention_expiry,3233,V32P-A024841,0,0.81057054996490474,0.82878580093383791,1,1
retention_expiry,3234,V32P-A024842,0,0.72292261123657231,0.73820135593414304,1,1
retention_expiry,3235,V32P-A024843,0,0.67128175497055054,0.68363835811614992,1,1
retention_expiry,3236,V32P-A024844,0,0.62114665508270261,0.62870253920555119,1,1
retention_expiry,3237,V32P-A024845,0,0.53971256613731389,0.52893622517585759,0,0
retention_expiry,3238,V32P-A024846,0,0.28308145403862001,0.26015145033597947,0,0
retention_expiry,3239,V32P-A024945,0,0.34248807430267336,0.37224198579788209,0,0
retention_expiry,3240,V32P-A024946,0,0.27677412927150724,0.29669813513755799,0,0
retention_expiry,3241,V32P-A024947,0,0.24086574912071229,0.26157138049602507,0,0
retention_expiry,3242,V32P-A024948,0,0.12545178160071374,0.12317276522517204,0,0
retention_expiry,3243,V32P-A024958,0,0.25656479895114898,0.26852806806564333,0,0
retention_expiry,3244,V32P-A024959,0,0.20164452195167543,0.2045684576034546,0,0
retention_expiry,3245,V32P-A024960,0,0.086749440431594854,0.079544301331043246,0,0
retention_expiry,3246,V32P-A024961,0,0.50584430098533628,0.53711530566215515,0,0
retention_expiry,3247,V32P-A024962,0,0.5020444393157959,0.53067119717597966,0,0
retention_expiry,3248,V32P-A024963,0,0.47244589328765868,0.4968411147594452,0,0
retention_expiry,3249,V32P-A024964,0,0.42451904416084291,0.44542416334152224,0,0
retention_expiry,3250,V32P-A024965,0,0.36166846156120303,0.37484958171844485,0,0
retention_expiry,3251,V32P-A024966,0,0.029353085905313492,0.025063549261540176,0,0
retention_expiry,3252,V32P-A024988,0,0.30274820029735566,0.32653833329677584,0,0
retention_expiry,3253,V32P-A024989,0,0.24068226218223571,0.25205330252647401,0,0
retention_expiry,3254,V32P-A024990,0,0.019010068476200105,0.015069307200610638,0,0
retention_expiry,3255,V32P-A025039,0,0.74518340826034546,0.76657365560531621,1,1
retention_expiry,3256,V32P-A025040,0,0.44967325925827029,0.51354236602783199,0,0
retention_expiry,3257,V32P-A025041,0,0.48785257339477539,0.52789233922958378,0,0
retention_expiry,3258,V32P-A025042,0,0.52319781184196468,0.55752466917037968,0,0
retention_expiry,3259,V32P-A025043,0,0.38370920419692994,0.40804418325424197,0,0
retention_expiry,3260,V32P-A025044,0,0.14487438499927521,0.14178169518709183,0,0
retention_expiry,3261,V32P-A025077,0,0.525439840555191,0.56112212538719175,0,0
retention_expiry,3262,V32P-A025078,0,0.59091743230819704,0.61526861190795901,0,0
retention_expiry,3263,V32P-A025079,0,0.61281387805938725,0.63408758640289309,0,1
retention_expiry,3264,V32P-A025080,0,0.38811869025230405,0.38619667887687681,0,0
retention_expiry,3265,V32P-A025095,0,0.33006748557090759,0.39911231398582458,0,0
retention_expiry,3266,V32P-A025096,0,0.26877008974552152,0.32226682007312774,0,0
retention_expiry,3267,V32P-A025097,0,0.21936135292053222,0.26338016986846924,0,0
retention_expiry,3268,V32P-A025098,0,0.099037371575832367,0.10325544327497482,0,0
retention_expiry,3269,V32P-A025138,0,0.66311212778091433,0.66815476417541508,1,1
retention_expiry,3270,V32P-A025139,0,0.54223302006721497,0.53910374045372011,0,0
retention_expiry,3271,V32P-A025140,0,0.035854640603065493,0.031221115216612815,0,0
retention_expiry,3272,V32P-A025252,0,0.41009376645088197,0.41560591459274293,0,0
retention_expiry,3273,V32P-A025253,0,0.3065431982278824,0.31024673581123352,0,0
retention_expiry,3274,V32P-A025254,0,0.13059297055006028,0.12230195254087448,0,0
retention_expiry,3275,V32P-A025255,0,0.50750852227210996,0.57725558876991268,0,0
retention_expiry,3276,V32P-A025256,0,0.49295012950897216,0.55697922706604008,0,0
retention_expiry,3277,V32P-A025257,0,0.46962051987648012,0.52628180980682371,0,0
retention_expiry,3278,V32P-A025258,0,0.4021964192390442,0.45219632387161257,0,0
retention_expiry,3279,V32P-A025259,0,0.38389660120010377,0.42861157059669497,0,0
retention_expiry,3280,V32P-A025260,0,0.17053787410259247,0.17270227074623107,0,0
retention_expiry,3281,V32P-A025273,0,0.31110734641551974,0.34692470729351044,0,0
retention_expiry,3282,V32P-A025274,0,0.37875452041625979,0.41946592926979065,0,0
retention_expiry,3283,V32P-A025275,0,0.36971743106842042,0.40972506403923037,0,0
retention_expiry,3284,V32P-A025276,0,0.29476490020751955,0.32637955248355865,0,0
retention_expiry,3285,V32P-A025277,0,0.22149479687213897,0.23945669531822206,0,0
retention_expiry,3286,V32P-A025278,0,0.091926675289869308,0.090117297321558001,0,0
retention_expiry,3287,V32P-A025327,0,0.77457975149154668,0.79125303030014038,1,1
retention_expiry,3288,V32P-A025328,0,0.64484289884567259,0.66882083415985105,1,1
retention_expiry,3289,V32P-A025329,0,0.55599349141120913,0.58376979231834414,0,0
retention_expiry,3290,V32P-A025330,0,0.46247625946998594,0.49462096095085145,0,0
retention_expiry,3291,V32P-A025331,0,0.34128085374832151,0.36681122183799741,0,0
retention_expiry,3292,V32P-A025332,0,0.14804878383874892,0.14401320219039918,0,0
retention_expiry,3293,V32P-A025345,0,0.53520320057868953,0.58997120261192326,0,0
retention_expiry,3294,V32P-A025346,0,0.55654013752937315,0.60242184996604919,0,0
retention_expiry,3295,V32P-A025347,0,0.5452090263366699,0.58396984338760372,0,0
retention_expiry,3296,V32P-A025348,0,0.47307397723197936,0.49906796216964722,0,0
retention_expiry,3297,V32P-A025349,0,0.40825428664684293,0.42084068357944487,0,0
retention_expiry,3298,V32P-A025350,0,0.19449041411280632,0.17841048166155815,0,0
retention_expiry,3299,V32P-A025389,0,0.58819467425346372,0.63669466376304629,0,1
retention_expiry,3300,V32P-A025390,0,0.52963482737541201,0.57977791428565983,0,0
retention_expiry,3301,V32P-A025391,0,0.47505404353141784,0.51825868487358095,0,0
retention_expiry,3302,V32P-A025392,0,0.22102514207363128,0.22310283482074739,0,0
retention_expiry,3303,V32P-A025447,1,0.77526712417602539,0.80694662332534794,1,1
retention_expiry,3304,V32P-A025448,1,0.74404680728912354,0.77791810035705566,1,1
retention_expiry,3305,V32P-A025449,0,0.32385112643241881,0.30579352080821992,0,0
retention_expiry,3306,V32P-A025450,0,0.13723008930683137,0.13063769266009331,0,0
retention_expiry,3307,V32P-A025451,0,0.10673276260495186,0.097829462587833399,0,0
retention_expiry,3308,V32P-A025452,0,0.044534439779818059,0.038329187780618668,0,0
retention_expiry,3309,V32P-A025495,0,0.77856329679489134,0.80310764312744143,1,1
retention_expiry,3310,V32P-A025496,0,0.6129558324813843,0.64278857707977299,0,1
retention_expiry,3311,V32P-A025497,0,0.50987167358398433,0.55122436285018916,0,0
retention_expiry,3312,V32P-A025498,0,0.43183805346488952,0.47270038127899172,0,0
retention_expiry,3313,V32P-A025499,0,0.40888278484344481,0.44163599014282229,0,0
retention_expiry,3314,V32P-A025500,0,0.15048461407423019,0.14963582754135132,0,0
retention_expiry,3315,V32P-A025561,0,0.70263346433639529,0.73583935499191289,1,1
retention_expiry,3316,V32P-A025562,0,0.56944390535354616,0.60559312105178831,0,0
retention_expiry,3317,V32P-A025563,0,0.48194957375526426,0.52231603860855103,0,0
retention_expiry,3318,V32P-A025564,0,0.41549940705299376,0.44801616668701172,0,0
retention_expiry,3319,V32P-A025565,0,0.30979981422424319,0.33043133318424223,0,0
retention_expiry,3320,V32P-A025566,0,0.12655888348817826,0.12439102530479432,0,0
retention_expiry,3321,V32P-A025574,0,0.56622098684310918,0.60215029716491697,0,0
retention_expiry,3322,V32P-A025575,0,0.4757734715938568,0.51153041124343868,0,0
retention_expiry,3323,V32P-A025576,0,0.39471504092216492,0.41674401164054869,0,0
retention_expiry,3324,V32P-A025577,0,0.33408423364162443,0.35808889269828797,0,0
retention_expiry,3325,V32P-A025578,0,0.14363256990909576,0.13527985513210297,0,0
retention_expiry,3326,V32P-A025663,0,0.6442085981369019,0.66100835800170898,1,1
retention_expiry,3327,V32P-A025664,0,0.53798863887786863,0.5564960241317749,0,0
retention_expiry,3328,V32P-A025665,0,0.51280641555786133,0.52592213153839107,0,0
retention_expiry,3329,V32P-A025666,1,0.47971538305282591,0.48544471859931948,0,0
retention_expiry,3330,V32P-A025667,0,0.074437557160854345,0.064888102561235422,0,0
retention_expiry,3331,V32P-A025668,0,0.034236159361898902,0.029056011606007813,0,0
retention_expiry,3332,V32P-A025726,1,0.59233753681182866,0.60626958608627324,0,0
retention_expiry,3333,V32P-A025727,0,0.083054728060960772,0.072663931176066399,0,0
retention_expiry,3334,V32P-A025728,0,0.04213322140276432,0.036639962159097192,0,0
retention_expiry,3335,V32P-A025840,0,0.35938879251480105,0.39200422167778015,0,0
retention_expiry,3336,V32P-A025841,0,0.27118097841739652,0.29125310778617858,0,0
retention_expiry,3337,V32P-A025842,0,0.10517595410346985,0.10082795619964599,0,0
retention_expiry,3338,V32P-A025915,0,0.53688437342643736,0.60741305351257324,0,0
retention_expiry,3339,V32P-A025916,0,0.55280879735946653,0.61358968019485471,0,0
retention_expiry,3340,V32P-A025917,0,0.51003816723823547,0.55625957846641538,0,0
retention_expiry,3341,V32P-A025918,0,0.46274524331092837,0.4994290232658386,0,0
retention_expiry,3342,V32P-A025919,0,0.38559853434562685,0.4116149663925171,0,0
retention_expiry,3343,V32P-A025920,0,0.17810503840446473,0.17785341441631317,0,0
retention_expiry,3344,V32P-A026044,0,0.67302072048187256,0.70377742052078252,1,1
retention_expiry,3345,V32P-A026045,0,0.67185969352722164,0.69603565931320188,1,1
retention_expiry,3346,V32P-A026046,0,0.54130549430847164,0.54104868173599241,0,0
retention_expiry,3347,V32P-A026077,0,0.55827389359474178,0.58907297253608704,0,0
retention_expiry,3348,V32P-A026078,0,0.55745952129364018,0.58720902204513548,0,0
retention_expiry,3349,V32P-A026079,0,0.54920930266380308,0.57845798730850218,0,0
retention_expiry,3350,V32P-A026080,0,0.52862163186073308,0.54655719399452207,0,0
retention_expiry,3351,V32P-A026081,0,0.45145043730735779,0.45908629298210146,0,0
retention_expiry,3352,V32P-A026082,0,0.22864766716957091,0.21702668070793152,0,0
retention_expiry,3353,V32P-A026101,0,0.58728127479553227,0.62898933887481689,0,1
retention_expiry,3354,V32P-A026102,0,0.56947114467620852,0.61253459453582759,0,0
retention_expiry,3355,V32P-A026103,0,0.57907040715217595,0.61313300132751469,0,0
retention_expiry,3356,V32P-A026104,0,0.55847862362861633,0.58688874840736394,0,0
retention_expiry,3357,V32P-A026105,0,0.49236734509468078,0.51878558993339541,0,0
retention_expiry,3358,V32P-A026106,0,0.26931436657905578,0.26660936474800112,0,0
retention_expiry,3359,V32P-A026119,1,0.7031963109970093,0.7443444490432739,1,1
retention_expiry,3360,V32P-A026120,1,0.67523664236068726,0.71304880380630498,1,1
retention_expiry,3361,V32P-A026121,1,0.62707739472389223,0.66144134998321535,1,1
retention_expiry,3362,V32P-A026122,0,0.1086743488907814,0.097599637508392331,0,0
retention_expiry,3363,V32P-A026123,0,0.079206453263759607,0.070278591662645343,0,0
retention_expiry,3364,V32P-A026124,0,0.031742202863097188,0.027328916266560553,0,0
retention_expiry,3365,V32P-A026131,0,0.53278727531433101,0.59120846986770625,0,0
retention_expiry,3366,V32P-A026132,0,0.51190786957740786,0.56387560963630678,0,0
retention_expiry,3367,V32P-A026133,0,0.52227087020874019,0.56826136112213133,0,0
retention_expiry,3368,V32P-A026134,0,0.40796150565147399,0.4499079644680023,0,0
retention_expiry,3369,V32P-A026135,0,0.34015445411205292,0.3751863270998001,0,0
retention_expiry,3370,V32P-A026136,0,0.1581004023551941,0.15479544997215272,0,0
retention_expiry,3371,V32P-A026227,0,0.56166939735412602,0.57377128601074223,0,0
retention_expiry,3372,V32P-A026228,0,0.62145653963088987,0.6315793037414551,1,1
retention_expiry,3373,V32P-A026229,0,0.59560729265213008,0.60294201374053957,0,0
retention_expiry,3374,V32P-A026230,0,0.60027495622634885,0.60292054414749141,0,0
retention_expiry,3375,V32P-A026231,0,0.53780251741409302,0.53062552213668823,0,0
retention_expiry,3376,V32P-A026232,0,0.047247313708066938,0.040139600262045862,0,0
retention_expiry,3377,V32P-A026368,0,0.3554546356201172,0.39930528402328491,0,0
retention_expiry,3378,V32P-A026369,0,0.29848034083843233,0.32812649607658384,0,0
retention_expiry,3379,V32P-A026370,0,0.15304353088140488,0.1491439312696457,0,0
retention_expiry,3380,V32P-A026431,0,0.48838633894920347,0.49755449295043946,0,0
retention_expiry,3381,V32P-A026432,0,0.43469927310943601,0.44542580246925356,0,0
retention_expiry,3382,V32P-A026433,0,0.38367586731910708,0.39139977693557737,0,0
retention_expiry,3383,V32P-A026434,0,0.30123178362846376,0.30381184816360474,0,0
retention_expiry,3384,V32P-A026435,0,0.23462857902050019,0.23138816654682159,0,0
retention_expiry,3385,V32P-A026436,0,0.10578221231698989,0.096905852109193807,0,0
retention_expiry,3386,V32P-A026456,0,0.56653458476066587,0.61688392162323002,0,0
retention_expiry,3387,V32P-A026457,0,0.48392529487609864,0.54238373041152954,0,0
retention_expiry,3388,V32P-A026458,0,0.60425166487693782,0.64660586714744572,0,1
retention_expiry,3389,V32P-A026459,1,0.36314482092857359,0.41057969331741334,0,0
retention_expiry,3390,V32P-A026460,0,0.034760114550590512,0.031346508301794529,0,0
retention_expiry,3391,V32P-A026479,0,0.63224259614944456,0.6661829948425293,1,1
retention_expiry,3392,V32P-A026480,0,0.57714672088623042,0.61173889636993406,0,0
retention_expiry,3393,V32P-A026481,0,0.52737402319908144,0.55951653718948369,0,0
retention_expiry,3394,V32P-A026482,0,0.43057239055633545,0.45360953211784361,0,0
retention_expiry,3395,V32P-A026483,0,0.33527313768863676,0.34560496211051939,0,0
retention_expiry,3396,V32P-A026484,0,0.13872540295124053,0.12958685755729676,0,0
retention_expiry,3397,V32P-A026485,0,0.85131161212921147,0.86517736911773679,1,1
retention_expiry,3398,V32P-A026486,0,0.78537708520889282,0.79356180429458623,1,1
retention_expiry,3399,V32P-A026487,0,0.73284239768981929,0.74196686744689944,1,1
retention_expiry,3400,V32P-A026488,0,0.65068230628967283,0.66432597637176516,1,1
retention_expiry,3401,V32P-A026489,1,0.59500168561935429,0.60760060548782346,0,0
retention_expiry,3402,V32P-A026490,0,0.047159839794039725,0.039705366268754004,0,0
retention_expiry,3403,V32P-A026572,0,0.40039377808570864,0.41698559522628786,0,0
retention_expiry,3404,V32P-A026573,0,0.33034225404262541,0.34223204255104067,0,0
retention_expiry,3405,V32P-A026574,0,0.14660352468490601,0.14017898887395858,0,0
retention_expiry,3406,V32P-A026596,0,0.092248234897851944,0.086449374258518216,0,0
retention_expiry,3407,V32P-A026597,0,0.071771606430411333,0.066382270306348801,0,0
retention_expiry,3408,V32P-A026598,0,0.031729191169142724,0.028401327226310967,0,0
retention_expiry,3409,V32P-A026614,0,0.39364062547683715,0.44018646478652956,0,0
retention_expiry,3410,V32P-A026615,0,0.31308951377868655,0.3395776689052582,0,0
retention_expiry,3411,V32P-A026616,0,0.10422588139772415,0.099325084686279291,0,0
retention_expiry,3412,V32P-A026648,0,0.3873575687408447,0.46400751471519469,0,0
retention_expiry,3413,V32P-A026649,0,0.36007395386695862,0.427384090423584,0,0
retention_expiry,3414,V32P-A026650,0,0.29428620934486388,0.34414443373680115,0,0
retention_expiry,3415,V32P-A026651,0,0.22807809710502625,0.2634593337774277,0,0
retention_expiry,3416,V32P-A026652,0,0.098913168162107462,0.09792079553008079,0,0
retention_expiry,3417,V32P-A026701,0,0.60174024105072021,0.606373131275177,0,0
retention_expiry,3418,V32P-A026702,0,0.54057087302207951,0.53368892669677737,0,0
retention_expiry,3419,V32P-A026703,0,0.45567012429237364,0.45151031017303467,0,0
retention_expiry,3420,V32P-A026704,0,0.31210753619670867,0.30755319893360139,0,0
retention_expiry,3421,V32P-A026705,1,0.30238675773143769,0.28728224337100983,0,0
retention_expiry,3422,V32P-A026706,0,0.018461260292679072,0.015074485633522271,0,0
retention_expiry,3423,V32P-A026719,0,0.78516917228698735,0.80768927335739138,1,1
retention_expiry,3424,V32P-A026720,0,0.73638346195220949,0.76213965415954588,1,1
retention_expiry,3425,V32P-A026721,0,0.72125891447067259,0.75000630617141728,1,1
retention_expiry,3426,V32P-A026722,0,0.70506317615509029,0.73418475389480586,1,1
retention_expiry,3427,V32P-A026723,0,0.65383441448211665,0.68534704446792605,1,1
retention_expiry,3428,V32P-A026724,0,0.43307663202285768,0.44521415233612061,0,0
retention_expiry,3429,V32P-A026725,0,0.54962274432182312,0.60488018393516541,0,0
retention_expiry,3430,V32P-A026726,0,0.42731648683547974,0.48630940914154053,0,0
retention_expiry,3431,V32P-A026727,0,0.3685210645198822,0.41777161955833436,0,0
retention_expiry,3432,V32P-A026728,0,0.28893061578273771,0.32005827128887177,0,0
retention_expiry,3433,V32P-A026729,0,0.22395414710044861,0.24060457348823547,0,0
retention_expiry,3434,V32P-A026730,0,0.096420875191688543,0.091381713002920154,0,0
retention_expiry,3435,V32P-A026833,0,0.54172762036323552,0.60582067966461184,0,0
retention_expiry,3436,V32P-A026834,0,0.52629823684692378,0.58829828500747683,0,0
retention_expiry,3437,V32P-A026835,0,0.49910421967506408,0.55662798285484316,0,0
retention_expiry,3438,V32P-A026836,0,0.43434016704559325,0.48224231004714968,0,0
retention_expiry,3439,V32P-A026837,0,0.36947721242904663,0.4051064193248749,0,0
retention_expiry,3440,V32P-A026838,0,0.17667719423770906,0.17684259414672851,0,0
retention_expiry,3441,V32P-A026890,0,0.37788756489753722,0.38755127787590027,0,0
retention_expiry,3442,V32P-A026891,0,0.33077148199081419,0.33537706732749939,0,0
retention_expiry,3443,V32P-A026892,0,0.11872983127832412,0.11181150302290917,0,0
retention_expiry,3444,V32P-A026989,0,0.44453020691871642,0.48426377773284912,0,0
retention_expiry,3445,V32P-A026990,0,0.53656679987907407,0.56231706142425542,0,0
retention_expiry,3446,V32P-A026991,0,0.51839039325714109,0.54183671474456785,0,0
retention_expiry,3447,V32P-A026992,0,0.43987231254577636,0.45280405282974245,0,0
retention_expiry,3448,V32P-A026993,0,0.36815116405487058,0.36977909803390502,0,0
retention_expiry,3449,V32P-A026994,0,0.1927497535943985,0.17770968377590179,0,0
retention_expiry,3450,V32P-A027055,0,0.46105284690856935,0.50245430469512942,0,0
retention_expiry,3451,V32P-A027056,0,0.53337592482566831,0.56082051992416382,0,0
retention_expiry,3452,V32P-A027057,0,0.51652739048004148,0.53698601722717287,0,0
retention_expiry,3453,V32P-A027058,0,0.43225824236869814,0.44465800523757937,0,0
retention_expiry,3454,V32P-A027059,0,0.34672142267227174,0.34874244928359988,0,0
retention_expiry,3455,V32P-A027060,0,0.15386842787265778,0.14454880058765412,0,0
retention_expiry,3456,V32P-A027133,0,0.42351914644241334,0.48385977745056152,0,0
retention_expiry,3457,V32P-A027134,0,0.4311603307723999,0.477794474363327,0,0
retention_expiry,3458,V32P-A027135,0,0.39023709893226621,0.43625175356864931,0,0
retention_expiry,3459,V32P-A027136,0,0.30741669535636901,0.35141814053058623,0,0
retention_expiry,3460,V32P-A027137,0,0.23756576180458069,0.27153727114200593,0,0
retention_expiry,3461,V32P-A027138,0,0.097583653032779688,0.10013399124145508,0,0
retention_expiry,3462,V32P-A027172,0,0.35165856182575228,0.4005500555038452,0,0
retention_expiry,3463,V32P-A027173,0,0.24212242960929869,0.27819968461990358,0,0
retention_expiry,3464,V32P-A027174,0,0.14280514568090438,0.14622473567724228,0,0
retention_expiry,3465,V32P-A027193,0,0.61215555667877197,0.67723610401153567,0,1
retention_expiry,3466,V32P-A027194,0,0.49832877516746521,0.57523994445800786,0,0
retention_expiry,3467,V32P-A027195,0,0.45684841275215149,0.53148170709609988,0,0
retention_expiry,3468,V32P-A027196,0,0.36952385902404783,0.4259050965309143,0,0
retention_expiry,3469,V32P-A027197,0,0.28997645974159242,0.32001674771308897,0,0
retention_expiry,3470,V32P-A027198,0,0.11906469911336899,0.11659577041864395,0,0
retention_expiry,3471,V32P-A027220,0,0.46294663548469545,0.45145806074142458,0,0
retention_expiry,3472,V32P-A027221,0,0.33788366317749025,0.33214605152606963,0,0
retention_expiry,3473,V32P-A027222,0,0.13336271792650223,0.12459887564182281,0,0
retention_expiry,3474,V32P-A027235,0,0.69254453182220455,0.72524920701980589,1,1
retention_expiry,3475,V32P-A027236,0,0.60511587858200078,0.64086573123931889,0,1
retention_expiry,3476,V32P-A027237,0,0.55573168396949768,0.58873273134231563,0,0
retention_expiry,3477,V32P-A027238,0,0.47203493714332578,0.50467791557312014,0,0
retention_expiry,3478,V32P-A027239,0,0.42494451403617861,0.45547723174095156,0,0
retention_expiry,3479,V32P-A027240,0,0.16299763023853303,0.16200223714113235,0,0
retention_expiry,3480,V32P-A027280,0,0.28869410157203673,0.31268038451671598,0,0
retention_expiry,3481,V32P-A027281,0,0.22853493243455886,0.24535442590713502,0,0
retention_expiry,3482,V32P-A027282,0,0.10785697996616364,0.1049176961183548,0,0
retention_expiry,3483,V32P-A027337,1,0.80430297851562504,0.81912406682968142,1,1
retention_expiry,3484,V32P-A027338,1,0.68932495117187498,0.70273371934890749,1,1
retention_expiry,3485,V32P-A027339,0,0.18029296398162842,0.16559187918901444,0,0
retention_expiry,3486,V32P-A027340,0,0.13105661273002625,0.11910148486495017,0,0
retention_expiry,3487,V32P-A027341,0,0.15011977627873421,0.13519447743892671,0,0
retention_expiry,3488,V32P-A027342,0,0.047246946208179,0.041814245656132697,0,0
retention_expiry,3489,V32P-A027379,0,0.62099663019180296,0.65190275907516482,1,1
retention_expiry,3490,V32P-A027380,0,0.66707423925399778,0.68903454542160036,1,1
retention_expiry,3491,V32P-A027381,0,0.68683167695999148,0.70184763669967654,1,1
retention_expiry,3492,V32P-A027382,0,0.6881613492965698,0.69506872892379756,1,1
retention_expiry,3493,V32P-A027383,1,0.51352095007896426,0.51367419362068178,0,0
retention_expiry,3494,V32P-A027384,0,0.028996396437287332,0.024120142031461001,0,0
retention_expiry,3495,V32P-A027427,1,0.65397293567657466,0.69464944601058964,1,1
retention_expiry,3496,V32P-A027428,1,0.66484342813491826,0.69584861993789671,1,1
retention_expiry,3497,V32P-A027429,1,0.58103864192962651,0.60487488508224485,0,0
retention_expiry,3498,V32P-A027430,0,0.07535936832427978,0.06579182371497154,0,0
retention_expiry,3499,V32P-A027431,0,0.053347983956336976,0.045747137442231176,0,0
retention_expiry,3500,V32P-A027432,0,0.021292522363364697,0.017373185977339743,0,0
retention_expiry,3501,V32P-A027484,0,0.48440995216369631,0.52626202106475828,0,0
retention_expiry,3502,V32P-A027485,1,0.38999343514442442,0.42095389366149905,0,0
retention_expiry,3503,V32P-A027486,0,0.029867910966277122,0.024379730783402921,0,0
retention_expiry,3504,V32P-A027514,0,0.43738622069358823,0.46073732972145082,0,0
retention_expiry,3505,V32P-A027515,0,0.39467068910598757,0.40899711251258852,0,0
retention_expiry,3506,V32P-A027516,0,0.18813574314117432,0.1800824910402298,0,0
retention_expiry,3507,V32P-A027541,0,0.55594244003295901,0.57747783660888674,0,0
retention_expiry,3508,V32P-A027542,0,0.49430544376373292,0.52427954673767085,0,0
retention_expiry,3509,V32P-A027543,0,0.56355969309806819,0.57791379690170286,0,0
retention_expiry,3510,V32P-A027544,0,0.48286482095718386,0.49459161162376403,0,0
retention_expiry,3511,V32P-A027545,0,0.38297628164291381,0.38808841705322267,0,0
retention_expiry,3512,V32P-A027546,0,0.16651988476514817,0.15613496005535127,0,0
retention_expiry,3513,V32P-A027595,0,0.81394746303558352,0.83114364147186282,1,1
retention_expiry,3514,V32P-A027596,0,0.7397033214569092,0.75274116992950435,1,1
retention_expiry,3515,V32P-A027597,0,0.67589297294616701,0.6976081967353821,1,1
retention_expiry,3516,V32P-A027598,0,0.63797821998596194,0.65691622495651247,1,1
retention_expiry,3517,V32P-A027599,0,0.55294321179389949,0.56622588038444521,0,0
retention_expiry,3518,V32P-A027600,0,0.040127887949347497,0.034484848007559778,0,0
retention_expiry,3519,V32P-A027757,0,0.74612854719161992,0.77018063068389897,1,1
retention_expiry,3520,V32P-A027758,0,0.44200357198715212,0.51127638816833498,0,0
retention_expiry,3521,V32P-A027759,0,0.47810783982276917,0.52078243494033816,0,0
retention_expiry,3522,V32P-A027760,0,0.37097219824790956,0.41103375554084776,0,0
retention_expiry,3523,V32P-A027761,0,0.28998967409133913,0.3214858055114746,0,0
retention_expiry,3524,V32P-A027762,0,0.12105258703231811,0.12207654714584351,0,0
retention_expiry,3525,V32P-A027784,0,0.062928442656993863,0.054020395129919054,0,0
retention_expiry,3526,V32P-A027785,0,0.048680607974529264,0.041579702496528627,0,0
retention_expiry,3527,V32P-A027786,0,0.023708040453493597,0.019666065648198127,0,0
retention_expiry,3528,V32P-A027811,0,0.79391897916793819,0.81217931509017949,1,1
retention_expiry,3529,V32P-A027812,0,0.72598378658294682,0.74212352037429807,1,1
retention_expiry,3530,V32P-A027813,0,0.66161786317825322,0.67948834896087651,1,1
retention_expiry,3531,V32P-A027814,0,0.53850234746932979,0.55964927077293392,0,0
retention_expiry,3532,V32P-A027815,0,0.44660769701004027,0.46606859564781189,0,0
retention_expiry,3533,V32P-A027816,0,0.19606370627880096,0.19059947580099107,0,0
retention_expiry,3534,V32P-A027829,1,0.69907550811767583,0.73384287357330324,1,1
retention_expiry,3535,V32P-A027830,1,0.56784192919731136,0.60857138633728025,0,0
retention_expiry,3536,V32P-A027831,1,0.5347744286060333,0.56545882225036626,0,0
retention_expiry,3537,V32P-A027832,0,0.088793323934078211,0.079674302041530615,0,0
retention_expiry,3538,V32P-A027833,0,0.064628454297780996,0.057558917254209516,0,0
retention_expiry,3539,V32P-A027834,0,0.027073878608644009,0.023635969683527946,0,0
retention_expiry,3540,V32P-A027841,0,0.54194037914276127,0.58884011507034306,0,0
retention_expiry,3541,V32P-A027842,0,0.4898992359638214,0.53932499885559082,0,0
retention_expiry,3542,V32P-A027843,0,0.46731510758399963,0.51263918876647951,0,0
retention_expiry,3543,V32P-A027844,0,0.38552975058555605,0.42551786899566652,0,0
retention_expiry,3544,V32P-A027845,0,0.30716522932052615,0.33600894212722776,0,0
retention_expiry,3545,V32P-A027846,0,0.1374494343996048,0.13547253757715225,0,0
retention_expiry,3546,V32P-A027889,0,0.83201705217361455,0.86833401918411257,1,1
retention_expiry,3547,V32P-A027890,0,0.70437885522842403,0.76695556640624996,1,1
retention_expiry,3548,V32P-A027891,0,0.846634304523468,0.87753697633743288,1,1
retention_expiry,3549,V32P-A027892,1,0.66044446229934695,0.72302896976470943,1,1
retention_expiry,3550,V32P-A027893,0,0.15052707046270369,0.14694622978568078,0,0
retention_expiry,3551,V32P-A027894,0,0.070021492429077625,0.0624970143660903,0,0
retention_expiry,3552,V32P-A027928,0,0.32794957756996157,0.39356316924095153,0,0
retention_expiry,3553,V32P-A027929,0,0.26324346661567688,0.32260043323040011,0,0
retention_expiry,3554,V32P-A027930,0,0.12004385292530059,0.13921346515417099,0,0
retention_expiry,3555,V32P-A027943,0,0.84266173839569092,0.86389576196670537,1,1
retention_expiry,3556,V32P-A027944,0,0.70159001350402828,0.7325036287307739,1,1
retention_expiry,3557,V32P-A027945,0,0.62653914690017698,0.65899535417556765,1,1
retention_expiry,3558,V32P-A027946,0,0.60828881263732915,0.64162838459014893,0,1
retention_expiry,3559,V32P-A027947,0,0.61547580361366272,0.64688052535057072,0,1
retention_expiry,3560,V32P-A027948,0,0.33709211051464083,0.33192605376243589,0,0
retention_expiry,3561,V32P-A027964,0,0.58814381361007695,0.64204994440078733,0,1
retention_expiry,3562,V32P-A027965,0,0.43569135069847109,0.48439043760299683,0,0
retention_expiry,3563,V32P-A027966,0,0.18673440217971801,0.19057390987873077,0,0
retention_expiry,3564,V32P-A027973,0,0.50339007973670957,0.5536570608615875,0,0
retention_expiry,3565,V32P-A027974,0,0.40616731047630311,0.46210885047912598,0,0
retention_expiry,3566,V32P-A027975,0,0.37550475597381594,0.4230880320072174,0,0
retention_expiry,3567,V32P-A027976,0,0.33199702501296996,0.36520549654960632,0,0
retention_expiry,3568,V32P-A027977,0,0.26301465332508089,0.28277298212051394,0,0
retention_expiry,3569,V32P-A027978,0,0.11698640435934067,0.11291690766811371,0,0
retention_expiry,3570,V32P-A027985,0,0.67403571605682377,0.70874603986740115,1,1
retention_expiry,3571,V32P-A027986,0,0.58199726343154912,0.61474254131317141,0,0
retention_expiry,3572,V32P-A027987,0,0.5295742273330688,0.55094563961029053,0,0
retention_expiry,3573,V32P-A027988,0,0.43461310863494873,0.44278513789176943,0,0
retention_expiry,3574,V32P-A027989,0,0.33684065937995911,0.33410148024559022,0,0
retention_expiry,3575,V32P-A027990,0,0.13778952211141587,0.11863439828157425,0,0
retention_expiry,3576,V32P-A027997,0,0.79219977855682377,0.81248738765716555,1,1
retention_expiry,3577,V32P-A027998,0,0.70867087841033938,0.72708551883697514,1,1
retention_expiry,3578,V32P-A027999,0,0.77083005905151369,0.78654605150222778,1,1
retention_expiry,3579,V32P-A028000,0,0.67532080411911011,0.68249281644821169,1,1
retention_expiry,3580,V32P-A028001,1,0.58290974497795101,0.59131146073341367,0,0
retention_expiry,3581,V32P-A028002,0,0.044735971093177798,0.038607994467020033,0,0
retention_expiry,3582,V32P-A028010,0,0.43673198819160464,0.4740300178527832,0,0
retention_expiry,3583,V32P-A028011,0,0.36430922150611877,0.3937562108039856,0,0
retention_expiry,3584,V32P-A028012,0,0.28654865920543671,0.2977166622877121,0,0
retention_expiry,3585,V32P-A028013,0,0.21023531258106232,0.20916830301284789,0,0
retention_expiry,3586,V32P-A028014,0,0.087225618958473208,0.081878416240215302,0,0
retention_expiry,3587,V32P-A028030,0,0.44742850661277772,0.48784428238868716,0,0
retention_expiry,3588,V32P-A028031,0,0.37140662670135499,0.40043249726295471,0,0
retention_expiry,3589,V32P-A028032,0,0.19424953311681747,0.19440293163061143,0,0
retention_expiry,3590,V32P-A028033,0,0.34781503081321719,0.38121465444564817,0,0
retention_expiry,3591,V32P-A028034,0,0.37567438483238219,0.39760305881500246,0,0
retention_expiry,3592,V32P-A028035,0,0.36216109693050386,0.38094745278358461,0,0
retention_expiry,3593,V32P-A028036,0,0.34881202578544618,0.36194376051425936,0,0
retention_expiry,3594,V32P-A028037,0,0.26442008912563325,0.27005238234996798,0,0
retention_expiry,3595,V32P-A028038,0,0.11712954938411713,0.10975974351167679,0,0
retention_expiry,3596,V32P-A028106,0,0.56345080137252812,0.61149245500564575,0,0
retention_expiry,3597,V32P-A028107,0,0.56888279914855955,0.59165358543395996,0,0
retention_expiry,3598,V32P-A028108,0,0.48167856931686404,0.50121541619300847,0,0
retention_expiry,3599,V32P-A028109,0,0.39517039656639097,0.40702773928642272,0,0
retention_expiry,3600,V32P-A028110,0,0.21112462133169174,0.20512860417366027,0,0
retention_expiry,3601,V32P-A028117,0,0.69428244829177854,0.72443649768829343,1,1
retention_expiry,3602,V32P-A028118,0,0.58544564247131348,0.63453726768493657,0,1
retention_expiry,3603,V32P-A028119,0,0.58025898933410647,0.62029020786285405,0,1
retention_expiry,3604,V32P-A028120,0,0.58556941747665403,0.61916459798812862,0,0
retention_expiry,3605,V32P-A028121,0,0.53039857745170593,0.55749023556709287,0,0
retention_expiry,3606,V32P-A028122,0,0.26999445259571075,0.26909471154212949,0,0
retention_expiry,3607,V32P-A028195,0,0.44534375667572024,0.50031045079231262,0,0
retention_expiry,3608,V32P-A028196,0,0.62024911642074587,0.65769633054733279,1,1
retention_expiry,3609,V32P-A028197,0,0.68201112747192383,0.71122477054595945,1,1
retention_expiry,3610,V32P-A028198,0,0.41680913567543032,0.45137624740600585,0,0
retention_expiry,3611,V32P-A028199,0,0.58520830273628233,0.61559770107269285,0,0
retention_expiry,3612,V32P-A028200,0,0.020143379643559455,0.0171613612677902,0,0
retention_expiry,3613,V32P-A028221,0,0.10221324861049652,0.089159126579761508,0,0
retention_expiry,3614,V32P-A028222,0,0.090069089084863663,0.075840715318918228,0,0
retention_expiry,3615,V32P-A028223,0,0.068290821462869647,0.055828718096017839,0,0
retention_expiry,3616,V32P-A028224,0,0.030598862655460836,0.024313804320991041,0,0
retention_expiry,3617,V32P-A028234,0,0.095497303083539015,0.088474817946553236,0,0
retention_expiry,3618,V32P-A028235,0,0.068579978682100778,0.061549742706120014,0,0
retention_expiry,3619,V32P-A028236,0,0.03137929681688547,0.026925438363105059,0,0
retention_expiry,3620,V32P-A028243,0,0.5889514684677124,0.64034664630889893,0,1
retention_expiry,3621,V32P-A028244,0,0.52370502352714543,0.57006218433380129,0,0
retention_expiry,3622,V32P-A028245,0,0.48420954346656797,0.52085959911346436,0,0
retention_expiry,3623,V32P-A028246,0,0.38113006353378298,0.40863682031631471,0,0
retention_expiry,3624,V32P-A028247,0,0.30013395845890045,0.3163481205701828,0,0
retention_expiry,3625,V32P-A028248,0,0.12392065078020095,0.11928161978721619,0,0
retention_expiry,3626,V32P-A028276,0,0.48540102839469912,0.52704690694808964,0,0
retention_expiry,3627,V32P-A028277,0,0.40196956396102906,0.43301008939743041,0,0
retention_expiry,3628,V32P-A028278,0,0.1956626832485199,0.19718630313873292,0,0
retention_expiry,3629,V32P-A028291,0,0.66747379302978516,0.68381533622741697,1,1
retention_expiry,3630,V32P-A028292,0,0.57457216382026677,0.61545615196228032,0,0
retention_expiry,3631,V32P-A028293,0,0.6749250173568726,0.69142180681228638,1,1
retention_expiry,3632,V32P-A028294,0,0.44593812227249147,0.47400026917457583,0,0
retention_expiry,3633,V32P-A028295,0,0.39317777752876282,0.41500750780105589,0,0
retention_expiry,3634,V32P-A028296,0,0.22144823670387268,0.21887293159961702,0,0
retention_expiry,3635,V32P-A028306,0,0.06485262736678124,0.058709348738193515,0,0
retention_expiry,3636,V32P-A028307,0,0.044876449555158612,0.040043317154049872,0,0
retention_expiry,3637,V32P-A028308,0,0.020236482564359903,0.017312149424105881,0,0
retention_expiry,3638,V32P-A028335,0,0.42097401320934297,0.42933599650859833,0,0
retention_expiry,3639,V32P-A028336,0,0.35224198102951049,0.35555328726768493,0,0
retention_expiry,3640,V32P-A028337,0,0.27596254050731661,0.27115176916122435,0,0
retention_expiry,3641,V32P-A028338,0,0.028059797221794726,0.023340649204328656,0,0
retention_expiry,3642,V32P-A028381,0,0.53720110654830933,0.5839963912963867,0,0
retention_expiry,3643,V32P-A028382,0,0.47056483030319213,0.50604649782180788,0,0
retention_expiry,3644,V32P-A028383,0,0.4331668198108673,0.46057387590408327,0,0
retention_expiry,3645,V32P-A028384,0,0.32730528116226199,0.34063904881477358,0,0
retention_expiry,3646,V32P-A028385,0,0.26288369894027708,0.26758797764778136,0,0
retention_expiry,3647,V32P-A028386,0,0.10689065605401993,0.10187509506940842,0,0
retention_expiry,3648,V32P-A028411,0,0.72338413000106816,0.74086582660675049,1,1
retention_expiry,3649,V32P-A028412,0,0.64213018417358403,0.66640952825546262,1,1
retention_expiry,3650,V32P-A028413,0,0.5823920845985413,0.61473163366317751,0,0
retention_expiry,3651,V32P-A028414,0,0.50631701350212099,0.54414765834808354,0,0
retention_expiry,3652,V32P-A028415,0,0.46843073964118959,0.50823138952255253,0,0
retention_expiry,3653,V32P-A028416,0,0.19065455496311187,0.19657422900199889,0,0
retention_expiry,3654,V32P-A028424,1,0.54425599575042727,0.59266704320907593,0,0
retention_expiry,3655,V32P-A028425,1,0.66864241361618038,0.69987850189208989,1,1
retention_expiry,3656,V32P-A028426,0,0.10271649360656739,0.091916434466838837,0,0
retention_expiry,3657,V32P-A028427,0,0.072795920073986053,0.06484872214496136,0,0
retention_expiry,3658,V32P-A028428,0,0.029670860804617404,0.025864107720553874,0,0
retention_expiry,3659,V32P-A028441,0,0.54246063232421871,0.59190199971199031,0,0
retention_expiry,3660,V32P-A028442,0,0.58792239427566528,0.62316902875900271,0,1
retention_expiry,3661,V32P-A028443,0,0.6817338347434998,0.69798386096954346,1,1
retention_expiry,3662,V32P-A028444,0,0.62910195589065554,0.64399176836013794,1,1
retention_expiry,3663,V32P-A028445,0,0.56167778372764587,0.57421697974205022,0,0
retention_expiry,3664,V32P-A028446,0,0.042167513445019719,0.036221287399530414,0,0
retention_expiry,3665,V32P-A028525,0,0.80598257780075078,0.82548214197158809,1,1
retention_expiry,3666,V32P-A028526,0,0.6888841986656189,0.7164923310279846,1,1
retention_expiry,3667,V32P-A028527,0,0.66059679985046382,0.68890614509582515,1,1
retention_expiry,3668,V32P-A028528,0,0.75587098598480229,0.77499616146087646,1,1
retention_expiry,3669,V32P-A028529,1,0.71039936542510984,0.72314813137054446,1,1
retention_expiry,3670,V32P-A028530,0,0.074939154088497162,0.064369449391961098,0,0
retention_expiry,3671,V32P-A028552,0,0.31423931717872622,0.36371639370918274,0,0
retention_expiry,3672,V32P-A028553,0,0.24293076097965241,0.27534554898738861,0,0
retention_expiry,3673,V32P-A028554,0,0.11203298866748809,0.11155447363853455,0,0
retention_expiry,3674,V32P-A028573,1,0.70392990112304688,0.73993139266967778,1,1
retention_expiry,3675,V32P-A028574,1,0.68445837497711182,0.71577879190444949,1,1
retention_expiry,3676,V32P-A028575,1,0.67815605401992796,0.70484322309494019,1,1
retention_expiry,3677,V32P-A028576,0,0.13017309457063675,0.11303361803293228,0,0
retention_expiry,3678,V32P-A028577,0,0.096261978894472119,0.082626242563128477,0,0
retention_expiry,3679,V32P-A028578,0,0.041741344518959521,0.034756985865533351,0,0
retention_expiry,3680,V32P-A028633,0,0.59221509695053098,0.63079117536544804,0,1
retention_expiry,3681,V32P-A028634,0,0.46896386742591856,0.51716006994247432,0,0
retention_expiry,3682,V32P-A028635,0,0.49813423156738279,0.55110144019126894,0,0
retention_expiry,3683,V32P-A028636,0,0.39755851030349731,0.4380349278450012,0,0
retention_expiry,3684,V32P-A028637,1,0.3175651878118515,0.34946233630180357,0,0
retention_expiry,3685,V32P-A028638,0,0.025517390854656697,0.022395234182476999,0,0
retention_expiry,3686,V32P-A028657,0,0.29592857360839842,0.32847809791564941,0,0
retention_expiry,3687,V32P-A028658,0,0.32441607713699339,0.35856375098228455,0,0
retention_expiry,3688,V32P-A028659,0,0.28010171055793764,0.30164318382740019,0,0
retention_expiry,3689,V32P-A028660,0,0.24003247916698456,0.25554547905921937,0,0
retention_expiry,3690,V32P-A028661,0,0.17828685343265532,0.18065401017665864,0,0
retention_expiry,3691,V32P-A028662,0,0.087691529095172888,0.082342755049467087,0,0
retention_expiry,3692,V32P-A028741,0,0.57476661205291746,0.62021534442901616,0,1
retention_expiry,3693,V32P-A028742,0,0.59614425897598267,0.64162007570266721,0,1
retention_expiry,3694,V32P-A028743,0,0.53969695568084719,0.58331485986709597,0,0
retention_expiry,3695,V32P-A028744,0,0.45621319413185119,0.48784255385398867,0,0
retention_expiry,3696,V32P-A028745,0,0.39530654847621916,0.41436642408370972,0,0
retention_expiry,3697,V32P-A028746,0,0.23008081465959548,0.22598573118448256,0,0
retention_expiry,3698,V32P-A028747,0,0.59774742126464842,0.66256544589996336,0,1
retention_expiry,3699,V32P-A028748,0,0.53428683280944822,0.60214610099792476,0,0
retention_expiry,3700,V32P-A028749,0,0.56741497516632078,0.62028846740722654,0,1
retention_expiry,3701,V32P-A028750,0,0.56414010524749758,0.60530953407287602,0,0
retention_expiry,3702,V32P-A028751,0,0.49891706705093386,0.54148787856101988,0,0
retention_expiry,3703,V32P-A028752,0,0.2854077607393265,0.30631477534770968,0,0
retention_expiry,3704,V32P-A028792,0,0.50457152128219607,0.55098160505294802,0,0
retention_expiry,3705,V32P-A028793,0,0.42986766695976258,0.46215087175369263,0,0
retention_expiry,3706,V32P-A028794,0,0.2594269126653671,0.26148141026496885,0,0
retention_expiry,3707,V32P-A028837,1,0.64224480986595156,0.67758893370628359,1,1
retention_expiry,3708,V32P-A028838,1,0.65078645348548891,0.67940188050270078,1,1
retention_expiry,3709,V32P-A028839,1,0.75559648275375368,0.77110506296157832,1,1
retention_expiry,3710,V32P-A028840,0,0.22002166211605073,0.18868591040372848,0,0
retention_expiry,3711,V32P-A028841,0,0.17056097090244293,0.14399618804454803,0,0
retention_expiry,3712,V32P-A028842,0,0.076409392803907392,0.062569006718695169,0,0
retention_expiry,3713,V32P-A028846,0,0.35717669129371643,0.40310545563697814,0,0
retention_expiry,3714,V32P-A028847,0,0.29266337156295774,0.317721489071846,0,0
retention_expiry,3715,V32P-A028848,0,0.13886723220348357,0.13933780044317245,0,0
retention_expiry,3716,V32P-A028873,0,0.82078430652618406,0.84895724058151245,1,1
retention_expiry,3717,V32P-A028874,0,0.6957110524177551,0.72990373373031614,1,1
retention_expiry,3718,V32P-A028875,0,0.59713813066482546,0.63565818071365354,0,1
retention_expiry,3719,V32P-A028876,0,0.55928188562393188,0.60258644819259644,0,0
retention_expiry,3720,V32P-A028877,0,0.52790527343750004,0.57227569818496704,0,0
retention_expiry,3721,V32P-A028878,0,0.30390066504478452,0.30978897213935852,0,0
retention_expiry,3722,V32P-A028893,0,0.59963496923446657,0.6223236203193665,0,1
retention_expiry,3723,V32P-A028894,0,0.53060504794120789,0.54488604068756108,0,0
retention_expiry,3724,V32P-A028895,1,0.44409607052803041,0.44681224226951599,0,0
retention_expiry,3725,V32P-A028896,0,0.033969772234559062,0.029310203436762095,0,0
retention_expiry,3726,V32P-A028981,0,0.54906570315361025,0.59778441786766057,0,0
retention_expiry,3727,V32P-A028982,0,0.53685089349746706,0.57518872022628786,0,0
retention_expiry,3728,V32P-A028983,0,0.52770165801048274,0.55502038002014165,0,0
retention_expiry,3729,V32P-A028984,0,0.60029439926147465,0.60869925022125249,0,0
retention_expiry,3730,V32P-A028985,0,0.35960288047790528,0.37513704299926759,0,0
retention_expiry,3731,V32P-A028986,0,0.024825785495340823,0.021110625751316548,0,0
retention_expiry,3732,V32P-A028993,1,0.53706774711608884,0.62552272677421572,0,1
retention_expiry,3733,V32P-A028994,1,0.52935268282890324,0.60509888529777522,0,0
retention_expiry,3734,V32P-A028995,1,0.47844159007072451,0.54208593964576723,0,0
retention_expiry,3735,V32P-A028996,0,0.099844523146748548,0.089778707548975947,0,0
retention_expiry,3736,V32P-A028997,0,0.071437373757362366,0.062672039866447454,0,0
retention_expiry,3737,V32P-A028998,0,0.030978460423648359,0.026190933305770159,0,0
retention_expiry,3738,V32P-A029032,0,0.3005324423313141,0.36487126946449278,0,0
retention_expiry,3739,V32P-A029033,0,0.22421066462993622,0.26638886034488679,0,0
retention_expiry,3740,V32P-A029034,0,0.10759838819503784,0.11000282913446427,0,0
retention_expiry,3741,V32P-A029047,0,0.45423170924186707,0.47137244343757628,0,0
retention_expiry,3742,V32P-A029048,0,0.5243988454341888,0.5367981493473053,0,0
retention_expiry,3743,V32P-A029049,0,0.51965848803520198,0.52604604363441465,0,0
retention_expiry,3744,V32P-A029050,0,0.47558800578117372,0.47399116754531861,0,0
retention_expiry,3745,V32P-A029051,0,0.41118434071540833,0.40378375649452208,0,0
retention_expiry,3746,V32P-A029052,0,0.21570809334516525,0.19582974761724473,0,0
retention_expiry,3747,V32P-A029073,0,0.36319953203201294,0.41250159144401549,0,0
retention_expiry,3748,V32P-A029074,0,0.31025738418102267,0.34569428563117982,0,0
retention_expiry,3749,V32P-A029075,0,0.24155775308609009,0.25887872278690338,0,0
retention_expiry,3750,V32P-A029076,0,0.10579416006803513,0.10396619141101837,0,0
retention_expiry,3751,V32P-A029101,0,0.52676120400428772,0.57002574801445005,0,0
retention_expiry,3752,V32P-A029102,0,0.53095946311950681,0.56683030128479006,0,0
retention_expiry,3753,V32P-A029103,0,0.49505923986434935,0.52616571187973027,0,0
retention_expiry,3754,V32P-A029104,0,0.43513917922973633,0.45578079223632811,0,0
retention_expiry,3755,V32P-A029105,0,0.42338746190071108,0.43612253069877627,0,0
retention_expiry,3756,V32P-A029106,0,0.028946378640830515,0.024452514294534922,0,0
retention_expiry,3757,V32P-A029119,0,0.60248346328735347,0.63726832866668703,0,1
retention_expiry,3758,V32P-A029120,0,0.6233176589012146,0.64849520921707149,1,1
retention_expiry,3759,V32P-A029121,0,0.58118194341659546,0.60314341783523562,0,0
retention_expiry,3760,V32P-A029122,0,0.50998938083648682,0.51925644874572752,0,0
retention_expiry,3761,V32P-A029123,0,0.4032023549079895,0.40615283846855166,0,0
retention_expiry,3762,V32P-A029124,0,0.16753734946250914,0.15551128536462783,0,0
retention_expiry,3763,V32P-A029131,0,0.40032838582992553,0.44593482017517089,0,0
retention_expiry,3764,V32P-A029132,0,0.51507629752159123,0.5574182331562042,0,0
retention_expiry,3765,V32P-A029133,0,0.47913571000099181,0.51766996979713442,0,0
retention_expiry,3766,V32P-A029134,0,0.41690181493759154,0.45065597891807557,0,0
retention_expiry,3767,V32P-A029135,0,0.33204671740531921,0.35476469695568086,0,0
retention_expiry,3768,V32P-A029136,0,0.021718791313469411,0.017901260871440172,0,0
retention_expiry,3769,V32P-A029168,0,0.63909684419631962,0.6835806250572205,1,1
retention_expiry,3770,V32P-A029169,0,0.59409016370773315,0.63532863855361943,0,1
retention_expiry,3771,V32P-A029170,0,0.5318651676177979,0.56970636248588558,0,0
retention_expiry,3772,V32P-A029171,0,0.45195449590682985,0.4792889177799225,0,0
retention_expiry,3773,V32P-A029172,0,0.26853678822517396,0.26712843179702761,0,0
retention_expiry,3774,V32P-A029179,0,0.56973146200180058,0.63407474756240845,0,1
retention_expiry,3775,V32P-A029180,0,0.5567333996295929,0.61804363727569578,0,0
retention_expiry,3776,V32P-A029181,0,0.53516804575920107,0.59632139205932622,0,0
retention_expiry,3777,V32P-A029182,0,0.50157005190849302,0.55279492139816289,0,0
retention_expiry,3778,V32P-A029183,0,0.35951079726219176,0.39252095818519595,0,0
retention_expiry,3779,V32P-A029184,0,0.1558144509792328,0.15299999266862868,0,0
retention_expiry,3780,V32P-A029191,0,0.4813129663467407,0.53441223502159119,0,0
retention_expiry,3781,V32P-A029192,0,0.51263035535812373,0.5511330723762512,0,0
retention_expiry,3782,V32P-A029193,0,0.41411463022232053,0.44434186816215515,0,0
retention_expiry,3783,V32P-A029194,1,0.3000424265861511,0.31600407958030702,0,0
retention_expiry,3784,V32P-A029195,0,0.03814023248851299,0.034041736647486685,0,0
retention_expiry,3785,V32P-A029196,0,0.016241654381155969,0.014195553865283728,0,0
retention_expiry,3786,V32P-A029197,0,0.73191753625869749,0.74221389293670659,1,1
retention_expiry,3787,V32P-A029198,0,0.59844089746475215,0.62065708637237549,0,1
retention_expiry,3788,V32P-A029199,0,0.67379627227783201,0.67868421077728269,1,1
retention_expiry,3789,V32P-A029200,0,0.6778380274772644,0.67693406343460083,1,1
retention_expiry,3790,V32P-A029201,0,0.64075152873992924,0.63822155594825747,1,1
retention_expiry,3791,V32P-A029202,0,0.36905577182769778,0.34482291042804719,0,0
retention_expiry,3792,V32P-A029215,0,0.51504962444305424,0.59440627694129944,0,0
retention_expiry,3793,V32P-A029216,0,0.46678147912025453,0.5476180493831635,0,0
retention_expiry,3794,V32P-A029217,0,0.45500825047492982,0.52622308135032658,0,0
retention_expiry,3795,V32P-A029218,0,0.45315598249435424,0.50910114049911503,0,0
retention_expiry,3796,V32P-A029219,1,0.38245587348937987,0.43822880983352663,0,0
retention_expiry,3797,V32P-A029220,0,0.032136623002588752,0.028928611241281033,0,0
retention_expiry,3798,V32P-A029222,0,0.48787729144096376,0.53683431148529048,0,0
retention_expiry,3799,V32P-A029223,0,0.41687984466552735,0.46818999648094178,0,0
retention_expiry,3800,V32P-A029224,0,0.34117434322834017,0.38455646336078642,0,0
retention_expiry,3801,V32P-A029225,0,0.32125202119350432,0.358767905831337,0,0
retention_expiry,3802,V32P-A029226,0,0.12367321625351906,0.11986357048153877,0,0
retention_expiry,3803,V32P-A029245,0,0.6981512665748596,0.71814064979553227,1,1
retention_expiry,3804,V32P-A029246,0,0.66960582733154295,0.6901477575302124,1,1
retention_expiry,3805,V32P-A029247,0,0.65763584375381468,0.67515600919723506,1,1
retention_expiry,3806,V32P-A029248,0,0.61937177181243896,0.63266897201538086,0,1
retention_expiry,3807,V32P-A029249,0,0.55809536576271057,0.56540449857711794,0,0
retention_expiry,3808,V32P-A029250,0,0.30191758573055266,0.28590172231197358,0,0
retention_expiry,3809,V32P-A029271,0,0.4694041132926941,0.51132434606552124,0,0
retention_expiry,3810,V32P-A029272,0,0.53752074837684627,0.56651102900505068,0,0
retention_expiry,3811,V32P-A029273,0,0.39381995201110842,0.41198077797889709,0,0
retention_expiry,3812,V32P-A029274,0,0.17766710221767426,0.17634841650724412,0,0
retention_expiry,3813,V32P-A029293,0,0.5900525569915771,0.63666950464248662,0,1
retention_expiry,3814,V32P-A029294,0,0.40555992722511292,0.46317462921142577,0,0
retention_expiry,3815,V32P-A029295,0,0.45143412351608275,0.51174567937850957,0,0
retention_expiry,3816,V32P-A029296,0,0.4366848409175873,0.49251804947853089,0,0
retention_expiry,3817,V32P-A029297,1,0.33612374365329745,0.37860638499259947,0,0
retention_expiry,3818,V32P-A029298,0,0.026666959468275308,0.022753197606652974,0,0
retention_expiry,3819,V32P-A029398,0,0.54387673735618591,0.57007916569709782,0,0
retention_expiry,3820,V32P-A029399,0,0.4334368109703064,0.46548036336898801,0,0
retention_expiry,3821,V32P-A029400,0,0.20447940975427628,0.21009653210639953,0,0
retention_expiry,3822,V32P-A029431,0,0.29002062082290647,0.36190503835678101,0,0
retention_expiry,3823,V32P-A029432,0,0.35769675374031068,0.42740098237991331,0,0
retention_expiry,3824,V32P-A029433,0,0.35135086178779601,0.41059097051620486,0,0
retention_expiry,3825,V32P-A029434,0,0.28775961697101593,0.33250724673271181,0,0
retention_expiry,3826,V32P-A029435,0,0.2257269024848938,0.25962987244129182,0,0
retention_expiry,3827,V32P-A029436,0,0.017158441804349424,0.015086825657635927,0,0
retention_expiry,3828,V32P-A029476,0,0.36984831094741821,0.39357468485832214,0,0
retention_expiry,3829,V32P-A029477,0,0.3344242751598358,0.34853325188159945,0,0
retention_expiry,3830,V32P-A029478,0,0.1727424904704094,0.16840699464082717,0,0
retention_expiry,3831,V32P-A029527,0,0.63110987544059749,0.6674496710300446,1,1
retention_expiry,3832,V32P-A029528,0,0.50660530924797054,0.55557433962821956,0,0
retention_expiry,3833,V32P-A029529,0,0.38054469823837278,0.42623584866523745,0,0
retention_expiry,3834,V32P-A029530,0,0.30556538403034211,0.33580529391765596,0,0
retention_expiry,3835,V32P-A029531,0,0.23847811222076415,0.2588786154985428,0,0
retention_expiry,3836,V32P-A029532,0,0.10299269407987595,0.10165757834911346,0,0
retention_expiry,3837,V32P-A029587,1,0.57956393957138064,0.6168488740921021,0,0
retention_expiry,3838,V32P-A029588,1,0.4324440836906433,0.48397491574287416,0,0
retention_expiry,3839,V32P-A029589,1,0.62151439189910884,0.65233708620071407,1,1
retention_expiry,3840,V32P-A029590,0,0.065360798686742785,0.058116606622934344,0,0
retention_expiry,3841,V32P-A029591,0,0.047209387272596361,0.04196574650704861,0,0
retention_expiry,3842,V32P-A029592,0,0.021264166664332153,0.018704721424728631,0,0
retention_expiry,3843,V32P-A029629,0,0.71974260807037349,0.75519305467605591,1,1
retention_expiry,3844,V32P-A029630,0,0.65137225389480591,0.68207709789276127,1,1
retention_expiry,3845,V32P-A029631,0,0.61158733367919926,0.63326851129531858,0,1
retention_expiry,3846,V32P-A029632,0,0.55001077651977537,0.56037285923957825,0,0
retention_expiry,3847,V32P-A029633,0,0.47059807181358337,0.46925690770149231,0,0
retention_expiry,3848,V32P-A029634,0,0.028364326059818267,0.024147370271384715,0,0
retention_expiry,3849,V32P-A029695,0,0.65178195238113401,0.69301532506942753,1,1
retention_expiry,3850,V32P-A029696,0,0.56433814167976382,0.61242436170578007,0,0
retention_expiry,3851,V32P-A029697,0,0.56024103164672856,0.58304545879364011,0,0
retention_expiry,3852,V32P-A029698,1,0.46498849987983704,0.47638323307037356,0,0
retention_expiry,3853,V32P-A029699,0,0.054115553945302965,0.047685884311795233,0,0
retention_expiry,3854,V32P-A029700,0,0.022862044535577296,0.01942003145813942,0,0
retention_expiry,3855,V32P-A029707,1,0.56180759668350222,0.62000819444656374,0,1
retention_expiry,3856,V32P-A029708,1,0.43662790060043333,0.49596396088600159,0,0
retention_expiry,3857,V32P-A029709,1,0.46162225008010865,0.51273040771484379,0,0
retention_expiry,3858,V32P-A029710,0,0.07112300097942352,0.063162432610988611,0,0
retention_expiry,3859,V32P-A029711,0,0.05359780415892601,0.047306929156184195,0,0
retention_expiry,3860,V32P-A029712,0,0.025078184530138971,0.021744922362267972,0,0
retention_expiry,3861,V32P-A029757,0,0.53574957847595217,0.56195768117904665,0,0
retention_expiry,3862,V32P-A029758,0,0.46219052672386168,0.48213675022125246,0,0
retention_expiry,3863,V32P-A029759,0,0.35436637103557589,0.389781779050827,0,0
retention_expiry,3864,V32P-A029760,0,0.14391398429870605,0.13129054903984069,0,0
retention_expiry,3865,V32P-A029828,0,0.62016078233718874,0.67363282442092898,1,1
retention_expiry,3866,V32P-A029829,0,0.52718268036842342,0.59085047245025635,0,0
retention_expiry,3867,V32P-A029830,1,0.46581013202667237,0.53133658766746517,0,0
retention_expiry,3868,V32P-A029831,0,0.094132988899946216,0.088516963273286814,0,0
retention_expiry,3869,V32P-A029832,0,0.035540122166275979,0.032373480685055259,0,0
retention_expiry,3870,V32P-A029859,0,0.43124477863311766,0.47480363249778745,0,0
retention_expiry,3871,V32P-A029860,0,0.34732514917850493,0.37196162343025208,0,0
retention_expiry,3872,V32P-A029861,0,0.27756460309028624,0.28860321044921877,0,0
retention_expiry,3873,V32P-A029862,0,0.13089706227183343,0.12624842151999474,0,0
retention_expiry,3874,V32P-A029872,0,0.50216668844223022,0.51390306949615483,0,0
retention_expiry,3875,V32P-A029873,0,0.39108374118804934,0.40010375976562501,0,0
retention_expiry,3876,V32P-A029874,0,0.16632136404514314,0.15865208655595781,0,0
retention_expiry,3877,V32P-A029887,0,0.70778496265411373,0.75651265382766719,1,1
retention_expiry,3878,V32P-A029888,0,0.64078798294067385,0.69624453783035278,1,1
retention_expiry,3879,V32P-A029889,0,0.62569016218185425,0.66823933124542234,1,1
retention_expiry,3880,V32P-A029890,0,0.56691293716430669,0.60816137790679936,0,0
retention_expiry,3881,V32P-A029891,0,0.4871181845664978,0.52202999591827393,0,0
retention_expiry,3882,V32P-A029892,0,0.23939078748226167,0.24328583776950835,0,0
retention_expiry,3883,V32P-A029896,0,0.60138198733329773,0.66259046792984011,0,1
retention_expiry,3884,V32P-A029897,0,0.41731022000312806,0.47707476019859313,0,0
retention_expiry,3885,V32P-A029898,0,0.21072940528392792,0.23531256914138793,0,0
retention_expiry,3886,V32P-A029959,0,0.66220970153808589,0.72279114723205562,1,1
retention_expiry,3887,V32P-A029960,0,0.61408053636550908,0.6830230832099915,0,1
retention_expiry,3888,V32P-A029961,0,0.61824135780334477,0.67962362766265871,0,1
retention_expiry,3889,V32P-A029962,0,0.58818952441215511,0.64129400253295898,0,1
retention_expiry,3890,V32P-A029963,0,0.48882672190666199,0.53874517083168028,0,0
retention_expiry,3891,V32P-A029964,0,0.25939460098743439,0.27229360491037369,0,0
retention_expiry,3892,V32P-A030043,0,0.44398109912872313,0.48724005222320554,0,0
retention_expiry,3893,V32P-A030044,0,0.47720314264297486,0.52618997097015385,0,0
retention_expiry,3894,V32P-A030045,0,0.43043231964111328,0.46864570379257203,0,0
retention_expiry,3895,V32P-A030046,0,0.39885753989219663,0.43922287225723267,0,0
retention_expiry,3896,V32P-A030047,0,0.27028962373733523,0.28209740519523618,0,0
retention_expiry,3897,V32P-A030048,0,0.11614499986171722,0.1129763275384903,0,0
retention_expiry,3898,V32P-A030157,0,0.75836342573165894,0.79615358114242551,1,1
retention_expiry,3899,V32P-A030158,0,0.59033699035644527,0.64432539939880373,0,1
retention_expiry,3900,V32P-A030159,0,0.47777137756347654,0.53742691278457644,0,0
retention_expiry,3901,V32P-A030160,0,0.58538293838500977,0.63481026887893677,0,1
retention_expiry,3902,V32P-A030161,0,0.32358914017677309,0.35730370283126833,0,0
retention_expiry,3903,V32P-A030162,0,0.14735687226057054,0.14970946907997132,0,0
retention_expiry,3904,V32P-A030165,0,0.38037169575691221,0.4631593942642212,0,0
retention_expiry,3905,V32P-A030166,1,0.31212817430496215,0.37481398582458497,0,0
retention_expiry,3906,V32P-A030167,0,0.049637018516659734,0.045732670649886134,0,0
retention_expiry,3907,V32P-A030168,0,0.020758536364883184,0.018538211565464736,0,0
retention_expiry,3908,V32P-A030265,0,0.59393184781074526,0.60401522517204287,0,0
retention_expiry,3909,V32P-A030266,0,0.46493923664093018,0.47482575774192809,0,0
retention_expiry,3910,V32P-A030267,0,0.36453042626380922,0.37418386340141296,0,0
retention_expiry,3911,V32P-A030268,0,0.27537733018398286,0.28085491657257078,0,0
retention_expiry,3912,V32P-A030269,0,0.19987442791461946,0.20407573282718658,0,0
retention_expiry,3913,V32P-A030270,0,0.077395407110452646,0.076205466315150266,0,0
retention_expiry,3914,V32P-A030271,0,0.63660590648651127,0.66041661500930782,1,1
retention_expiry,3915,V32P-A030272,0,0.60850834846496582,0.62716645002365112,0,1
retention_expiry,3916,V32P-A030273,0,0.5863792896270752,0.59499520063400269,0,0
retention_expiry,3917,V32P-A030274,0,0.54609621763229366,0.54056727886199951,0,0
retention_expiry,3918,V32P-A030275,0,0.51593891978263851,0.5046973347663879,0,0
retention_expiry,3919,V32P-A030276,0,0.038600751571357249,0.03046164270490408,0,0
retention_expiry,3920,V32P-A030325,0,0.63173868656158449,0.6701890230178833,1,1
retention_expiry,3921,V32P-A030326,0,0.6654791116714478,0.69359064102172852,1,1
retention_expiry,3922,V32P-A030327,0,0.57906950712203975,0.6048410892486572,0,0
retention_expiry,3923,V32P-A030328,0,0.52884446382522587,0.54231634140014651,0,0
retention_expiry,3924,V32P-A030329,0,0.41134819984436033,0.41656932234764099,0,0
retention_expiry,3925,V32P-A030330,0,0.16718125939369202,0.15290292501449584,0,0
retention_expiry,3926,V32P-A030411,0,0.55551847219467165,0.60933066606521602,0,0
retention_expiry,3927,V32P-A030412,0,0.59162358641624446,0.64243122339248659,0,1
retention_expiry,3928,V32P-A030413,1,0.54252546429634096,0.58705218434333806,0,0
retention_expiry,3929,V32P-A030414,0,0.044146732613444331,0.040540969744324681,0,0
retention_expiry,3930,V32P-A030439,0,0.64575889110565188,0.66162012815475468,1,1
retention_expiry,3931,V32P-A030440,0,0.50401505231857302,0.5312949478626251,0,0
retention_expiry,3932,V32P-A030441,0,0.42904610633850099,0.45542925000190737,0,0
retention_expiry,3933,V32P-A030442,0,0.46208813786506653,0.47539481520652771,0,0
retention_expiry,3934,V32P-A030443,0,0.41428053975105283,0.42212953567504885,0,0
retention_expiry,3935,V32P-A030444,0,0.20839482247829438,0.20008815079927444,0,0
retention_expiry,3936,V32P-A030477,0,0.3933354914188385,0.43503565788269044,0,0
retention_expiry,3937,V32P-A030478,0,0.37485865354537962,0.40549619793891906,0,0
retention_expiry,3938,V32P-A030479,1,0.37370536625385287,0.39936355054378508,0,0
retention_expiry,3939,V32P-A030480,0,0.022418726049363614,0.019683336559683084,0,0
retention_expiry,3940,V32P-A030514,0,0.29098651409149168,0.33320789337158202,0,0
retention_expiry,3941,V32P-A030515,0,0.23438544869422911,0.27149106860160827,0,0
retention_expiry,3942,V32P-A030516,0,0.10545166954398155,0.10720119029283523,0,0
retention_expiry,3943,V32P-A030559,0,0.52114658951759341,0.57089141607284544,0,0
retention_expiry,3944,V32P-A030560,0,0.5021940231323242,0.54617195129394536,0,0
retention_expiry,3945,V32P-A030561,0,0.46440895795822146,0.50289419293403625,0,0
retention_expiry,3946,V32P-A030562,0,0.39977840781211854,0.42862129807472227,0,0
retention_expiry,3947,V32P-A030563,0,0.32949990630149839,0.35172352790832517,0,0
retention_expiry,3948,V32P-A030564,0,0.1694555625319481,0.17223366349935532,0,0
retention_expiry,3949,V32P-A030619,0,0.41476240754127502,0.43287549018859861,0,0
retention_expiry,3950,V32P-A030620,0,0.41119256019592287,0.42954741120338441,0,0
retention_expiry,3951,V32P-A030621,0,0.35309353470802307,0.36500542461872099,0,0
retention_expiry,3952,V32P-A030622,0,0.27921709418296814,0.28157564699649812,0,0
retention_expiry,3953,V32P-A030623,0,0.20796852409839631,0.20839292258024217,0,0
retention_expiry,3954,V32P-A030624,0,0.088618779182434076,0.08268842585384846,0,0
retention_expiry,3955,V32P-A030643,1,0.70341018438339231,0.7354954600334167,1,1
retention_expiry,3956,V32P-A030644,1,0.58075152039527889,0.62584509253501897,0,1
retention_expiry,3957,V32P-A030645,1,0.64793317317962651,0.67257102727890017,1,1
retention_expiry,3958,V32P-A030646,0,0.11019770726561547,0.096147945523262029,0,0
retention_expiry,3959,V32P-A030647,0,0.085075576603412625,0.073401772975921625,0,0
retention_expiry,3960,V32P-A030648,0,0.041227481327950954,0.03491565324366093,0,0
retention_expiry,3961,V32P-A030673,0,0.55346328616142271,0.58369696140289307,0,0
retention_expiry,3962,V32P-A030674,0,0.57096002101898191,0.5964102506637573,0,0
retention_expiry,3963,V32P-A030675,0,0.54248173832893376,0.5594085156917572,0,0
retention_expiry,3964,V32P-A030676,0,0.53731743097305296,0.55325009822845461,0,0
retention_expiry,3965,V32P-A030677,0,0.46681823730468752,0.47363507151603701,0,0
retention_expiry,3966,V32P-A030678,0,0.26200071424245835,0.24928212314844131,0,0
retention_expiry,3967,V32P-A030691,0,0.665847384929657,0.71181429624557491,1,1
retention_expiry,3968,V32P-A030692,0,0.6033730745315552,0.66100854873657222,0,1
retention_expiry,3969,V32P-A030693,0,0.64635152816772456,0.69305304288864134,1,1
retention_expiry,3970,V32P-A030694,1,0.62569506168365474,0.66823894977569576,1,1
retention_expiry,3971,V32P-A030695,0,0.098527479916810989,0.09126707017421723,0,0
retention_expiry,3972,V32P-A030696,0,0.044138302281498912,0.039541994035243985,0,0
retention_expiry,3973,V32P-A030709,0,0.38836893439292908,0.45889379382133483,0,0
retention_expiry,3974,V32P-A030710,0,0.41807258725166319,0.48250578045845033,0,0
retention_expiry,3975,V32P-A030711,0,0.37706879973411561,0.42692803144454955,0,0
retention_expiry,3976,V32P-A030712,0,0.29777134060859678,0.32461384534835813,0,0
retention_expiry,3977,V32P-A030713,0,0.23027923703193665,0.23789367675781251,0,0
retention_expiry,3978,V32P-A030714,0,0.10020026117563248,0.094146917760372165,0,0
retention_expiry,3979,V32P-A030823,0,0.65067867040634153,0.72333267927169798,1,1
retention_expiry,3980,V32P-A030824,0,0.60245182514190676,0.67449063062667847,0,1
retention_expiry,3981,V32P-A030825,0,0.58384572863578799,0.65074346661567684,0,1
retention_expiry,3982,V32P-A030826,0,0.57730987071990969,0.63495341539382932,0,1
retention_expiry,3983,V32P-A030827,0,0.54812618494033816,0.59896202683448796,0,0
retention_expiry,3984,V32P-A030828,0,0.34118888974189759,0.35289601683616639,0,0
retention_expiry,3985,V32P-A030832,0,0.38240736126899721,0.42909198403358462,0,0
retention_expiry,3986,V32P-A030833,0,0.33048836290836336,0.38693444132804872,0,0
retention_expiry,3987,V32P-A030834,0,0.026379236206412315,0.023564445693045853,0,0
retention_expiry,3988,V32P-A030853,0,0.55008245706558223,0.60121870040893555,0,0
retention_expiry,3989,V32P-A030854,0,0.47370398640632627,0.53549584150314333,0,0
retention_expiry,3990,V32P-A030855,0,0.35259143114089964,0.42079346776008608,0,0
retention_expiry,3991,V32P-A030856,0,0.33042473196983335,0.37630848288536073,0,0
retention_expiry,3992,V32P-A030857,0,0.25798202157020567,0.28776759207248687,0,0
retention_expiry,3993,V32P-A030858,0,0.12634305506944657,0.12946564108133315,0,0
retention_expiry,3994,V32P-A030867,0,0.6342589676380157,0.65904878973960879,1,1
retention_expiry,3995,V32P-A030868,0,0.45785628557205199,0.47139149308204653,0,0
retention_expiry,3996,V32P-A030869,1,0.37724683582782748,0.38083113729953766,0,0
retention_expiry,3997,V32P-A030870,0,0.029968184325844048,0.024211919028311969,0,0
retention_expiry,3998,V32P-A030976,0,0.51857094764709477,0.55087791085243221,0,0
retention_expiry,3999,V32P-A030977,0,0.4404712378978729,0.46950767636299134,0,0
retention_expiry,4000,V32P-A030978,0,0.21499728560447692,0.21863060891628266,0,0
retention_expiry,4001,V32P-A030982,0,0.49839712977409362,0.53232514262199404,0,0
retention_expiry,4002,V32P-A030983,0,0.41685674786567689,0.44231420159339907,0,0
retention_expiry,4003,V32P-A030984,0,0.037945724558085203,0.033751945104449989,0,0
retention_expiry,4004,V32P-A030987,0,0.55956316590309141,0.59283416867256167,0,0
retention_expiry,4005,V32P-A030988,0,0.44582912921905515,0.47502782344818117,0,0
retention_expiry,4006,V32P-A030989,0,0.33262536823749544,0.34852072894573211,0,0
retention_expiry,4007,V32P-A030990,0,0.13801047950983047,0.12757301628589629,0,0
retention_expiry,4008,V32P-A030997,0,0.71294283866882324,0.74813225269317629,1,1
retention_expiry,4009,V32P-A030998,0,0.66236653327941897,0.70586215257644658,1,1
retention_expiry,4010,V32P-A030999,0,0.65176144838333128,0.68514566421508794,1,1
retention_expiry,4011,V32P-A031000,0,0.62389240264892576,0.65180232524871828,1,1
retention_expiry,4012,V32P-A031001,1,0.57678819894790645,0.59762030243873598,0,0
retention_expiry,4013,V32P-A031002,0,0.045857273414731024,0.039861881174147129,0,0
retention_expiry,4014,V32P-A031093,1,0.52637378573417659,0.58001134395599363,0,0
retention_expiry,4015,V32P-A031094,1,0.34984112977981568,0.41175226569175721,0,0
retention_expiry,4016,V32P-A031095,1,0.3004245638847351,0.34443429112434387,0,0
retention_expiry,4017,V32P-A031096,0,0.049645244330167773,0.046557280421257022,0,0
retention_expiry,4018,V32P-A031097,0,0.036534647271037099,0.033554427325725555,0,0
retention_expiry,4019,V32P-A031098,0,0.016055930592119693,0.014159823488444089,0,0
retention_expiry,4020,V32P-A031105,0,0.45948529243469238,0.506227046251297,0,0
retention_expiry,4021,V32P-A031106,0,0.37280136942863462,0.42542971074581148,0,0
retention_expiry,4022,V32P-A031107,0,0.32043507695198059,0.36626263260841369,0,0
retention_expiry,4023,V32P-A031108,0,0.42316081523895266,0.45416507124900818,0,0
retention_expiry,4024,V32P-A031109,1,0.22383078932762146,0.24483621716499329,0,0
retention_expiry,4025,V32P-A031110,0,0.019360553845763205,0.017004725709557533,0,0
retention_expiry,4026,V32P-A031113,0,0.42083876132965087,0.46495593190193174,0,0
retention_expiry,4027,V32P-A031114,0,0.3221603363752365,0.35481655597686768,0,0
retention_expiry,4028,V32P-A031115,0,0.25828990936279295,0.27792855501174929,0,0
retention_expiry,4029,V32P-A031116,0,0.10990695804357528,0.10855815410614014,0,0
retention_expiry,4030,V32P-A031156,0,0.55515778064727783,0.58005020618438718,0,0
retention_expiry,4031,V32P-A031157,0,0.3954565405845642,0.40980971455574033,0,0
retention_expiry,4032,V32P-A031158,0,0.20524107515811921,0.19351496994495393,0,0
retention_expiry,4033,V32P-A031189,0,0.65288561582565308,0.70877735614776616,1,1
retention_expiry,4034,V32P-A031190,0,0.58197102546691892,0.65192381143569944,0,1
retention_expiry,4035,V32P-A031191,0,0.56234735250473022,0.63191080093383789,0,1
retention_expiry,4036,V32P-A031192,0,0.46996499896049498,0.52641026377677913,0,0
retention_expiry,4037,V32P-A031193,0,0.47935110926628111,0.53730120658874514,0,0
retention_expiry,4038,V32P-A031194,0,0.27001682221889495,0.30359909832477572,0,0
retention_expiry,4039,V32P-A031231,0,0.86761007308959959,0.88434228897094724,1,1
retention_expiry,4040,V32P-A031232,0,0.73363026380538943,0.76714563369750977,1,1
retention_expiry,4041,V32P-A031233,0,0.71045491695404051,0.74110056161880489,1,1
retention_expiry,4042,V32P-A031234,0,0.76139923334121706,0.78141222000122068,1,1
retention_expiry,4043,V32P-A031235,0,0.65368704795837407,0.67946010828018188,1,1
retention_expiry,4044,V32P-A031236,0,0.35761944949626923,0.34226355552673338,0,0
retention_expiry,4045,V32P-A031261,0,0.65515251159667964,0.69181467294692989,1,1
retention_expiry,4046,V32P-A031262,0,0.5703100442886353,0.6141467332839966,0,0
retention_expiry,4047,V32P-A031263,0,0.51455213427543645,0.55568128824234009,0,0
retention_expiry,4048,V32P-A031264,0,0.43895003199577332,0.46852731108665469,0,0
retention_expiry,4049,V32P-A031265,0,0.35502256155014039,0.37115168571472168,0,0
retention_expiry,4050,V32P-A031266,0,0.17160754799842834,0.1643114596605301,0,0
retention_expiry,4051,V32P-A031371,0,0.44140741825103758,0.49818311929702758,0,0
retention_expiry,4052,V32P-A031372,0,0.36785910725593568,0.41866967678070066,0,0
retention_expiry,4053,V32P-A031373,0,0.29691318273544309,0.33532507419586183,0,0
retention_expiry,4054,V32P-A031374,0,0.14808965772390364,0.14968229085206985,0,0
retention_expiry,4055,V32P-A031381,0,0.78471989631652828,0.80337021350860593,1,1
retention_expiry,4056,V32P-A031382,0,0.55195911526679997,0.58235940933227537,0,0
retention_expiry,4057,V32P-A031383,0,0.56218702793121333,0.58298418521881101,0,0
retention_expiry,4058,V32P-A031384,0,0.44833207726478574,0.46776518821716306,0,0
retention_expiry,4059,V32P-A031385,0,0.42531210780143736,0.43884433507919313,0,0
retention_expiry,4060,V32P-A031386,0,0.17030198127031326,0.1619903787970543,0,0
retention_expiry,4061,V32P-A031395,0,0.29842566847801211,0.34307381510734558,0,0
retention_expiry,4062,V32P-A031396,0,0.24225398600101472,0.26898761689662931,0,0
retention_expiry,4063,V32P-A031397,0,0.23820393979549409,0.26496826112270355,0,0
retention_expiry,4064,V32P-A031398,0,0.07295130863785744,0.072030871361494067,0,0
retention_expiry,4065,V32P-A031471,0,0.63442599773406982,0.6692423462867737,1,1
retention_expiry,4066,V32P-A031472,0,0.49602229595184327,0.53641799092292786,0,0
retention_expiry,4067,V32P-A031473,0,0.42827433943748472,0.46528108716011046,0,0
retention_expiry,4068,V32P-A031474,0,0.43569448590278625,0.46774284839630126,0,0
retention_expiry,4069,V32P-A031475,0,0.32855041623115538,0.34603939056396482,0,0
retention_expiry,4070,V32P-A031476,0,0.038804059103131297,0.034354626666754484,0,0
retention_expiry,4071,V32P-A031477,0,0.6432527959346771,0.69412799477577214,1,1
retention_expiry,4072,V32P-A031478,0,0.71627124547958376,0.75483793020248413,1,1
retention_expiry,4073,V32P-A031479,0,0.69811353683471677,0.73197340965270996,1,1
retention_expiry,4074,V32P-A031480,0,0.66575299501419072,0.69256080389022823,1,1
retention_expiry,4075,V32P-A031481,1,0.70803620815277102,0.72728395462036133,1,1
retention_expiry,4076,V32P-A031482,0,0.051172987744212153,0.043372086621820925,0,0
retention_expiry,4077,V32P-A031501,0,0.55658560991287231,0.62804189920425413,0,1
retention_expiry,4078,V32P-A031502,0,0.61937402486801152,0.68276106119155888,0,1
retention_expiry,4079,V32P-A031503,0,0.63263278007507329,0.68807030916213985,1,1
retention_expiry,4080,V32P-A031504,0,0.66687988042831425,0.71397305727005,1,1
retention_expiry,4081,V32P-A031505,0,0.58406977057456966,0.63318734765052798,0,1
retention_expiry,4082,V32P-A031506,0,0.37212705314159394,0.39187501966953275,0,0
retention_expiry,4083,V32P-A031561,0,0.58116645216941831,0.58866516947746272,0,0
retention_expiry,4084,V32P-A031562,0,0.38430892527103422,0.39904023706912994,0,0
retention_expiry,4085,V32P-A031563,0,0.51372596025466921,0.52215862274169922,0,0
retention_expiry,4086,V32P-A031564,0,0.48747318983078003,0.48521847724914552,0,0
retention_expiry,4087,V32P-A031565,0,0.43729438185691832,0.42322277426719668,0,0
retention_expiry,4088,V32P-A031566,0,0.23037360608577728,0.20236766040325166,0,0
retention_expiry,4089,V32P-A031603,0,0.78184388875961308,0.79927346706390379,1,1
retention_expiry,4090,V32P-A031604,0,0.66952477693557744,0.68813128471374507,1,1
retention_expiry,4091,V32P-A031605,0,0.59520853757858272,0.62020683288574219,0,1
retention_expiry,4092,V32P-A031606,0,0.5417668998241425,0.56527619361877446,0,0
retention_expiry,4093,V32P-A031607,0,0.52528020143508913,0.54572557210922246,0,0
retention_expiry,4094,V32P-A031608,0,0.15936831235885621,0.15638577640056611,0,0
retention_expiry,4095,V32P-A031663,0,0.76254419088363645,0.81216082572937009,1,1
retention_expiry,4096,V32P-A031664,0,0.54875674247741701,0.62632877230644224,0,1
retention_expiry,4097,V32P-A031665,0,0.50906928777694704,0.59219278097152706,0,0
retention_expiry,4098,V32P-A031666,0,0.45856014490127561,0.53793158531188967,0,0
retention_expiry,4099,V32P-A031667,0,0.38828170895576475,0.45964037179946898,0,0
retention_expiry,4100,V32P-A031668,0,0.22517001926898955,0.2534789055585861,0,0
retention_expiry,4101,V32P-A031783,0,0.54337913990020748,0.58916574716567993,0,0
retention_expiry,4102,V32P-A031784,0,0.5906376838684082,0.62560849189758305,0,1
retention_expiry,4103,V32P-A031785,0,0.58530722856521611,0.61604385375976567,0,0
retention_expiry,4104,V32P-A031786,0,0.53928514719009402,0.56580513715744019,0,0
retention_expiry,4105,V32P-A031787,0,0.45998252630233766,0.47889704704284669,0,0
retention_expiry,4106,V32P-A031788,0,0.23777773529291152,0.22753770500421525,0,0
retention_expiry,4107,V32P-A031894,1,0.42155618071556089,0.4437041223049164,0,0
retention_expiry,4108,V32P-A031895,0,0.06006345748901367,0.052159442007541655,0,0
retention_expiry,4109,V32P-A031896,0,0.027732442691922189,0.023329910729080437,0,0
retention_expiry,4110,V32P-A031910,0,0.60788531899452214,0.6493362665176392,0,1
retention_expiry,4111,V32P-A031911,0,0.55242215991020205,0.59849944710731506,0,0
retention_expiry,4112,V32P-A031912,0,0.5922303259372711,0.62464654445648193,0,1
retention_expiry,4113,V32P-A031913,0,0.54779361486434941,0.56729211807250979,0,0
retention_expiry,4114,V32P-A031914,0,0.25814413726329805,0.26447360217571259,0,0
retention_expiry,4115,V32P-A032023,0,0.52959216237068174,0.57032781243324282,0,0
retention_expiry,4116,V32P-A032024,0,0.51275618076324458,0.54972249269485474,0,0
retention_expiry,4117,V32P-A032025,0,0.48082060217857359,0.51337035894393923,0,0
retention_expiry,4118,V32P-A032026,0,0.40552936792373656,0.42944645881652832,0,0
retention_expiry,4119,V32P-A032027,0,0.32541136741638182,0.33921150267124178,0,0
retention_expiry,4120,V32P-A032028,0,0.14014880508184432,0.13112144768238068,0,0
retention_expiry,4121,V32P-A032143,0,0.4160367727279663,0.49358842968940736,0,0
retention_expiry,4122,V32P-A032144,0,0.37568407058715819,0.44431538581848146,0,0
retention_expiry,4123,V32P-A032145,0,0.39483888745307921,0.46401469707489013,0,0
retention_expiry,4124,V32P-A032146,0,0.33867256045341493,0.39629273414611815,0,0
retention_expiry,4125,V32P-A032147,1,0.28955438435077668,0.33114510774612427,0,0
retention_expiry,4126,V32P-A032148,0,0.023732444830238821,0.020608913153409958,0,0
retention_expiry,4127,V32P-A032149,0,0.53288699984550481,0.59594005346298218,0,0
retention_expiry,4128,V32P-A032150,0,0.44420365691184999,0.5098845779895782,0,0
retention_expiry,4129,V32P-A032151,0,0.3707756459712982,0.43620807528495786,0,0
retention_expiry,4130,V32P-A032152,0,0.37073913216590881,0.42523645162582396,0,0
retention_expiry,4131,V32P-A032153,0,0.30369777977466583,0.34513641297817232,0,0
retention_expiry,4132,V32P-A032154,0,0.12597320824861527,0.13017794191837312,0,0
retention_expiry,4133,V32P-A032187,0,0.81399636268615727,0.83605591058731077,1,1
retention_expiry,4134,V32P-A032188,1,0.69532543420791626,0.71705300807952876,1,1
retention_expiry,4135,V32P-A032189,0,0.12544774711132051,0.099809250235557562,0,0
retention_expiry,4136,V32P-A032190,0,0.048656282573938371,0.036357456818223,0,0
retention_expiry,4137,V32P-A032299,0,0.56072409749031071,0.5888824462890625,0,0
retention_expiry,4138,V32P-A032300,0,0.58146356344223027,0.60512753725051882,0,0
retention_expiry,4139,V32P-A032301,0,0.58330472707748415,0.59797756671905522,0,0
retention_expiry,4140,V32P-A032302,0,0.60984611511230469,0.61649228334426875,0,0
retention_expiry,4141,V32P-A032303,0,0.61085519790649412,0.60141654014587398,0,0
retention_expiry,4142,V32P-A032304,0,0.3628432512283325,0.32426889836788175,0,0
retention_expiry,4143,V32P-A032317,1,0.73377370834350586,0.76160981655120852,1,1
retention_expiry,4144,V32P-A032318,1,0.67303650379180913,0.70702612400054932,1,1
retention_expiry,4145,V32P-A032319,0,0.18501776307821274,0.17356886565685273,0,0
retention_expiry,4146,V32P-A032320,0,0.16202383488416672,0.14561480283737183,0,0
retention_expiry,4147,V32P-A032321,0,0.095547360181808469,0.084643297269940382,0,0
retention_expiry,4148,V32P-A032322,0,0.042436707392334939,0.036669118329882622,0,0
retention_expiry,4149,V32P-A032329,0,0.60470744967460632,0.66634925007820134,0,1
retention_expiry,4150,V32P-A032330,0,0.47518768310546877,0.52610163688659672,0,0
retention_expiry,4151,V32P-A032331,0,0.61772434115409847,0.66382449269294741,0,1
retention_expiry,4152,V32P-A032332,0,0.53109329342842104,0.56365192532539365,0,0
retention_expiry,4153,V32P-A032333,0,0.48213071525096896,0.4990354388952255,0,0
retention_expiry,4154,V32P-A032334,0,0.2836360424757004,0.27063907980918883,0,0
retention_expiry,4155,V32P-A032347,0,0.73995388746261592,0.78454128503799436,1,1
retention_expiry,4156,V32P-A032348,0,0.57156559228897097,0.6390701055526733,0,1
retention_expiry,4157,V32P-A032349,0,0.49275617599487304,0.56147816181182864,0,0
retention_expiry,4158,V32P-A032350,0,0.43186728954315184,0.4981175184249878,0,0
retention_expiry,4159,V32P-A032351,0,0.37146001458168032,0.43130611777305605,0,0
retention_expiry,4160,V32P-A032352,0,0.030231934599578382,0.025462906435132028,0,0
retention_expiry,4161,V32P-A032433,0,0.33952814340591431,0.36030777096748351,0,0
retention_expiry,4162,V32P-A032434,0,0.26612030565738676,0.2845697969198227,0,0
retention_expiry,4163,V32P-A032435,0,0.23348998427391052,0.2391827642917633,0,0
retention_expiry,4164,V32P-A032436,0,0.094831202179193497,0.090897201746702197,0,0
retention_expiry,4165,V32P-A032467,0,0.58117038607597349,0.64430024027824406,0,1
retention_expiry,4166,V32P-A032468,0,0.49537928104400636,0.56687062382698061,0,0
retention_expiry,4167,V32P-A032469,0,0.3972592890262604,0.4638930022716522,0,0
retention_expiry,4168,V32P-A032470,0,0.36843653917312624,0.41966902017593383,0,0
retention_expiry,4169,V32P-A032471,0,0.28437741398811339,0.31758924424648283,0,0
retention_expiry,4170,V32P-A032472,0,0.11621625274419785,0.11130365580320359,0,0
retention_expiry,4171,V32P-A032482,0,0.62215887308120732,0.67618063688278196,1,1
retention_expiry,4172,V32P-A032483,0,0.46201168894767763,0.50892737507820129,0,0
retention_expiry,4173,V32P-A032484,0,0.27275814116001129,0.29083803296089172,0,0
retention_expiry,4174,V32P-A032524,0,0.6079220175743103,0.6463148713111877,0,1
retention_expiry,4175,V32P-A032525,0,0.53227579593658447,0.56499994993209834,0,0
retention_expiry,4176,V32P-A032526,0,0.32421641051769257,0.31650767624378207,0,0
retention_expiry,4177,V32P-A032554,0,0.62209224104881289,0.65337457656860354,1,1
retention_expiry,4178,V32P-A032555,0,0.55733420848846438,0.58034875392913821,0,0
retention_expiry,4179,V32P-A032556,0,0.26795668303966524,0.25768170356750486,0,0
retention_expiry,4180,V32P-A032557,0,0.69817931652069087,0.75334761142730711,1,1
retention_expiry,4181,V32P-A032558,0,0.63087921142578129,0.69920145273208623,1,1
retention_expiry,4182,V32P-A032559,0,0.60623054504394536,0.67477177381515507,0,1
retention_expiry,4183,V32P-A032560,0,0.6029512882232666,0.66547865867614742,0,1
retention_expiry,4184,V32P-A032561,0,0.58777186870574949,0.64567583799362183,0,1
retention_expiry,4185,V32P-A032562,0,0.059142613410949708,0.051979782432317732,0,0
retention_expiry,4186,V32P-A032673,0,0.51491460800170896,0.55721080303192139,0,0
retention_expiry,4187,V32P-A032674,0,0.51498873233795162,0.53648051619529724,0,0
retention_expiry,4188,V32P-A032675,0,0.43925721645355226,0.45913119912147521,0,0
retention_expiry,4189,V32P-A032676,0,0.19420404136180877,0.19684200435876847,0,0
retention_expiry,4190,V32P-A032683,0,0.67413616180419922,0.72622636556625364,1,1
retention_expiry,4191,V32P-A032684,0,0.55979149937629702,0.62275784611701968,0,1
retention_expiry,4192,V32P-A032685,0,0.48889418840408327,0.55124452710151672,0,0
retention_expiry,4193,V32P-A032686,0,0.45915488600730897,0.51023171544075008,0,0
retention_expiry,4194,V32P-A032687,1,0.45075401663780212,0.48957337141036988,0,0
retention_expiry,4195,V32P-A032688,0,0.029433624818921089,0.025536978244781496,0,0
retention_expiry,4196,V32P-A032701,0,0.65676491260528569,0.68216608762741093,1,1
retention_expiry,4197,V32P-A032702,0,0.55591992139816282,0.58815946578979494,0,0
retention_expiry,4198,V32P-A032703,0,0.48633204698562621,0.52082355022430415,0,0
retention_expiry,4199,V32P-A032704,0,0.40741714835166931,0.43538691997528078,0,0
retention_expiry,4200,V32P-A032705,0,0.31944604516029357,0.33543280661106112,0,0
retention_expiry,4201,V32P-A032706,0,0.1426235854625702,0.13668110519647597,0,0
retention_expiry,4202,V32P-A032719,0,0.82563151121139522,0.85408374071121218,1,1
retention_expiry,4203,V32P-A032720,0,0.71198866367340086,0.76111067533493038,1,1
retention_expiry,4204,V32P-A032721,0,0.62729049921035762,0.68130699396133421,1,1
retention_expiry,4205,V32P-A032722,0,0.66498211622238157,0.70195022821426389,1,1
retention_expiry,4206,V32P-A032723,0,0.49705931544303894,0.53734583258628843,0,0
retention_expiry,4207,V32P-A032724,0,0.26289994120597837,0.28222678303718568,0,0
retention_expiry,4208,V32P-A032731,0,0.82435153722763066,0.85416758060455322,1,1
retention_expiry,4209,V32P-A032732,0,0.70359520912170415,0.74458082914352419,1,1
retention_expiry,4210,V32P-A032733,0,0.67168658971786499,0.7177754878997803,1,1
retention_expiry,4211,V32P-A032734,0,0.68571292161941533,0.72611316442489626,1,1
retention_expiry,4212,V32P-A032735,0,0.58648933768272404,0.6298870801925659,0,1
retention_expiry,4213,V32P-A032736,0,0.31994336843490601,0.32749495804309847,0,0
retention_expiry,4214,V32P-A032743,1,0.61681663990020752,0.66864011287689207,0,1
retention_expiry,4215,V32P-A032744,1,0.52182541489601131,0.57430703639984126,0,0
retention_expiry,4216,V32P-A032745,1,0.44607099890708923,0.49481359124183655,0,0
retention_expiry,4217,V32P-A032746,0,0.061857207491993901,0.056598144024610518,0,0
retention_expiry,4218,V32P-A032747,0,0.044826547428965566,0.04033935368061066,0,0
retention_expiry,4219,V32P-A032748,0,0.017958241887390612,0.015610909182578325,0,0
retention_expiry,4220,V32P-A032785,0,0.51824888586997986,0.58700438737869265,0,0
retention_expiry,4221,V32P-A032786,0,0.49535547494888305,0.55077409744262695,0,0
retention_expiry,4222,V32P-A032787,0,0.42968383431434631,0.47657119035720824,0,0
retention_expiry,4223,V32P-A032788,0,0.35327273905277251,0.39322582483291624,0,0
retention_expiry,4224,V32P-A032789,0,0.27165274620056151,0.30082009732723236,0,0
retention_expiry,4225,V32P-A032790,0,0.11842028796672821,0.12277043908834458,0,0
retention_expiry,4226,V32P-A032821,0,0.60862225890159605,0.67061771154403682,0,1
retention_expiry,4227,V32P-A032822,0,0.44827798604965208,0.51421677470207217,0,0
retention_expiry,4228,V32P-A032823,0,0.37812432646751404,0.43786721229553222,0,0
retention_expiry,4229,V32P-A032824,0,0.28011015355587005,0.31636527180671692,0,0
retention_expiry,4230,V32P-A032825,0,0.21835374534130098,0.23819231986999512,0,0
retention_expiry,4231,V32P-A032826,0,0.093877403438091284,0.092470782995224002,0,0
retention_expiry,4232,V32P-A032863,0,0.78389313220977785,0.81322296857833865,1,1
retention_expiry,4233,V32P-A032864,0,0.71122076511383059,0.73425115346908565,1,1
retention_expiry,4234,V32P-A032865,0,0.66919314861297607,0.688962709903717,1,1
retention_expiry,4235,V32P-A032866,0,0.58689886331558228,0.60049299001693723,0,0
retention_expiry,4236,V32P-A032867,0,0.5235639214515686,0.53226167559623716,0,0
retention_expiry,4237,V32P-A032868,0,0.25712555646896362,0.24823237955570221,0,0
retention_expiry,4238,V32P-A032913,0,0.63228427171707158,0.6802168130874634,1,1
retention_expiry,4239,V32P-A032914,0,0.48009241223335264,0.54445866942405696,0,0
retention_expiry,4240,V32P-A032915,0,0.50275017619133,0.55366550087928768,0,0
retention_expiry,4241,V32P-A032916,0,0.2367354452610016,0.24901515245437622,0,0
retention_expiry,4242,V32P-A032941,0,0.68523385524749758,0.75557034015655522,1,1
retention_expiry,4243,V32P-A032942,0,0.6001488089561462,0.68578392267227173,0,1
retention_expiry,4244,V32P-A032943,0,0.56772556900978088,0.64506299495697017,0,1
retention_expiry,4245,V32P-A032944,0,0.50042659640312193,0.5675946950912476,0,0
retention_expiry,4246,V32P-A032945,0,0.41028457283973696,0.4602285623550415,0,0
retention_expiry,4247,V32P-A032946,0,0.18661131113767623,0.18688579052686691,0,0
retention_expiry,4248,V32P-A032965,1,0.58801835775375366,0.63209129571914668,0,1
retention_expiry,4249,V32P-A032966,1,0.50253732800483708,0.54004932045936582,0,0
retention_expiry,4250,V32P-A032967,1,0.52732841372489925,0.55166964530944829,0,0
retention_expiry,4251,V32P-A032968,0,0.072481878101825714,0.065703812241554263,0,0
retention_expiry,4252,V32P-A032969,0,0.060882684588432309,0.054363991320133212,0,0
retention_expiry,4253,V32P-A032970,0,0.027812663465738297,0.024132629111409187,0,0
retention_expiry,4254,V32P-A033009,0,0.71323355436325075,0.72993079423904417,1,1
retention_expiry,4255,V32P-A033010,1,0.63590894937515263,0.65909047126770015,1,1
retention_expiry,4256,V32P-A033011,0,0.1163635492324829,0.10438541546463967,0,0
retention_expiry,4257,V32P-A033012,0,0.053231305256485936,0.046542415767908095,0,0
retention_expiry,4258,V32P-A033028,0,0.44350790381431582,0.47712646722793578,0,0
retention_expiry,4259,V32P-A033029,0,0.34206882119178772,0.36196409463882445,0,0
retention_expiry,4260,V32P-A033030,0,0.14135137051343918,0.13450499027967452,0,0
retention_expiry,4261,V32P-A033049,0,0.53886575698852535,0.58492507934570315,0,0
retention_expiry,4262,V32P-A033050,0,0.41720222234725951,0.48854936361312867,0,0
retention_expiry,4263,V32P-A033051,0,0.47771979570388795,0.52070302963256831,0,0
retention_expiry,4264,V32P-A033052,0,0.38132562041282653,0.42503188848495482,0,0
retention_expiry,4265,V32P-A033053,0,0.28326631188392637,0.31353507637977601,0,0
retention_expiry,4266,V32P-A033054,0,0.11589763909578324,0.11492853611707687,0,0
retention_expiry,4267,V32P-A033067,0,0.66262282133102413,0.71093248128890996,1,1
retention_expiry,4268,V32P-A033068,0,0.69369719028472898,0.73751844167709346,1,1
retention_expiry,4269,V32P-A033069,0,0.7015481233596802,0.74218604564666746,1,1
retention_expiry,4270,V32P-A033070,0,0.68762788772583006,0.72485789060592654,1,1
retention_expiry,4271,V32P-A033071,0,0.65938254594802859,0.69225302934646604,1,1
retention_expiry,4272,V32P-A033072,0,0.063975290209054944,0.052484040707349779,0,0
retention_expiry,4273,V32P-A033079,0,0.58031890392303465,0.6177506566047668,0,0
retention_expiry,4274,V32P-A033080,0,0.40456525683403016,0.43721962571144102,0,0
retention_expiry,4275,V32P-A033081,0,0.4351935923099518,0.47132572531700134,0,0
retention_expiry,4276,V32P-A033082,0,0.27803806066513059,0.30063539743423462,0,0
retention_expiry,4277,V32P-A033083,1,0.22089037597179412,0.23425035476684569,0,0
retention_expiry,4278,V32P-A033084,0,0.019086621655151247,0.016474944585934282,0,0
retention_expiry,4279,V32P-A033124,0,0.39309221506118774,0.43457513451576235,0,0
retention_expiry,4280,V32P-A033125,0,0.34066565632820128,0.36767081618309022,0,0
retention_expiry,4281,V32P-A033126,0,0.17129078209400178,0.16930132806301118,0,0
retention_expiry,4282,V32P-A033145,1,0.76842077970504763,0.79760123491287227,1,1
retention_expiry,4283,V32P-A033146,1,0.59701931476593018,0.64536938667297361,0,1
retention_expiry,4284,V32P-A033147,1,0.48368647098541262,0.54671287536621094,0,0
retention_expiry,4285,V32P-A033148,0,0.096841973066329953,0.090583955496549601,0,0
retention_expiry,4286,V32P-A033149,0,0.065923025086522105,0.061071087047457694,0,0
retention_expiry,4287,V32P-A033150,0,0.026387108489871025,0.024041673541069029,0,0
retention_expiry,4288,V32P-A033190,0,0.55122661590576172,0.59690315723419185,0,0
retention_expiry,4289,V32P-A033191,0,0.48746650218963622,0.52778935432434082,0,0
retention_expiry,4290,V32P-A033192,0,0.26396079659461974,0.26112388372421264,0,0
retention_expiry,4291,V32P-A033201,0,0.662077271938324,0.69198178052902226,1,1
retention_expiry,4292,V32P-A033202,1,0.67147167921066286,0.69316529035568242,1,1
retention_expiry,4293,V32P-A033203,0,0.091492122411727911,0.07668412327766419,0,0
retention_expiry,4294,V32P-A033204,0,0.033225646242499352,0.02650722526013851,0,0
retention_expiry,4295,V32P-A033310,0,0.54911376237869258,0.56504065394401548,0,0
retention_expiry,4296,V32P-A033311,0,0.46374865770339968,0.47125924825668336,0,0
retention_expiry,4297,V32P-A033312,0,0.21815795153379441,0.2077534317970276,0,0
retention_expiry,4298,V32P-A033349,0,0.50842018127441402,0.590638792514801,0,0
retention_expiry,4299,V32P-A033350,0,0.49359534978866576,0.56859231591224668,0,0
retention_expiry,4300,V32P-A033351,0,0.45250455141067503,0.5210044324398041,0,0
retention_expiry,4301,V32P-A033352,0,0.52148700952529903,0.56887835264205933,0,0
retention_expiry,4302,V32P-A033353,0,0.30513940751552582,0.33622503280639648,0,0
retention_expiry,4303,V32P-A033354,0,0.023490902036428452,0.020961451064795255,0,0
retention_expiry,4304,V32P-A033406,0,0.44552975296974184,0.47553124427795412,0,0
retention_expiry,4305,V32P-A033407,0,0.37922526597976686,0.39719154238700866,0,0
retention_expiry,4306,V32P-A033408,0,0.17391450256109237,0.17049906104803086,0,0
retention_expiry,4307,V32P-A033465,0,0.45938517451286315,0.51581276059150694,0,0
retention_expiry,4308,V32P-A033466,0,0.40317977070808408,0.44728225469589233,0,0
retention_expiry,4309,V32P-A033467,0,0.407886403799057,0.44409036636352539,0,0
retention_expiry,4310,V32P-A033468,0,0.20886556506156922,0.20575242042541503,0,0
retention_expiry,4311,V32P-A033481,0,0.70032689571380613,0.70554010868072514,1,1
retention_expiry,4312,V32P-A033482,0,0.64438465833663938,0.66022144556045537,1,1
retention_expiry,4313,V32P-A033483,0,0.70933996438980107,0.71555184125900273,1,1
retention_expiry,4314,V32P-A033484,1,0.53716147541999815,0.54633026719093325,0,0
retention_expiry,4315,V32P-A033485,0,0.083916979283094412,0.07102564834058285,0,0
retention_expiry,4316,V32P-A033486,0,0.039886088669300081,0.032817600946873429,0,0
retention_expiry,4317,V32P-A033499,0,0.67428427934646606,0.69624024629592896,1,1
retention_expiry,4318,V32P-A033500,0,0.55468466281890871,0.59633052349090576,0,0
retention_expiry,4319,V32P-A033501,0,0.56552435159683223,0.60326852798461916,0,0
retention_expiry,4320,V32P-A033502,1,0.54446994066238408,0.57920690774917605,0,0
retention_expiry,4321,V32P-A033503,0,0.063632684946060183,0.058158487826585767,0,0
retention_expiry,4322,V32P-A033504,0,0.027889844868332146,0.024884554278105497,0,0
retention_expiry,4323,V32P-A033541,0,0.66123961210250859,0.71030019521713261,1,1
retention_expiry,4324,V32P-A033542,0,0.55645098686218264,0.61125698089599612,0,0
retention_expiry,4325,V32P-A033543,0,0.47307224869728087,0.52955563068389888,0,0
retention_expiry,4326,V32P-A033544,0,0.40733177661895753,0.46131360530853271,0,0
retention_expiry,4327,V32P-A033545,0,0.32618924081325529,0.36882699728012086,0,0
retention_expiry,4328,V32P-A033546,0,0.14611775875091554,0.14884648174047471,0,0
retention_expiry,4329,V32P-A033613,0,0.63120126724243164,0.67712107896804807,1,1
retention_expiry,4330,V32P-A033614,0,0.61985698938369749,0.66814166307449341,0,1
retention_expiry,4331,V32P-A033615,0,0.60503120422363277,0.65574148893356321,0,1
retention_expiry,4332,V32P-A033616,0,0.56805252432823183,0.62227547168731689,0,1
retention_expiry,4333,V32P-A033617,0,0.50627955794334412,0.56053991913795476,0,0
retention_expiry,4334,V32P-A033618,0,0.043921687826514247,0.039614548906683922,0,0
retention_expiry,4335,V32P-A033625,0,0.49914947152137756,0.55410922765731807,0,0
retention_expiry,4336,V32P-A033626,0,0.4062013804912567,0.45228800177574158,0,0
retention_expiry,4337,V32P-A033627,0,0.35877420604228971,0.38758760690689087,0,0
retention_expiry,4338,V32P-A033628,0,0.26928744316101072,0.28105662465095521,0,0
retention_expiry,4339,V32P-A033629,0,0.20104365348815917,0.20270665585994721,0,0
retention_expiry,4340,V32P-A033630,0,0.089924476295709613,0.082166776806116101,0,0
retention_expiry,4341,V32P-A033663,0,0.57014797329902644,0.58387474417686458,0,0
retention_expiry,4342,V32P-A033664,0,0.4813118577003479,0.50269967317581177,0,0
retention_expiry,4343,V32P-A033665,0,0.42335107922554016,0.44182047247886658,0,0
retention_expiry,4344,V32P-A033666,0,0.23349641263484955,0.22987950444221497,0,0
retention_expiry,4345,V32P-A033712,0,0.37829473614692688,0.38062369227409365,0,0
retention_expiry,4346,V32P-A033713,0,0.3121321052312851,0.30832084715366365,0,0
retention_expiry,4347,V32P-A033714,0,0.13247539401054381,0.12094069868326188,0,0
retention_expiry,4348,V32P-A033814,0,0.6209112346172333,0.64909228682518005,1,1
retention_expiry,4349,V32P-A033815,0,0.57924117445945744,0.59614067673683169,0,0
retention_expiry,4350,V32P-A033816,0,0.37643583416938781,0.36785248219966887,0,0
retention_expiry,4351,V32P-A033824,0,0.66228781938552861,0.70852220058441162,1,1
retention_expiry,4352,V32P-A033825,0,0.57086106538772585,0.63087694644927983,0,1
retention_expiry,4353,V32P-A033826,0,0.46876864433288573,0.53911122083663943,0,0
retention_expiry,4354,V32P-A033827,0,0.38164337277412413,0.44070627689361574,0,0
retention_expiry,4355,V32P-A033828,0,0.17052225172519683,0.17985849976539611,0,0
retention_expiry,4356,V32P-A033880,0,0.42050025463104246,0.44308480024337771,0,0
retention_expiry,4357,V32P-A033881,0,0.31538405716419221,0.3345616042613983,0,0
retention_expiry,4358,V32P-A033882,0,0.14071726202964782,0.1366774134337902,0,0
retention_expiry,4359,V32P-A033883,0,0.60049417018890383,0.66375652551650999,0,1
retention_expiry,4360,V32P-A033884,0,0.64037274122238164,0.68058423995971684,1,1
retention_expiry,4361,V32P-A033885,0,0.63274240493774414,0.65747791528701782,1,1
retention_expiry,4362,V32P-A033886,0,0.57908905148506162,0.59210648536682131,0,0
retention_expiry,4363,V32P-A033887,0,0.51240922212600704,0.51985507011413579,0,0
retention_expiry,4364,V32P-A033888,0,0.25418392121791838,0.24681196957826615,0,0
retention_expiry,4365,V32P-A033915,0,0.5991082072257996,0.61898838281631474,0,0
retention_expiry,4366,V32P-A033916,0,0.65521402955055241,0.66640347838401792,1,1
retention_expiry,4367,V32P-A033917,0,0.55611640810966489,0.55904186367988584,0,0
retention_expiry,4368,V32P-A033918,0,0.26032933294773103,0.24227631092071533,0,0
retention_expiry,4369,V32P-A033943,1,0.77863438129425044,0.80123573541641235,1,1
retention_expiry,4370,V32P-A033944,1,0.69561115503311155,0.72933205366134646,1,1
retention_expiry,4371,V32P-A033945,0,0.21608942002058029,0.20276348143815995,0,0
retention_expiry,4372,V32P-A033946,0,0.21585962027311326,0.19873721301555633,0,0
retention_expiry,4373,V32P-A033947,0,0.15038797706365586,0.13424650356173515,0,0
retention_expiry,4374,V32P-A033948,0,0.074708234146237368,0.064388181827962396,0,0
retention_expiry,4375,V32P-A033955,1,0.88807107210159297,0.90446532964706416,1,1
retention_expiry,4376,V32P-A033956,1,0.81657139062881468,0.82953587770462034,1,1
retention_expiry,4377,V32P-A033957,1,0.75225393772125249,0.75495619773864742,1,1
retention_expiry,4378,V32P-A033958,0,0.21564821451902388,0.18716000393033028,0,0
retention_expiry,4379,V32P-A033959,0,0.14871378391981124,0.12995201274752616,0,0
retention_expiry,4380,V32P-A033960,0,0.06182759962975979,0.053561236150562762,0,0
retention_expiry,4381,V32P-A033979,0,0.40139961242675781,0.45300055146217344,0,0
retention_expiry,4382,V32P-A033980,0,0.3684454381465912,0.42009261250495911,0,0
retention_expiry,4383,V32P-A033981,0,0.33985702395439149,0.38244631290435793,0,0
retention_expiry,4384,V32P-A033982,0,0.30172840952873231,0.32816296219825747,0,0
retention_expiry,4385,V32P-A033983,0,0.2455433875322342,0.25996500551700591,0,0
retention_expiry,4386,V32P-A033984,0,0.11384170353412629,0.10643695592880249,0,0
retention_expiry,4387,V32P-A033997,0,0.38377090692520144,0.42024983167648317,0,0
retention_expiry,4388,V32P-A033998,0,0.40629078745841979,0.43335089087486267,0,0
retention_expiry,4389,V32P-A033999,0,0.37774271965026857,0.39907811284065248,0,0
retention_expiry,4390,V32P-A034000,0,0.31168281137943266,0.31959947347640993,0,0
retention_expiry,4391,V32P-A034001,0,0.23946981728076935,0.23798395097255706,0,0
retention_expiry,4392,V32P-A034002,0,0.10643567889928818,0.097371255606412882,0,0
retention_expiry,4393,V32P-A034060,0,0.71853170394897459,0.73408794403076172,1,1
retention_expiry,4394,V32P-A034061,0,0.66138186454772951,0.6677850127220154,1,1
retention_expiry,4395,V32P-A034062,0,0.41403418779373169,0.37300439476966857,0,0
retention_expiry,4396,V32P-A034063,0,0.81608093976974483,0.83709468841552737,1,1
retention_expiry,4397,V32P-A034064,0,0.65686519145965572,0.69246376752853389,1,1
retention_expiry,4398,V32P-A034065,0,0.59641793370246887,0.63958292007446294,0,1
retention_expiry,4399,V32P-A034066,0,0.53530347943305967,0.58251982331275942,0,0
retention_expiry,4400,V32P-A034067,0,0.50107990503311162,0.54106729030609135,0,0
retention_expiry,4401,V32P-A034068,0,0.31322401463985444,0.32097495794296266,0,0
retention_expiry,4402,V32P-A034180,0,0.12953911572694779,0.11504995748400688,0,0
retention_expiry,4403,V32P-A034181,0,0.094144004210829732,0.084339401125907904,0,0
retention_expiry,4404,V32P-A034182,0,0.044210938178002833,0.039347265847027302,0,0
retention_expiry,4405,V32P-A034190,0,0.55775104165077205,0.61648459434509273,0,0
retention_expiry,4406,V32P-A034191,0,0.52889660596847532,0.58450454473495483,0,0
retention_expiry,4407,V32P-A034192,0,0.47806518077850341,0.53211507797241209,0,0
retention_expiry,4408,V32P-A034193,0,0.41874141693115235,0.46473669409751894,0,0
retention_expiry,4409,V32P-A034194,0,0.20317110121250154,0.20880198776721953,0,0
retention_expiry,4410,V32P-A034207,0,0.72985868453979497,0.76389375925064085,1,1
retention_expiry,4411,V32P-A034208,0,0.66360834836959837,0.69616274833679204,1,1
retention_expiry,4412,V32P-A034209,0,0.63146254420280457,0.6682952761650085,1,1
retention_expiry,4413,V32P-A034210,0,0.65422741174697874,0.67728825807571413,1,1
retention_expiry,4414,V32P-A034211,0,0.61731891036033626,0.6302806496620178,0,1
retention_expiry,4415,V32P-A034212,0,0.39116811454296113,0.36300176084041597,0,0
retention_expiry,4416,V32P-A034237,0,0.38652219176292418,0.461194372177124,0,0
retention_expiry,4417,V32P-A034238,0,0.32871356904506682,0.40110807716846464,0,0
retention_expiry,4418,V32P-A034239,0,0.2893973380327225,0.3554078549146652,0,0
retention_expiry,4419,V32P-A034240,0,0.26109905242919923,0.31503789722919462,0,0
retention_expiry,4420,V32P-A034241,0,0.19972134083509446,0.23376685231924058,0,0
retention_expiry,4421,V32P-A034242,0,0.096538994461297989,0.10099143758416176,0,0
retention_expiry,4422,V32P-A034321,0,0.3107371389865875,0.36178922057151797,0,0
retention_expiry,4423,V32P-A034322,0,0.32283389270305635,0.38043143451213834,0,0
retention_expiry,4424,V32P-A034323,0,0.28498040735721586,0.33936382532119752,0,0
retention_expiry,4425,V32P-A034324,0,0.22862085700035095,0.27242605984210966,0,0
retention_expiry,4426,V32P-A034325,0,0.18371097445487977,0.21702025532722474,0,0
retention_expiry,4427,V32P-A034326,0,0.07927937656641007,0.083981771767139432,0,0
retention_expiry,4428,V32P-A034384,0,0.4998746454715729,0.54778003692626953,0,0
retention_expiry,4429,V32P-A034385,0,0.48120208978652956,0.51521530747413635,0,0
retention_expiry,4430,V32P-A034386,0,0.22540866434574128,0.23064086139202117,0,0
retention_expiry,4431,V32P-A034444,0,0.42756233215332029,0.43664954304695131,0,0
retention_expiry,4432,V32P-A034445,0,0.34498105049133299,0.3487655371427536,0,0
retention_expiry,4433,V32P-A034446,0,0.17336718887090682,0.1666627123951912,0,0
retention_expiry,4434,V32P-A034521,0,0.46354057192802428,0.51455657482147221,0,0
retention_expiry,4435,V32P-A034522,0,0.37684029340744019,0.4181345820426941,0,0
retention_expiry,4436,V32P-A034523,0,0.30391412079334257,0.33319600224494933,0,0
retention_expiry,4437,V32P-A034524,0,0.031187892705202103,0.027907770685851575,0,0
retention_expiry,4438,V32P-A034573,0,0.61391041278839109,0.6627939701080322,0,1
retention_expiry,4439,V32P-A034574,0,0.54781562685966489,0.59546599388122556,0,0
retention_expiry,4440,V32P-A034575,0,0.49475720524787903,0.53439798951148987,0,0
retention_expiry,4441,V32P-A034576,0,0.45535624027252197,0.48208549618721008,0,0
retention_expiry,4442,V32P-A034577,0,0.38312876820564268,0.40284451842308044,0,0
retention_expiry,4443,V32P-A034578,0,0.18086276501417159,0.17949216663837433,0,0
retention_expiry,4444,V32P-A034579,0,0.77036535739898682,0.80952874422073362,1,1
retention_expiry,4445,V32P-A034580,0,0.61327151060104368,0.67197287082672119,0,1
retention_expiry,4446,V32P-A034581,0,0.5145600020885468,0.58749098181724546,0,0
retention_expiry,4447,V32P-A034582,0,0.48525469303131102,0.5478186309337616,0,0
retention_expiry,4448,V32P-A034583,0,0.46347643733024596,0.5155302047729492,0,0
retention_expiry,4449,V32P-A034584,0,0.2136214107275009,0.23184728026390075,0,0
retention_expiry,4450,V32P-A034594,0,0.61614806652069087,0.65094071626663208,0,1
retention_expiry,4451,V32P-A034595,0,0.55742706060409541,0.5878425180912018,0,0
retention_expiry,4452,V32P-A034596,0,0.28757998645305632,0.293402636051178,0,0
retention_expiry,4453,V32P-A034603,1,0.72132467031478886,0.74684225320816044,1,1
retention_expiry,4454,V32P-A034604,1,0.61084100008010866,0.64747923612594604,0,1
retention_expiry,4455,V32P-A034605,1,0.65365059375762935,0.68501178026199339,1,1
retention_expiry,4456,V32P-A034606,0,0.10837066471576691,0.099206938594579699,0,0
retention_expiry,4457,V32P-A034607,0,0.078658255934715274,0.071553774550557142,0,0
retention_expiry,4458,V32P-A034608,0,0.036594017781317233,0.03266234444454312,0,0
retention_expiry,4459,V32P-A034615,0,0.82266447544097898,0.85283337831497197,1,1
retention_expiry,4460,V32P-A034616,0,0.74687473773956303,0.78616889715194704,1,1
retention_expiry,4461,V32P-A034617,0,0.63227794766426082,0.68417921662330627,1,1
retention_expiry,4462,V32P-A034618,0,0.59782161712646487,0.64897390604019167,0,1
retention_expiry,4463,V32P-A034619,0,0.52123889923095701,0.56433930397033694,0,0
retention_expiry,4464,V32P-A034620,0,0.31714175641536713,0.32604580223560331,0,0
retention_expiry,4465,V32P-A034627,0,0.54290118217468264,0.57734351158142094,0,0
retention_expiry,4466,V32P-A034628,0,0.49648024439811705,0.52745321989059446,0,0
retention_expiry,4467,V32P-A034629,0,0.41322983503341676,0.43860005140304564,0,0
retention_expiry,4468,V32P-A034630,0,0.32322613000869749,0.34005904197692871,0,0
retention_expiry,4469,V32P-A034631,0,0.24950170516967773,0.2586036831140518,0,0
retention_expiry,4470,V32P-A034632,0,0.10251643359661103,0.099012639373540878,0,0
retention_expiry,4471,V32P-A034687,1,0.67771269083023067,0.6983012437820435,1,1
retention_expiry,4472,V32P-A034688,1,0.61964403390884404,0.63250782489776614,0,1
retention_expiry,4473,V32P-A034689,1,0.55103099346160889,0.55490573048591618,0,0
retention_expiry,4474,V32P-A034690,0,0.082483036071062082,0.073813235014677042,0,0
retention_expiry,4475,V32P-A034691,0,0.061289146542549133,0.054461317509412764,0,0
retention_expiry,4476,V32P-A034692,0,0.026580856926739217,0.023194538801908492,0,0
retention_expiry,4477,V32P-A034707,0,0.52594821453094487,0.55940102338790898,0,0
retention_expiry,4478,V32P-A034708,0,0.44533965587615965,0.47365612387657163,0,0
retention_expiry,4479,V32P-A034709,0,0.36048570275306702,0.38234056830406188,0,0
retention_expiry,4480,V32P-A034710,0,0.15854753851890563,0.15467689633369447,0,0
retention_expiry,4481,V32P-A034831,0,0.66478271484374996,0.69667162895202639,1,1
retention_expiry,4482,V32P-A034832,0,0.66339302062988281,0.68802430629730227,1,1
retention_expiry,4483,V32P-A034833,0,0.63683205842971802,0.65998727083206177,1,1
retention_expiry,4484,V32P-A034834,0,0.57685856819152836,0.59832152128219607,0,0
retention_expiry,4485,V32P-A034835,0,0.47171628475189209,0.48689571022987366,0,0
retention_expiry,4486,V32P-A034836,0,0.2009815365076065,0.18510206341743468,0,0
retention_expiry,4487,V32P-A034845,0,0.70305056571960445,0.73368941545486455,1,1
retention_expiry,4488,V32P-A034846,0,0.69240150451660154,0.71735975742340086,1,1
retention_expiry,4489,V32P-A034847,0,0.65455775260925297,0.67522211074829097,1,1
retention_expiry,4490,V32P-A034848,0,0.40491832494735719,0.39294769167900084,0,0
retention_expiry,4491,V32P-A034875,0,0.4618991196155548,0.51406533718109126,0,0
retention_expiry,4492,V32P-A034876,1,0.37585865259170531,0.40445349812507631,0,0
retention_expiry,4493,V32P-A034877,0,0.052284791320562365,0.047467683255672452,0,0
retention_expiry,4494,V32P-A034878,0,0.022182507626712322,0.019593899510800837,0,0
retention_expiry,4495,V32P-A035007,0,0.5925889134407043,0.6280067384243011,0,1
retention_expiry,4496,V32P-A035008,0,0.50890418887138367,0.54461795687675474,0,0
retention_expiry,4497,V32P-A035009,0,0.42468492984771727,0.46213873028755187,0,0
retention_expiry,4498,V32P-A035010,0,0.20786733031272889,0.21466284990310669,0,0
retention_expiry,4499,V32P-A035029,0,0.63183748722076416,0.6850682377815247,1,1
retention_expiry,4500,V32P-A035030,0,0.57751467227935793,0.62887070178985593,0,1
retention_expiry,4501,V32P-A035031,0,0.50775917768478396,0.55251690745353699,0,0
retention_expiry,4502,V32P-A035032,0,0.39330377280712125,0.41692516803741453,0,0
retention_expiry,4503,V32P-A035033,0,0.3170239984989166,0.32273323237895968,0,0
retention_expiry,4504,V32P-A035034,0,0.12870987355709076,0.11655953526496887,0,0
retention_expiry,4505,V32P-A035043,0,0.83049855232238767,0.83794732093811031,1,1
retention_expiry,4506,V32P-A035044,0,0.68865274190902714,0.68386088609695439,1,1
retention_expiry,4507,V32P-A035045,1,0.5716795027256012,0.55592707991600032,0,0
retention_expiry,4508,V32P-A035046,0,0.044687169045209883,0.037415534071624276,0,0
retention_expiry,4509,V32P-A035050,0,0.41419982314109804,0.47455621957778932,0,0
retention_expiry,4510,V32P-A035051,0,0.33119279742240904,0.37735914587974551,0,0
retention_expiry,4511,V32P-A035052,0,0.18325906097888947,0.18743079602718354,0,0
retention_expiry,4512,V32P-A035062,0,0.33895658850669863,0.36797621846199036,0,0
retention_expiry,4513,V32P-A035063,0,0.27935758531093596,0.29850164651870725,0,0
retention_expiry,4514,V32P-A035064,0,0.11978946030139923,0.11438630670309066,0,0
retention_expiry,4515,V32P-A035072,0,0.63735315799713133,0.6653953075408936,1,1
retention_expiry,4516,V32P-A035073,0,0.71696338653564451,0.74247699975967407,1,1
retention_expiry,4517,V32P-A035074,0,0.57947396636009219,0.58704358339309692,0,0
retention_expiry,4518,V32P-A035075,0,0.54473955035209654,0.54669064879417417,0,0
retention_expiry,4519,V32P-A035076,0,0.29418241679668428,0.27015494704246523,0,0
retention_expiry,4520,V32P-A035101,0,0.5200973689556122,0.59465600848197941,0,0
retention_expiry,4521,V32P-A035102,0,0.42687993049621581,0.51174884438514712,0,0
retention_expiry,4522,V32P-A035103,0,0.36969931721687316,0.45366090536117554,0,0
retention_expiry,4523,V32P-A035104,0,0.30425575971603391,0.37545748949050906,0,0
retention_expiry,4524,V32P-A035105,0,0.27695381939411162,0.33465280830860139,0,0
retention_expiry,4525,V32P-A035106,0,0.13812275677919389,0.1537490501999855,0,0
retention_expiry,4526,V32P-A035122,1,0.36977410316467285,0.38627054095268248,0,0
retention_expiry,4527,V32P-A035123,0,0.052861260995268819,0.047339052334427832,0,0
retention_expiry,4528,V32P-A035124,0,0.023711576405912638,0.019140867143869401,0,0
retention_expiry,4529,V32P-A035191,0,0.44320127964019773,0.47065790891647341,0,0
retention_expiry,4530,V32P-A035192,0,0.42587745785713194,0.45064467787742613,0,0
retention_expiry,4531,V32P-A035193,0,0.36455002427101135,0.38750381469726564,0,0
retention_expiry,4532,V32P-A035194,0,0.28915327191352846,0.30391137599945067,0,0
retention_expiry,4533,V32P-A035195,0,0.20213567316532136,0.20761446356773378,0,0
retention_expiry,4534,V32P-A035196,0,0.083261282742023462,0.077023898810148234,0,0
retention_expiry,4535,V32P-A035203,0,0.42556309103965761,0.46964582204818728,0,0
retention_expiry,4536,V32P-A035204,0,0.44474402666091917,0.48494478464126589,0,0
retention_expiry,4537,V32P-A035205,0,0.40788014531135558,0.44401739239692689,0,0
retention_expiry,4538,V32P-A035206,0,0.31856536269187929,0.34516603946685792,0,0
retention_expiry,4539,V32P-A035207,0,0.23895305395126343,0.25348913669586182,0,0
retention_expiry,4540,V32P-A035208,0,0.092241343855857846,0.090509442985057836,0,0
retention_expiry,4541,V32P-A035240,0,0.63117015361785889,0.67793434858322144,1,1
retention_expiry,4542,V32P-A035241,0,0.6219184398651123,0.65878695249557495,1,1
retention_expiry,4543,V32P-A035242,0,0.56553711891174319,0.59453781843185427,0,0
retention_expiry,4544,V32P-A035243,0,0.50810493826866154,0.52365552186965947,0,0
retention_expiry,4545,V32P-A035244,0,0.036719497293233871,0.029532161913812159,0,0
retention_expiry,4546,V32P-A035259,0,0.38245081007480619,0.45461757183074952,0,0
retention_expiry,4547,V32P-A035260,0,0.31786544919013976,0.37301859259605408,0,0
retention_expiry,4548,V32P-A035261,0,0.2594729155302048,0.29726421236991885,0,0
retention_expiry,4549,V32P-A035262,0,0.1288022667169571,0.13530228137969971,0,0
retention_expiry,4550,V32P-A035271,0,0.60531980991363521,0.62684092521667478,0,1
retention_expiry,4551,V32P-A035272,0,0.56506112813949583,0.57337332367897031,0,0
retention_expiry,4552,V32P-A035273,0,0.53043719530105593,0.53420305252075195,0,0
retention_expiry,4553,V32P-A035274,0,0.20162949115037918,0.19496869593858718,0,0
retention_expiry,4554,V32P-A035317,0,0.51891453862190251,0.57578803896903996,0,0
retention_expiry,4555,V32P-A035318,0,0.60070288181304932,0.63861775398254395,0,1
retention_expiry,4556,V32P-A035319,0,0.61100738048553471,0.63967561721801758,0,1
retention_expiry,4557,V32P-A035320,0,0.61903275251388545,0.63274978399276738,0,1
retention_expiry,4558,V32P-A035321,1,0.55970162749290464,0.56347987055778503,0,0
retention_expiry,4559,V32P-A035322,0,0.041808102279901505,0.036331376247107985,0,0
retention_expiry,4560,V32P-A035326,0,0.30351280272006986,0.32506934106349944,0,0
retention_expiry,4561,V32P-A035327,0,0.23470599204301834,0.24203066378831864,0,0
retention_expiry,4562,V32P-A035328,0,0.097836969792842871,0.091169937700033191,0,0
retention_expiry,4563,V32P-A035329,0,0.68003650903701784,0.69562585353851314,1,1
retention_expiry,4564,V32P-A035330,0,0.60178562402725222,0.62172396183013912,0,1
retention_expiry,4565,V32P-A035331,0,0.55864560604095459,0.580591744184494,0,0
retention_expiry,4566,V32P-A035332,0,0.57060167789459226,0.58532263040542598,0,0
retention_expiry,4567,V32P-A035333,0,0.46438493728637698,0.47611831426620482,0,0
retention_expiry,4568,V32P-A035334,0,0.27963823825120926,0.27651607841253278,0,0
retention_expiry,4569,V32P-A035336,0,0.52130796313285832,0.58992393016815181,0,0
retention_expiry,4570,V32P-A035337,0,0.57584233880043034,0.63434209823608401,0,1
retention_expiry,4571,V32P-A035338,0,0.51544643044471739,0.56389596462249758,0,0
retention_expiry,4572,V32P-A035339,0,0.43246783018112184,0.47301409244537351,0,0
retention_expiry,4573,V32P-A035340,0,0.25729404240846632,0.26111348420381547,0,0
retention_expiry,4574,V32P-A035389,0,0.76440546512603758,0.79717295169830327,1,1
retention_expiry,4575,V32P-A035390,0,0.69457513093948364,0.73027653694152828,1,1
retention_expiry,4576,V32P-A035391,0,0.64538968801498409,0.67791118621826174,1,1
retention_expiry,4577,V32P-A035392,0,0.59095126390457153,0.61579453945159912,0,0
retention_expiry,4578,V32P-A035393,0,0.56570509672164915,0.58214932680130005,0,0
retention_expiry,4579,V32P-A035394,0,0.29938481450080873,0.28665773272514344,0,0
retention_expiry,4580,V32P-A035491,0,0.8092049717903137,0.83191689252853396,1,1
retention_expiry,4581,V32P-A035492,0,0.80520085096359251,0.82479416131973271,1,1
retention_expiry,4582,V32P-A035493,0,0.66897302865982056,0.69042953252792361,1,1
retention_expiry,4583,V32P-A035494,0,0.59633077383041377,0.61597229242324825,0,0
retention_expiry,4584,V32P-A035495,1,0.51807395219802854,0.5370830833911896,0,0
retention_expiry,4585,V32P-A035496,0,0.042397345788776873,0.03584646377712488,0,0
retention_expiry,4586,V32P-A035545,0,0.74301528930664062,0.77481433153152468,1,1
retention_expiry,4587,V32P-A035546,0,0.68982026576995847,0.72042598724365237,1,1
retention_expiry,4588,V32P-A035547,0,0.68330377340316772,0.71398012638092045,1,1
retention_expiry,4589,V32P-A035548,0,0.63735434412956238,0.6694408655166626,1,1
retention_expiry,4590,V32P-A035549,1,0.58785696029663081,0.61046655774116521,0,0
retention_expiry,4591,V32P-A035550,0,0.052296015247702596,0.046460369415581224,0,0
retention_expiry,4592,V32P-A035590,0,0.62253193855285649,0.6590368270874023,1,1
retention_expiry,4593,V32P-A035591,0,0.5263254821300507,0.56172728538513184,0,0
retention_expiry,4594,V32P-A035592,0,0.27508840560913084,0.27577219605445863,0,0
retention_expiry,4595,V32P-A035593,0,0.77356488704681392,0.79471812248229978,1,1
retention_expiry,4596,V32P-A035594,0,0.67382827997207639,0.68294320106506345,1,1
retention_expiry,4597,V32P-A035595,0,0.61408782005310059,0.61510801315307617,0,0
retention_expiry,4598,V32P-A035596,0,0.52220122814178471,0.51898820400238033,0,0
retention_expiry,4599,V32P-A035597,0,0.49996894598007202,0.4903764843940735,0,0
retention_expiry,4600,V32P-A035598,0,0.25396239459514619,0.22646380662918092,0,0
retention_expiry,4601,V32P-A035629,0,0.53171801567077637,0.6089370012283325,0,0
retention_expiry,4602,V32P-A035630,0,0.54385185837745664,0.60992125272750852,0,0
retention_expiry,4603,V32P-A035631,0,0.59467546939849858,0.64280595779418948,0,1
retention_expiry,4604,V32P-A035632,0,0.45132718086242674,0.49617819190025331,0,0
retention_expiry,4605,V32P-A035633,0,0.41170402169227599,0.44547432661056519,0,0
retention_expiry,4606,V32P-A035634,0,0.03646163251250982,0.03281506709754467,0,0
retention_expiry,4607,V32P-A035661,0,0.51856946349143984,0.55334362387657166,0,0
retention_expiry,4608,V32P-A035662,0,0.43444310426712035,0.4691519498825073,0,0
retention_expiry,4609,V32P-A035663,0,0.33757691681385038,0.37105960547924044,0,0
retention_expiry,4610,V32P-A035664,0,0.025009135995060206,0.021770520228892566,0,0
retention_expiry,4611,V32P-A035678,0,0.74949011802673338,0.76599315404891966,1,1
retention_expiry,4612,V32P-A035679,0,0.76117020845413208,0.77376937866210938,1,1
retention_expiry,4613,V32P-A035680,0,0.72390191555023198,0.73048890829086299,1,1
retention_expiry,4614,V32P-A035681,0,0.65238280296325679,0.63890465497970583,1,1
retention_expiry,4615,V32P-A035682,0,0.40368333756923674,0.35876549482345582,0,0
retention_expiry,4616,V32P-A035690,0,0.46917397379875181,0.49855028390884398,0,0
retention_expiry,4617,V32P-A035691,0,0.5432003259658813,0.55122821331024174,0,0
retention_expiry,4618,V32P-A035692,0,0.34307663440704345,0.36281020045280454,0,0
retention_expiry,4619,V32P-A035693,0,0.25435671508312224,0.26739821732044222,0,0
retention_expiry,4620,V32P-A035694,0,0.10979885682463646,0.10248258113861083,0,0
retention_expiry,4621,V32P-A035745,0,0.4240250289440155,0.45794841051101687,0,0
retention_expiry,4622,V32P-A035746,0,0.35552745163440702,0.3839919686317444,0,0
retention_expiry,4623,V32P-A035747,0,0.34556564688682556,0.37418275475502016,0,0
retention_expiry,4624,V32P-A035748,0,0.15682393461465835,0.15350538343191147,0,0
retention_expiry,4625,V32P-A035749,0,0.65679560899734502,0.71344592571258547,1,1
retention_expiry,4626,V32P-A035750,0,0.59587883949279785,0.65637116432189946,0,1
retention_expiry,4627,V32P-A035751,0,0.55787897706031797,0.61964340209960933,0,0
retention_expiry,4628,V32P-A035752,0,0.49291852712631223,0.55777560472488408,0,0
retention_expiry,4629,V32P-A035753,0,0.41257531642913819,0.48170936703681944,0,0
retention_expiry,4630,V32P-A035754,0,0.2112666204571724,0.24558515399694442,0,0
retention_expiry,4631,V32P-A035764,0,0.38317663669586183,0.40776486694812775,0,0
retention_expiry,4632,V32P-A035765,0,0.34954434037208559,0.36238092184066772,0,0
retention_expiry,4633,V32P-A035766,0,0.17947927713394166,0.17836186811327934,0,0
retention_expiry,4634,V32P-A035767,0,0.64625231027603147,0.69391359090805049,1,1
retention_expiry,4635,V32P-A035768,0,0.63959714174270632,0.68190315961837766,1,1
retention_expiry,4636,V32P-A035769,0,0.60787883996963499,0.64270772933959963,0,1
retention_expiry,4637,V32P-A035770,0,0.55127440094947811,0.57864646911621098,0,0
retention_expiry,4638,V32P-A035771,0,0.46538062691688536,0.49112083315849303,0,0
retention_expiry,4639,V32P-A035772,0,0.2159169614315033,0.21655995547771453,0,0
retention_expiry,4640,V32P-A035797,0,0.43318282365798949,0.46273794174194338,0,0
retention_expiry,4641,V32P-A035798,0,0.34741917252540588,0.37746266722679139,0,0
retention_expiry,4642,V32P-A035799,0,0.27679614126682284,0.31867652833461763,0,0
retention_expiry,4643,V32P-A035800,0,0.24343672394752502,0.25743004679679871,0,0
retention_expiry,4644,V32P-A035801,0,0.18791671395301818,0.19163152277469636,0,0
retention_expiry,4645,V32P-A035802,0,0.090074682235717768,0.082261285930871966,0,0
retention_expiry,4646,V32P-A035827,0,0.46754160523414612,0.50209224224090576,0,0
retention_expiry,4647,V32P-A035828,0,0.35737457871437073,0.39322460293769834,0,0
retention_expiry,4648,V32P-A035829,0,0.30972074568271635,0.34031448662281039,0,0
retention_expiry,4649,V32P-A035830,0,0.24976709187030793,0.27063560783863067,0,0
retention_expiry,4650,V32P-A035831,0,0.21921826303005218,0.23204073309898376,0,0
retention_expiry,4651,V32P-A035832,0,0.12060949802398682,0.1172281950712204,0,0
retention_expiry,4652,V32P-A035836,0,0.34814357757568359,0.4058059513568878,0,0
retention_expiry,4653,V32P-A035837,1,0.25581397116184235,0.29338017702102659,0,0
retention_expiry,4654,V32P-A035838,0,0.023970350716263057,0.02240157136693597,0,0
retention_expiry,4655,V32P-A035887,0,0.35936750173568727,0.41844283342361449,0,0
retention_expiry,4656,V32P-A035888,0,0.35852491855621338,0.41462444067001342,0,0
retention_expiry,4657,V32P-A035889,0,0.31761134862899781,0.36442736089229583,0,0
retention_expiry,4658,V32P-A035890,0,0.25045843720436095,0.28111941516399386,0,0
retention_expiry,4659,V32P-A035891,0,0.19250470101833345,0.21131653934717179,0,0
retention_expiry,4660,V32P-A035892,0,0.08660311102867127,0.086086761206388474,0,0
retention_expiry,4661,V32P-A035971,0,0.4872491121292114,0.55210893750190737,0,0
retention_expiry,4662,V32P-A035972,0,0.3710749685764313,0.42853772044181826,0,0
retention_expiry,4663,V32P-A035973,0,0.29351916313171389,0.33490914106369019,0,0
retention_expiry,4664,V32P-A035974,0,0.2279855042695999,0.25096461176872253,0,0
retention_expiry,4665,V32P-A035975,0,0.17784487158060075,0.19101864695549012,0,0
retention_expiry,4666,V32P-A035976,0,0.072229496389627459,0.071705422550439837,0,0
retention_expiry,4667,V32P-A035985,0,0.48910558223724365,0.55517416596412661,0,0
retention_expiry,4668,V32P-A035986,0,0.48266791105270385,0.53931148648262028,0,0
retention_expiry,4669,V32P-A035987,0,0.45159984230995176,0.50117088556289668,0,0
retention_expiry,4670,V32P-A035988,0,0.03278427105396986,0.026485622674226762,0,0
retention_expiry,4671,V32P-A036022,0,0.29417038857936861,0.29868355393409729,0,0
retention_expiry,4672,V32P-A036023,0,0.2096990928053856,0.21820854991674424,0,0
retention_expiry,4673,V32P-A036024,0,0.087318657338619238,0.084538929909467694,0,0
retention_expiry,4674,V32P-A036043,0,0.6482528924942017,0.68886877298355098,1,1
retention_expiry,4675,V32P-A036044,0,0.63827759027481079,0.67637712955474849,1,1
retention_expiry,4676,V32P-A036045,0,0.58965588808059688,0.62798980474472044,0,1
retention_expiry,4677,V32P-A036046,0,0.52005794644355774,0.5555782794952393,0,0
retention_expiry,4678,V32P-A036047,0,0.43182961344718934,0.46057708859443663,0,0
retention_expiry,4679,V32P-A036048,0,0.031127914041280746,0.027479695901274682,0,0
retention_expiry,4680,V32P-A036241,0,0.4363421559333801,0.51726464629173274,0,0
retention_expiry,4681,V32P-A036242,0,0.44980061352252959,0.51465916931629185,0,0
retention_expiry,4682,V32P-A036243,0,0.49461924433708193,0.56266002655029301,0,0
retention_expiry,4683,V32P-A036244,0,0.36181704998016356,0.4200140953063965,0,0
retention_expiry,4684,V32P-A036245,1,0.2669853061437607,0.30285431146621705,0,0
retention_expiry,4685,V32P-A036246,0,0.020285887829959392,0.016871639154851438,0,0
retention_expiry,4686,V32P-A036253,0,0.65783568620681765,0.71441760063171389,1,1
retention_expiry,4687,V32P-A036254,0,0.58623068928718569,0.63895075321197514,0,1
retention_expiry,4688,V32P-A036255,0,0.46863116621971129,0.52254467010498051,0,0
retention_expiry,4689,V32P-A036256,0,0.4057974576950073,0.43739653825759889,0,0
retention_expiry,4690,V32P-A036257,0,0.32555077373981478,0.34489606022834779,0,0
retention_expiry,4691,V32P-A036258,0,0.14781703352928161,0.14365344047546386,0,0
retention_expiry,4692,V32P-A036265,0,0.47264745235443117,0.50918259024620061,0,0
retention_expiry,4693,V32P-A036266,0,0.39680286645889284,0.43134000301361086,0,0
retention_expiry,4694,V32P-A036267,0,0.36055504083633422,0.37983957529067991,0,0
retention_expiry,4695,V32P-A036268,0,0.27549080550670624,0.28669706583023069,0,0
retention_expiry,4696,V32P-A036269,0,0.23718920499086379,0.24291176199913025,0,0
retention_expiry,4697,V32P-A036270,0,0.10106615945696831,0.098291306942701342,0,0
retention_expiry,4698,V32P-A036307,0,0.40415672659873964,0.45147004127502444,0,0
retention_expiry,4699,V32P-A036308,0,0.43477046489715576,0.4742711901664734,0,0
retention_expiry,4700,V32P-A036309,0,0.42483663558959961,0.4598572075366974,0,0
retention_expiry,4701,V32P-A036310,0,0.36396054625511171,0.39201246500015258,0,0
retention_expiry,4702,V32P-A036311,0,0.29831911325454713,0.32046569883823395,0,0
retention_expiry,4703,V32P-A036312,0,0.13368922322988511,0.13364328742027282,0,0
retention_expiry,4704,V32P-A036313,0,0.38990098834037779,0.44166741371154783,0,0
retention_expiry,4705,V32P-A036314,0,0.4060947597026825,0.45372996330261228,0,0
retention_expiry,4706,V32P-A036315,0,0.39441622495651246,0.43274884819984438,0,0
retention_expiry,4707,V32P-A036316,0,0.33896442651748659,0.36929974555969236,0,0
retention_expiry,4708,V32P-A036317,0,0.27663737237453462,0.29824336767196657,0,0
retention_expiry,4709,V32P-A036318,0,0.12277485877275467,0.11676323860883712,0,0
retention_expiry,4710,V32P-A036332,0,0.51160198450088501,0.5609929740428925,0,0
retention_expiry,4711,V32P-A036333,0,0.46817076802253721,0.51251097917556765,0,0
retention_expiry,4712,V32P-A036334,0,0.38449198007583618,0.42508842945098879,0,0
retention_expiry,4713,V32P-A036335,0,0.29574860632419586,0.32727388441562655,0,0
retention_expiry,4714,V32P-A036336,0,0.1302884578704834,0.13379481434822083,0,0
retention_expiry,4715,V32P-A036364,0,0.29715062081813814,0.32139422297477721,0,0
retention_expiry,4716,V32P-A036365,0,0.21718110442161559,0.23347738683223723,0,0
retention_expiry,4717,V32P-A036366,0,0.10717325434088706,0.10444836243987084,0,0
retention_expiry,4718,V32P-A036601,0,0.50493054986000063,0.55667914748191838,0,0
retention_expiry,4719,V32P-A036602,0,0.46612897515296936,0.51367645859718325,0,0
retention_expiry,4720,V32P-A036603,0,0.40861793160438536,0.44832078814506532,0,0
retention_expiry,4721,V32P-A036604,0,0.31300166249275208,0.34259310960769651,0,0
retention_expiry,4722,V32P-A036605,0,0.23006639480590821,0.24765247404575347,0,0
retention_expiry,4723,V32P-A036606,0,0.090406243503093717,0.086046284437179571,0,0
retention_expiry,4724,V32P-A036643,0,0.53504571914672849,0.56411317586898801,0,0
retention_expiry,4725,V32P-A036644,0,0.46475053429603574,0.49773910045623782,0,0
retention_expiry,4726,V32P-A036645,0,0.5478555500507355,0.56999935507774357,0,0
retention_expiry,4727,V32P-A036646,0,0.48345004916191103,0.49953857064247131,0,0
retention_expiry,4728,V32P-A036647,0,0.32062669098377228,0.32851482629776002,0,0
retention_expiry,4729,V32P-A036648,0,0.13833654224872588,0.12954575717449188,0,0
retention_expiry,4730,V32P-A036673,0,0.52116292715072632,0.59340037107467647,0,0
retention_expiry,4731,V32P-A036674,0,0.42601121068000791,0.50799577832221987,0,0
retention_expiry,4732,V32P-A036675,0,0.40315725207328795,0.4764946222305298,0,0
retention_expiry,4733,V32P-A036676,0,0.34609078764915469,0.40407606363296511,0,0
retention_expiry,4734,V32P-A036677,0,0.26260938644409182,0.31917624473571776,0,0
retention_expiry,4735,V32P-A036678,0,0.12568575292825698,0.12631442844867707,0,0
retention_expiry,4736,V32P-A036685,0,0.48175673186779022,0.51809847056865688,0,0
retention_expiry,4737,V32P-A036686,0,0.43088885545730593,0.4708328664302826,0,0
retention_expiry,4738,V32P-A036687,0,0.38214443624019623,0.41678819954395296,0,0
retention_expiry,4739,V32P-A036688,0,0.3136965870857239,0.33722537755966187,0,0
retention_expiry,4740,V32P-A036689,0,0.25559704899787905,0.26783905923366547,0,0
retention_expiry,4741,V32P-A036690,0,0.11591093167662621,0.10941871777176856,0,0
retention_expiry,4742,V32P-A036703,0,0.65404813289642338,0.71060894727706914,1,1
retention_expiry,4743,V32P-A036704,0,0.54059966802597048,0.59132969379425049,0,0
retention_expiry,4744,V32P-A036705,0,0.47814517021179198,0.51752275824546812,0,0
retention_expiry,4745,V32P-A036706,0,0.41557345986366273,0.44054608941078188,0,0
retention_expiry,4746,V32P-A036707,0,0.32960968613624575,0.34653074741363527,0,0
retention_expiry,4747,V32P-A036708,0,0.13564504534006119,0.13103059232234954,0,0
retention_expiry,4748,V32P-A036718,0,0.11753510311245918,0.10780113935470581,0,0
retention_expiry,4749,V32P-A036719,0,0.078849394619464871,0.071240119263529772,0,0
retention_expiry,4750,V32P-A036720,0,0.035147136636078359,0.031064427550882102,0,0
retention_expiry,4751,V32P-A036733,0,0.49105418324470518,0.5414991617202759,0,0
retention_expiry,4752,V32P-A036734,0,0.46568520069122316,0.51429756283760075,0,0
retention_expiry,4753,V32P-A036735,0,0.4383078098297119,0.48118901848793028,0,0
retention_expiry,4754,V32P-A036736,0,0.37600491940975189,0.41116048395633698,0,0
retention_expiry,4755,V32P-A036737,0,0.34141666293144224,0.36400501132011415,0,0
retention_expiry,4756,V32P-A036738,0,0.02966737267561257,0.023929744446650147,0,0
retention_expiry,4757,V32P-A036795,1,0.42454500198364259,0.46288382411003115,0,0
retention_expiry,4758,V32P-A036796,0,0.0658722274005413,0.059155903384089471,0,0
retention_expiry,4759,V32P-A036797,0,0.051891674101352689,0.049345773458480832,0,0
retention_expiry,4760,V32P-A036798,0,0.023437596485018732,0.020025204215198756,0,0
retention_expiry,4761,V32P-A036811,1,0.7903347492218018,0.8220237731933594,1,1
retention_expiry,4762,V32P-A036812,1,0.73074623346328738,0.76091369390487673,1,1
retention_expiry,4763,V32P-A036813,0,0.14225474521517753,0.1333664834499359,0,0
retention_expiry,4764,V32P-A036814,0,0.10912776887416839,0.097480620443820956,0,0
retention_expiry,4765,V32P-A036815,0,0.08106450960040093,0.070317348837852484,0,0
retention_expiry,4766,V32P-A036816,0,0.036959104612469672,0.03108479790389538,0,0
retention_expiry,4767,V32P-A036820,0,0.098307055234909055,0.091114524751901627,0,0
retention_expiry,4768,V32P-A036821,0,0.078026869148015973,0.071345129609107966,0,0
retention_expiry,4769,V32P-A036822,0,0.034826767817139628,0.030681446753442289,0,0
retention_expiry,4770,V32P-A036919,1,0.54277061223983769,0.57915351390838621,0,0
retention_expiry,4771,V32P-A036920,1,0.47338677048683164,0.51007983088493347,0,0
retention_expiry,4772,V32P-A036921,1,0.39387475252151488,0.43159967660903931,0,0
retention_expiry,4773,V32P-A036922,0,0.052751379460096358,0.04548313096165657,0,0
retention_expiry,4774,V32P-A036923,0,0.03884909152984619,0.03322223573923111,0,0
retention_expiry,4775,V32P-A036924,0,0.017024996224790812,0.014325335435569287,0,0
retention_expiry,4776,V32P-A036949,0,0.46615719199180605,0.54076241850852969,0,0
retention_expiry,4777,V32P-A036950,0,0.41577904820442202,0.49377010464668275,0,0
retention_expiry,4778,V32P-A036951,0,0.36886817812919614,0.44675350189208984,0,0
retention_expiry,4779,V32P-A036952,0,0.30193158984184265,0.37197614908218385,0,0
retention_expiry,4780,V32P-A036953,0,0.24376293420791625,0.29528722763061521,0,0
retention_expiry,4781,V32P-A036954,0,0.12186604887247085,0.13154338598251342,0,0
retention_expiry,4782,V32P-A036967,0,0.49966114163398745,0.55086630582809448,0,0
retention_expiry,4783,V32P-A036968,0,0.61577171087265015,0.65430291891098025,0,1
retention_expiry,4784,V32P-A036969,0,0.53520122170448303,0.57118561267852785,0,0
retention_expiry,4785,V32P-A036970,0,0.46154433488845825,0.48911086320877073,0,0
retention_expiry,4786,V32P-A036971,0,0.38840122222900392,0.40694363713264464,0,0
retention_expiry,4787,V32P-A036972,0,0.20020030289888383,0.19430991858243943,0,0
retention_expiry,4788,V32P-A037023,0,0.49563552141189576,0.53546186685562136,0,0
retention_expiry,4789,V32P-A037024,0,0.43057651519775392,0.45911475419998171,0,0
retention_expiry,4790,V32P-A037025,0,0.34126970767974851,0.35714446902275088,0,0
retention_expiry,4791,V32P-A037026,0,0.14492665976285934,0.13498598188161851,0,0
retention_expiry,4792,V32P-A037057,0,0.69410985708236694,0.72904692888259892,1,1
retention_expiry,4793,V32P-A037058,0,0.47388736009597776,0.54553039073944087,0,0
retention_expiry,4794,V32P-A037059,0,0.48709653019905091,0.54404858350753782,0,0
retention_expiry,4795,V32P-A037060,0,0.41578863859176635,0.46376849412918092,0,0
retention_expiry,4796,V32P-A037061,0,0.32928985953330991,0.36544146537780764,0,0
retention_expiry,4797,V32P-A037062,0,0.022847939934581517,0.019795157760381699,0,0
retention_expiry,4798,V32P-A037069,1,0.71589899063110352,0.72592535018920901,1,1
retention_expiry,4799,V32P-A037070,1,0.62437324523925786,0.63801405429840086,1,1
retention_expiry,4800,V32P-A037071,1,0.57604965567588806,0.58457371592521667,0,0
retention_expiry,4801,V32P-A037072,0,0.10137740708887577,0.083826890215277672,0,0
retention_expiry,4802,V32P-A037073,0,0.072375653684139257,0.059036320075392723,0,0
retention_expiry,4803,V32P-A037074,0,0.03161955922842026,0.025652488879859447,0,0
retention_expiry,4804,V32P-A037081,0,0.67737225294113157,0.70832315683364866,1,1
retention_expiry,4805,V32P-A037082,0,0.64171887636184688,0.67485866546630857,1,1
retention_expiry,4806,V32P-A037083,0,0.62778533697128291,0.65700145959854128,1,1
retention_expiry,4807,V32P-A037084,0,0.5764925897121429,0.59579843282699585,0,0
retention_expiry,4808,V32P-A037085,0,0.50826786160469051,0.5161947548389435,0,0
retention_expiry,4809,V32P-A037086,0,0.27485974133014679,0.25620318055152891,0,0
retention_expiry,4810,V32P-A037135,0,0.48969177007675169,0.54967821240425108,0,0
retention_expiry,4811,V32P-A037136,0,0.48103124499320982,0.539421159029007,0,0
retention_expiry,4812,V32P-A037137,0,0.48160602450370787,0.53508056402206416,0,0
retention_expiry,4813,V32P-A037138,0,0.4238158702850342,0.469352251291275,0,0
retention_expiry,4814,V32P-A037139,0,0.3546983778476715,0.38592971563339235,0,0
retention_expiry,4815,V32P-A037140,0,0.16576072573661804,0.15803025364875795,0,0
retention_expiry,4816,V32P-A037183,0,0.83314803838729856,0.85309175252914426,1,1
retention_expiry,4817,V32P-A037184,0,0.75508071184158321,0.78545532226562498,1,1
retention_expiry,4818,V32P-A037185,0,0.73829571008682249,0.76793003082275391,1,1
retention_expiry,4819,V32P-A037186,0,0.67927600145339961,0.71085268259048462,1,1
retention_expiry,4820,V32P-A037187,0,0.63528448343276978,0.66529312133789065,1,1
retention_expiry,4821,V32P-A037188,0,0.42808151245117188,0.43383308053016661,0,0
retention_expiry,4822,V32P-A037201,0,0.68093438148498531,0.7175771236419678,1,1
retention_expiry,4823,V32P-A037202,0,0.59008127450942993,0.62166087627410893,0,1
retention_expiry,4824,V32P-A037203,0,0.61135269403457637,0.63519335985183711,0,1
retention_expiry,4825,V32P-A037204,0,0.56777079701423649,0.58119037747383118,0,0
retention_expiry,4826,V32P-A037205,0,0.47954376339912413,0.48301078081130983,0,0
retention_expiry,4827,V32P-A037206,0,0.2294626146554947,0.21268379092216491,0,0
retention_expiry,4828,V32P-A037237,1,0.82394739389419558,0.84134018421173096,1,1
retention_expiry,4829,V32P-A037238,1,0.68081462383270264,0.70443518161773677,1,1
retention_expiry,4830,V32P-A037239,1,0.58795194625854497,0.61623804569244389,0,0
retention_expiry,4831,V32P-A037240,0,0.15656744241714476,0.1466558925807476,0,0
retention_expiry,4832,V32P-A037241,0,0.094138361513614655,0.08500770665705204,0,0
retention_expiry,4833,V32P-A037242,0,0.044402608834207061,0.039325745124369857,0,0
retention_expiry,4834,V32P-A037342,0,0.091996805369853968,0.083283423632383349,0,0
retention_expiry,4835,V32P-A037343,0,0.076054760068655011,0.068227458000183108,0,0
retention_expiry,4836,V32P-A037344,0,0.03759239986538887,0.033429604768753049,0,0
retention_expiry,4837,V32P-A037357,1,0.61395950317382808,0.62459590435028078,0,1
retention_expiry,4838,V32P-A037358,1,0.5541606724262238,0.56669315695762634,0,0
retention_expiry,4839,V32P-A037359,1,0.48819788098335265,0.49814108610153196,0,0
retention_expiry,4840,V32P-A037360,0,0.074559711292386061,0.064311991259455678,0,0
retention_expiry,4841,V32P-A037361,0,0.056580996885895726,0.048222592845559117,0,0
retention_expiry,4842,V32P-A037362,0,0.025499633420258759,0.02170896753668785,0,0
retention_expiry,4843,V32P-A037365,0,0.52796056866645813,0.55591470003128052,0,0
retention_expiry,4844,V32P-A037366,0,0.42809637188911437,0.44562023878097534,0,0
retention_expiry,4845,V32P-A037367,0,0.34431165456771851,0.35103880167007445,0,0
retention_expiry,4846,V32P-A037368,0,0.16154464334249496,0.15280493050813676,0,0
retention_expiry,4847,V32P-A037408,0,0.11763904541730881,0.10293586105108261,0,0
retention_expiry,4848,V32P-A037409,0,0.087729308009147647,0.075362687557935709,0,0
retention_expiry,4849,V32P-A037410,0,0.042529362812638284,0.036124888062477115,0,0
retention_expiry,4850,V32P-A037489,0,0.49586809873580934,0.55358096957206726,0,0
retention_expiry,4851,V32P-A037490,0,0.46637526750564573,0.52257748842239382,0,0
retention_expiry,4852,V32P-A037491,0,0.48713755011558535,0.53949689865112305,0,0
retention_expiry,4853,V32P-A037492,1,0.45242584943771363,0.49325559735298158,0,0
retention_expiry,4854,V32P-A037493,0,0.067639964073896414,0.055532324314117434,0,0
retention_expiry,4855,V32P-A037494,0,0.030891835689544678,0.02467451523989439,0,0
retention_expiry,4856,V32P-A037579,0,0.74174877405166628,0.76992013454437258,1,1
retention_expiry,4857,V32P-A037580,0,0.68356065750122075,0.72221416234970093,1,1
retention_expiry,4858,V32P-A037581,0,0.66120158433914189,0.68774462938308711,1,1
retention_expiry,4859,V32P-A037582,0,0.61421864628791811,0.63206329941749573,0,1
retention_expiry,4860,V32P-A037583,0,0.54191235899925227,0.54962053298950198,0,0
retention_expiry,4861,V32P-A037584,0,0.29131406247615815,0.28235716819763185,0,0
retention_expiry,4862,V32P-A037711,0,0.64385187029838564,0.65333246588706972,1,1
retention_expiry,4863,V32P-A037712,0,0.51310818195343022,0.53257014751434328,0,0
retention_expiry,4864,V32P-A037713,0,0.43109118342399599,0.45679796934127809,0,0
retention_expiry,4865,V32P-A037714,0,0.35663853287696839,0.37925627231597903,0,0
retention_expiry,4866,V32P-A037715,0,0.28280962854623792,0.29561194032430649,0,0
retention_expiry,4867,V32P-A037716,0,0.12945555374026299,0.12616723254323006,0,0
retention_expiry,4868,V32P-A037726,0,0.41615548729896545,0.42533908486366273,0,0
retention_expiry,4869,V32P-A037727,0,0.34695248901844022,0.35102546513080596,0,0
retention_expiry,4870,V32P-A037728,0,0.15528732389211655,0.14782992005348206,0,0
retention_expiry,4871,V32P-A037762,0,0.37312620580196382,0.41298607587814329,0,0
retention_expiry,4872,V32P-A037763,0,0.30080519914627074,0.32939028739929199,0,0
retention_expiry,4873,V32P-A037764,0,0.12927216291427612,0.13006319254636764,0,0
retention_expiry,4874,V32P-A037784,0,0.45211031436920168,0.52463863492012019,0,0
retention_expiry,4875,V32P-A037785,0,0.3792619049549103,0.44084930419921875,0,0
retention_expiry,4876,V32P-A037786,0,0.28429962694644928,0.32148836255073548,0,0
retention_expiry,4877,V32P-A037787,0,0.22589854896068573,0.24605063796043397,0,0
retention_expiry,4878,V32P-A037788,0,0.095718523859977728,0.097279495745897296,0,0
retention_expiry,4879,V32P-A037819,0,0.78786566257476809,0.811681079864502,1,1
retention_expiry,4880,V32P-A037820,0,0.71836305856704707,0.7475262522697449,1,1
retention_expiry,4881,V32P-A037821,0,0.70508877038955686,0.72869943380355839,1,1
retention_expiry,4882,V32P-A037822,0,0.65641190409660344,0.67193199396133418,1,1
retention_expiry,4883,V32P-A037823,0,0.67677011489868166,0.70255899429321289,1,1
retention_expiry,4884,V32P-A037824,0,0.061948467418551444,0.055124484375119208,0,0
retention_expiry,4885,V32P-A037867,0,0.49632973074913023,0.57584649324417114,0,0
retention_expiry,4886,V32P-A037868,0,0.51920179128646848,0.59120898842811587,0,0
retention_expiry,4887,V32P-A037869,0,0.44324517250061035,0.51623358726501467,0,0
retention_expiry,4888,V32P-A037870,0,0.38768394887447355,0.44207730889320374,0,0
retention_expiry,4889,V32P-A037871,1,0.33412894308567048,0.37196843028068544,0,0
retention_expiry,4890,V32P-A037872,0,0.039100534282624722,0.035630896687507629,0,0
retention_expiry,4891,V32P-A037873,1,0.64938895702362065,0.67170081138610838,1,1
retention_expiry,4892,V32P-A037874,1,0.60649781227111821,0.62639333009719844,0,1
retention_expiry,4893,V32P-A037875,1,0.48567879199981689,0.5094030499458313,0,0
retention_expiry,4894,V32P-A037876,0,0.072987669706344599,0.066304882243275645,0,0
retention_expiry,4895,V32P-A037877,0,0.055070943012833593,0.049650294706225395,0,0
retention_expiry,4896,V32P-A037878,0,0.023846232518553733,0.021322720916941762,0,0
retention_expiry,4897,V32P-A037951,0,0.83382419347763059,0.85234031677246092,1,1
retention_expiry,4898,V32P-A037952,0,0.70531780719757076,0.72202877998352055,1,1
retention_expiry,4899,V32P-A037953,0,0.65723321437835691,0.67794663906097408,1,1
retention_expiry,4900,V32P-A037954,0,0.62209247350692753,0.6468011736869812,1,1
retention_expiry,4901,V32P-A037955,0,0.61416305303573604,0.63827248811721804,0,1
retention_expiry,4902,V32P-A037956,0,0.29165233671665192,0.28180465698242185,0,0
retention_expiry,4903,V32P-A037989,1,0.51862728595733643,0.54179373979568479,0,0
retention_expiry,4904,V32P-A037990,0,0.071060154959559446,0.06081684045493603,0,0
retention_expiry,4905,V32P-A037991,0,0.05399500150233507,0.045394666306674478,0,0
retention_expiry,4906,V32P-A037992,0,0.023491090070456265,0.019234341848641635,0,0
retention_expiry,4907,V32P-A038017,0,0.76812589168548584,0.79846286773681641,1,1
retention_expiry,4908,V32P-A038018,0,0.66576881408691402,0.70619122982025151,1,1
retention_expiry,4909,V32P-A038019,0,0.72764035463333132,0.75735507011413572,1,1
retention_expiry,4910,V32P-A038020,0,0.68720413446426387,0.71358792781829838,1,1
retention_expiry,4911,V32P-A038021,0,0.64859616756439209,0.66576256752014162,1,1
retention_expiry,4912,V32P-A038022,0,0.43455938696861268,0.43430070281028749,0,0
retention_expiry,4913,V32P-A038089,0,0.85147733688354488,0.87398756742477413,1,1
retention_expiry,4914,V32P-A038090,0,0.65152949094772339,0.7029477477073669,1,1
retention_expiry,4915,V32P-A038091,0,0.6453756630420685,0.6877282500267029,1,1
retention_expiry,4916,V32P-A038092,0,0.65676432847976685,0.69264870882034302,1,1
retention_expiry,4917,V32P-A038093,0,0.51830372810363767,0.55668497681617735,0,0
retention_expiry,4918,V32P-A038094,0,0.054460071399807929,0.048256720416247845,0,0
retention_expiry,4919,V32P-A038185,0,0.77168303728103638,0.78202830553054814,1,1
retention_expiry,4920,V32P-A038186,0,0.74771163463592527,0.76242896318435671,1,1
retention_expiry,4921,V32P-A038187,0,0.63234815597534177,0.63629165887832639,1,1
retention_expiry,4922,V32P-A038188,0,0.49938184618949888,0.50848343968391418,0,0
retention_expiry,4923,V32P-A038189,0,0.40939952731132506,0.4199880689382553,0,0
retention_expiry,4924,V32P-A038190,0,0.21987279951572419,0.21876148730516434,0,0
retention_expiry,4925,V32P-A038260,0,0.58240169286727905,0.60535983443260188,0,0
retention_expiry,4926,V32P-A038261,0,0.47085250020027158,0.49245404601097109,0,0
retention_expiry,4927,V32P-A038262,0,0.21907493174076081,0.21881427764892578,0,0
retention_expiry,4928,V32P-A038263,0,0.65085451602935795,0.67741796970367429,1,1
retention_expiry,4929,V32P-A038264,0,0.61873273849487309,0.64230827093124387,0,1
retention_expiry,4930,V32P-A038265,0,0.60055806636810305,0.61547796726226811,0,0
retention_expiry,4931,V32P-A038266,0,0.53373925685882573,0.54056298732757568,0,0
retention_expiry,4932,V32P-A038267,0,0.44976616501808164,0.44906613230705261,0,0
retention_expiry,4933,V32P-A038268,0,0.20386799275875092,0.18972488045692443,0,0
retention_expiry,4934,V32P-A038347,1,0.76107029914855961,0.80130400657653811,1,1
retention_expiry,4935,V32P-A038348,1,0.66449155807495119,0.71754077672958372,1,1
retention_expiry,4936,V32P-A038349,1,0.59142625331878662,0.64831157922744753,0,1
retention_expiry,4937,V32P-A038350,0,0.16216492801904678,0.14684964418411256,0,0
retention_expiry,4938,V32P-A038351,0,0.095043238252401352,0.083350719511508936,0,0
retention_expiry,4939,V32P-A038352,0,0.038881434313952926,0.032408312521874906,0,0
retention_expiry,4940,V32P-A038359,0,0.71942857503890989,0.75043603181838991,1,1
retention_expiry,4941,V32P-A038360,0,0.55483713150024416,0.59430093765258785,0,0
retention_expiry,4942,V32P-A038361,0,0.45338639616966248,0.50186396837234493,0,0
retention_expiry,4943,V32P-A038362,0,0.49364275932312013,0.53434482812881468,0,0
retention_expiry,4944,V32P-A038363,0,0.44955209493637083,0.48337993025779724,0,0
retention_expiry,4945,V32P-A038364,0,0.16015509068965911,0.15645023584365844,0,0
retention_expiry,4946,V32P-A038367,0,0.54662712216377263,0.58209047317504881,0,0
retention_expiry,4947,V32P-A038368,0,0.49640060663223268,0.5222101151943207,0,0
retention_expiry,4948,V32P-A038369,0,0.40426966845989226,0.4209256708621979,0,0
retention_expiry,4949,V32P-A038370,0,0.1954682469367981,0.18801821470260621,0,0
retention_expiry,4950,V32P-A038397,0,0.57335392832756038,0.58842321634292605,0,0
retention_expiry,4951,V32P-A038398,0,0.33325338363647461,0.36940326094627379,0,0
retention_expiry,4952,V32P-A038399,0,0.27210260331630709,0.29769278168678281,0,0
retention_expiry,4953,V32P-A038400,0,0.12202727645635605,0.12266404330730438,0,0
retention_expiry,4954,V32P-A038443,0,0.71727898120880129,0.74409749507904055,1,1
retention_expiry,4955,V32P-A038444,0,0.58674225807189939,0.6200801014900208,0,1
retention_expiry,4956,V32P-A038445,0,0.56351354122161867,0.5969930052757263,0,0
retention_expiry,4957,V32P-A038446,0,0.46812092661857607,0.50002893805503845,0,0
retention_expiry,4958,V32P-A038447,0,0.39398191571235658,0.42308499813079836,0,0
retention_expiry,4959,V32P-A038448,0,0.17682670503854753,0.17818537801504136,0,0
retention_expiry,4960,V32P-A038511,0,0.41498709321022031,0.4823728144168854,0,0
retention_expiry,4961,V32P-A038512,0,0.3417414128780365,0.39353373050689699,0,0
retention_expiry,4962,V32P-A038513,0,0.26840144991874693,0.30574106574058535,0,0
retention_expiry,4963,V32P-A038514,0,0.12247320413589477,0.12870369106531143,0,0
retention_expiry,4964,V32P-A038599,0,0.70778779983520512,0.73653600215911863,1,1
retention_expiry,4965,V32P-A038600,0,0.56666833162307739,0.61659302711486819,0,0
retention_expiry,4966,V32P-A038601,0,0.60594439506530762,0.64744498729705813,0,1
retention_expiry,4967,V32P-A038602,0,0.56662368178367617,0.60261791348457339,0,0
retention_expiry,4968,V32P-A038603,0,0.51067873239517214,0.53700780868530273,0,0
retention_expiry,4969,V32P-A038604,0,0.29824281334877012,0.28693589866161345,0,0
retention_expiry,4970,V32P-A038607,0,0.47956294417381284,0.53510980606079106,0,0
retention_expiry,4971,V32P-A038608,0,0.4284697651863098,0.47056888341903685,0,0
retention_expiry,4972,V32P-A038609,0,0.33493947982788086,0.35697993636131287,0,0
retention_expiry,4973,V32P-A038610,0,0.15279570072889329,0.145741368830204,0,0
retention_expiry,4974,V32P-A038626,0,0.067532455921173101,0.060673765465617181,0,0
retention_expiry,4975,V32P-A038627,0,0.049802432954311374,0.043951891362667084,0,0
retention_expiry,4976,V32P-A038628,0,0.022388826310634612,0.019114493299275635,0,0
retention_expiry,4977,V32P-A038653,0,0.6782761812210083,0.69985219240188601,1,1
retention_expiry,4978,V32P-A038654,0,0.52709269523620605,0.56189414262771609,0,0
retention_expiry,4979,V32P-A038655,0,0.64907670021057129,0.67307978868484497,1,1
retention_expiry,4980,V32P-A038656,0,0.54334955811500552,0.54997254014015196,0,0
retention_expiry,4981,V32P-A038657,1,0.39698896408081052,0.40291049480438235,0,0
retention_expiry,4982,V32P-A038658,0,0.032439430989325044,0.026676393765956163,0,0
retention_expiry,4983,V32P-A038674,0,0.77775070667266843,0.79898526668548586,1,1
retention_expiry,4984,V32P-A038675,1,0.78556662797927856,0.80144016742706303,1,1
retention_expiry,4985,V32P-A038676,0,0.094763074070215225,0.083581990376114843,0,0
retention_expiry,4986,V32P-A038714,1,0.6926257729530334,0.71988022327423096,1,1
retention_expiry,4987,V32P-A038715,1,0.66778956651687627,0.67764066457748418,1,1
retention_expiry,4988,V32P-A038716,0,0.10674748420715333,0.090659125894308093,0,0
retention_expiry,4989,V32P-A038717,0,0.074224830418825147,0.063335442915558815,0,0
retention_expiry,4990,V32P-A038718,0,0.032091602869331839,0.027268187701702119,0,0
retention_expiry,4991,V32P-A038775,0,0.55458269119262693,0.58072441816329956,0,0
retention_expiry,4992,V32P-A038776,0,0.46540040969848634,0.4986953318119049,0,0
retention_expiry,4993,V32P-A038777,0,0.43438957333564759,0.46003533005714414,0,0
retention_expiry,4994,V32P-A038778,0,0.1564703956246376,0.15801624655723573,0,0
retention_expiry,4995,V32P-A038779,0,0.62792986631393433,0.69885625839233401,1,1
retention_expiry,4996,V32P-A038780,0,0.70710557699203491,0.76031726598739624,1,1
retention_expiry,4997,V32P-A038781,0,0.73350744247436528,0.77645339965820315,1,1
retention_expiry,4998,V32P-A038782,0,0.69978717565536497,0.73812645673751831,1,1
retention_expiry,4999,V32P-A038783,1,0.68213416337966915,0.70864040851593013,1,1
retention_expiry,5000,V32P-A038784,0,0.13040223643183707,0.12723974157124757,0,0
retention_expiry,5001,V32P-A038911,1,0.78195731639862065,0.81859060525894167,1,1
retention_expiry,5002,V32P-A038912,1,0.70463377237319946,0.75531525611877437,1,1
retention_expiry,5003,V32P-A038913,0,0.21609964966773987,0.21340807527303696,0,0
retention_expiry,5004,V32P-A038914,0,0.16134444177150725,0.15326456129550933,0,0
retention_expiry,5005,V32P-A038915,0,0.11579515561461448,0.1072332352399826,0,0
retention_expiry,5006,V32P-A038916,0,0.047824269346892836,0.042786947824060916,0,0
retention_expiry,5007,V32P-A038943,0,0.40847499370574952,0.46083261370658873,0,0
retention_expiry,5008,V32P-A038944,0,0.41713316440582277,0.45785914063453675,0,0
retention_expiry,5009,V32P-A038945,0,0.38983620703220367,0.41785375475883485,0,0
retention_expiry,5010,V32P-A038946,0,0.16564850509166718,0.15780590623617172,0,0
retention_expiry,5011,V32P-A039013,1,0.72088454961776738,0.75223170518875127,1,1
retention_expiry,5012,V32P-A039014,1,0.64331072568893433,0.68489171266555782,1,1
retention_expiry,5013,V32P-A039015,1,0.58436343669891355,0.6205052971839905,0,1
retention_expiry,5014,V32P-A039016,0,0.1354980781674385,0.12799432575702668,0,0
retention_expiry,5015,V32P-A039017,0,0.088254971057176584,0.082222884893417364,0,0
retention_expiry,5016,V32P-A039018,0,0.03618247527629137,0.03281733654439449,0,0
retention_expiry,5017,V32P-A039031,0,0.62743915319442745,0.68699736595153804,1,1
retention_expiry,5018,V32P-A039032,0,0.53087922930717468,0.60125535130500796,0,0
retention_expiry,5019,V32P-A039033,0,0.47263930439949037,0.54377258419990537,0,0
retention_expiry,5020,V32P-A039034,0,0.45471006035804751,0.52234638333320615,0,0
retention_expiry,5021,V32P-A039035,1,0.34259103536605834,0.40705390572547911,0,0
retention_expiry,5022,V32P-A039036,0,0.030740574281662703,0.027116576861590146,0,0
retention_expiry,5023,V32P-A039061,0,0.54142301678657534,0.56269586682319639,0,0
retention_expiry,5024,V32P-A039062,0,0.33762755095958707,0.37091420590877533,0,0
retention_expiry,5025,V32P-A039063,0,0.35410364270210265,0.37208787202835081,0,0
retention_expiry,5026,V32P-A039064,0,0.26316921412944794,0.27060839533805847,0,0
retention_expiry,5027,V32P-A039065,0,0.19427368342876433,0.19466671347618103,0,0
retention_expiry,5028,V32P-A039066,0,0.080104118585586553,0.071173395961523056,0,0
retention_expiry,5029,V32P-A039121,0,0.79942260980606084,0.82856155633926387,1,1
retention_expiry,5030,V32P-A039122,0,0.68402776718139646,0.72271342277526851,1,1
retention_expiry,5031,V32P-A039123,0,0.60152232646942139,0.64686398506164555,0,1
retention_expiry,5032,V32P-A039124,0,0.62642722129821782,0.67113087177276609,1,1
retention_expiry,5033,V32P-A039125,0,0.49502338767051696,0.53599644899368282,0,0
retention_expiry,5034,V32P-A039126,0,0.29209908843040466,0.29097915291786192,0,0
retention_expiry,5035,V32P-A039175,0,0.69695540666580202,0.72920610904693606,1,1
retention_expiry,5036,V32P-A039176,0,0.56519303321838377,0.60737676620483394,0,0
retention_expiry,5037,V32P-A039177,0,0.48773183226585387,0.52550534605979915,0,0
retention_expiry,5038,V32P-A039178,0,0.39611582756042479,0.42914494872093201,0,0
retention_expiry,5039,V32P-A039179,0,0.37818339467048645,0.39683927595615387,0,0
retention_expiry,5040,V32P-A039180,0,0.10851880013942719,0.107742690294981,0,0
retention_expiry,5041,V32P-A039199,0,0.77133990526199336,0.79605544805526729,1,1
retention_expiry,5042,V32P-A039200,0,0.66799645423889165,0.68986953496932979,1,1
retention_expiry,5043,V32P-A039201,0,0.58657478094100957,0.6207195520401001,0,1
retention_expiry,5044,V32P-A039202,0,0.52420290112495427,0.56027165055274963,0,0
retention_expiry,5045,V32P-A039203,0,0.49529772996902466,0.52818436622619624,0,0
retention_expiry,5046,V32P-A039204,0,0.19499023407697677,0.20142230093479158,0,0
retention_expiry,5047,V32P-A039232,0,0.57106860876083376,0.60316737890243532,0,0
retention_expiry,5048,V32P-A039233,1,0.47456057071685792,0.5113611161708832,0,0
retention_expiry,5049,V32P-A039234,0,0.031757873296737668,0.027788995765149593,0,0
retention_expiry,5050,V32P-A039262,0,0.53350099921226501,0.56099705696105961,0,0
retention_expiry,5051,V32P-A039263,0,0.4603188097476959,0.49810339808464049,0,0
retention_expiry,5052,V32P-A039264,0,0.19138159453868867,0.18391194045543671,0,0
retention_expiry,5053,V32P-A039337,0,0.60754559636116023,0.64978014826774599,0,1
retention_expiry,5054,V32P-A039338,0,0.42235792279243467,0.47302457094192507,0,0
retention_expiry,5055,V32P-A039339,0,0.39414995312690737,0.43925877809524538,0,0
retention_expiry,5056,V32P-A039340,0,0.43900474905967712,0.47852193713188174,0,0
retention_expiry,5057,V32P-A039341,0,0.39185212254524232,0.41951365470886232,0,0
retention_expiry,5058,V32P-A039342,0,0.18997824341058731,0.18628466129302979,0,0
retention_expiry,5059,V32P-A039355,0,0.59837155342102055,0.65133635997772221,0,1
retention_expiry,5060,V32P-A039356,0,0.58291008472442629,0.6270743250846863,0,1
retention_expiry,5061,V32P-A039357,0,0.45952654480934141,0.52363012433052059,0,0
retention_expiry,5062,V32P-A039358,0,0.42078810632228852,0.44247796833515168,0,0
retention_expiry,5063,V32P-A039359,0,0.31249875128269194,0.32538530528545379,0,0
retention_expiry,5064,V32P-A039360,0,0.13161848336458207,0.12793951779603957,0,0
retention_expiry,5065,V32P-A039409,0,0.51445668935775757,0.55528967976570132,0,0
retention_expiry,5066,V32P-A039410,0,0.5916231751441956,0.61909400820732119,0,0
retention_expiry,5067,V32P-A039411,0,0.64953961372375491,0.66634373664855961,1,1
retention_expiry,5068,V32P-A039412,1,0.61343593001365659,0.62500114440917964,0,1
retention_expiry,5069,V32P-A039413,0,0.084308607876300817,0.076541251689195636,0,0
retention_expiry,5070,V32P-A039414,0,0.04274859391152859,0.038704514037817717,0,0
retention_expiry,5071,V32P-A039463,0,0.73255257606506352,0.74954342842102051,1,1
retention_expiry,5072,V32P-A039464,0,0.68713915348052979,0.70194095373153687,1,1
retention_expiry,5073,V32P-A039465,0,0.60408092737197872,0.62195465564727781,0,1
retention_expiry,5074,V32P-A039466,0,0.51970211863517757,0.54204661846160884,0,0
retention_expiry,5075,V32P-A039467,1,0.43064083456993102,0.45249902606010439,0,0
retention_expiry,5076,V32P-A039468,0,0.03121773023158312,0.027147299610078335,0,0
retention_expiry,5077,V32P-A039487,0,0.67684735059738155,0.70746860504150388,1,1
retention_expiry,5078,V32P-A039488,0,0.54203253388404848,0.58484380245208745,0,0
retention_expiry,5079,V32P-A039489,0,0.4933429002761841,0.53094618916511538,0,0
retention_expiry,5080,V32P-A039490,0,0.41536426544189453,0.44093555212020874,0,0
retention_expiry,5081,V32P-A039491,0,0.31014227569103242,0.32740384638309478,0,0
retention_expiry,5082,V32P-A039492,0,0.13676689118146895,0.13586468994617462,0,0
retention_expiry,5083,V32P-A039541,0,0.82736785411834712,0.84645887613296511,1,1
retention_expiry,5084,V32P-A039542,0,0.70079314708709717,0.71083190441131594,1,1
retention_expiry,5085,V32P-A039543,0,0.71716914176940916,0.73635697364807129,1,1
retention_expiry,5086,V32P-A039544,0,0.606449818611145,0.60838675498962402,0,0
retention_expiry,5087,V32P-A039545,0,0.54200112223625185,0.54304013848304744,0,0
retention_expiry,5088,V32P-A039546,0,0.27549015581607816,0.25870887935161591,0,0
retention_expiry,5089,V32P-A039565,0,0.44852098822593689,0.54493907690048216,0,0
retention_expiry,5090,V32P-A039566,0,0.43087359666824343,0.51911358833312993,0,0
retention_expiry,5091,V32P-A039567,0,0.39441998600959777,0.47429481744766233,0,0
retention_expiry,5092,V32P-A039568,0,0.3508866846561432,0.41670348048210143,0,0
retention_expiry,5093,V32P-A039569,0,0.28805918991565704,0.33711698651313782,0,0
retention_expiry,5094,V32P-A039570,0,0.1415746182203293,0.15118767619132994,0,0
retention_expiry,5095,V32P-A039577,0,0.74618172645568848,0.77333633899688725,1,1
retention_expiry,5096,V32P-A039578,0,0.64652353525161743,0.67496854066848755,1,1
retention_expiry,5097,V32P-A039579,0,0.56580845117568968,0.59115270376205442,0,0
retention_expiry,5098,V32P-A039580,0,0.44925150275230408,0.46969476938247678,0,0
retention_expiry,5099,V32P-A039581,0,0.35844785571098325,0.36742177605628967,0,0
retention_expiry,5100,V32P-A039582,0,0.14609714746475219,0.13495845645666121,0,0
retention_expiry,5101,V32P-A039583,0,0.7004962205886841,0.7280835628509521,1,1
retention_expiry,5102,V32P-A039584,0,0.46392074823379514,0.50328012704849245,0,0
retention_expiry,5103,V32P-A039585,0,0.4884496867656708,0.52038980722427364,0,0
retention_expiry,5104,V32P-A039586,0,0.3702275216579437,0.3952001452445984,0,0
retention_expiry,5105,V32P-A039587,0,0.28825641274452207,0.30465246737003326,0,0
retention_expiry,5106,V32P-A039588,0,0.12032661586999893,0.11726082712411881,0,0
retention_expiry,5107,V32P-A039601,0,0.58994038105010982,0.62913868427276609,0,1
retention_expiry,5108,V32P-A039602,0,0.47760379314422607,0.52965213060379024,0,0
retention_expiry,5109,V32P-A039603,0,0.44809724688529967,0.48521739840507505,0,0
retention_expiry,5110,V32P-A039604,0,0.35251007080078123,0.3741899788379669,0,0
retention_expiry,5111,V32P-A039605,0,0.26838153004646303,0.27990551292896271,0,0
retention_expiry,5112,V32P-A039606,0,0.11303971856832504,0.10867634862661361,0,0
retention_expiry,5113,V32P-A039661,0,0.63770920038223267,0.66691001653671267,1,1
retention_expiry,5114,V32P-A039662,0,0.58255468606948857,0.62374180555343628,0,1
retention_expiry,5115,V32P-A039663,0,0.52216082811355591,0.57009403109550472,0,0
retention_expiry,5116,V32P-A039664,1,0.43535148501396181,0.48256413340568544,0,0
retention_expiry,5117,V32P-A039665,0,0.081428741291165355,0.07464179843664169,0,0
retention_expiry,5118,V32P-A039666,0,0.038872447796165943,0.035317586734890938,0,0
retention_expiry,5119,V32P-A039681,0,0.4773113250732422,0.53885637521743779,0,0
retention_expiry,5120,V32P-A039682,0,0.37744789123535155,0.42457042932510375,0,0
retention_expiry,5121,V32P-A039683,0,0.30571393370628358,0.33566826581954956,0,0
retention_expiry,5122,V32P-A039684,0,0.12397372275590897,0.12197108268737793,0,0
retention_expiry,5123,V32P-A039704,0,0.67080551385879517,0.6898704886436462,1,1
retention_expiry,5124,V32P-A039705,0,0.61092070341110227,0.62994356155395503,0,1
retention_expiry,5125,V32P-A039706,0,0.56571240425109859,0.57597119808197017,0,0
retention_expiry,5126,V32P-A039707,0,0.46897376775741578,0.47292038202285769,0,0
retention_expiry,5127,V32P-A039708,0,0.22384865283966066,0.21334408372640609,0,0
retention_expiry,5128,V32P-A039739,0,0.67333741188049312,0.70815221071243284,1,1
retention_expiry,5129,V32P-A039740,0,0.6744255900382996,0.70716148614883423,1,1
retention_expiry,5130,V32P-A039741,0,0.69491788148880007,0.72399711608886719,1,1
retention_expiry,5131,V32P-A039742,0,0.63890846967697146,0.66235091686248782,1,1
retention_expiry,5132,V32P-A039743,0,0.58989414572715759,0.61047388911247258,0,0
retention_expiry,5133,V32P-A039744,0,0.36038191616535187,0.34621472060680392,0,0
retention_expiry,5134,V32P-A039769,0,0.69074536561965938,0.73965179920196533,1,1
retention_expiry,5135,V32P-A039770,0,0.64743063449859617,0.69749362468719478,1,1
retention_expiry,5136,V32P-A039771,0,0.61309676170349126,0.66352431178092952,0,1
retention_expiry,5137,V32P-A039772,0,0.56628900170326235,0.61358696818351743,0,0
retention_expiry,5138,V32P-A039773,0,0.4948743522167206,0.5324236214160919,0,0
retention_expiry,5139,V32P-A039774,0,0.22792111635208129,0.23512475490570067,0,0
retention_expiry,5140,V32P-A039814,1,0.55724681019783018,0.59580624699592588,0,0
retention_expiry,5141,V32P-A039815,0,0.058826009556651113,0.052244236692786217,0,0
retention_expiry,5142,V32P-A039816,0,0.024902808852493762,0.021542679890990256,0,0
retention_expiry,5143,V32P-A039841,0,0.59548090696334843,0.61063866615295415,0,0
retention_expiry,5144,V32P-A039842,0,0.48282608389854431,0.50511274933814998,0,0
retention_expiry,5145,V32P-A039843,0,0.44601469039916991,0.46694741845130922,0,0
retention_expiry,5146,V32P-A039844,0,0.37724593877792356,0.39287370443344116,0,0
retention_expiry,5147,V32P-A039845,0,0.29939340054988861,0.30737827420234681,0,0
retention_expiry,5148,V32P-A039846,0,0.14018624275922775,0.13308305889368058,0,0
retention_expiry,5149,V32P-A039862,0,0.32781905531883238,0.35734172165393829,0,0
retention_expiry,5150,V32P-A039863,0,0.25928516089916231,0.27936376333236695,0,0
retention_expiry,5151,V32P-A039864,0,0.11287540197372437,0.10701288282871246,0,0
retention_expiry,5152,V32P-A039877,0,0.78797075748443601,0.82748469114303591,1,1
retention_expiry,5153,V32P-A039878,0,0.68811513185501094,0.74003837108612058,1,1
retention_expiry,5154,V32P-A039879,0,0.62340192794799809,0.67928788661956785,1,1
retention_expiry,5155,V32P-A039880,0,0.57490290999412541,0.62904509305953982,0,1
retention_expiry,5156,V32P-A039881,0,0.54053118228912356,0.59062650799751282,0,0
retention_expiry,5157,V32P-A039882,0,0.28211267292499542,0.29429639577865602,0,0
retention_expiry,5158,V32P-A039895,0,0.49178498387336733,0.57228370904922488,0,0
retention_expiry,5159,V32P-A039896,0,0.56099409461021421,0.62084376811981201,0,1
retention_expiry,5160,V32P-A039897,0,0.54504035711288457,0.5912915110588074,0,0
retention_expiry,5161,V32P-A039898,0,0.48214573860168458,0.51696971654891966,0,0
retention_expiry,5162,V32P-A039899,0,0.37189561724662779,0.39571623206138612,0,0
retention_expiry,5163,V32P-A039900,0,0.16299780458211899,0.15640356093645097,0,0
retention_expiry,5164,V32P-A039901,0,0.34271445870399475,0.39878020286560056,0,0
retention_expiry,5165,V32P-A039902,0,0.34270785450935365,0.39479498863220214,0,0
retention_expiry,5166,V32P-A039903,0,0.36892487406730651,0.42160977721214293,0,0
retention_expiry,5167,V32P-A039904,0,0.2858177125453949,0.31672942042350771,0,0
retention_expiry,5168,V32P-A039905,0,0.20357727259397507,0.23017002344131471,0,0
retention_expiry,5169,V32P-A039906,0,0.10885556191205978,0.1048358753323555,0,0
retention_expiry,5170,V32P-A039910,0,0.52512845396995544,0.56259975433349607,0,0
retention_expiry,5171,V32P-A039911,0,0.35391834974288938,0.38686393499374389,0,0
retention_expiry,5172,V32P-A039912,0,0.1536061868071556,0.15543179512023925,0,0
retention_expiry,5173,V32P-A039931,0,0.36740549504756925,0.45544711053371428,0,0
retention_expiry,5174,V32P-A039932,0,0.46107062697410583,0.52927900552749629,0,0
retention_expiry,5175,V32P-A039933,0,0.4303189992904663,0.50130193233489995,0,0
retention_expiry,5176,V32P-A039934,0,0.36314699649810789,0.43392699360847475,0,0
retention_expiry,5177,V32P-A039935,1,0.28634962439537048,0.34200385510921477,0,0
retention_expiry,5178,V32P-A039936,0,0.02201482029631734,0.018021960463374852,0,0
retention_expiry,5179,V32P-A040005,0,0.52092108130455017,0.54226497411727903,0,0
retention_expiry,5180,V32P-A040006,0,0.42626070976257324,0.43576168417930605,0,0
retention_expiry,5181,V32P-A040007,0,0.33662193119525907,0.33591483235359193,0,0
retention_expiry,5182,V32P-A040008,0,0.14490453302860259,0.13684496879577637,0,0
retention_expiry,5183,V32P-A040101,0,0.37891678810119628,0.425864577293396,0,0
retention_expiry,5184,V32P-A040102,0,0.31567249298095701,0.35036370754241941,0,0
retention_expiry,5185,V32P-A040103,0,0.25027377009391782,0.27354232072830198,0,0
retention_expiry,5186,V32P-A040104,0,0.11516799479722976,0.11663003340363502,0,0
retention_expiry,5187,V32P-A040129,0,0.63545490503311153,0.67472522258758549,1,1
retention_expiry,5188,V32P-A040130,0,0.60457489490509031,0.64705106019973757,0,1
retention_expiry,5189,V32P-A040131,0,0.64649463891983028,0.68674352169036867,1,1
retention_expiry,5190,V32P-A040132,0,0.63009055852890017,0.67050310373306277,1,1
retention_expiry,5191,V32P-A040133,0,0.55304607152938845,0.58065496087074275,0,0
retention_expiry,5192,V32P-A040134,0,0.28976891338825228,0.27958102524280548,0,0
retention_expiry,5193,V32P-A040168,0,0.57836261987686155,0.59682165980339053,0,0
retention_expiry,5194,V32P-A040169,1,0.48950709700584411,0.50514689683914182,0,0
retention_expiry,5195,V32P-A040170,0,0.03956849109381437,0.032940801884979012,0,0
retention_expiry,5196,V32P-A040184,0,0.69295768737792973,0.73041234016418455,1,1
retention_expiry,5197,V32P-A040185,0,0.53712963461875918,0.59141222238540647,0,0
retention_expiry,5198,V32P-A040186,0,0.44185684919357299,0.49297693967819212,0,0
retention_expiry,5199,V32P-A040187,1,0.38589692711830137,0.42600006461143491,0,0
retention_expiry,5200,V32P-A040188,0,0.034771048557013275,0.030074492003768681,0,0
retention_expiry,5201,V32P-A040195,0,0.73561824560165401,0.77043670415878296,1,1
retention_expiry,5202,V32P-A040196,0,0.65238031148910525,0.69659624099731443,1,1
retention_expiry,5203,V32P-A040197,0,0.56264530420303349,0.62142541408538821,0,1
retention_expiry,5204,V32P-A040198,0,0.5137922465801239,0.57119519710540767,0,0
retention_expiry,5205,V32P-A040199,0,0.40493795275688171,0.45444317460060119,0,0
retention_expiry,5206,V32P-A040200,0,0.20989688038825988,0.22668383419513702,0,0
retention_expiry,5207,V32P-A040231,0,0.68511579036712644,0.69313164949417116,1,1
retention_expiry,5208,V32P-A040232,0,0.52760657668113708,0.53994270563125613,0,0
retention_expiry,5209,V32P-A040233,0,0.42743557393550874,0.44891316592693331,0,0
retention_expiry,5210,V32P-A040234,0,0.35167107582092283,0.37338331937789915,0,0
retention_expiry,5211,V32P-A040235,0,0.31802610754966737,0.33311575651168823,0,0
retention_expiry,5212,V32P-A040236,0,0.14080874919891356,0.1379556693136692,0,0
retention_expiry,5213,V32P-A040240,0,0.38469043374061584,0.42280800342559816,0,0
retention_expiry,5214,V32P-A040241,1,0.30493403971195221,0.32657186985015868,0,0
retention_expiry,5215,V32P-A040242,0,0.024587693437933923,0.021152860019356012,0,0
retention_expiry,5216,V32P-A040255,0,0.40096750259399416,0.44345867037773135,0,0
retention_expiry,5217,V32P-A040256,0,0.41663011908531189,0.4561991333961487,0,0
retention_expiry,5218,V32P-A040257,0,0.40305314064025877,0.44129253029823301,0,0
retention_expiry,5219,V32P-A040258,0,0.34507706165313723,0.37566437721252444,0,0
retention_expiry,5220,V32P-A040259,0,0.27054929435253144,0.28690973222255706,0,0
retention_expiry,5221,V32P-A040260,0,0.12180451154708863,0.11456127613782882,0,0
retention_expiry,5222,V32P-A040297,0,0.65034853219985966,0.67812645435333252,1,1
retention_expiry,5223,V32P-A040298,0,0.43872715234756471,0.47162297964096067,0,0
retention_expiry,5224,V32P-A040299,0,0.32877230346202851,0.35636809170246125,0,0
retention_expiry,5225,V32P-A040300,0,0.24626098573207855,0.26351240575313567,0,0
retention_expiry,5226,V32P-A040301,0,0.23354289233684539,0.24168804585933684,0,0
retention_expiry,5227,V32P-A040302,0,0.094552960991859433,0.088842374086380002,0,0
retention_expiry,5228,V32P-A040315,1,0.76487119197845455,0.79569747447967532,1,1
retention_expiry,5229,V32P-A040316,1,0.77773908376693723,0.81047730445861821,1,1
retention_expiry,5230,V32P-A040317,1,0.58862431645393376,0.63377740383148196,0,1
retention_expiry,5231,V32P-A040318,0,0.161599949747324,0.14605756551027299,0,0
retention_expiry,5232,V32P-A040319,0,0.12463989481329918,0.11284844726324081,0,0
retention_expiry,5233,V32P-A040320,0,0.061077900044620034,0.055500322580337526,0,0
retention_expiry,5234,V32P-A040377,0,0.53325057625770567,0.5524943888187408,0,0
retention_expiry,5235,V32P-A040378,0,0.46488137841224669,0.46794889569282533,0,0
retention_expiry,5236,V32P-A040379,0,0.37566867470741272,0.36965889930725099,0,0
retention_expiry,5237,V32P-A040380,0,0.026248754374682902,0.022197487857192756,0,0
retention_expiry,5238,V32P-A040389,0,0.437365198135376,0.49726024866104124,0,0
retention_expiry,5239,V32P-A040390,0,0.38611181974411013,0.43902119398117068,0,0
retention_expiry,5240,V32P-A040391,0,0.32251420319080354,0.366633278131485,0,0
retention_expiry,5241,V32P-A040392,0,0.15987493544816972,0.16321906447410583,0,0
retention_expiry,5242,V32P-A040402,0,0.61867659091949467,0.66311562061309814,0,1
retention_expiry,5243,V32P-A040403,0,0.46198366284370423,0.50272513031959531,0,0
retention_expiry,5244,V32P-A040404,0,0.20050497651100158,0.20941197127103806,0,0
retention_expiry,5245,V32P-A040477,0,0.48894842267036437,0.57403550744056697,0,0
retention_expiry,5246,V32P-A040478,0,0.53071419596672054,0.59770815968513491,0,0
retention_expiry,5247,V32P-A040479,0,0.51553145051002502,0.57774441838264468,0,0
retention_expiry,5248,V32P-A040480,0,0.4458304286003113,0.50059061646461489,0,0
retention_expiry,5249,V32P-A040481,0,0.38391586542129519,0.42527820467948912,0,0
retention_expiry,5250,V32P-A040482,0,0.19522427171468734,0.20063351094722748,0,0
retention_expiry,5251,V32P-A040527,1,0.55041169524192812,0.59576388597488406,0,0
retention_expiry,5252,V32P-A040528,0,0.081259343400597567,0.07712870389223099,0,0
retention_expiry,5253,V32P-A040529,0,0.059938776865601541,0.056317679211497308,0,0
retention_expiry,5254,V32P-A040530,0,0.026604995317757129,0.023874698113650082,0,0
retention_expiry,5255,V32P-A040597,0,0.70773599147796629,0.75876606702804561,1,1
retention_expiry,5256,V32P-A040598,0,0.71517181396484375,0.77113288640975952,1,1
retention_expiry,5257,V32P-A040599,0,0.66282742023468022,0.71647680997848506,1,1
retention_expiry,5258,V32P-A040600,0,0.57449979782104488,0.63085688352584834,0,1
retention_expiry,5259,V32P-A040601,0,0.48605117201805115,0.53364875316619875,0,0
retention_expiry,5260,V32P-A040602,0,0.23707042336463929,0.24567285776138306,0,0
retention_expiry,5261,V32P-A040609,0,0.33948612809181211,0.4203668713569641,0,0
retention_expiry,5262,V32P-A040610,0,0.32470022737979887,0.40639889538288115,0,0
retention_expiry,5263,V32P-A040611,0,0.28458017110824585,0.36195085644721986,0,0
retention_expiry,5264,V32P-A040612,0,0.23067457526922225,0.29992542415857315,0,0
retention_expiry,5265,V32P-A040613,0,0.17941089123487472,0.23465509265661239,0,0
retention_expiry,5266,V32P-A040614,0,0.084677686542272562,0.097567326575517657,0,0
retention_expiry,5267,V32P-A040711,1,0.54352076649665837,0.60615525245666502,0,0
retention_expiry,5268,V32P-A040712,1,0.51513925194740295,0.5732041597366333,0,0
retention_expiry,5269,V32P-A040713,0,0.083987171202898031,0.080142760276794428,0,0
retention_expiry,5270,V32P-A040714,0,0.073696346394717699,0.070012898556888109,0,0
retention_expiry,5271,V32P-A040715,0,0.052082171477377412,0.047342849709093568,0,0
retention_expiry,5272,V32P-A040716,0,0.024262757506221533,0.020235965866595505,0,0
retention_expiry,5273,V32P-A040741,0,0.66482460498809814,0.71583223342895508,1,1
retention_expiry,5274,V32P-A040742,0,0.46315801739692686,0.5257038295269012,0,0
retention_expiry,5275,V32P-A040743,0,0.40349584817886353,0.46551982164382932,0,0
retention_expiry,5276,V32P-A040744,0,0.31935743689537049,0.36890173554420469,0,0
retention_expiry,5277,V32P-A040745,0,0.24985242187976836,0.28191921412944793,0,0
retention_expiry,5278,V32P-A040746,0,0.11446172595024109,0.11327905356884002,0,0
retention_expiry,5279,V32P-A040753,0,0.59779875278472905,0.65779774188995366,0,1
retention_expiry,5280,V32P-A040754,0,0.45873284339904785,0.51364760398864751,0,0
retention_expiry,5281,V32P-A040755,0,0.38861294388771056,0.43012502789497375,0,0
retention_expiry,5282,V32P-A040756,0,0.42138866782188417,0.45927975773811341,0,0
retention_expiry,5283,V32P-A040757,0,0.32861105203628538,0.35443209707736967,0,0
retention_expiry,5284,V32P-A040758,0,0.16216300278902054,0.16069191843271255,0,0
retention_expiry,5285,V32P-A040867,0,0.41742814183235166,0.47614836692810059,0,0
retention_expiry,5286,V32P-A040868,0,0.41300248503685,0.46212708950042725,0,0
retention_expiry,5287,V32P-A040869,0,0.35173478126525881,0.38734034895896913,0,0
retention_expiry,5288,V32P-A040870,0,0.27052264511585233,0.28957591950893402,0,0
retention_expiry,5289,V32P-A040871,0,0.22214437127113343,0.23102869987487792,0,0
retention_expiry,5290,V32P-A040872,0,0.10810154750943184,0.10164182409644126,0,0
retention_expiry,5291,V32P-A040875,0,0.3932584047317505,0.47399369478225706,0,0
retention_expiry,5292,V32P-A040876,0,0.30078558623790741,0.36648010313510893,0,0
retention_expiry,5293,V32P-A040877,0,0.24434474706649781,0.28969859480857851,0,0
retention_expiry,5294,V32P-A040878,0,0.11232149600982666,0.11809179186820984,0,0
retention_expiry,5295,V32P-A040885,1,0.59268339872360232,0.65341892242431643,0,1
retention_expiry,5296,V32P-A040886,1,0.43714308738708496,0.50122782588005066,0,0
retention_expiry,5297,V32P-A040887,1,0.36450743079185488,0.41842110157012941,0,0
retention_expiry,5298,V32P-A040888,0,0.084363072365522387,0.078132955729961401,0,0
retention_expiry,5299,V32P-A040889,0,0.049715077877044676,0.045278248563408854,0,0
retention_expiry,5300,V32P-A040890,0,0.021724869310855866,0.01930122058838606,0,0
retention_expiry,5301,V32P-A040963,0,0.81207524538040166,0.82765535116195676,1,1
retention_expiry,5302,V32P-A040964,0,0.70119620561599727,0.71585830450057986,1,1
retention_expiry,5303,V32P-A040965,0,0.62423667907714842,0.64880796670913699,1,1
retention_expiry,5304,V32P-A040966,0,0.53587924838066103,0.56902716159820554,0,0
retention_expiry,5305,V32P-A040967,0,0.43147231936454772,0.45976161360740664,0,0
retention_expiry,5306,V32P-A040968,0,0.18239043653011322,0.18234442174434662,0,0
retention_expiry,5307,V32P-A041011,0,0.46318638920783994,0.52983898520469663,0,0
retention_expiry,5308,V32P-A041012,0,0.45409668087959287,0.51877361536026001,0,0
retention_expiry,5309,V32P-A041013,0,0.43421368598937987,0.49497119188308714,0,0
retention_expiry,5310,V32P-A041014,1,0.37916805148124694,0.43089970350265505,0,0
retention_expiry,5311,V32P-A041015,0,0.056196056306362152,0.051118748262524605,0,0
retention_expiry,5312,V32P-A041016,0,0.024769648537039758,0.021802121959626674,0,0
retention_expiry,5313,V32P-A041035,1,0.76287450790405276,0.78300149440765376,1,1
retention_expiry,5314,V32P-A041036,1,0.58845621347427368,0.62053986787796023,0,1
retention_expiry,5315,V32P-A041037,1,0.53915775418281553,0.57045498490333557,0,0
retention_expiry,5316,V32P-A041038,0,0.085897985845804214,0.075662828981876373,0,0
retention_expiry,5317,V32P-A041039,0,0.065807570144534117,0.057583143934607506,0,0
retention_expiry,5318,V32P-A041040,0,0.029976598918437958,0.025466109439730645,0,0
retention_expiry,5319,V32P-A041119,0,0.62441872358322148,0.67211238145828245,1,1
retention_expiry,5320,V32P-A041120,0,0.58911453485488896,0.63437794446945195,0,1
retention_expiry,5321,V32P-A041121,0,0.5531735956668854,0.58320958614349361,0,0
retention_expiry,5322,V32P-A041122,0,0.47715540528297423,0.49998876452445984,0,0
retention_expiry,5323,V32P-A041123,0,0.36662096977233888,0.38295078277587891,0,0
retention_expiry,5324,V32P-A041124,0,0.15535470098257065,0.15120245814323424,0,0
retention_expiry,5325,V32P-A041143,0,0.68847274780273438,0.71116180419921871,1,1
retention_expiry,5326,V32P-A041144,0,0.60772836804389951,0.64426822662353511,0,1
retention_expiry,5327,V32P-A041145,0,0.65299136638641353,0.676634156703949,1,1
retention_expiry,5328,V32P-A041146,0,0.62851612567901616,0.64458720684051518,1,1
retention_expiry,5329,V32P-A041147,0,0.59729063510894775,0.60215532183647158,0,0
retention_expiry,5330,V32P-A041148,0,0.053305932693183421,0.047693487536162135,0,0
retention_expiry,5331,V32P-A041158,0,0.53937250971794126,0.58017463088035581,0,0
retention_expiry,5332,V32P-A041159,0,0.48820948004722597,0.52545178532600401,0,0
retention_expiry,5333,V32P-A041160,0,0.27510380446910859,0.28471268117427828,0,0
retention_expiry,5334,V32P-A041266,0,0.3153629392385483,0.27351430803537369,0,0
retention_expiry,5335,V32P-A041267,0,0.14883171245455742,0.13261925913393496,0,0
retention_expiry,5336,V32P-A041268,0,0.061243108287453649,0.053651350177824499,0,0
retention_expiry,5337,V32P-A041293,0,0.49967385530471803,0.57719384431838994,0,0
retention_expiry,5338,V32P-A041294,0,0.42387304306030271,0.50829613208770752,0,0
retention_expiry,5339,V32P-A041295,0,0.38912984728813171,0.46597942709922791,0,0
retention_expiry,5340,V32P-A041296,0,0.33080055713653567,0.39020418524742129,0,0
retention_expiry,5341,V32P-A041297,0,0.26641100645065308,0.31268913149833677,0,0
retention_expiry,5342,V32P-A041298,0,0.1248801440000534,0.13150231689214706,0,0
retention_expiry,5343,V32P-A041299,0,0.76575967073440554,0.7900424599647522,1,1
retention_expiry,5344,V32P-A041300,0,0.67814737558364868,0.71217895746231075,1,1
retention_expiry,5345,V32P-A041301,0,0.58140960931777952,0.62564188241958618,0,1
retention_expiry,5346,V32P-A041302,1,0.59909160137176509,0.6358055114746094,0,1
retention_expiry,5347,V32P-A041303,0,0.11831990331411361,0.10803298354148864,0,0
retention_expiry,5348,V32P-A041304,0,0.049055111967027186,0.043780187703669073,0,0
retention_expiry,5349,V32P-A041320,0,0.24703401327133179,0.25771190822124479,0,0
retention_expiry,5350,V32P-A041321,0,0.19730739444494247,0.20193967521190642,0,0
retention_expiry,5351,V32P-A041322,0,0.10027639120817185,0.09556656405329704,0,0
retention_expiry,5352,V32P-A041653,0,0.80400238037109373,0.81951974630355839,1,1
retention_expiry,5353,V32P-A041654,0,0.62598139643669126,0.68367019891738889,1,1
retention_expiry,5354,V32P-A041655,0,0.715763783454895,0.73461203575134282,1,1
retention_expiry,5355,V32P-A041656,0,0.69535051584243779,0.70993292331695557,1,1
retention_expiry,5356,V32P-A041657,0,0.59481559395790096,0.60742057561874385,0,0
retention_expiry,5357,V32P-A041658,0,0.048486301116645335,0.044227005541324617,0,0
retention_expiry,5358,V32P-A041665,0,0.4784268796443939,0.55576247572898863,0,0
retention_expiry,5359,V32P-A041666,0,0.43455606698989868,0.51846925020217893,0,0
retention_expiry,5360,V32P-A041667,0,0.37637968063354493,0.44869504570961,0,0
retention_expiry,5361,V32P-A041668,0,0.31989093124866486,0.37841974794864652,0,0
retention_expiry,5362,V32P-A041669,0,0.3142578274011612,0.35784015357494353,0,0
retention_expiry,5363,V32P-A041670,0,0.15462891012430191,0.16157243251800538,0,0
retention_expiry,5364,V32P-A041701,0,0.61063089966773987,0.62723172307014463,0,1
retention_expiry,5365,V32P-A041702,0,0.54236997365951534,0.5671955943107605,0,0
retention_expiry,5366,V32P-A041703,0,0.43192175030708313,0.46009038686752318,0,0
retention_expiry,5367,V32P-A041704,0,0.37065560221672056,0.39222680926322939,0,0
retention_expiry,5368,V32P-A041705,1,0.31929319202899931,0.33053749501705171,0,0
retention_expiry,5369,V32P-A041706,0,0.031197875365614892,0.026093135960400103,0,0
retention_expiry,5370,V32P-A041775,0,0.53535115718841553,0.56617146730422974,0,0
retention_expiry,5371,V32P-A041776,0,0.49555400013923645,0.50008987784385683,0,0
retention_expiry,5372,V32P-A041777,0,0.39314709901809691,0.39033856987953186,0,0
retention_expiry,5373,V32P-A041778,0,0.16055989414453506,0.14661853462457658,0,0
retention_expiry,5374,V32P-A041793,0,0.71075593233108525,0.75457713603973386,1,1
retention_expiry,5375,V32P-A041794,0,0.63772153854370117,0.67781071662902836,1,1
retention_expiry,5376,V32P-A041795,0,0.64744491577148433,0.67411785125732426,1,1
retention_expiry,5377,V32P-A041796,0,0.43791486322879791,0.43793509006500242,0,0
retention_expiry,5378,V32P-A041806,0,0.52351173758506775,0.55993419885635376,0,0
retention_expiry,5379,V32P-A041807,0,0.52001459598541255,0.55498833656311031,0,0
retention_expiry,5380,V32P-A041808,0,0.25071121752262115,0.2481391429901123,0,0
retention_expiry,5381,V32P-A041815,0,0.67173330783843999,0.72057260274887081,1,1
retention_expiry,5382,V32P-A041816,0,0.57861496210098262,0.63795331716537473,0,1
retention_expiry,5383,V32P-A041817,0,0.47107437849044798,0.54140988588333128,0,0
retention_expiry,5384,V32P-A041818,0,0.46337289214134214,0.5184850335121155,0,0
retention_expiry,5385,V32P-A041819,0,0.37692569494247435,0.41464152932167053,0,0
retention_expiry,5386,V32P-A041820,0,0.16706494688987733,0.16254325658082963,0,0
retention_expiry,5387,V32P-A041863,0,0.77812207937240596,0.80738904476165774,1,1
retention_expiry,5388,V32P-A041864,0,0.65084645748138426,0.69115678071975706,1,1
retention_expiry,5389,V32P-A041865,0,0.56545722484588623,0.61767935752868652,0,0
retention_expiry,5390,V32P-A041866,0,0.53129669427871706,0.57426083683967588,0,0
retention_expiry,5391,V32P-A041867,1,0.53534421324729919,0.56611077785491948,0,0
retention_expiry,5392,V32P-A041868,0,0.035539283603429797,0.030176951363682748,0,0
retention_expiry,5393,V32P-A041875,0,0.5406166076660156,0.58421773910522456,0,0
retention_expiry,5394,V32P-A041876,0,0.52276872992515566,0.56867856979370113,0,0
retention_expiry,5395,V32P-A041877,0,0.50562149882316587,0.55083632469177246,0,0
retention_expiry,5396,V32P-A041878,0,0.42029957175254823,0.45787243247032167,0,0
retention_expiry,5397,V32P-A041879,0,0.3500625342130661,0.37882767915725707,0,0
retention_expiry,5398,V32P-A041880,0,0.1569881707429886,0.15760428309440613,0,0
retention_expiry,5399,V32P-A041953,1,0.82632600069046025,0.8479618191719055,1,1
retention_expiry,5400,V32P-A041954,1,0.74662026166915896,0.77635741233825684,1,1
retention_expiry,5401,V32P-A041955,1,0.66869977712631223,0.7036775588989258,1,1
retention_expiry,5402,V32P-A041956,0,0.20695171505212784,0.1842280700802803,0,0
retention_expiry,5403,V32P-A041957,0,0.14398935511708261,0.12631675004959106,0,0
retention_expiry,5404,V32P-A041958,0,0.064401412755250936,0.056107143871486187,0,0
retention_expiry,5405,V32P-A041974,0,0.6166377067565918,0.65921434164047243,0,1
retention_expiry,5406,V32P-A041975,0,0.51104732751846316,0.55258195400238042,0,0
retention_expiry,5407,V32P-A041976,0,0.2640234798192978,0.28543622195720675,0,0
retention_expiry,5408,V32P-A041991,0,0.44970208406448364,0.51339051723480222,0,0
retention_expiry,5409,V32P-A041992,0,0.4782903790473938,0.5238169193267822,0,0
retention_expiry,5410,V32P-A041993,0,0.42792550921440126,0.4601340413093567,0,0
retention_expiry,5411,V32P-A041994,0,0.21936039626598358,0.21798671483993531,0,0
retention_expiry,5412,V32P-A042049,0,0.53569169044494624,0.56989220380783079,0,0
retention_expiry,5413,V32P-A042050,0,0.50815860033035276,0.54097446203231814,0,0
retention_expiry,5414,V32P-A042051,0,0.4752132833003998,0.50344289541244502,0,0
retention_expiry,5415,V32P-A042052,0,0.46484540700912474,0.4873810946941376,0,0
retention_expiry,5416,V32P-A042053,1,0.39738784432411195,0.41651341319084167,0,0
retention_expiry,5417,V32P-A042054,0,0.03719147890806198,0.03085349816828966,0,0
retention_expiry,5418,V32P-A042061,0,0.71039646863937378,0.74069545269012449,1,1
retention_expiry,5419,V32P-A042062,0,0.67206934690475462,0.70133279561996464,1,1
retention_expiry,5420,V32P-A042063,0,0.66683276891708376,0.69163049459457393,1,1
retention_expiry,5421,V32P-A042064,0,0.62636940479278569,0.64493368864059453,1,1
retention_expiry,5422,V32P-A042065,1,0.56862043738365176,0.5777319073677063,0,0
retention_expiry,5423,V32P-A042066,0,0.042166535928845408,0.035001629218459132,0,0
retention_expiry,5424,V32P-A042097,0,0.83665903806686404,0.85316559076309206,1,1
retention_expiry,5425,V32P-A042098,0,0.69621282815933228,0.72585225105285645,1,1
retention_expiry,5426,V32P-A042099,0,0.61276912689208984,0.62759445905685429,0,1
retention_expiry,5427,V32P-A042100,0,0.68483359813690181,0.70735281705856323,1,1
retention_expiry,5428,V32P-A042101,0,0.53105990886688237,0.54223743081092834,0,0
retention_expiry,5429,V32P-A042102,0,0.25175757855176928,0.25485654622316362,0,0
retention_expiry,5430,V32P-A042115,0,0.66871708631515503,0.69807751178741451,1,1
retention_expiry,5431,V32P-A042116,0,0.45309572219848632,0.50681754946708679,0,0
retention_expiry,5432,V32P-A042117,0,0.61212058067321773,0.63785619735717769,0,1
retention_expiry,5433,V32P-A042118,0,0.51842434406280513,0.5475024342536926,0,0
retention_expiry,5434,V32P-A042119,0,0.4651897192001343,0.48911958336830141,0,0
retention_expiry,5435,V32P-A042120,0,0.21881448924541474,0.21792460083961487,0,0
retention_expiry,5436,V32P-A042139,0,0.49254591464996339,0.56032711863517759,0,0
retention_expiry,5437,V32P-A042140,0,0.43928513526916502,0.49831840991973875,0,0
retention_expiry,5438,V32P-A042141,0,0.42219192981719972,0.47074375748634339,0,0
retention_expiry,5439,V32P-A042142,0,0.36011370718479158,0.39213704764842988,0,0
retention_expiry,5440,V32P-A042143,0,0.28439948260784148,0.30290078520774844,0,0
retention_expiry,5441,V32P-A042144,0,0.12619738802313804,0.12314824387431145,0,0
retention_expiry,5442,V32P-A042148,0,0.72537328004837032,0.75374358892440796,1,1
retention_expiry,5443,V32P-A042149,0,0.53524042963981633,0.57574301958084106,0,0
retention_expiry,5444,V32P-A042150,0,0.051487432047724727,0.045098830386996268,0,0
retention_expiry,5445,V32P-A042223,0,0.74579428434371953,0.75802395343780515,1,1
retention_expiry,5446,V32P-A042224,0,0.65680834054946902,0.66601482629775999,1,1
retention_expiry,5447,V32P-A042225,0,0.6584960460662842,0.68070962429046633,1,1
retention_expiry,5448,V32P-A042226,0,0.50242198705673213,0.50919381380081175,0,0
retention_expiry,5449,V32P-A042227,0,0.37888737916946413,0.38652405142784119,0,0
retention_expiry,5450,V32P-A042228,0,0.13998828679323197,0.13072590529918671,0,0
retention_expiry,5451,V32P-A042303,0,0.62801171541213985,0.68088852167129521,1,1
retention_expiry,5452,V32P-A042304,0,0.56715037822723391,0.61761085987091069,0,0
retention_expiry,5453,V32P-A042305,0,0.4745890974998474,0.51001308560371394,0,0
retention_expiry,5454,V32P-A042306,0,0.31619290113449094,0.33908232748508454,0,0
retention_expiry,5455,V32P-A042397,0,0.46432288289070128,0.51369127035140993,0,0
retention_expiry,5456,V32P-A042398,0,0.61126104593276975,0.64846642017364498,0,1
retention_expiry,5457,V32P-A042399,0,0.61195844411849976,0.64147666692733762,0,1
retention_expiry,5458,V32P-A042400,0,0.56977005600929265,0.59581013917922976,0,0
retention_expiry,5459,V32P-A042401,1,0.49087246060371398,0.50887917876243594,0,0
retention_expiry,5460,V32P-A042402,0,0.04242535587400198,0.035929569229483607,0,0
retention_expiry,5461,V32P-A042412,0,0.51288102865219121,0.54502255916595455,0,0
retention_expiry,5462,V32P-A042413,0,0.49037327170372008,0.51280288696289067,0,0
retention_expiry,5463,V32P-A042414,0,0.2472824513912201,0.24393569231033324,0,0
retention_expiry,5464,V32P-A042421,0,0.63633820414543152,0.68105254769325252,1,1
retention_expiry,5465,V32P-A042422,0,0.6552133977413177,0.69772204756736755,1,1
retention_expiry,5466,V32P-A042423,0,0.65750994086265568,0.69544019103050236,1,1
retention_expiry,5467,V32P-A042424,0,0.61119951009750362,0.643230140209198,0,1
retention_expiry,5468,V32P-A042425,0,0.54041280150413518,0.5654763340950012,0,0
retention_expiry,5469,V32P-A042426,0,0.32826941907405854,0.3226658493280411,0,0
retention_expiry,5470,V32P-A042433,0,0.59934843778610225,0.62570708990097046,0,1
retention_expiry,5471,V32P-A042434,0,0.49578107595443727,0.52356265187263484,0,0
retention_expiry,5472,V32P-A042435,0,0.60032727718353274,0.62015471458435056,0,1
retention_expiry,5473,V32P-A042436,0,0.5214601457118988,0.53421778678894039,0,0
retention_expiry,5474,V32P-A042437,0,0.45608547925949094,0.45712187886238098,0,0
retention_expiry,5475,V32P-A042438,0,0.2659435048699379,0.25401056408882139,0,0
retention_expiry,5476,V32P-A042481,0,0.41238882541656496,0.47022997140884398,0,0
retention_expiry,5477,V32P-A042482,0,0.40259621143341062,0.45742388367652892,0,0
retention_expiry,5478,V32P-A042483,0,0.46267077326774597,0.50026557445526121,0,0
retention_expiry,5479,V32P-A042484,1,0.41327108740806578,0.44492815732955932,0,0
retention_expiry,5480,V32P-A042485,0,0.058162173256278038,0.048962466791272162,0,0
retention_expiry,5481,V32P-A042486,0,0.025445521250367163,0.020528042316436769,0,0
retention_expiry,5482,V32P-A042578,1,0.63418701887130735,0.67050901055335999,1,1
retention_expiry,5483,V32P-A042579,1,0.39647701978683469,0.45251759886741638,0,0
retention_expiry,5484,V32P-A042580,0,0.078431218117475512,0.074130942672491068,0,0
retention_expiry,5485,V32P-A042581,0,0.059778811782598494,0.055832649767398837,0,0
retention_expiry,5486,V32P-A042582,0,0.026531514711678028,0.023894375935196877,0,0
retention_expiry,5487,V32P-A042685,0,0.71243306398391726,0.74475988149642947,1,1
retention_expiry,5488,V32P-A042686,0,0.61599295139312749,0.63696978092193601,0,1
retention_expiry,5489,V32P-A042687,0,0.54428061842918396,0.57634821534156799,0,0
retention_expiry,5490,V32P-A042688,0,0.51313743591308592,0.51926237344741821,0,0
retention_expiry,5491,V32P-A042689,0,0.40945018529891969,0.41269540488719941,0,0
retention_expiry,5492,V32P-A042690,0,0.17841382026672364,0.17045588195323944,0,0
retention_expiry,5493,V32P-A042712,0,0.35105429887771605,0.39989192485809327,0,0
retention_expiry,5494,V32P-A042713,0,0.25969337224960326,0.28820939660072326,0,0
retention_expiry,5495,V32P-A042714,0,0.020331190992146732,0.017536338418722153,0,0
retention_expiry,5496,V32P-A042751,0,0.73035931587219238,0.75761640071868896,1,1
retention_expiry,5497,V32P-A042752,0,0.64257595539093015,0.67601418495178223,1,1
retention_expiry,5498,V32P-A042753,0,0.49303401708602906,0.53549933433532715,0,0
retention_expiry,5499,V32P-A042754,0,0.4802436649799347,0.50735399127006531,0,0
retention_expiry,5500,V32P-A042755,0,0.37668309509754183,0.39711573719978333,0,0
retention_expiry,5501,V32P-A042756,0,0.1550622045993805,0.14706283807754517,0,0
retention_expiry,5502,V32P-A042775,0,0.81422221660614014,0.82474021911621098,1,1
retention_expiry,5503,V32P-A042776,0,0.6874823689460754,0.6957363486289978,1,1
retention_expiry,5504,V32P-A042777,0,0.61757082939147945,0.62956328392028804,0,1
retention_expiry,5505,V32P-A042778,0,0.5530412912368774,0.5699446320533752,0,0
retention_expiry,5506,V32P-A042779,0,0.46150403618812563,0.47707467079162597,0,0
retention_expiry,5507,V32P-A042780,0,0.23085315525531769,0.22658193111419678,0,0
retention_expiry,5508,V32P-A042801,1,0.58687802553176882,0.6219760656356812,0,1
retention_expiry,5509,V32P-A042802,0,0.09174105450510979,0.084495728462934488,0,0
retention_expiry,5510,V32P-A042803,0,0.06663971021771431,0.060514434054493901,0,0
retention_expiry,5511,V32P-A042804,0,0.026967217028141022,0.023675344325602053,0,0
retention_expiry,5512,V32P-A042817,1,0.84421784877777095,0.8638028144836426,1,1
retention_expiry,5513,V32P-A042818,1,0.67693803310394285,0.71749761104583742,1,1
retention_expiry,5514,V32P-A042819,1,0.58928949832916255,0.64221259355545046,0,1
retention_expiry,5515,V32P-A042820,0,0.13367245346307755,0.11851401776075363,0,0
retention_expiry,5516,V32P-A042821,0,0.07684851139783859,0.067310608178377154,0,0
retention_expiry,5517,V32P-A042822,0,0.030965973995625971,0.025870805233716966,0,0
retention_expiry,5518,V32P-A042883,0,0.6367744922637939,0.68807939291000364,1,1
retention_expiry,5519,V32P-A042884,0,0.52228693366050716,0.59603580832481384,0,0
retention_expiry,5520,V32P-A042885,0,0.50956810116767881,0.58131587505340576,0,0
retention_expiry,5521,V32P-A042886,0,0.51174406409263606,0.57654366493225095,0,0
retention_expiry,5522,V32P-A042887,0,0.46556650400161742,0.51629705429077144,0,0
retention_expiry,5523,V32P-A042888,0,0.032559444382786754,0.027216348797082901,0,0
retention_expiry,5524,V32P-A043039,1,0.81904770135879512,0.83773360252380369,1,1
retention_expiry,5525,V32P-A043040,1,0.78603456020355222,0.80007367134094243,1,1
retention_expiry,5526,V32P-A043041,1,0.7052988648414612,0.7140030980110168,1,1
retention_expiry,5527,V32P-A043042,0,0.15011615306138992,0.12959304451942444,0,0
retention_expiry,5528,V32P-A043043,0,0.10879789739847183,0.091485563665628433,0,0
retention_expiry,5529,V32P-A043044,0,0.047054040245711803,0.03936039414256811,0,0
retention_expiry,5530,V32P-A043100,0,0.46132822036743165,0.50614640712738035,0,0
retention_expiry,5531,V32P-A043101,0,0.52858421206474304,0.57066110372543333,0,0
retention_expiry,5532,V32P-A043102,0,0.51283560991287236,0.54849625825881954,0,0
retention_expiry,5533,V32P-A043103,0,0.4424824297428131,0.4700961709022522,0,0
retention_expiry,5534,V32P-A043104,0,0.040977166406810282,0.036897258833050728,0,0
retention_expiry,5535,V32P-A043113,0,0.4504664123058319,0.52014154195785522,0,0
retention_expiry,5536,V32P-A043114,0,0.39303579926490784,0.44928418397903441,0,0
retention_expiry,5537,V32P-A043115,0,0.33328988552093508,0.37203813195228574,0,0
retention_expiry,5538,V32P-A043116,0,0.028541274741291998,0.025189556181430817,0,0
retention_expiry,5539,V32P-A043117,0,0.62006856799125676,0.65647347569465642,1,1
retention_expiry,5540,V32P-A043118,0,0.59759370088577268,0.63069527149200444,0,1
retention_expiry,5541,V32P-A043119,0,0.55233386754989622,0.59609662890434267,0,0
retention_expiry,5542,V32P-A043120,0,0.53781046867370608,0.55616598725318911,0,0
retention_expiry,5543,V32P-A043121,0,0.48158106803894041,0.49559858441352844,0,0
retention_expiry,5544,V32P-A043122,0,0.27205932438373565,0.26845844984054568,0,0
retention_expiry,5545,V32P-A043159,0,0.62766872644424443,0.66739913225173952,1,1
retention_expiry,5546,V32P-A043160,0,0.50615414381027224,0.55435719490051272,0,0
retention_expiry,5547,V32P-A043161,0,0.45196242928504943,0.50489702820777893,0,0
retention_expiry,5548,V32P-A043162,0,0.36886996030807495,0.4203550457954407,0,0
retention_expiry,5549,V32P-A043163,0,0.3618359327316284,0.4078322470188141,0,0
retention_expiry,5550,V32P-A043164,0,0.14407321065664291,0.15417300909757614,0,0
retention_expiry,5551,V32P-A043165,0,0.33162886798381808,0.4163764029741287,0,0
retention_expiry,5552,V32P-A043166,0,0.47672297358512877,0.5449659109115601,0,0
retention_expiry,5553,V32P-A043167,0,0.52023895382881169,0.58169547915458675,0,0
retention_expiry,5554,V32P-A043168,0,0.3919969856739044,0.45777633190155032,0,0
retention_expiry,5555,V32P-A043169,0,0.33301663398742676,0.36777793765068056,0,0
retention_expiry,5556,V32P-A043170,0,0.15175616443157197,0.15313267111778259,0,0
retention_expiry,5557,V32P-A043210,0,0.24651158452033997,0.26771922409534454,0,0
retention_expiry,5558,V32P-A043211,0,0.18455783724784852,0.19235702455043793,0,0
retention_expiry,5559,V32P-A043212,0,0.075274064391851428,0.070842931419610983,0,0
retention_expiry,5560,V32P-A043243,0,0.53298444151878355,0.59904407262802128,0,0
retention_expiry,5561,V32P-A043244,0,0.4384105086326599,0.51708164811134338,0,0
retention_expiry,5562,V32P-A043245,0,0.36099200844764712,0.43468274474143981,0,0
retention_expiry,5563,V32P-A043246,0,0.28651455342769622,0.35371609628200529,0,0
retention_expiry,5564,V32P-A043247,0,0.21805329024791717,0.26702189445495605,0,0
retention_expiry,5565,V32P-A043248,0,0.11218243390321732,0.12214704900979996,0,0
retention_expiry,5566,V32P-A043255,1,0.79965144395828247,0.83465945720672607,1,1
retention_expiry,5567,V32P-A043256,1,0.64833699464797978,0.7074361205101013,1,1
retention_expiry,5568,V32P-A043257,1,0.70649755001068115,0.75531513690948482,1,1
retention_expiry,5569,V32P-A043258,0,0.13617918044328689,0.12567598521709442,0,0
retention_expiry,5570,V32P-A043259,0,0.10559160895645618,0.093963657692074778,0,0
retention_expiry,5571,V32P-A043260,0,0.044137998297810552,0.035876470059156416,0,0
retention_expiry,5572,V32P-A043339,0,0.48384748101234437,0.52544349431991577,0,0
retention_expiry,5573,V32P-A043340,0,0.36920840740203859,0.43750855326652527,0,0
retention_expiry,5574,V32P-A043341,0,0.34881576299667361,0.38093081712722776,0,0
retention_expiry,5575,V32P-A043342,0,0.2982562780380249,0.31505658924579621,0,0
retention_expiry,5576,V32P-A043343,0,0.23306773006916046,0.23775199055671692,0,0
retention_expiry,5577,V32P-A043344,0,0.10409943908452987,0.097057448327541346,0,0
retention_expiry,5578,V32P-A043375,0,0.36886357665061953,0.425755912065506,0,0
retention_expiry,5579,V32P-A043376,0,0.40983043313026429,0.46286146640777587,0,0
retention_expiry,5580,V32P-A043377,0,0.40037592649459841,0.44946705102920531,0,0
retention_expiry,5581,V32P-A043378,0,0.34101074337959292,0.37996500730514526,0,0
retention_expiry,5582,V32P-A043379,0,0.28713318705558777,0.30928364098072053,0,0
retention_expiry,5583,V32P-A043380,0,0.14134459644556047,0.13224291801452637,0,0
retention_expiry,5584,V32P-A043387,0,0.69303884506225588,0.73120992183685307,1,1
retention_expiry,5585,V32P-A043388,0,0.60014903545379639,0.63979076147079472,0,1
retention_expiry,5586,V32P-A043389,0,0.58241945505142212,0.61115275621414189,0,0
retention_expiry,5587,V32P-A043390,0,0.5020246744155884,0.52089656591415401,0,0
retention_expiry,5588,V32P-A043391,0,0.42725158333778379,0.43828717470169065,0,0
retention_expiry,5589,V32P-A043392,0,0.21731766611337661,0.21034670621156693,0,0
retention_expiry,5590,V32P-A043408,0,0.56573005914688113,0.58883564472198491,0,0
retention_expiry,5591,V32P-A043409,0,0.48253496289253234,0.49946109652519227,0,0
retention_expiry,5592,V32P-A043410,0,0.233073890209198,0.22093985378742217,0,0
retention_expiry,5593,V32P-A043420,0,0.28420309126377108,0.33044172227382662,0,0
retention_expiry,5594,V32P-A043421,0,0.22205334901809692,0.24852278232574462,0,0
retention_expiry,5595,V32P-A043422,0,0.095723569393157959,0.090882197022438049,0,0
retention_expiry,5596,V32P-A043483,0,0.38274394273757933,0.42254264354705812,0,0
retention_expiry,5597,V32P-A043484,0,0.3827298045158386,0.41599606871604922,0,0
retention_expiry,5598,V32P-A043485,0,0.34144672751426697,0.37261655330657961,0,0
retention_expiry,5599,V32P-A043486,0,0.32056438028812406,0.34581506848335264,0,0
retention_expiry,5600,V32P-A043487,0,0.24901184737682341,0.2599178344011307,0,0
retention_expiry,5601,V32P-A043488,0,0.11559923738241196,0.11007335931062698,0,0
retention_expiry,5602,V32P-A043495,1,0.56920778155326845,0.59558746218681335,0,0
retention_expiry,5603,V32P-A043496,1,0.41898309290409086,0.45298499166965484,0,0
retention_expiry,5604,V32P-A043497,0,0.060822594910860062,0.056984514370560645,0,0
retention_expiry,5605,V32P-A043498,0,0.065752874314785006,0.060518115758895874,0,0
retention_expiry,5606,V32P-A043499,0,0.037223587743937969,0.034018377400934698,0,0
retention_expiry,5607,V32P-A043500,0,0.016250542225316168,0.014452038519084453,0,0
retention_expiry,5608,V32P-A043561,0,0.76930478811264036,0.80736898183822636,1,1
retention_expiry,5609,V32P-A043562,0,0.66357370615005495,0.72111486196517949,1,1
retention_expiry,5610,V32P-A043563,0,0.63469973802566526,0.6928606510162354,1,1
retention_expiry,5611,V32P-A043564,1,0.56818780899047849,0.63179000616073611,0,1
retention_expiry,5612,V32P-A043565,0,0.084709958732128138,0.07712556272745133,0,0
retention_expiry,5613,V32P-A043566,0,0.03339253142476082,0.028476469404995441,0,0
retention_expiry,5614,V32P-A043573,0,0.6731062173843384,0.69112797975540163,1,1
retention_expiry,5615,V32P-A043574,0,0.50341340899467468,0.53084522485733032,0,0
retention_expiry,5616,V32P-A043575,0,0.50128448605537412,0.51733099818229678,0,0
retention_expiry,5617,V32P-A043576,0,0.48794243335723875,0.50868117213249209,0,0
retention_expiry,5618,V32P-A043577,0,0.4979098618030548,0.49987986087799074,0,0
retention_expiry,5619,V32P-A043578,0,0.23450189530849458,0.21727753430604935,0,0
retention_expiry,5620,V32P-A043588,0,0.32009361088275912,0.36341554820537569,0,0
retention_expiry,5621,V32P-A043589,0,0.24539671242237091,0.27291691899299619,0,0
retention_expiry,5622,V32P-A043590,0,0.10673674121499062,0.10636301860213279,0,0
retention_expiry,5623,V32P-A043597,0,0.63228379487991337,0.69459397792816158,1,1
retention_expiry,5624,V32P-A043598,0,0.52569069266319279,0.59602183103561401,0,0
retention_expiry,5625,V32P-A043599,0,0.47556174993515016,0.53627268075942991,0,0
retention_expiry,5626,V32P-A043600,0,0.43621456027030947,0.48669397234916689,0,0
retention_expiry,5627,V32P-A043601,0,0.36876137256622316,0.4029028654098511,0,0
retention_expiry,5628,V32P-A043602,0,0.1763928011059761,0.17627326399087906,0,0
retention_expiry,5629,V32P-A043639,0,0.51684654355049131,0.55181481242179875,0,0
retention_expiry,5630,V32P-A043640,0,0.51041287183761597,0.53940177559852598,0,0
retention_expiry,5631,V32P-A043641,0,0.42523152828216554,0.45012959241867068,0,0
retention_expiry,5632,V32P-A043642,0,0.44786191582679746,0.4647471010684967,0,0
retention_expiry,5633,V32P-A043643,1,0.29404518306255339,0.3008672297000885,0,0
retention_expiry,5634,V32P-A043644,0,0.021694772411137819,0.017969390284270047,0,0
retention_expiry,5635,V32P-A043657,0,0.49379565715789797,0.53890231847763059,0,0
retention_expiry,5636,V32P-A043658,0,0.51337981224060059,0.55633426308631895,0,0
retention_expiry,5637,V32P-A043659,0,0.52545298337936397,0.56531735062599187,0,0
retention_expiry,5638,V32P-A043660,0,0.49635382294654845,0.52527000308036809,0,0
retention_expiry,5639,V32P-A043661,0,0.45269361734390257,0.49607198834419253,0,0
retention_expiry,5640,V32P-A043662,0,0.26267797350883482,0.25879454016685488,0,0
retention_expiry,5641,V32P-A043714,0,0.30520723760128021,0.3297194242477417,0,0
retention_expiry,5642,V32P-A043715,0,0.23652072250843048,0.24871219098567962,0,0
retention_expiry,5643,V32P-A043716,0,0.10609003454446793,0.10349288284778595,0,0
retention_expiry,5644,V32P-A043767,0,0.4398098111152649,0.48918970823287966,0,0
retention_expiry,5645,V32P-A043768,0,0.37145748734474182,0.4100410997867584,0,0
retention_expiry,5646,V32P-A043769,0,0.30308547914028167,0.32846939861774443,0,0
retention_expiry,5647,V32P-A043770,0,0.14273766502738,0.14322060197591782,0,0
retention_expiry,5648,V32P-A043783,0,0.69881032705307011,0.73576744794845583,1,1
retention_expiry,5649,V32P-A043784,0,0.49418598413467407,0.54932708144187925,0,0
retention_expiry,5650,V32P-A043785,0,0.41526376008987426,0.47480517625808716,0,0
retention_expiry,5651,V32P-A043786,0,0.42588929533958436,0.48292036056518556,0,0
retention_expiry,5652,V32P-A043787,0,0.30441603809595108,0.35367594510316847,0,0
retention_expiry,5653,V32P-A043788,0,0.14164518751204014,0.14863224811851977,0,0
retention_expiry,5654,V32P-A043852,0,0.64822074174880984,0.65964443683624263,1,1
retention_expiry,5655,V32P-A043853,0,0.58248528242111208,0.5822439312934875,0,0
retention_expiry,5656,V32P-A043854,0,0.32635776400566102,0.31041635721921923,0,0
retention_expiry,5657,V32P-A043867,0,0.68176416158676145,0.71281199455261235,1,1
retention_expiry,5658,V32P-A043868,0,0.59726371765136721,0.63283544778823853,0,1
retention_expiry,5659,V32P-A043869,0,0.58134506344795223,0.60500702857971189,0,0
retention_expiry,5660,V32P-A043870,0,0.51172745227813721,0.52102935910224912,0,0
retention_expiry,5661,V32P-A043871,0,0.42889569401741029,0.42996745109558104,0,0
retention_expiry,5662,V32P-A043872,0,0.18640228062868119,0.1777693286538124,0,0
retention_expiry,5663,V32P-A043891,0,0.72146903276443486,0.76955715417861936,1,1
retention_expiry,5664,V32P-A043892,0,0.65412366390228271,0.7015050411224365,1,1
retention_expiry,5665,V32P-A043893,0,0.53849114775657658,0.61056863069534306,0,0
retention_expiry,5666,V32P-A043894,0,0.57108249664306643,0.60066046714782717,0,0
retention_expiry,5667,V32P-A043895,0,0.56648405790328982,0.58640800118446346,0,0
retention_expiry,5668,V32P-A043896,0,0.35259117186069489,0.34379271864891053,0,0
retention_expiry,5669,V32P-A043897,0,0.6877156734466553,0.70214072465896604,1,1
retention_expiry,5670,V32P-A043898,0,0.48848816752433777,0.51543726921081545,0,0
retention_expiry,5671,V32P-A043899,0,0.59220534563064575,0.60844820737838745,0,0
retention_expiry,5672,V32P-A043900,0,0.5421190738677979,0.54969751834869385,0,0
retention_expiry,5673,V32P-A043901,0,0.38399100899696348,0.38740418553352357,0,0
retention_expiry,5674,V32P-A043902,0,0.17015603035688401,0.16139830201864241,0,0
retention_expiry,5675,V32P-A043906,0,0.33774221539497373,0.3868918180465698,0,0
retention_expiry,5676,V32P-A043907,0,0.2995786339044571,0.33884918689727783,0,0
retention_expiry,5677,V32P-A043908,0,0.14779701232910156,0.14799357056617737,0,0
retention_expiry,5678,V32P-A043933,0,0.48197941184043885,0.5348572790622711,0,0
retention_expiry,5679,V32P-A043934,0,0.51191294789314268,0.55816667675971987,0,0
retention_expiry,5680,V32P-A043935,0,0.52039251923561092,0.5645881652832031,0,0
retention_expiry,5681,V32P-A043936,0,0.45251348614692688,0.49205184578895567,0,0
retention_expiry,5682,V32P-A043937,0,0.37887180447578428,0.4053662598133087,0,0
retention_expiry,5683,V32P-A043938,0,0.18120769858360292,0.17370100170373917,0,0
retention_expiry,5684,V32P-A043987,0,0.62912158966064458,0.68745653629302983,1,1
retention_expiry,5685,V32P-A043988,0,0.50586599707603452,0.56163166165351863,0,0
retention_expiry,5686,V32P-A043989,0,0.39464152455329893,0.44431862235069275,0,0
retention_expiry,5687,V32P-A043990,0,0.34794755876064298,0.38904896080493928,0,0
retention_expiry,5688,V32P-A043991,0,0.32747423946857451,0.36396494507789612,0,0
retention_expiry,5689,V32P-A043992,0,0.17316385507583618,0.18564947843551635,0,0
retention_expiry,5690,V32P-A043993,0,0.60859384536743166,0.65886516571044917,0,1
retention_expiry,5691,V32P-A043994,0,0.59783034324646001,0.64750056266784672,0,1
retention_expiry,5692,V32P-A043995,0,0.64114302396774292,0.68036662340164189,1,1
retention_expiry,5693,V32P-A043996,0,0.58277779817581177,0.61635608673095699,0,0
retention_expiry,5694,V32P-A043997,0,0.52023729681968689,0.54458327889442448,0,0
retention_expiry,5695,V32P-A043998,0,0.29315319359302522,0.2885293334722519,0,0
retention_expiry,5696,V32P-A044008,0,0.56641391515731809,0.61503068208694456,0,0
retention_expiry,5697,V32P-A044009,0,0.56121557950973511,0.60527294874191284,0,0
retention_expiry,5698,V32P-A044010,0,0.28407698273658755,0.29784073531627653,0,0
retention_expiry,5699,V32P-A044038,0,0.55965371727943425,0.57394681572914119,0,0
retention_expiry,5700,V32P-A044039,0,0.50486815571784971,0.51237878799438474,0,0
retention_expiry,5701,V32P-A044040,0,0.26362309157848357,0.24257182478904724,0,0
retention_expiry,5702,V32P-A044079,0,0.3871916949748993,0.44058014154434205,0,0
retention_expiry,5703,V32P-A044080,0,0.32085660696029661,0.35856791138648986,0,0
retention_expiry,5704,V32P-A044081,0,0.25979886353015902,0.27856001853942869,0,0
retention_expiry,5705,V32P-A044082,0,0.11672507822513581,0.10956260412931443,0,0
retention_expiry,5706,V32P-A044097,0,0.40930256247520447,0.4388264060020447,0,0
retention_expiry,5707,V32P-A044098,0,0.42561318278312682,0.43200057744979858,0,0
retention_expiry,5708,V32P-A044099,0,0.34304547011852266,0.34289067685604097,0,0
retention_expiry,5709,V32P-A044100,0,0.14463371932506561,0.13533098474144936,0,0
retention_expiry,5710,V32P-A044125,0,0.75998815298080447,0.7888499855995178,1,1
retention_expiry,5711,V32P-A044126,0,0.66356766223907471,0.70094581842422488,1,1
retention_expiry,5712,V32P-A044127,0,0.58399021029472353,0.62737448215484615,0,1
retention_expiry,5713,V32P-A044128,0,0.51318903565406804,0.55503940582275391,0,0
retention_expiry,5714,V32P-A044129,0,0.41714779138565061,0.45549021959304808,0,0
retention_expiry,5715,V32P-A044130,0,0.19134329706430436,0.19576806277036668,0,0
retention_expiry,5716,V32P-A044167,0,0.44040574431419371,0.51900295615196224,0,0
retention_expiry,5717,V32P-A044168,0,0.44704453349113465,0.51488403677940364,0,0
retention_expiry,5718,V32P-A044169,0,0.39288094639778137,0.4536853849887848,0,0
retention_expiry,5719,V32P-A044170,0,0.31440902948379518,0.35446246862411501,0,0
retention_expiry,5720,V32P-A044171,0,0.24188544154167174,0.26187115907669067,0,0
retention_expiry,5721,V32P-A044172,0,0.099553324282169342,0.097669727355241778,0,0
retention_expiry,5722,V32P-A044185,0,0.48528816699981692,0.56105070114135747,0,0
retention_expiry,5723,V32P-A044186,0,0.39992385506629946,0.48635467290878298,0,0
retention_expiry,5724,V32P-A044187,0,0.35525730848312376,0.43552114367485045,0,0
retention_expiry,5725,V32P-A044188,0,0.29226413369178772,0.3559186518192291,0,0
retention_expiry,5726,V32P-A044189,0,0.22515926957130433,0.26748456060886383,0,0
retention_expiry,5727,V32P-A044190,0,0.095395562052726743,0.09975505322217941,0,0
retention_expiry,5728,V32P-A044209,0,0.4422967553138733,0.50691604018211367,0,0
retention_expiry,5729,V32P-A044210,0,0.43526117205619813,0.49799988269805906,0,0
retention_expiry,5730,V32P-A044211,0,0.40418303608894346,0.46290146112442015,0,0
retention_expiry,5731,V32P-A044212,0,0.33478571176528932,0.38152440786361697,0,0
retention_expiry,5732,V32P-A044213,0,0.27602177858352661,0.30873632133007051,0,0
retention_expiry,5733,V32P-A044214,0,0.12636923193931579,0.12600358426570893,0,0
retention_expiry,5734,V32P-A044251,0,0.71919258832931521,0.74696328639984133,1,1
retention_expiry,5735,V32P-A044252,0,0.61980711221694951,0.65408717393875127,0,1
retention_expiry,5736,V32P-A044253,0,0.55975227952003481,0.59476594924926762,0,0
retention_expiry,5737,V32P-A044254,0,0.49826937317848208,0.53090078234672544,0,0
retention_expiry,5738,V32P-A044255,0,0.42840657830238343,0.45828481912612917,0,0
retention_expiry,5739,V32P-A044256,0,0.20584636181592941,0.20322473049163819,0,0
retention_expiry,5740,V32P-A044263,0,0.56684227585792546,0.61833430528640743,0,0
retention_expiry,5741,V32P-A044264,0,0.67345165014266972,0.70951683521270748,1,1
retention_expiry,5742,V32P-A044265,0,0.41986050009727477,0.48444948792457582,0,0
retention_expiry,5743,V32P-A044266,1,0.35282736420631411,0.403447562456131,0,0
retention_expiry,5744,V32P-A044267,0,0.059039087593555452,0.053029391542077066,0,0
retention_expiry,5745,V32P-A044268,0,0.027066901046782731,0.024145237915217877,0,0
retention_expiry,5746,V32P-A044416,0,0.32422176301479338,0.33871662616729736,0,0
retention_expiry,5747,V32P-A044417,0,0.24809246063232421,0.25358283817768096,0,0
retention_expiry,5748,V32P-A044418,0,0.1128396786749363,0.10781272426247597,0,0
retention_expiry,5749,V32P-A044439,0,0.64905154705047607,0.67313296794891353,1,1
retention_expiry,5750,V32P-A044440,0,0.63825836181640627,0.65666244029998777,1,1
retention_expiry,5751,V32P-A044441,0,0.50587292313575749,0.52337134480476377,0,0
retention_expiry,5752,V32P-A044442,0,0.30362032353878021,0.29201186895370485,0,0
retention_expiry,5753,V32P-A044473,0,0.57310991883277895,0.62547076344490049,0,1
retention_expiry,5754,V32P-A044474,0,0.46619992852211001,0.52676585912704466,0,0
retention_expiry,5755,V32P-A044475,0,0.53215826749801631,0.58223445415496822,0,0
retention_expiry,5756,V32P-A044476,0,0.35952959060668943,0.41373887658119202,0,0
retention_expiry,5757,V32P-A044477,0,0.28406388759613038,0.3228114038705826,0,0
retention_expiry,5758,V32P-A044478,0,0.146527449041605,0.15192092284560205,0,0
retention_expiry,5759,V32P-A044587,0,0.78149640560150146,0.80441659688949585,1,1
retention_expiry,5760,V32P-A044588,0,0.6349928498268127,0.66042004823684697,1,1
retention_expiry,5761,V32P-A044589,0,0.54861865043640134,0.5836841404438019,0,0
retention_expiry,5762,V32P-A044590,0,0.5929642915725708,0.62371146678924561,0,1
retention_expiry,5763,V32P-A044591,0,0.44363608956336975,0.46683518290519715,0,0
retention_expiry,5764,V32P-A044592,0,0.26488182246685027,0.25954693853855132,0,0
retention_expiry,5765,V32P-A044617,1,0.70142484903335567,0.75803222656250002,1,1
retention_expiry,5766,V32P-A044618,1,0.67738813161849976,0.73521678447723393,1,1
retention_expiry,5767,V32P-A044619,1,0.70476365089416504,0.75236196517944331,1,1
retention_expiry,5768,V32P-A044620,0,0.10268343687057495,0.096312890946865085,0,0
retention_expiry,5769,V32P-A044621,0,0.06883533596992493,0.063411388546228409,0,0
retention_expiry,5770,V32P-A044622,0,0.026083499193191528,0.022695908136665822,0,0
retention_expiry,5771,V32P-A044629,0,0.606244295835495,0.65628539323806767,0,1
retention_expiry,5772,V32P-A044630,0,0.41754187643527985,0.48049004971981046,0,0
retention_expiry,5773,V32P-A044631,0,0.52025715112686155,0.56749534010887148,0,0
retention_expiry,5774,V32P-A044632,0,0.41354789733886721,0.45200072526931762,0,0
retention_expiry,5775,V32P-A044633,1,0.27971906661987306,0.29846448600292208,0,0
retention_expiry,5776,V32P-A044634,0,0.019037275947630404,0.016312601417303084,0,0
retention_expiry,5777,V32P-A044644,1,0.5228877484798431,0.53975446820259099,0,0
retention_expiry,5778,V32P-A044645,0,0.064729802310466766,0.053568229824304578,0,0
retention_expiry,5779,V32P-A044646,0,0.027151959389448165,0.022079346328973772,0,0
retention_expiry,5780,V32P-A044647,0,0.60276816487312312,0.66815541982650761,0,1
retention_expiry,5781,V32P-A044648,0,0.50721721649169926,0.57682740688323975,0,0
retention_expiry,5782,V32P-A044649,0,0.45730049610137941,0.51911090016365047,0,0
retention_expiry,5783,V32P-A044650,0,0.39389228820800781,0.4495982050895691,0,0
retention_expiry,5784,V32P-A044651,0,0.32182446420192717,0.36499184370040894,0,0
retention_expiry,5785,V32P-A044652,0,0.17402718961238861,0.18067341595888137,0,0
retention_expiry,5786,V32P-A044665,0,0.44194022417068479,0.48081541657447813,0,0
retention_expiry,5787,V32P-A044666,0,0.41036071777343752,0.44812071919441221,0,0
retention_expiry,5788,V32P-A044667,0,0.38052328526973722,0.40802864730358124,0,0
retention_expiry,5789,V32P-A044668,0,0.30996800661087037,0.32132992148399353,0,0
retention_expiry,5790,V32P-A044669,0,0.23991377651691437,0.24091772735118866,0,0
retention_expiry,5791,V32P-A044670,0,0.10429360941052437,0.094164741784334177,0,0
retention_expiry,5792,V32P-A044697,0,0.52729483842849734,0.56135129928588867,0,0
retention_expiry,5793,V32P-A044698,1,0.49525877237319949,0.527533495426178,0,0
retention_expiry,5794,V32P-A044699,0,0.078798343241214749,0.070485553145408636,0,0
retention_expiry,5795,V32P-A044700,0,0.036578747443854809,0.032396229822188614,0,0
retention_expiry,5796,V32P-A044733,1,0.75779346227645872,0.77773140668869023,1,1
retention_expiry,5797,V32P-A044734,0,0.15985697060823439,0.1407758690416813,0,0
retention_expiry,5798,V32P-A044735,0,0.12400468960404396,0.1081107959151268,0,0
retention_expiry,5799,V32P-A044736,0,0.061134768649935722,0.050695220753550527,0,0
retention_expiry,5800,V32P-A044752,0,0.56723598837852474,0.62075016498565672,0,1
retention_expiry,5801,V32P-A044753,0,0.51066035628318784,0.56055662631988523,0,0
retention_expiry,5802,V32P-A044754,0,0.044691326469182967,0.040290488302707671,0,0
retention_expiry,5803,V32P-A044776,0,0.43603608608245847,0.49221974015235903,0,0
retention_expiry,5804,V32P-A044777,0,0.31595138609409334,0.36621845066547393,0,0
retention_expiry,5805,V32P-A044778,0,0.15808653980493545,0.16561527997255326,0,0
retention_expiry,5806,V32P-A044797,0,0.44736507534980774,0.50745496749877927,0,0
retention_expiry,5807,V32P-A044798,0,0.46209663748741148,0.5153239369392395,0,0
retention_expiry,5808,V32P-A044799,0,0.44913851618766787,0.49844936132431028,0,0
retention_expiry,5809,V32P-A044800,0,0.39628121852874754,0.43837456107139589,0,0
retention_expiry,5810,V32P-A044801,0,0.33954210281372071,0.3719034969806671,0,0
retention_expiry,5811,V32P-A044802,0,0.16990507841110231,0.1702398419380188,0,0
retention_expiry,5812,V32P-A044947,0,0.74676811695098877,0.78214745521545415,1,1
retention_expiry,5813,V32P-A044948,0,0.56884055137634282,0.62768625020980839,0,1
retention_expiry,5814,V32P-A044949,0,0.51859733462333679,0.5823127865791321,0,0
retention_expiry,5815,V32P-A044950,0,0.39813581705093382,0.45478857159614561,0,0
retention_expiry,5816,V32P-A044951,0,0.40933021306991579,0.45102809071540834,0,0
retention_expiry,5817,V32P-A044952,0,0.17194918692111968,0.17516297698020936,0,0
retention_expiry,5818,V32P-A045015,0,0.52661758065223696,0.56927270293235777,0,0
retention_expiry,5819,V32P-A045016,0,0.4673369824886322,0.49511672258377076,0,0
retention_expiry,5820,V32P-A045017,0,0.36927441358566282,0.38685027360916135,0,0
retention_expiry,5821,V32P-A045018,0,0.14954534769058228,0.14646853506565094,0,0
retention_expiry,5822,V32P-A045037,0,0.6295749425888062,0.66517263650894165,1,1
retention_expiry,5823,V32P-A045038,0,0.6244725823402405,0.65222628116607662,1,1
retention_expiry,5824,V32P-A045039,0,0.55069917440414429,0.57548356056213379,0,0
retention_expiry,5825,V32P-A045040,0,0.45625411272048949,0.46939249634742736,0,0
retention_expiry,5826,V32P-A045041,0,0.37480658888816831,0.38546998500823976,0,0
retention_expiry,5827,V32P-A045042,0,0.14169294238090516,0.13376270681619645,0,0
retention_expiry,5828,V32P-A045045,0,0.42523784637451173,0.45552374124526979,0,0
retention_expiry,5829,V32P-A045046,0,0.28218325376510622,0.30751344561576843,0,0
retention_expiry,5830,V32P-A045047,0,0.19772807955741883,0.21125325560569763,0,0
retention_expiry,5831,V32P-A045048,0,0.07372869029641152,0.071202813833951953,0,0
retention_expiry,5832,V32P-A045085,0,0.46279991865158082,0.50347614288330078,0,0
retention_expiry,5833,V32P-A045086,0,0.41995211839675906,0.47883537411689758,0,0
retention_expiry,5834,V32P-A045087,0,0.41080918908119202,0.45118597745895384,0,0
retention_expiry,5835,V32P-A045088,0,0.33633830547332766,0.37044400572776792,0,0
retention_expiry,5836,V32P-A045089,0,0.27002499699592591,0.2892875701189041,0,0
retention_expiry,5837,V32P-A045090,0,0.12264809906482696,0.1177236258983612,0,0
retention_expiry,5838,V32P-A045163,0,0.6786661028862,0.69192260503768921,1,1
retention_expiry,5839,V32P-A045164,0,0.56455537080764773,0.58772006034851076,0,0
retention_expiry,5840,V32P-A045165,0,0.51680128574371342,0.54359898567199705,0,0
retention_expiry,5841,V32P-A045166,0,0.41987572908401488,0.44853045344352721,0,0
retention_expiry,5842,V32P-A045167,0,0.33651834130287173,0.35665047168731689,0,0
retention_expiry,5843,V32P-A045168,0,0.15145898759365081,0.14537577480077743,0,0
retention_expiry,5844,V32P-A045202,0,0.44127106666564941,0.45154814720153807,0,0
retention_expiry,5845,V32P-A045203,0,0.36134071052074435,0.36922828853130341,0,0
retention_expiry,5846,V32P-A045204,0,0.17117226421833037,0.1681303396821022,0,0
retention_expiry,5847,V32P-A045259,0,0.70146925449371333,0.74139509201049802,1,1
retention_expiry,5848,V32P-A045260,0,0.5572023212909698,0.61115779280662541,0,0
retention_expiry,5849,V32P-A045261,0,0.63762059211730959,0.67546849250793461,1,1
retention_expiry,5850,V32P-A045262,0,0.47706519961357119,0.52766217589378361,0,0
retention_expiry,5851,V32P-A045263,0,0.39255295097827914,0.44042352735996249,0,0
retention_expiry,5852,V32P-A045264,0,0.19201916158199311,0.20205872654914855,0,0
retention_expiry,5853,V32P-A045328,0,0.59495853185653691,0.61505780220031736,0,0
retention_expiry,5854,V32P-A045329,0,0.54106758832931523,0.55058618783950808,0,0
retention_expiry,5855,V32P-A045330,0,0.3305992126464844,0.31733509600162507,0,0
retention_expiry,5856,V32P-A045337,0,0.67388444542884829,0.69368724226951595,1,1
retention_expiry,5857,V32P-A045338,0,0.56564879417419434,0.59495289325714107,0,0
retention_expiry,5858,V32P-A045339,0,0.47078260779380798,0.50789269804954529,0,0
retention_expiry,5859,V32P-A045340,0,0.33857856392860414,0.37267886102199554,0,0
retention_expiry,5860,V32P-A045341,0,0.25527174174785616,0.28009644746780393,0,0
retention_expiry,5861,V32P-A045342,0,0.1119884666055441,0.11323547028005124,0,0
retention_expiry,5862,V32P-A045362,0,0.35441232323646543,0.41261088252067568,0,0
retention_expiry,5863,V32P-A045363,0,0.36546071767807009,0.4202891170978546,0,0
retention_expiry,5864,V32P-A045364,0,0.30487498641014099,0.34591508507728574,0,0
retention_expiry,5865,V32P-A045365,0,0.25088168382644654,0.27540055513381956,0,0
retention_expiry,5866,V32P-A045366,0,0.11542299985885621,0.10955021977424621,0,0
retention_expiry,5867,V32P-A045457,0,0.68991659879684453,0.72410304546356197,1,1
retention_expiry,5868,V32P-A045458,0,0.57604990005493162,0.61435050964355464,0,0
retention_expiry,5869,V32P-A045459,0,0.50700013041496272,0.54588662385940556,0,0
retention_expiry,5870,V32P-A045460,0,0.42913210988044737,0.46347224712371826,0,0
retention_expiry,5871,V32P-A045461,0,0.35314182043075559,0.38214704394340515,0,0
retention_expiry,5872,V32P-A045462,0,0.029909844137728216,0.025893714278936386,0,0
retention_expiry,5873,V32P-A045469,0,0.69550318717956539,0.71787692308425899,1,1
retention_expiry,5874,V32P-A045470,0,0.63833562135696409,0.65948052406311031,1,1
retention_expiry,5875,V32P-A045471,0,0.66775075197219846,0.68718328475952151,1,1
retention_expiry,5876,V32P-A045472,0,0.68714790344238286,0.69861998558044436,1,1
retention_expiry,5877,V32P-A045473,1,0.57703940272331233,0.57636644840240481,0,0
retention_expiry,5878,V32P-A045474,0,0.041555895842611788,0.036648021452128886,0,0
retention_expiry,5879,V32P-A045502,0,0.3848637819290161,0.42424950599670408,0,0
retention_expiry,5880,V32P-A045503,1,0.36396393775939939,0.38806984424591062,0,0
retention_expiry,5881,V32P-A045504,0,0.028701826371252535,0.025092370156198741,0,0
retention_expiry,5882,V32P-A045523,0,0.4286171317100525,0.49055760502815249,0,0
retention_expiry,5883,V32P-A045524,0,0.40751117467880249,0.47174693346023561,0,0
retention_expiry,5884,V32P-A045525,0,0.38064826130867002,0.44299499392509462,0,0
retention_expiry,5885,V32P-A045526,0,0.31997432708740237,0.36936935186386111,0,0
retention_expiry,5886,V32P-A045527,0,0.25339565277099607,0.28013407588005068,0,0
retention_expiry,5887,V32P-A045528,0,0.1164748415350914,0.11267002671957016,0,0
retention_expiry,5888,V32P-A045585,0,0.46338741183280946,0.49374589920043943,0,0
retention_expiry,5889,V32P-A045586,0,0.414928138256073,0.43658647537231443,0,0
retention_expiry,5890,V32P-A045587,1,0.35136050879955294,0.36303217113018038,0,0
retention_expiry,5891,V32P-A045588,0,0.025757108256220816,0.020399507693946363,0,0
retention_expiry,5892,V32P-A045622,0,0.39260908365249636,0.41827827095985415,0,0
retention_expiry,5893,V32P-A045623,0,0.31649452745914458,0.33227701485157013,0,0
retention_expiry,5894,V32P-A045624,0,0.02344478163868189,0.020940752979367972,0,0
retention_expiry,5895,V32P-A045697,0,0.78918526172637937,0.8068264961242676,1,1
retention_expiry,5896,V32P-A045698,0,0.63288053274154665,0.64665653705596926,1,1
retention_expiry,5897,V32P-A045699,0,0.66431977748870852,0.67655627727508549,1,1
retention_expiry,5898,V32P-A045700,0,0.52361497282981873,0.53593045473098755,0,0
retention_expiry,5899,V32P-A045701,0,0.5375433743000031,0.54463182687759404,0,0
retention_expiry,5900,V32P-A045702,0,0.27290453314781188,0.24892201125621796,0,0
retention_expiry,5901,V32P-A045811,0,0.62139402627944951,0.67801373004913335,1,1
retention_expiry,5902,V32P-A045812,0,0.56279366016387944,0.61207209825515752,0,0
retention_expiry,5903,V32P-A045813,0,0.40861862897872925,0.44897270202636719,0,0
retention_expiry,5904,V32P-A045814,0,0.34453150928020476,0.37974964082241058,0,0
retention_expiry,5905,V32P-A045815,0,0.32333746552467346,0.34941976070404052,0,0
retention_expiry,5906,V32P-A045816,0,0.15546747297048569,0.15231147408485413,0,0
retention_expiry,5907,V32P-A045841,0,0.62459034919738765,0.69755324125289919,1,1
retention_expiry,5908,V32P-A045842,0,0.46264201402664185,0.55588943958282466,0,0
retention_expiry,5909,V32P-A045843,0,0.37096228003501891,0.45495531558990476,0,0
retention_expiry,5910,V32P-A045844,0,0.35746200680732726,0.42890464067459105,0,0
retention_expiry,5911,V32P-A045845,0,0.29906839430332183,0.37277647852897644,0,0
retention_expiry,5912,V32P-A045846,0,0.16610246896743774,0.17933937907218933,0,0
retention_expiry,5913,V32P-A045873,0,0.40702058672904967,0.47339957356452944,0,0
retention_expiry,5914,V32P-A045874,1,0.34369604587554931,0.39325352907180788,0,0
retention_expiry,5915,V32P-A045875,0,0.04965096488595009,0.043563701957464215,0,0
retention_expiry,5916,V32P-A045876,0,0.020141690038144588,0.016875224933028222,0,0
retention_expiry,5917,V32P-A045877,0,0.48313031792640687,0.56541268229484554,0,0
retention_expiry,5918,V32P-A045878,0,0.4485261797904968,0.52997571229934692,0,0
retention_expiry,5919,V32P-A045879,0,0.40394487977027893,0.48136821389198303,0,0
retention_expiry,5920,V32P-A045880,0,0.33697329163551332,0.40314549207687378,0,0
retention_expiry,5921,V32P-A045881,0,0.28163838684558867,0.32986671924591066,0,0
retention_expiry,5922,V32P-A045882,0,0.16268757432699205,0.17103724777698517,0,0
retention_expiry,5923,V32P-A045898,1,0.22732940912246705,0.23070821166038513,0,0
retention_expiry,5924,V32P-A045899,0,0.029641312733292579,0.025294067338109016,0,0
retention_expiry,5925,V32P-A045900,0,0.012987512350082397,0.010791968367993832,0,0
retention_expiry,5926,V32P-A045907,0,0.72101166248321535,0.73631656169891357,1,1
retention_expiry,5927,V32P-A045908,0,0.51595367789268498,0.5426105260848999,0,0
retention_expiry,5928,V32P-A045909,0,0.47489234209060671,0.50002363324165344,0,0
retention_expiry,5929,V32P-A045910,0,0.41593945622444151,0.42691017389297486,0,0
retention_expiry,5930,V32P-A045911,0,0.33490230739116666,0.33811895549297333,0,0
retention_expiry,5931,V32P-A045912,0,0.14950617104768754,0.14104405939579009,0,0
retention_expiry,5932,V32P-A045919,0,0.5097313463687897,0.55078897476196287,0,0
retention_expiry,5933,V32P-A045920,0,0.45742951631546019,0.49757567048072815,0,0
retention_expiry,5934,V32P-A045921,0,0.40174929201602938,0.43867578506469729,0,0
retention_expiry,5935,V32P-A045922,0,0.34784866869449615,0.37388468682765963,0,0
retention_expiry,5936,V32P-A045923,0,0.28035401105880736,0.29676752388477323,0,0
retention_expiry,5937,V32P-A045924,0,0.14517229571938514,0.14286647439002992,0,0
retention_expiry,5938,V32P-A046081,1,0.60553703308105467,0.65366805791854854,0,1
retention_expiry,5939,V32P-A046082,1,0.57483462095260618,0.62256579399108891,0,1
retention_expiry,5940,V32P-A046083,1,0.53404719233512876,0.57876003980636592,0,0
retention_expiry,5941,V32P-A046084,0,0.07838016003370285,0.0733014926314354,0,0
retention_expiry,5942,V32P-A046085,0,0.058108435571193696,0.053677093237638474,0,0
retention_expiry,5943,V32P-A046086,0,0.025150470435619354,0.022546162270009516,0,0
retention_expiry,5944,V32P-A046165,0,0.80884931087493894,0.83384571075439451,1,1
retention_expiry,5945,V32P-A046166,0,0.73062634468078613,0.75976051092147823,1,1
retention_expiry,5946,V32P-A046167,0,0.63155540227890017,0.67257193326950071,1,1
retention_expiry,5947,V32P-A046168,0,0.54123354554176328,0.57110891342163084,0,0
retention_expiry,5948,V32P-A046169,0,0.44570990204811095,0.47204325795173646,0,0
retention_expiry,5949,V32P-A046170,0,0.036473254673182964,0.031410400290042162,0,0
retention_expiry,5950,V32P-A046177,0,0.59787084460258488,0.64612008929252629,0,1
retention_expiry,5951,V32P-A046178,0,0.5481659889221191,0.58821495771408083,0,0
retention_expiry,5952,V32P-A046179,0,0.50787382721900942,0.5416483938694,0,0
retention_expiry,5953,V32P-A046180,0,0.42132559418678284,0.44123078584671022,0,0
retention_expiry,5954,V32P-A046181,0,0.34729866385459901,0.35453054308891296,0,0
retention_expiry,5955,V32P-A046182,0,0.19347117245197296,0.18317920863628387,0,0
retention_expiry,5956,V32P-A046189,0,0.65405956506729124,0.69716302156448362,1,1
retention_expiry,5957,V32P-A046190,0,0.57883312702178957,0.63006255626678465,0,1
retention_expiry,5958,V32P-A046191,0,0.54326966404914856,0.59203388690948489,0,0
retention_expiry,5959,V32P-A046192,0,0.47039169669151304,0.50442208647727971,0,0
retention_expiry,5960,V32P-A046193,1,0.42936131954193113,0.44917915463447572,0,0
retention_expiry,5961,V32P-A046194,0,0.031804678216576579,0.027391615882515909,0,0
retention_expiry,5962,V32P-A046195,0,0.62341699600219724,0.66676878929138184,1,1
retention_expiry,5963,V32P-A046196,0,0.6085077047348022,0.65442246198654175,0,1
retention_expiry,5964,V32P-A046197,0,0.49280755519866942,0.53697605729103093,0,0
retention_expiry,5965,V32P-A046198,0,0.41141906976699827,0.44112302064895631,0,0
retention_expiry,5966,V32P-A046199,0,0.33509009778499604,0.35219125151634217,0,0
retention_expiry,5967,V32P-A046200,0,0.16641346812248231,0.16112347543239594,0,0
retention_expiry,5968,V32P-A046267,0,0.51409628391265871,0.54151173830032351,0,0
retention_expiry,5969,V32P-A046268,0,0.48036629855632784,0.49218541681766509,0,0
retention_expiry,5970,V32P-A046269,0,0.42033103108406067,0.42543301582336424,0,0
retention_expiry,5971,V32P-A046270,0,0.35492637753486633,0.35348030328750613,0,0
retention_expiry,5972,V32P-A046271,0,0.29066730588674544,0.28342054933309557,0,0
retention_expiry,5973,V32P-A046272,0,0.13376010023057461,0.12466517575085163,0,0
retention_expiry,5974,V32P-A046273,0,0.3487565040588379,0.40606215596199036,0,0
retention_expiry,5975,V32P-A046274,0,0.40459781885147095,0.46796652674674988,0,0
retention_expiry,5976,V32P-A046275,0,0.40595298409461977,0.45370969772338865,0,0
retention_expiry,5977,V32P-A046276,0,0.34931633472442625,0.38469808101654052,0,0
retention_expiry,5978,V32P-A046277,0,0.28580447733402253,0.30622980296611785,0,0
retention_expiry,5979,V32P-A046278,0,0.13333601951599122,0.12785512953996658,0,0
retention_expiry,5980,V32P-A046291,0,0.83376731872558596,0.85359379053115847,1,1
retention_expiry,5981,V32P-A046292,0,0.6846749067306519,0.708388888835907,1,1
retention_expiry,5982,V32P-A046293,0,0.59843073487281795,0.62767208218574522,0,1
retention_expiry,5983,V32P-A046294,0,0.54809180498123167,0.57836560606956477,0,0
retention_expiry,5984,V32P-A046295,0,0.53832541108131404,0.56511366963386533,0,0
retention_expiry,5985,V32P-A046296,0,0.048664445988833904,0.041701891459524632,0,0
retention_expiry,5986,V32P-A046311,0,0.57123546600341801,0.60023853778839109,0,0
retention_expiry,5987,V32P-A046312,0,0.44338836669921877,0.47324067950248716,0,0
retention_expiry,5988,V32P-A046313,0,0.33853269219398496,0.35953941941261292,0,0
retention_expiry,5989,V32P-A046314,0,0.13694998621940613,0.12471799701452255,0,0
retention_expiry,5990,V32P-A046351,0,0.70467183589935301,0.7289903879165649,1,1
retention_expiry,5991,V32P-A046352,0,0.50783328413963313,0.5504557192325592,0,0
retention_expiry,5992,V32P-A046353,0,0.39187849760055543,0.42980699539184569,0,0
retention_expiry,5993,V32P-A046354,0,0.46755187511444091,0.50253112912178044,0,0
retention_expiry,5994,V32P-A046355,0,0.31894119381904601,0.34928304553031919,0,0
retention_expiry,5995,V32P-A046356,0,0.15839838981628418,0.16189336329698562,0,0
retention_expiry,5996,V32P-A046429,1,0.77562445402145386,0.79506254196166992,1,1
retention_expiry,5997,V32P-A046430,1,0.67815421819686894,0.69938945770263672,1,1
retention_expiry,5998,V32P-A046431,1,0.60680550336837769,0.63423663377761841,0,1
retention_expiry,5999,V32P-A046432,0,0.095589126273989675,0.086194217577576643,0,0
retention_expiry,6000,V32P-A046433,0,0.071090316399931908,0.063170164078474048,0,0
retention_expiry,6001,V32P-A046434,0,0.031990458630025385,0.028004438523203133,0,0
retention_expiry,6002,V32P-A046454,0,0.30280227065086363,0.36889665722846987,0,0
retention_expiry,6003,V32P-A046455,0,0.27584846317768097,0.33371021747589114,0,0
retention_expiry,6004,V32P-A046456,0,0.22953736186027526,0.27431288361549377,0,0
retention_expiry,6005,V32P-A046457,0,0.18162370324134827,0.21065616905689238,0,0
retention_expiry,6006,V32P-A046458,0,0.086785578727722162,0.089789702743291858,0,0
retention_expiry,6007,V32P-A046477,0,0.65611007213592532,0.69087291955947872,1,1
retention_expiry,6008,V32P-A046478,0,0.48517481088638303,0.53083720803260803,0,0
retention_expiry,6009,V32P-A046479,0,0.43908041715621948,0.48117461800575256,0,0
retention_expiry,6010,V32P-A046480,0,0.42989656925201414,0.45844840407371523,0,0
retention_expiry,6011,V32P-A046481,0,0.35768496990203857,0.37548304200172422,0,0
retention_expiry,6012,V32P-A046482,0,0.19204827547073364,0.17948920726776124,0,0
retention_expiry,6013,V32P-A046519,0,0.46307885050773623,0.50079800486564641,0,0
retention_expiry,6014,V32P-A046520,0,0.43617326021194458,0.47652059197425845,0,0
retention_expiry,6015,V32P-A046521,0,0.35948235392570493,0.39582335352897646,0,0
retention_expiry,6016,V32P-A046522,0,0.28478987216949464,0.31599146425724028,0,0
retention_expiry,6017,V32P-A046523,1,0.24967696368694306,0.26990415453910827,0,0
retention_expiry,6018,V32P-A046524,0,0.024344847397878767,0.022250019619241355,0,0
retention_expiry,6019,V32P-A046543,0,0.48855226635932925,0.58045051097869871,0,0
retention_expiry,6020,V32P-A046544,0,0.46038331985473635,0.55193353295326231,0,0
retention_expiry,6021,V32P-A046545,0,0.41644493937492372,0.49925824999809265,0,0
retention_expiry,6022,V32P-A046546,0,0.40217734575271608,0.47061541676521301,0,0
retention_expiry,6023,V32P-A046547,0,0.31745093762874604,0.37946976423263551,0,0
retention_expiry,6024,V32P-A046548,0,0.14094898998737335,0.13981937021017074,0,0
retention_expiry,6025,V32P-A046567,0,0.60763574242591856,0.70251679420471191,0,1
retention_expiry,6026,V32P-A046568,0,0.63399745225906368,0.71743273735046387,1,1
retention_expiry,6027,V32P-A046569,0,0.60922721624374387,0.69026209115982051,0,1
retention_expiry,6028,V32P-A046570,0,0.55930144190788267,0.62968804836273196,0,1
retention_expiry,6029,V32P-A046571,0,0.5003037571907043,0.56064379811286924,0,0
retention_expiry,6030,V32P-A046572,0,0.28570819795131686,0.29885696768760683,0,0
retention_expiry,6031,V32P-A046609,0,0.66339951753616333,0.68639677762985229,1,1
retention_expiry,6032,V32P-A046610,0,0.55979648828506468,0.5977641701698303,0,0
retention_expiry,6033,V32P-A046611,0,0.54973345994949341,0.57652261257171633,0,0
retention_expiry,6034,V32P-A046612,0,0.48427361845970152,0.50908097624778748,0,0
retention_expiry,6035,V32P-A046613,0,0.39199877977371217,0.41091233491897583,0,0
retention_expiry,6036,V32P-A046614,0,0.16658059060573577,0.16321049034595489,0,0
retention_expiry,6037,V32P-A046687,0,0.80514043569564819,0.83968448638916016,1,1
retention_expiry,6038,V32P-A046688,0,0.74145377874374385,0.77661396265029903,1,1
retention_expiry,6039,V32P-A046689,0,0.59055085182189937,0.64626084566116337,0,1
retention_expiry,6040,V32P-A046690,0,0.53421630859375002,0.59142988920211792,0,0
retention_expiry,6041,V32P-A046691,0,0.43077138066291809,0.48266603946685793,0,0
retention_expiry,6042,V32P-A046692,0,0.20122458338737487,0.21686328649520875,0,0
retention_expiry,6043,V32P-A046705,0,0.42094679474830626,0.49329373836517332,0,0
retention_expiry,6044,V32P-A046706,0,0.37003051042556762,0.43561526536941531,0,0
retention_expiry,6045,V32P-A046707,0,0.37388526797294619,0.42917392849922181,0,0
retention_expiry,6046,V32P-A046708,0,0.3263719230890274,0.36549600660800935,0,0
retention_expiry,6047,V32P-A046709,1,0.26559560596942899,0.28884163200855256,0,0
retention_expiry,6048,V32P-A046710,0,0.024134816508740185,0.020396705530583859,0,0
retention_expiry,6049,V32P-A046819,0,0.46666162014007567,0.51950060129165654,0,0
retention_expiry,6050,V32P-A046820,0,0.50718251466751096,0.54709722995758059,0,0
retention_expiry,6051,V32P-A046821,0,0.4755123734474182,0.50919527411460874,0,0
retention_expiry,6052,V32P-A046822,1,0.43743059635162351,0.46821039319038393,0,0
retention_expiry,6053,V32P-A046823,0,0.059281956031918527,0.052165998890995977,0,0
retention_expiry,6054,V32P-A046824,0,0.028214374743402004,0.024060259666293861,0,0
retention_expiry,6055,V32P-A046933,0,0.52669054865837095,0.57992827296257021,0,0
retention_expiry,6056,V32P-A046934,0,0.46661951541900637,0.50154938697814944,0,0
retention_expiry,6057,V32P-A046935,0,0.39168446660041811,0.41599597930908205,0,0
retention_expiry,6058,V32P-A046936,0,0.30451715886592867,0.31669710278511048,0,0
retention_expiry,6059,V32P-A046937,0,0.26266644895076752,0.26410942971706391,0,0
retention_expiry,6060,V32P-A046938,0,0.12071232050657273,0.11112689822912217,0,0
retention_expiry,6061,V32P-A046975,0,0.83659231662750244,0.86229604482650757,1,1
retention_expiry,6062,V32P-A046976,0,0.75077768564224245,0.78643347024917598,1,1
retention_expiry,6063,V32P-A046977,0,0.73657016754150395,0.77031157016754148,1,1
retention_expiry,6064,V32P-A046978,0,0.6831268191337585,0.71853830814361574,1,1
retention_expiry,6065,V32P-A046979,1,0.75183283090591435,0.76945897340774538,1,1
retention_expiry,6066,V32P-A046980,0,0.080059409514069563,0.070425505191087728,0,0
retention_expiry,6067,V32P-A047092,0,0.5968849301338196,0.63024299740791323,0,1
retention_expiry,6068,V32P-A047093,0,0.52719774246215823,0.5588741779327393,0,0
retention_expiry,6069,V32P-A047094,0,0.30606532692909239,0.31233873665332795,0,0
retention_expiry,6070,V32P-A047145,0,0.46946387290954589,0.51417918801307683,0,0
retention_expiry,6071,V32P-A047146,0,0.5302807092666626,0.55306442975997927,0,0
retention_expiry,6072,V32P-A047147,0,0.34729951620101929,0.3711761713027954,0,0
retention_expiry,6073,V32P-A047148,0,0.17725424319505692,0.1739966705441475,0,0
retention_expiry,6074,V32P-A047173,0,0.54513323903083799,0.58613354563713072,0,0
retention_expiry,6075,V32P-A047174,0,0.50870695114135744,0.54923103451728816,0,0
retention_expiry,6076,V32P-A047175,0,0.47343506217002868,0.50080968737602238,0,0
retention_expiry,6077,V32P-A047176,0,0.41124122738838198,0.42684065103530883,0,0
retention_expiry,6078,V32P-A047177,1,0.37025989890098571,0.37596185207366944,0,0
retention_expiry,6079,V32P-A047178,0,0.028925811313092707,0.024088141880929469,0,0
retention_expiry,6080,V32P-A047179,0,0.56834889650344844,0.61399166584014897,0,0
retention_expiry,6081,V32P-A047180,0,0.45912346243858337,0.51644697189331057,0,0
retention_expiry,6082,V32P-A047181,0,0.44609280824661257,0.48808804750442503,0,0
retention_expiry,6083,V32P-A047182,0,0.35891786217689514,0.38757037520408633,0,0
retention_expiry,6084,V32P-A047183,0,0.28135991692543028,0.29328722953796388,0,0
retention_expiry,6085,V32P-A047184,0,0.10972974896430969,0.10336283445358277,0,0
retention_expiry,6086,V32P-A047269,1,0.52199816703796387,0.6045243620872498,0,0
retention_expiry,6087,V32P-A047270,1,0.56953799128532412,0.64791173338890073,0,1
retention_expiry,6088,V32P-A047271,1,0.65662212371826167,0.72373626232147215,1,1
retention_expiry,6089,V32P-A047272,0,0.09946470707654953,0.093141184002161023,0,0
retention_expiry,6090,V32P-A047273,0,0.078600245714187625,0.071341612935066218,0,0
retention_expiry,6091,V32P-A047274,0,0.034728356078267096,0.030199614539742469,0,0
retention_expiry,6092,V32P-A047311,0,0.6308418273925781,0.67283858060836788,1,1
retention_expiry,6093,V32P-A047312,0,0.59141941070556636,0.63860313892364506,0,1
retention_expiry,6094,V32P-A047313,0,0.50864194035530086,0.56582967042922971,0,0
retention_expiry,6095,V32P-A047314,0,0.43467158079147339,0.48889082670211792,0,0
retention_expiry,6096,V32P-A047315,0,0.37037321925163269,0.4170116364955902,0,0
retention_expiry,6097,V32P-A047316,0,0.035312923789024356,0.032185532525181769,0,0
retention_expiry,6098,V32P-A047398,0,0.24353308528661727,0.22051293253898621,0,0
retention_expiry,6099,V32P-A047399,0,0.15855617299675942,0.13900282755494117,0,0
retention_expiry,6100,V32P-A047400,0,0.069742823019623756,0.059380260109901425,0,0
retention_expiry,6101,V32P-A047455,0,0.84450322389602661,0.86236699819564822,1,1
retention_expiry,6102,V32P-A047456,0,0.72717441320419307,0.74322441816329954,1,1
retention_expiry,6103,V32P-A047457,0,0.8207326292991638,0.83274927139282229,1,1
retention_expiry,6104,V32P-A047458,0,0.59063799381256099,0.60649240016937256,0,0
retention_expiry,6105,V32P-A047459,0,0.50324834585189815,0.51606436371803288,0,0
retention_expiry,6106,V32P-A047460,0,0.24352947771549224,0.23495948910713196,0,0
retention_expiry,6107,V32P-A047491,0,0.79293369054794316,0.82498157024383545,1,1
retention_expiry,6108,V32P-A047492,0,0.66506655216217037,0.71139694452285762,1,1
retention_expiry,6109,V32P-A047493,0,0.75665937662124638,0.78600194454193117,1,1
retention_expiry,6110,V32P-A047494,0,0.61321212053298946,0.6522360682487488,0,1
retention_expiry,6111,V32P-A047495,0,0.56664590239524837,0.60866358280181887,0,0
retention_expiry,6112,V32P-A047496,0,0.34891979098320008,0.36273064613342287,0,0
retention_expiry,6113,V32P-A047530,0,0.32195111215114591,0.36248212754726411,0,0
retention_expiry,6114,V32P-A047531,1,0.25698614865541458,0.30061156898736952,0,0
retention_expiry,6115,V32P-A047532,0,0.026049215206876399,0.022751886444166303,0,0
retention_expiry,6116,V32P-A047536,1,0.47414633631706238,0.49541367292404176,0,0
retention_expiry,6117,V32P-A047537,0,0.067479113489389425,0.054623953998088837,0,0
retention_expiry,6118,V32P-A047538,0,0.032716271933168173,0.026347079500555991,0,0
retention_expiry,6119,V32P-A047541,0,0.53492324948310854,0.56751652956008913,0,0
retention_expiry,6120,V32P-A047542,0,0.4134253919124603,0.44733208417892456,0,0
retention_expiry,6121,V32P-A047543,0,0.32556522488594053,0.34898152947425842,0,0
retention_expiry,6122,V32P-A047544,0,0.14229729920625686,0.13653391152620314,0,0
retention_expiry,6123,V32P-A047569,0,0.72137386798858638,0.73914731740951534,1,1
retention_expiry,6124,V32P-A047570,0,0.5913782477378845,0.60993402004241948,0,0
retention_expiry,6125,V32P-A047571,0,0.53450227975845332,0.55383244156837463,0,0
retention_expiry,6126,V32P-A047572,0,0.47124644517898562,0.48701664805412292,0,0
retention_expiry,6127,V32P-A047573,0,0.44984458088874818,0.46066519618034363,0,0
retention_expiry,6128,V32P-A047574,0,0.20030192136764527,0.18568699061870575,0,0
retention_expiry,6129,V32P-A047716,0,0.35913820862770079,0.37545932531356813,0,0
retention_expiry,6130,V32P-A047717,0,0.27277349531650541,0.27985056638717654,0,0
retention_expiry,6131,V32P-A047718,0,0.12368147820234299,0.11733753681182861,0,0
retention_expiry,6132,V32P-A047731,1,0.51965531110763552,0.5902628540992737,0,0
retention_expiry,6133,V32P-A047732,1,0.37572208642959593,0.44341965913772585,0,0
retention_expiry,6134,V32P-A047733,1,0.36712682843208311,0.42539384365081789,0,0
retention_expiry,6135,V32P-A047734,0,0.067869482561945915,0.066518226265907282,0,0
retention_expiry,6136,V32P-A047735,0,0.04282041173428297,0.039135779999196527,0,0
retention_expiry,6137,V32P-A047736,0,0.016924569103866815,0.014890294149518013,0,0
retention_expiry,6138,V32P-A047743,0,0.58564438819885256,0.62226041555404665,0,1
retention_expiry,6139,V32P-A047744,0,0.53663811683654783,0.57282111644744871,0,0
retention_expiry,6140,V32P-A047745,0,0.51058218479156492,0.5442732989788055,0,0
retention_expiry,6141,V32P-A047746,0,0.44649452567100523,0.47550954818725588,0,0
retention_expiry,6142,V32P-A047747,1,0.35776725113391877,0.3955976814031601,0,0
retention_expiry,6143,V32P-A047748,0,0.029302471503615379,0.025394442863762377,0,0
retention_expiry,6144,V32P-A047809,0,0.75893670320510864,0.79516646862030027,1,1
retention_expiry,6145,V32P-A047810,0,0.60702857971191404,0.66490746736526485,0,1
retention_expiry,6146,V32P-A047811,0,0.4850209653377533,0.55283384919166567,0,0
retention_expiry,6147,V32P-A047812,0,0.41364982724189758,0.4697903275489807,0,0
retention_expiry,6148,V32P-A047813,0,0.39154604673385618,0.43827937841415404,0,0
retention_expiry,6149,V32P-A047814,0,0.17047778517007828,0.17839465737342836,0,0
retention_expiry,6150,V32P-A047815,0,0.66376346349716187,0.71231329441070557,1,1
retention_expiry,6151,V32P-A047816,0,0.59312135577201841,0.64302351474761965,0,1
retention_expiry,6152,V32P-A047817,0,0.59437522888183592,0.63839781284332275,0,1
retention_expiry,6153,V32P-A047818,0,0.57172409296035764,0.60521305799484248,0,0
retention_expiry,6154,V32P-A047819,0,0.54934213757514949,0.57132524847984312,0,0
retention_expiry,6155,V32P-A047820,0,0.29896295964717867,0.29692905247211454,0,0
retention_expiry,6156,V32P-A047827,0,0.71917967796325688,0.75359375476837154,1,1
retention_expiry,6157,V32P-A047828,0,0.61256892681121822,0.65803898572921748,0,1
retention_expiry,6158,V32P-A047829,0,0.53836109638214114,0.5926322340965271,0,0
retention_expiry,6159,V32P-A047830,0,0.45751473307609558,0.51165964007377629,0,0
retention_expiry,6160,V32P-A047831,0,0.38427720069885252,0.42953168749809267,0,0
retention_expiry,6161,V32P-A047832,0,0.19449353069067002,0.20160024166107177,0,0
retention_expiry,6162,V32P-A047836,0,0.36703423261642454,0.42639463543891909,0,0
retention_expiry,6163,V32P-A047837,0,0.29735121726989744,0.33712038397789001,0,0
retention_expiry,6164,V32P-A047838,0,0.12774230837821959,0.12969774007797241,0,0
retention_expiry,6165,V32P-A047869,0,0.82011040449142458,0.858404529094696,1,1
retention_expiry,6166,V32P-A047870,0,0.7483836770057678,0.79050114154815676,1,1
retention_expiry,6167,V32P-A047871,0,0.73094034194946289,0.7712418913841248,1,1
retention_expiry,6168,V32P-A047872,0,0.72936860322952268,0.76403100490570064,1,1
retention_expiry,6169,V32P-A047873,0,0.71083238124847414,0.74069011211395264,1,1
retention_expiry,6170,V32P-A047874,0,0.48797181844711301,0.50381322503089909,0,0
retention_expiry,6171,V32P-A047877,0,0.43798251748085021,0.47678089737892149,0,0
retention_expiry,6172,V32P-A047878,0,0.36726441383361819,0.39651939868927,0,0
retention_expiry,6173,V32P-A047879,0,0.28697419762611387,0.30460438728332517,0,0
retention_expiry,6174,V32P-A047880,0,0.12058632224798202,0.11521269679069519,0,0
retention_expiry,6175,V32P-A047905,0,0.49138441085815432,0.55157516598701473,0,0
retention_expiry,6176,V32P-A047906,0,0.52052710056304929,0.57184732556343076,0,0
retention_expiry,6177,V32P-A047907,0,0.50859109759330745,0.55528732538223269,0,0
retention_expiry,6178,V32P-A047908,0,0.44766424894332885,0.4860107362270355,0,0
retention_expiry,6179,V32P-A047909,0,0.37669345140457156,0.40286197662353518,0,0
retention_expiry,6180,V32P-A047910,0,0.18208580315113068,0.17865667343139649,0,0
retention_expiry,6181,V32P-A047935,1,0.68049495220184331,0.71360018253326418,1,1
retention_expiry,6182,V32P-A047936,1,0.55652913451194763,0.58318193554878239,0,0
retention_expiry,6183,V32P-A047937,1,0.42542434334754942,0.44132927060127258,0,0
retention_expiry,6184,V32P-A047938,0,0.06327430456876755,0.055597251653671263,0,0
retention_expiry,6185,V32P-A047939,0,0.044407571852207187,0.038589281216263774,0,0
retention_expiry,6186,V32P-A047940,0,0.019272555597126484,0.016474845493212341,0,0
retention_expiry,6187,V32P-A047949,0,0.35214594006538391,0.41147579550743102,0,0
retention_expiry,6188,V32P-A047950,0,0.27791282832622527,0.32784555852413177,0,0
retention_expiry,6189,V32P-A047951,0,0.21983853578567505,0.25573461651802065,0,0
retention_expiry,6190,V32P-A047952,0,0.11462230309844017,0.12027452662587165,0,0
retention_expiry,6191,V32P-A048001,1,0.70263592004775999,0.71995294094085693,1,1
retention_expiry,6192,V32P-A048002,1,0.6101734399795532,0.62764242887496946,0,1
retention_expiry,6193,V32P-A048003,0,0.11121402084827423,0.09801772385835647,0,0
retention_expiry,6194,V32P-A048004,0,0.12123522609472275,0.10300345718860626,0,0
retention_expiry,6195,V32P-A048005,0,0.062601156160235399,0.053474235162138936,0,0
retention_expiry,6196,V32P-A048006,0,0.028353104926645757,0.023881570436060429,0,0
retention_expiry,6197,V32P-A048025,0,0.46461372971534731,0.51878379583358769,0,0
retention_expiry,6198,V32P-A048026,0,0.46535032391548159,0.51229562759399416,0,0
retention_expiry,6199,V32P-A048027,0,0.38844469785690305,0.42508544325828551,0,0
retention_expiry,6200,V32P-A048028,0,0.282814222574234,0.29721597731113436,0,0
retention_expiry,6201,V32P-A048029,0,0.19363996684551238,0.19212612211704255,0,0
retention_expiry,6202,V32P-A048030,0,0.080635587871074679,0.073387027531862256,0,0
retention_expiry,6203,V32P-A048031,1,0.57190292477607729,0.6104736745357513,0,0
retention_expiry,6204,V32P-A048032,1,0.50307212471961971,0.55026888251304629,0,0
retention_expiry,6205,V32P-A048033,1,0.42204625904560089,0.46793921291828156,0,0
retention_expiry,6206,V32P-A048034,0,0.084448183141648772,0.073820032738149161,0,0
retention_expiry,6207,V32P-A048035,0,0.070399935543537143,0.060786870867013933,0,0
retention_expiry,6208,V32P-A048036,0,0.034512255806475878,0.029452515486627816,0,0
retention_expiry,6209,V32P-A048045,0,0.54232080578804021,0.6114519357681274,0,0
retention_expiry,6210,V32P-A048046,0,0.47036280632019045,0.54090214967727657,0,0
retention_expiry,6211,V32P-A048047,0,0.37848510742187502,0.43366349935531617,0,0
retention_expiry,6212,V32P-A048048,0,0.17327565252780913,0.17492018342018129,0,0
retention_expiry,6213,V32P-A048061,0,0.40662892758846281,0.45244553387165071,0,0
retention_expiry,6214,V32P-A048062,0,0.42028598189353944,0.46396592259407043,0,0
retention_expiry,6215,V32P-A048063,0,0.42723268270492554,0.46346880197525026,0,0
retention_expiry,6216,V32P-A048064,0,0.4008027255535126,0.42926615178585054,0,0
retention_expiry,6217,V32P-A048065,0,0.33684382140636443,0.36174278855323794,0,0
retention_expiry,6218,V32P-A048066,0,0.19407535046339036,0.20467746481299401,0,0
retention_expiry,6219,V32P-A048076,0,0.51488359570503239,0.57554132938385005,0,0
retention_expiry,6220,V32P-A048077,0,0.47071579098701477,0.51854652166366577,0,0
retention_expiry,6221,V32P-A048078,0,0.33587810695171355,0.33537758588790895,0,0
retention_expiry,6222,V32P-A048081,0,0.38806667327880862,0.39604117274284362,0,0
retention_expiry,6223,V32P-A048082,0,0.28238855302333832,0.28407253324985504,0,0
retention_expiry,6224,V32P-A048083,0,0.20814969539642333,0.20529964864253997,0,0
retention_expiry,6225,V32P-A048084,0,0.087294032424688334,0.080190011858940119,0,0
retention_expiry,6226,V32P-A048127,0,0.54060736894607542,0.58139207363128664,0,0
retention_expiry,6227,V32P-A048128,0,0.4933532178401947,0.53275189399719236,0,0
retention_expiry,6228,V32P-A048129,0,0.43403201103210448,0.47225563526153563,0,0
retention_expiry,6229,V32P-A048130,0,0.40875846743583677,0.43887446522712709,0,0
retention_expiry,6230,V32P-A048131,0,0.28996945917606354,0.31325748860836028,0,0
retention_expiry,6231,V32P-A048132,0,0.13624454736709596,0.13878013342618942,0,0
retention_expiry,6232,V32P-A048184,0,0.71674213409423826,0.74985144138336179,1,1
retention_expiry,6233,V32P-A048185,0,0.56700651645660405,0.60234147310256958,0,0
retention_expiry,6234,V32P-A048186,0,0.048443314433097837,0.039948066323995592,0,0
retention_expiry,6235,V32P-A048189,0,0.45720046758651733,0.51947906017303469,0,0
retention_expiry,6236,V32P-A048190,0,0.47531939148902891,0.52318527698516848,0,0
retention_expiry,6237,V32P-A048191,0,0.31643322408199309,0.3503874748945236,0,0
retention_expiry,6238,V32P-A048192,0,0.15150620192289352,0.15308717787265777,0,0
retention_expiry,6239,V32P-A048253,0,0.50029172897338869,0.54097015261650083,0,0
retention_expiry,6240,V32P-A048254,0,0.42949842810630801,0.47532759904861449,0,0
retention_expiry,6241,V32P-A048255,0,0.39311636686325074,0.4301368474960327,0,0
retention_expiry,6242,V32P-A048256,0,0.327333003282547,0.35493397116661074,0,0
retention_expiry,6243,V32P-A048257,0,0.26932199597358703,0.28902305066585543,0,0
retention_expiry,6244,V32P-A048258,0,0.12789289355278016,0.12768568173050882,0,0
retention_expiry,6245,V32P-A048301,1,0.70555448532104492,0.75704478025436406,1,1
retention_expiry,6246,V32P-A048302,1,0.61365335583686831,0.67570555806159971,0,1
retention_expiry,6247,V32P-A048303,1,0.55832768678665157,0.62638449668884277,0,1
retention_expiry,6248,V32P-A048304,0,0.10281084328889847,0.092503540217876434,0,0
retention_expiry,6249,V32P-A048305,0,0.089172942191362375,0.085803911089897156,0,0
retention_expiry,6250,V32P-A048306,0,0.032713486067950728,0.026893803849816322,0,0
retention_expiry,6251,V32P-A048363,0,0.41007090806961061,0.45234636068344114,0,0
retention_expiry,6252,V32P-A048364,0,0.37949491143226621,0.4119670629501343,0,0
retention_expiry,6253,V32P-A048365,0,0.32058119773864746,0.34010326564311982,0,0
retention_expiry,6254,V32P-A048366,0,0.14906495809555054,0.14377572834491731,0,0
retention_expiry,6255,V32P-A048409,0,0.6377372145652771,0.66175786256790159,1,1
retention_expiry,6256,V32P-A048410,0,0.54955670833587644,0.58342555761337278,0,0
retention_expiry,6257,V32P-A048411,0,0.45498612523078918,0.49301363229751588,0,0
retention_expiry,6258,V32P-A048412,0,0.34168488681316378,0.3698452740907669,0,0
retention_expiry,6259,V32P-A048413,0,0.2593076229095459,0.27762554585933685,0,0
retention_expiry,6260,V32P-A048414,0,0.098661272972822192,0.096180478483438497,0,0
retention_expiry,6261,V32P-A048427,0,0.7385827898979187,0.76313108205795288,1,1
retention_expiry,6262,V32P-A048428,0,0.61567524671554563,0.64934999942779537,0,1
retention_expiry,6263,V32P-A048429,0,0.54928669333457947,0.58563412427902217,0,0
retention_expiry,6264,V32P-A048430,0,0.47290561795234681,0.50387688279151921,0,0
retention_expiry,6265,V32P-A048431,0,0.39774786233901976,0.4147350311279297,0,0
retention_expiry,6266,V32P-A048432,0,0.22924667000770568,0.21661906838417053,0,0
retention_expiry,6267,V32P-A048520,0,0.39868460297584535,0.47384887337684634,0,0
retention_expiry,6268,V32P-A048521,1,0.38377826213836669,0.45223729610443114,0,0
retention_expiry,6269,V32P-A048522,0,0.033673723228275776,0.029144908674061297,0,0
retention_expiry,6270,V32P-A048559,0,0.68000242710113523,0.74219163656234743,1,1
retention_expiry,6271,V32P-A048560,0,0.63971828222274785,0.70505356788635254,1,1
retention_expiry,6272,V32P-A048561,0,0.58044441938400271,0.64213155508041386,0,1
retention_expiry,6273,V32P-A048562,0,0.52159473299980164,0.57029905915260315,0,0
retention_expiry,6274,V32P-A048563,1,0.44321420192718508,0.47590057849884032,0,0
retention_expiry,6275,V32P-A048564,0,0.031271794252097605,0.025252508558332921,0,0
retention_expiry,6276,V32P-A048577,0,0.72612330913543699,0.75969270467758176,1,1
retention_expiry,6277,V32P-A048578,0,0.65668692588806155,0.69798583984374996,1,1
retention_expiry,6278,V32P-A048579,0,0.60537977218627925,0.6572770833969116,0,1
retention_expiry,6279,V32P-A048580,0,0.57210687994956966,0.60460883378982544,0,0
retention_expiry,6280,V32P-A048581,0,0.50336257219314573,0.53130757808685303,0,0
retention_expiry,6281,V32P-A048582,0,0.26352633833885192,0.25876272916793824,0,0
retention_expiry,6282,V32P-A048685,0,0.7435694813728333,0.77843797206878662,1,1
retention_expiry,6283,V32P-A048686,0,0.55090159773826597,0.60627673864364628,0,0
retention_expiry,6284,V32P-A048687,0,0.43894643187522886,0.50349047183990481,0,0
retention_expiry,6285,V32P-A048688,0,0.48892611861228941,0.53895130157470705,0,0
retention_expiry,6286,V32P-A048689,0,0.33675937056541444,0.37756732702255247,0,0
retention_expiry,6287,V32P-A048690,0,0.17554198801517487,0.18099551498889924,0,0
retention_expiry,6288,V32P-A048907,0,0.48813272118568418,0.56825033426284788,0,0
retention_expiry,6289,V32P-A048908,0,0.48948595523834226,0.55495297312736513,0,0
retention_expiry,6290,V32P-A048909,0,0.46219449043273925,0.51882283091545101,0,0
retention_expiry,6291,V32P-A048910,0,0.39452567100524905,0.43857697844505311,0,0
retention_expiry,6292,V32P-A048911,0,0.33408527970314028,0.36913771629333497,0,0
retention_expiry,6293,V32P-A048912,0,0.16636249870061875,0.16715711802244188,0,0
retention_expiry,6294,V32P-A048928,1,0.49135027527809144,0.53506407737731931,0,0
retention_expiry,6295,V32P-A048929,0,0.073447123914957044,0.063814245164394379,0,0
retention_expiry,6296,V32P-A048930,0,0.032937229424715039,0.027513637021183968,0,0
retention_expiry,6297,V32P-A048943,0,0.39388430714607237,0.44050421714782717,0,0
retention_expiry,6298,V32P-A048944,0,0.38313525319099428,0.42497333884239197,0,0
retention_expiry,6299,V32P-A048945,0,0.35170598626136779,0.38621310591697694,0,0
retention_expiry,6300,V32P-A048946,0,0.28174811005592348,0.31161339879035949,0,0
retention_expiry,6301,V32P-A048947,0,0.22323637008666991,0.24260606467723847,0,0
retention_expiry,6302,V32P-A048948,0,0.10524498149752617,0.10015768855810166,0,0
retention_expiry,6303,V32P-A048991,0,0.53328822255134578,0.55667499899864192,0,0
retention_expiry,6304,V32P-A048992,0,0.47421420812606813,0.50270497202873232,0,0
retention_expiry,6305,V32P-A048993,0,0.43065398931503296,0.4569062113761902,0,0
retention_expiry,6306,V32P-A048994,0,0.35672746896743773,0.37911620736122131,0,0
retention_expiry,6307,V32P-A048995,0,0.28994026780128479,0.30379886031150816,0,0
retention_expiry,6308,V32P-A048996,0,0.14218382984399797,0.13874605745077134,0,0
retention_expiry,6309,V32P-A049039,0,0.44695629179477692,0.48222372233867644,0,0
retention_expiry,6310,V32P-A049040,0,0.53006102442741398,0.54169266819953921,0,0
retention_expiry,6311,V32P-A049041,0,0.53807877302169804,0.53774935603141782,0,0
retention_expiry,6312,V32P-A049042,0,0.38616251647472383,0.39069551825523374,0,0
retention_expiry,6313,V32P-A049043,0,0.27986931949853899,0.2864521101117134,0,0
retention_expiry,6314,V32P-A049044,0,0.11809232532978058,0.11680708453059196,0,0
retention_expiry,6315,V32P-A049048,0,0.32002449929714205,0.33609696328639982,0,0
retention_expiry,6316,V32P-A049049,0,0.25777505040168763,0.26537735164165499,0,0
retention_expiry,6317,V32P-A049050,0,0.12684117257595062,0.11997142881155014,0,0
retention_expiry,6318,V32P-A049081,0,0.77675504684448238,0.81606602668762207,1,1
retention_expiry,6319,V32P-A049082,0,0.60512653589248655,0.66612299680709841,0,1
retention_expiry,6320,V32P-A049083,0,0.56676156520843501,0.6242600679397583,0,1
retention_expiry,6321,V32P-A049084,0,0.5030286371707916,0.56345551013946538,0,0
retention_expiry,6322,V32P-A049085,0,0.42971456646919248,0.48443841934204102,0,0
retention_expiry,6323,V32P-A049086,0,0.21032883524894713,0.23695211112499237,0,0
retention_expiry,6324,V32P-A049099,0,0.61911211013793943,0.6314007043838501,0,1
retention_expiry,6325,V32P-A049100,0,0.53022162914276127,0.54953638315200803,0,0
retention_expiry,6326,V32P-A049101,0,0.42000707387924197,0.44450596570968626,0,0
retention_expiry,6327,V32P-A049102,0,0.35320895910263062,0.37574611902236937,0,0
retention_expiry,6328,V32P-A049103,0,0.27851786315441129,0.29476247429847718,0,0
retention_expiry,6329,V32P-A049104,0,0.15371796935796739,0.1520879238843918,0,0
retention_expiry,6330,V32P-A049171,0,0.51224009990692143,0.58531633019447327,0,0
retention_expiry,6331,V32P-A049172,0,0.48993267416954039,0.55869355797767639,0,0
retention_expiry,6332,V32P-A049173,0,0.47717217206954954,0.54060065150260928,0,0
retention_expiry,6333,V32P-A049174,0,0.388795804977417,0.44550073146820068,0,0
retention_expiry,6334,V32P-A049175,0,0.29907692670822145,0.33744403123855593,0,0
retention_expiry,6335,V32P-A049176,0,0.12573928087949754,0.11957771033048629,0,0
retention_expiry,6336,V32P-A049180,0,0.49196345806121827,0.53748969435691829,0,0
retention_expiry,6337,V32P-A049181,0,0.46231451034545901,0.49215808510780334,0,0
retention_expiry,6338,V32P-A049182,0,0.18753376305103303,0.18383302986621858,0,0
retention_expiry,6339,V32P-A049262,0,0.50615707635879514,0.5501142561435699,0,0
retention_expiry,6340,V32P-A049263,0,0.42607873678207397,0.46036996245384215,0,0
retention_expiry,6341,V32P-A049264,0,0.28614879548549654,0.29600565135478973,0,0
retention_expiry,6342,V32P-A049265,0,0.28814916908740995,0.29014802575111387,0,0
retention_expiry,6343,V32P-A049266,0,0.099292153120040888,0.089375157654285428,0,0
retention_expiry,6344,V32P-A049321,0,0.46896955966949461,0.49651345014572146,0,0
retention_expiry,6345,V32P-A049322,0,0.47288696467876434,0.49762576520442964,0,0
retention_expiry,6346,V32P-A049323,0,0.46393465399742129,0.48742535114288332,0,0
retention_expiry,6347,V32P-A049324,0,0.4112606942653656,0.42207857966423035,0,0
retention_expiry,6348,V32P-A049325,0,0.33279927372932433,0.33406237959861756,0,0
retention_expiry,6349,V32P-A049326,0,0.14614841789007188,0.14039646685123444,0,0
retention_expiry,6350,V32P-A049378,0,0.51860348582267757,0.56136273741722109,0,0
retention_expiry,6351,V32P-A049379,1,0.44074663519859314,0.47613582015037537,0,0
retention_expiry,6352,V32P-A049380,0,0.035366804338991642,0.030585972592234612,0,0
retention_expiry,6353,V32P-A049381,0,0.73690130710601809,0.76221885681152346,1,1
retention_expiry,6354,V32P-A049382,0,0.54537903070449834,0.58341660499572756,0,0
retention_expiry,6355,V32P-A049383,0,0.49585239291191102,0.53412413597106934,0,0
retention_expiry,6356,V32P-A049384,0,0.42152771949768064,0.45086742043495176,0,0
retention_expiry,6357,V32P-A049385,0,0.38058156967163087,0.39934187531471255,0,0
retention_expiry,6358,V32P-A049386,0,0.13710347712039947,0.12969743758440017,0,0
retention_expiry,6359,V32P-A049402,0,0.51511368751525877,0.59361928701400757,0,0
retention_expiry,6360,V32P-A049403,0,0.44044013023376466,0.51274070143699646,0,0
retention_expiry,6361,V32P-A049404,0,0.2400415062904358,0.25688402652740477,0,0
retention_expiry,6362,V32P-A049501,0,0.7426058888435364,0.78427538871765134,1,1
retention_expiry,6363,V32P-A049502,0,0.53641301393508911,0.61046657562255857,0,0
retention_expiry,6364,V32P-A049503,0,0.60742894411087034,0.67042956352233884,0,1
retention_expiry,6365,V32P-A049504,0,0.55940911769866941,0.6234760165214539,0,1
retention_expiry,6366,V32P-A049505,0,0.42638379335403442,0.48979204297065737,0,0
retention_expiry,6367,V32P-A049506,0,0.20683670341968535,0.22044764459133148,0,0
retention_expiry,6368,V32P-A049516,0,0.61730078458786009,0.63082426190376284,0,1
retention_expiry,6369,V32P-A049517,0,0.54941771626472469,0.55712080001831055,0,0
retention_expiry,6370,V32P-A049518,0,0.30632519423961641,0.29667646288871763,0,0
retention_expiry,6371,V32P-A049586,1,0.72780369520187382,0.76819063425064082,1,1
retention_expiry,6372,V32P-A049587,1,0.69761644601821904,0.74188766479492185,1,1
retention_expiry,6373,V32P-A049588,0,0.30460446029901506,0.2977749243378639,0,0
retention_expiry,6374,V32P-A049589,0,0.1816340520977974,0.17205060869455338,0,0
retention_expiry,6375,V32P-A049590,0,0.072967362031340605,0.06626443993300199,0,0
retention_expiry,6376,V32P-A049636,0,0.36208552122116089,0.40969372391700742,0,0
retention_expiry,6377,V32P-A049637,0,0.29446342885494231,0.32167853713035582,0,0
retention_expiry,6378,V32P-A049638,0,0.131071138381958,0.12406283020973205,0,0
retention_expiry,6379,V32P-A049706,0,0.62442687749862669,0.65005266666412354,1,1
retention_expiry,6380,V32P-A049707,0,0.57024968862533565,0.59512705802917476,0,0
retention_expiry,6381,V32P-A049708,0,0.51567448973655705,0.53301342129707341,0,0
retention_expiry,6382,V32P-A049709,0,0.45741798877716067,0.48611412644386293,0,0
retention_expiry,6383,V32P-A049710,0,0.17216074764728545,0.16347617506980897,0,0
retention_expiry,6384,V32P-A049777,1,0.82051016092300411,0.83977663516998291,1,1
retention_expiry,6385,V32P-A049778,1,0.6862573981285095,0.70583828687667849,1,1
retention_expiry,6386,V32P-A049779,1,0.62820315361022949,0.65282498598098759,1,1
retention_expiry,6387,V32P-A049780,0,0.11852120012044906,0.10262701734900474,0,0
retention_expiry,6388,V32P-A049781,0,0.11209461688995362,0.098009241372346873,0,0
retention_expiry,6389,V32P-A049782,0,0.046178819611668587,0.038756883889436725,0,0
retention_expiry,6390,V32P-A049792,0,0.50119073987007146,0.53876165747642513,0,0
retention_expiry,6391,V32P-A049793,0,0.46487191915512083,0.49273987412452697,0,0
retention_expiry,6392,V32P-A049794,0,0.2035880133509636,0.2077376961708069,0,0
retention_expiry,6393,V32P-A049810,0,0.34119418263435364,0.3602800339460373,0,0
retention_expiry,6394,V32P-A049811,0,0.2674259513616562,0.27850844562053678,0,0
retention_expiry,6395,V32P-A049812,0,0.026747554913163184,0.023148876149207354,0,0
retention_expiry,6396,V32P-A049855,0,0.39345211982727052,0.45187882781028749,0,0
retention_expiry,6397,V32P-A049856,0,0.39180492758750918,0.44577621221542357,0,0
retention_expiry,6398,V32P-A049857,0,0.34305655360221865,0.38439978361129762,0,0
retention_expiry,6399,V32P-A049858,0,0.28369815945625304,0.3063713014125824,0,0
retention_expiry,6400,V32P-A049859,0,0.22042723000049591,0.22735661268234253,0,0
retention_expiry,6401,V32P-A049860,0,0.099441039562225345,0.092464347183704373,0,0
retention_expiry,6402,V32P-A049921,0,0.58488106727600098,0.68001272678375246,0,1
retention_expiry,6403,V32P-A049922,0,0.60603659749031069,0.68985985517501835,0,1
retention_expiry,6404,V32P-A049923,0,0.52710168361663823,0.61016863584518433,0,0
retention_expiry,6405,V32P-A049924,0,0.46441873311996462,0.53486579656600952,0,0
retention_expiry,6406,V32P-A049925,0,0.38476396203041074,0.43781768679618838,0,0
retention_expiry,6407,V32P-A049926,0,0.17139472514390947,0.17741422653198241,0,0
retention_expiry,6408,V32P-A049927,0,0.45593887567520142,0.53112910389900203,0,0
retention_expiry,6409,V32P-A049928,0,0.4870757281780243,0.55134420990943911,0,0
retention_expiry,6410,V32P-A049929,0,0.45655857324600219,0.51736181974411011,0,0
retention_expiry,6411,V32P-A049930,0,0.39108715057373045,0.44695531725883486,0,0
retention_expiry,6412,V32P-A049931,0,0.33171954751014709,0.3819252014160156,0,0
retention_expiry,6413,V32P-A049932,0,0.1518057480454445,0.16695811450481415,0,0
retention_expiry,6414,V32P-A049933,0,0.44691486954689025,0.48241712450981139,0,0
retention_expiry,6415,V32P-A049934,0,0.4725750148296356,0.50224831700325012,0,0
retention_expiry,6416,V32P-A049935,0,0.53378788232803343,0.55687964558601377,0,0
retention_expiry,6417,V32P-A049936,0,0.46614832878112794,0.48511649966239928,0,0
retention_expiry,6418,V32P-A049937,0,0.40368638634681703,0.44107125997543334,0,0
retention_expiry,6419,V32P-A049938,0,0.17745692729949952,0.17534354031085969,0,0
retention_expiry,6420,V32P-A049957,0,0.69489136934280393,0.73249218463897703,1,1
retention_expiry,6421,V32P-A049958,0,0.58414462804794309,0.63315019607543943,0,1
retention_expiry,6422,V32P-A049959,0,0.51224178075790405,0.56713762283325198,0,0
retention_expiry,6423,V32P-A049960,0,0.47474937438964843,0.51922067999839783,0,0
retention_expiry,6424,V32P-A049961,0,0.32903151512145995,0.37007737755775449,0,0
retention_expiry,6425,V32P-A049962,0,0.15456384271383286,0.16019450277090072,0,0
retention_expiry,6426,V32P-A049990,0,0.14645327478647233,0.11808181256055832,0,0
retention_expiry,6427,V32P-A049991,0,0.10059882998466492,0.080210337042808527,0,0
retention_expiry,6428,V32P-A049992,0,0.040250421687960627,0.030937723070383071,0,0
retention_expiry,6429,V32P-A050071,0,0.34517281055450438,0.42425879240036013,0,0
retention_expiry,6430,V32P-A050072,0,0.41445083022117613,0.48265523314476011,0,0
retention_expiry,6431,V32P-A050073,0,0.43152990341186526,0.48684501051902773,0,0
retention_expiry,6432,V32P-A050074,0,0.37347303032875062,0.41841902732849123,0,0
retention_expiry,6433,V32P-A050075,1,0.31442393660545348,0.34875572323799131,0,0
retention_expiry,6434,V32P-A050076,0,0.025586673617362977,0.021620836947113274,0,0
retention_expiry,6435,V32P-A050179,0,0.48092544078826904,0.56434061527252199,0,0
retention_expiry,6436,V32P-A050180,0,0.45961528420448305,0.54003813266754153,0,0
retention_expiry,6437,V32P-A050181,0,0.45660071372985839,0.5140567004680634,0,0
retention_expiry,6438,V32P-A050182,0,0.41990646719932556,0.4666922390460968,0,0
retention_expiry,6439,V32P-A050183,0,0.36843861937522887,0.40101878643035888,0,0
retention_expiry,6440,V32P-A050184,0,0.18358975350856782,0.18208486288785936,0,0
retention_expiry,6441,V32P-A050313,0,0.50103423595428465,0.56160420775413511,0,0
retention_expiry,6442,V32P-A050314,1,0.36316217780113219,0.39722048044204711,0,0
retention_expiry,6443,V32P-A050315,0,0.051992986723780631,0.045235712826251981,0,0
retention_expiry,6444,V32P-A050316,0,0.020904761459678411,0.017709910031408073,0,0
retention_expiry,6445,V32P-A050317,0,0.43779829144477844,0.50254203677177434,0,0
retention_expiry,6446,V32P-A050318,0,0.4243489742279053,0.48112944960594178,0,0
retention_expiry,6447,V32P-A050319,0,0.38470502495765685,0.43429452180862427,0,0
retention_expiry,6448,V32P-A050320,0,0.30496236979961394,0.34090376794338229,0,0
retention_expiry,6449,V32P-A050321,1,0.22800674438476562,0.24721375107765198,0,0
retention_expiry,6450,V32P-A050322,0,0.014976332802325487,0.012750819232314825,0,0
retention_expiry,6451,V32P-A050329,1,0.72197693586349487,0.76634749174118044,1,1
retention_expiry,6452,V32P-A050330,1,0.70018838644027714,0.74347772598266604,1,1
retention_expiry,6453,V32P-A050331,1,0.70871983766555791,0.74716387987136845,1,1
retention_expiry,6454,V32P-A050332,0,0.20289151072502137,0.18487001508474349,0,0
retention_expiry,6455,V32P-A050333,0,0.15857833921909331,0.1419870860874653,0,0
retention_expiry,6456,V32P-A050334,0,0.077347688004374499,0.069185337051749229,0,0
retention_expiry,6457,V32P-A050362,0,0.35073884725570681,0.37381967902183533,0,0
retention_expiry,6458,V32P-A050363,0,0.27990665435791018,0.29392279982566832,0,0
retention_expiry,6459,V32P-A050364,0,0.029564567841589451,0.026338399108499288,0,0
retention_expiry,6460,V32P-A050380,0,0.31284252405166624,0.31121439933776857,0,0
retention_expiry,6461,V32P-A050381,0,0.22466115057468414,0.2178145855665207,0,0
retention_expiry,6462,V32P-A050382,0,0.086828131973743436,0.07787673622369766,0,0
retention_expiry,6463,V32P-A050413,0,0.74385353326797488,0.7583581805229187,1,1
retention_expiry,6464,V32P-A050414,0,0.60015233755111697,0.62641222476959224,0,1
retention_expiry,6465,V32P-A050415,0,0.52126395106315615,0.55600731372833256,0,0
retention_expiry,6466,V32P-A050416,0,0.43912336826324461,0.47768396735191343,0,0
retention_expiry,6467,V32P-A050417,0,0.4936107575893402,0.51638526916503902,0,0
retention_expiry,6468,V32P-A050418,0,0.15681190937757492,0.15755212754011155,0,0
retention_expiry,6469,V32P-A050431,0,0.70456508398056028,0.73423370122909548,1,1
retention_expiry,6470,V32P-A050432,0,0.64687428474426267,0.67711329460144043,1,1
retention_expiry,6471,V32P-A050433,0,0.61733515262603755,0.64189201593399048,0,1
retention_expiry,6472,V32P-A050434,0,0.55553798675537114,0.5728678345680237,0,0
retention_expiry,6473,V32P-A050435,0,0.42885205149650574,0.44855679869651793,0,0
retention_expiry,6474,V32P-A050436,0,0.22090100347995759,0.20840934216976165,0,0
retention_expiry,6475,V32P-A050545,0,0.72472865581512447,0.74901539087295532,1,1
retention_expiry,6476,V32P-A050546,0,0.69423232078552244,0.71911394596099854,1,1
retention_expiry,6477,V32P-A050547,0,0.65631029605865476,0.68767044544219968,1,1
retention_expiry,6478,V32P-A050548,1,0.59115169048309324,0.62273136377334593,0,1
retention_expiry,6479,V32P-A050549,0,0.096489119529724124,0.08614978045225144,0,0
retention_expiry,6480,V32P-A050550,0,0.043833108246326448,0.038292556069791317,0,0
retention_expiry,6481,V32P-A050581,0,0.40387617945671084,0.47637842893600463,0,0
retention_expiry,6482,V32P-A050582,0,0.39388731718063352,0.47017554044723509,0,0
retention_expiry,6483,V32P-A050583,0,0.32731131315231321,0.39784854650497437,0,0
retention_expiry,6484,V32P-A050584,0,0.26114314794540405,0.30921740233898165,0,0
retention_expiry,6485,V32P-A050585,0,0.20206579566001892,0.23105014860630035,0,0
retention_expiry,6486,V32P-A050586,0,0.085593606531620028,0.087801209092140203,0,0
retention_expiry,6487,V32P-A050757,0,0.5543865919113159,0.58294007778167722,0,0
retention_expiry,6488,V32P-A050758,0,0.50325436592102046,0.5288080036640167,0,0
retention_expiry,6489,V32P-A050759,0,0.48432705998420716,0.51124164462089539,0,0
retention_expiry,6490,V32P-A050760,0,0.21894534826278686,0.21970774233341217,0,0
retention_expiry,6491,V32P-A050776,0,0.38892547488212587,0.4534019887447357,0,0
retention_expiry,6492,V32P-A050777,0,0.31767510175704955,0.37164667844772337,0,0
retention_expiry,6493,V32P-A050778,0,0.14305291026830674,0.15062155872583388,0,0
retention_expiry,6494,V32P-A050809,0,0.28125782310962677,0.34089393317699435,0,0
retention_expiry,6495,V32P-A050810,0,0.27074663937091825,0.3249836891889572,0,0
retention_expiry,6496,V32P-A050811,0,0.27926380038261411,0.33031734228134157,0,0
retention_expiry,6497,V32P-A050812,0,0.22230262160301209,0.25799688100814822,0,0
retention_expiry,6498,V32P-A050813,0,0.17519136369228364,0.19638986736536027,0,0
retention_expiry,6499,V32P-A050814,0,0.082248459756374362,0.083478702604770666,0,0
retention_expiry,6500,V32P-A050914,0,0.38613942265510559,0.40939306020736693,0,0
retention_expiry,6501,V32P-A050915,0,0.30236108005046847,0.31608847379684446,0,0
retention_expiry,6502,V32P-A050916,0,0.13603299409151076,0.13032735735177994,0,0
retention_expiry,6503,V32P-A050953,0,0.52430202364921574,0.58868873715400694,0,0
retention_expiry,6504,V32P-A050954,0,0.51612769961357119,0.57908803224563599,0,0
retention_expiry,6505,V32P-A050955,0,0.48516737222671508,0.54983584284782405,0,0
retention_expiry,6506,V32P-A050956,0,0.42727991938591003,0.49280151128768923,0,0
retention_expiry,6507,V32P-A050957,0,0.32945426702499392,0.38379618823528289,0,0
retention_expiry,6508,V32P-A050958,0,0.16444722712039947,0.19038727283477783,0,0
retention_expiry,6509,V32P-A051031,0,0.48842591047286987,0.52349457740783689,0,0
retention_expiry,6510,V32P-A051032,0,0.44521002769470214,0.46954333186149599,0,0
retention_expiry,6511,V32P-A051033,0,0.38062698245048521,0.39561150670051576,0,0
retention_expiry,6512,V32P-A051034,0,0.29320896863937379,0.29990050494670867,0,0
retention_expiry,6513,V32P-A051035,0,0.21952350437641144,0.21871271431446077,0,0
retention_expiry,6514,V32P-A051036,0,0.086906628310680384,0.079956636577844617,0,0
retention_expiry,6515,V32P-A051069,0,0.60063825845718388,0.6483060956001282,0,1
retention_expiry,6516,V32P-A051070,0,0.49122800230979918,0.53336306214332585,0,0
retention_expiry,6517,V32P-A051071,0,0.41616110801696776,0.44901895523071289,0,0
retention_expiry,6518,V32P-A051072,0,0.18251292705535888,0.1800052747130394,0,0
retention_expiry,6519,V32P-A051073,0,0.4888600170612335,0.55414656996726985,0,0
retention_expiry,6520,V32P-A051074,0,0.49092472791671754,0.55086334943771365,0,0
retention_expiry,6521,V32P-A051075,0,0.4437485933303833,0.50159800052642822,0,0
retention_expiry,6522,V32P-A051076,0,0.34847581088542939,0.39251417517662046,0,0
retention_expiry,6523,V32P-A051077,0,0.30482136309146879,0.33172394633293151,0,0
retention_expiry,6524,V32P-A051078,0,0.13401018679141999,0.1298956960439682,0,0
retention_expiry,6525,V32P-A051079,0,0.37102833986282346,0.43585968017578125,0,0
retention_expiry,6526,V32P-A051080,0,0.4893357276916504,0.54373379349708562,0,0
retention_expiry,6527,V32P-A051081,0,0.53235964179038997,0.58042100667953489,0,0
retention_expiry,6528,V32P-A051082,0,0.50843518376350405,0.5442857086658478,0,0
retention_expiry,6529,V32P-A051083,0,0.4054068148136139,0.43710650205612184,0,0
retention_expiry,6530,V32P-A051084,0,0.037098973803222177,0.031679774262011053,0,0
retention_expiry,6531,V32P-A051262,0,0.42368264794349669,0.44417523741722109,0,0
retention_expiry,6532,V32P-A051263,0,0.34572580456733704,0.35671275556087495,0,0
retention_expiry,6533,V32P-A051264,0,0.17064886838197707,0.16505057290196418,0,0
retention_expiry,6534,V32P-A051301,0,0.3946107029914856,0.45497041940689087,0,0
retention_expiry,6535,V32P-A051302,0,0.3474242091178894,0.40271505117416384,0,0
retention_expiry,6536,V32P-A051303,0,0.31456408202648162,0.35863037705421447,0,0
retention_expiry,6537,V32P-A051304,0,0.25655156075954438,0.28382625281810758,0,0
retention_expiry,6538,V32P-A051305,0,0.20237978100776671,0.21699165999889375,0,0
retention_expiry,6539,V32P-A051306,0,0.097068539261817938,0.095231653749942774,0,0
retention_expiry,6540,V32P-A051307,0,0.52965782880783085,0.59199788570404055,0,0
retention_expiry,6541,V32P-A051308,0,0.55651005506515505,0.61783511638641353,0,0
retention_expiry,6542,V32P-A051309,0,0.52726778388023376,0.58228342533111577,0,0
retention_expiry,6543,V32P-A051310,0,0.47977591753005983,0.52873393893241882,0,0
retention_expiry,6544,V32P-A051311,0,0.40307102203369138,0.44316253662109373,0,0
retention_expiry,6545,V32P-A051312,0,0.18957216739654542,0.19226999878883361,0,0
retention_expiry,6546,V32P-A051325,0,0.72309501171112056,0.76407307386398315,1,1
retention_expiry,6547,V32P-A051326,0,0.66175063848495486,0.70003631114959719,1,1
retention_expiry,6548,V32P-A051327,0,0.59590126276016231,0.62087639570236208,0,1
retention_expiry,6549,V32P-A051328,0,0.51323117017745967,0.52604217529296871,0,0
retention_expiry,6550,V32P-A051329,0,0.39687200188636779,0.40528703033924102,0,0
retention_expiry,6551,V32P-A051330,0,0.18646245747804641,0.18458096608519553,0,0
retention_expiry,6552,V32P-A051457,0,0.69707942008972168,0.73783029317855831,1,1
retention_expiry,6553,V32P-A051458,0,0.66051992177963259,0.69893913269042973,1,1
retention_expiry,6554,V32P-A051459,0,0.60116051435470585,0.63669823408126835,0,1
retention_expiry,6555,V32P-A051460,0,0.54719969034194949,0.57399631738662715,0,0
retention_expiry,6556,V32P-A051461,1,0.45850935578346252,0.47657707929611204,0,0
retention_expiry,6557,V32P-A051462,0,0.027738341875374318,0.022234571538865565,0,0
retention_expiry,6558,V32P-A051496,0,0.66152925491333003,0.68998080492019653,1,1
retention_expiry,6559,V32P-A051497,0,0.57202697396278379,0.59941276311874392,0,0
retention_expiry,6560,V32P-A051498,0,0.30847827196121214,0.30970308780670164,0,0
retention_expiry,6561,V32P-A051499,0,0.72288706302642824,0.78448337316513062,1,1
retention_expiry,6562,V32P-A051500,0,0.61000134348869328,0.69788639545440678,0,1
retention_expiry,6563,V32P-A051501,0,0.54572762250900264,0.62687535881996159,0,1
retention_expiry,6564,V32P-A051502,0,0.48455072045326231,0.55566486716270447,0,0
retention_expiry,6565,V32P-A051503,0,0.41311628818511964,0.46964601278305051,0,0
retention_expiry,6566,V32P-A051504,0,0.24619074165821075,0.26439339220523833,0,0
retention_expiry,6567,V32P-A051511,0,0.5721022427082062,0.63012404441833492,0,1
retention_expiry,6568,V32P-A051512,0,0.6323134660720825,0.67219405174255376,1,1
retention_expiry,6569,V32P-A051513,0,0.63688250780105593,0.66433539390563967,1,1
retention_expiry,6570,V32P-A051514,0,0.61241796016693117,0.63276516199111943,0,1
retention_expiry,6571,V32P-A051515,1,0.49363589286804199,0.52385289669036861,0,0
retention_expiry,6572,V32P-A051516,0,0.04148783087730408,0.036392291821539399,0,0
retention_expiry,6573,V32P-A051550,0,0.10412367582321166,0.087076699733734136,0,0
retention_expiry,6574,V32P-A051551,0,0.14762768000364304,0.12603321671485901,0,0
retention_expiry,6575,V32P-A051552,0,0.043068671785295012,0.035708158090710637,0,0
retention_expiry,6576,V32P-A051682,0,0.49426403045654299,0.53214918971061709,0,0
retention_expiry,6577,V32P-A051683,0,0.38519054651260376,0.40575616955757143,0,0
retention_expiry,6578,V32P-A051684,0,0.16324505805969239,0.15286613106727601,0,0
retention_expiry,6579,V32P-A051697,0,0.47420162558555601,0.53800713419914248,0,0
retention_expiry,6580,V32P-A051698,0,0.47070289850234986,0.53494418859481807,0,0
retention_expiry,6581,V32P-A051699,0,0.45033934712409973,0.51554379463195799,0,0
retention_expiry,6582,V32P-A051700,0,0.38267086744308471,0.43567665815353396,0,0
retention_expiry,6583,V32P-A051701,0,0.29140940308570862,0.34897840619087217,0,0
retention_expiry,6584,V32P-A051702,0,0.14718748778104782,0.14935279786586761,0,0
retention_expiry,6585,V32P-A051721,0,0.6457284688949585,0.6892364978790283,1,1
retention_expiry,6586,V32P-A051722,0,0.53791711330413816,0.58371174335479736,0,0
retention_expiry,6587,V32P-A051723,0,0.44234301447868346,0.47869445681571959,0,0
retention_expiry,6588,V32P-A051724,1,0.36341736912727357,0.38907415270805357,0,0
retention_expiry,6589,V32P-A051725,0,0.055106751993298529,0.050223978608846663,0,0
retention_expiry,6590,V32P-A051726,0,0.018294281326234341,0.016091313771903516,0,0
retention_expiry,6591,V32P-A051751,0,0.71549930572509768,0.73671053647995,1,1
retention_expiry,6592,V32P-A051752,0,0.63858618736267092,0.65595667362213139,1,1
retention_expiry,6593,V32P-A051753,0,0.6017750144004822,0.60854697227478027,0,0
retention_expiry,6594,V32P-A051754,1,0.53369301557540894,0.53123201131820674,0,0
retention_expiry,6595,V32P-A051755,0,0.077807650715112683,0.068108528852462769,0,0
retention_expiry,6596,V32P-A051756,0,0.035958312451839447,0.03109310884028673,0,0
retention_expiry,6597,V32P-A051760,0,0.39319728016853334,0.40639085769653321,0,0
retention_expiry,6598,V32P-A051761,0,0.2961826831102371,0.30462432503700254,0,0
retention_expiry,6599,V32P-A051762,0,0.13533467054367065,0.12820148020982741,0,0
retention_expiry,6600,V32P-A051772,0,0.47126176357269289,0.51683776378631596,0,0
retention_expiry,6601,V32P-A051773,0,0.35741618275642395,0.3907077372074127,0,0
retention_expiry,6602,V32P-A051774,0,0.18753086328506469,0.19230471849441527,0,0
retention_expiry,6603,V32P-A051781,0,0.77701965570449827,0.80633225440979006,1,1
retention_expiry,6604,V32P-A051782,0,0.62234479188919067,0.65328299999237061,1,1
retention_expiry,6605,V32P-A051783,0,0.52553250789642336,0.56337138414382937,0,0
retention_expiry,6606,V32P-A051784,0,0.56792372465133667,0.61008429527282715,0,0
retention_expiry,6607,V32P-A051785,1,0.56436765789985655,0.59946242570877073,0,0
retention_expiry,6608,V32P-A051786,0,0.04425283037126064,0.038879357464611533,0,0
retention_expiry,6609,V32P-A051787,0,0.34883894622325895,0.36769358813762665,0,0
retention_expiry,6610,V32P-A051788,0,0.34001017212867735,0.36127880215644836,0,0
retention_expiry,6611,V32P-A051789,0,0.28926493525505065,0.3038501054048538,0,0
retention_expiry,6612,V32P-A051790,0,0.23464186191558839,0.24310983717441559,0,0
retention_expiry,6613,V32P-A051791,0,0.17634223252534867,0.17738763988018036,0,0
retention_expiry,6614,V32P-A051792,0,0.078723105788230899,0.072340121865272528,0,0
retention_expiry,6615,V32P-A051814,0,0.60066592693328857,0.63907831907272339,0,1
retention_expiry,6616,V32P-A051815,0,0.44335063099861144,0.4777183711528778,0,0
retention_expiry,6617,V32P-A051816,0,0.19712495058774948,0.19603402614593507,0,0
retention_expiry,6618,V32P-A051823,0,0.65461813211441044,0.68908526897430422,1,1
retention_expiry,6619,V32P-A051824,0,0.62628637552261357,0.64914635419845579,1,1
retention_expiry,6620,V32P-A051825,0,0.57846487760543819,0.59237926602363589,0,0
retention_expiry,6621,V32P-A051826,1,0.45895048975944519,0.47560347914695739,0,0
retention_expiry,6622,V32P-A051827,0,0.055784508213400842,0.051735305599868296,0,0
retention_expiry,6623,V32P-A051828,0,0.024338774941861631,0.021945320069789886,0,0
retention_expiry,6624,V32P-A051862,0,0.45704185962677002,0.4693654477596283,0,0
retention_expiry,6625,V32P-A051863,0,0.30451229214668274,0.31054319739341735,0,0
retention_expiry,6626,V32P-A051864,0,0.14002653211355209,0.12818111628293991,0,0
retention_expiry,6627,V32P-A052057,0,0.44439398050308226,0.49992603063583374,0,0
retention_expiry,6628,V32P-A052058,0,0.45920489430427552,0.51161434650421145,0,0
retention_expiry,6629,V32P-A052059,0,0.43488055467605591,0.47761291265487671,0,0
retention_expiry,6630,V32P-A052060,0,0.35467828810214996,0.39371863305568694,0,0
retention_expiry,6631,V32P-A052061,0,0.30448266267776491,0.32262381315231325,0,0
retention_expiry,6632,V32P-A052062,0,0.023130711819976568,0.019218691159039736,0,0
retention_expiry,6633,V32P-A052135,0,0.72468258142471309,0.73980350494384761,1,1
retention_expiry,6634,V32P-A052136,0,0.60348448753356931,0.62174137830734255,0,1
retention_expiry,6635,V32P-A052137,0,0.47263080477714536,0.50678215026855467,0,0
retention_expiry,6636,V32P-A052138,0,0.42509323358535767,0.43544091582298278,0,0
retention_expiry,6637,V32P-A052139,0,0.32104253768920898,0.32741527557373046,0,0
retention_expiry,6638,V32P-A052140,0,0.14505003839731218,0.13347560614347459,0,0
retention_expiry,6639,V32P-A052147,0,0.76733399629592891,0.78541903495788579,1,1
retention_expiry,6640,V32P-A052148,0,0.56861053705215459,0.5893322229385376,0,0
retention_expiry,6641,V32P-A052149,0,0.45285209417343142,0.4745012581348419,0,0
retention_expiry,6642,V32P-A052150,0,0.47347487807273864,0.48807559609413148,0,0
retention_expiry,6643,V32P-A052151,0,0.32913776636123659,0.33348833024501801,0,0
retention_expiry,6644,V32P-A052152,0,0.14090968817472457,0.1354350358247757,0,0
retention_expiry,6645,V32P-A052159,0,0.71642770767211916,0.75768996477127071,1,1
retention_expiry,6646,V32P-A052160,0,0.65643554925918579,0.70832387208938596,1,1
retention_expiry,6647,V32P-A052161,0,0.55011471509933474,0.61046406030654909,0,0
retention_expiry,6648,V32P-A052162,0,0.47587029337882997,0.52035311460494993,0,0
retention_expiry,6649,V32P-A052163,0,0.36955625116825103,0.39576720595359804,0,0
retention_expiry,6650,V32P-A052164,0,0.17137133032083512,0.16776284277439119,0,0
retention_expiry,6651,V32P-A052196,0,0.58730981349945066,0.65524320602416997,0,1
retention_expiry,6652,V32P-A052197,0,0.50508795976638798,0.57920899987220764,0,0
retention_expiry,6653,V32P-A052198,0,0.43570370078086851,0.50504140257835384,0,0
retention_expiry,6654,V32P-A052199,0,0.37029971480369567,0.4278237521648407,0,0
retention_expiry,6655,V32P-A052200,0,0.039614285714924334,0.035841322876513003,0,0
retention_expiry,6656,V32P-A052231,0,0.50275002717971806,0.57337733507156374,0,0
retention_expiry,6657,V32P-A052232,0,0.50851240754127502,0.57340203523635869,0,0
retention_expiry,6658,V32P-A052233,0,0.47207844853401182,0.53619021773338316,0,0
retention_expiry,6659,V32P-A052234,0,0.3933949828147888,0.44817877411842344,0,0
retention_expiry,6660,V32P-A052235,0,0.27803108096122742,0.31490916609764097,0,0
retention_expiry,6661,V32P-A052236,0,0.13464883118867874,0.13327131718397139,0,0
retention_expiry,6662,V32P-A052267,0,0.67065439224243162,0.70746765136718748,1,1
retention_expiry,6663,V32P-A052268,0,0.46757549047470093,0.5331736028194427,0,0
retention_expiry,6664,V32P-A052269,0,0.39468010663986208,0.45409716367721559,0,0
retention_expiry,6665,V32P-A052270,0,0.32217576801776887,0.36705009937286376,0,0
retention_expiry,6666,V32P-A052271,0,0.30545162558555605,0.34390079379081728,0,0
retention_expiry,6667,V32P-A052272,0,0.11959062218666076,0.12187598198652268,0,0
retention_expiry,6668,V32P-A052321,0,0.62830216884613033,0.64584709405899043,1,1
retention_expiry,6669,V32P-A052322,0,0.52087074518203735,0.55272653102874758,0,0
retention_expiry,6670,V32P-A052323,0,0.49126710295677184,0.51806741952896118,0,0
retention_expiry,6671,V32P-A052324,0,0.40946145057678224,0.42831798791885378,0,0
retention_expiry,6672,V32P-A052325,0,0.35611773133277891,0.3812393009662628,0,0
retention_expiry,6673,V32P-A052326,0,0.12750242501497269,0.12363096475601196,0,0
retention_expiry,6674,V32P-A052345,0,0.79241012334823613,0.81156176328659058,1,1
retention_expiry,6675,V32P-A052346,0,0.66029947996139526,0.68175418376922603,1,1
retention_expiry,6676,V32P-A052347,0,0.62678363323211672,0.65751909017562871,1,1
retention_expiry,6677,V32P-A052348,1,0.52323935031890867,0.56022237539291386,0,0
retention_expiry,6678,V32P-A052349,0,0.077798156440258032,0.067132373154163358,0,0
retention_expiry,6679,V32P-A052350,0,0.034712557494640348,0.029360129684209823,0,0
retention_expiry,6680,V32P-A052456,0,0.48489046692848203,0.51171516180038457,0,0
retention_expiry,6681,V32P-A052457,0,0.41026773750782014,0.4252242833375931,0,0
retention_expiry,6682,V32P-A052458,0,0.19984214454889299,0.18892892748117446,0,0
retention_expiry,6683,V32P-A052501,0,0.71827903985977171,0.74174470901489253,1,1
retention_expiry,6684,V32P-A052502,0,0.60276021361351018,0.62822507023811336,0,1
retention_expiry,6685,V32P-A052503,0,0.53848258256912229,0.56091368198394775,0,0
retention_expiry,6686,V32P-A052504,0,0.45519075393676756,0.47216356396675108,0,0
retention_expiry,6687,V32P-A052505,0,0.36632140874862673,0.37449265420436861,0,0
retention_expiry,6688,V32P-A052506,0,0.20211426913738251,0.18924234807491302,0,0
retention_expiry,6689,V32P-A052538,0,0.58348002433776858,0.6283068060874939,0,1
retention_expiry,6690,V32P-A052539,0,0.56608796119689941,0.6066525340080261,0,0
retention_expiry,6691,V32P-A052540,0,0.50552591681480408,0.53775991797447209,0,0
retention_expiry,6692,V32P-A052541,0,0.41066849827766416,0.43477822542190553,0,0
retention_expiry,6693,V32P-A052542,0,0.17257015258073807,0.16822852343320846,0,0
retention_expiry,6694,V32P-A052603,0,0.73395212888717654,0.75763852596282955,1,1
retention_expiry,6695,V32P-A052604,0,0.57773796916007991,0.61472175121307371,0,0
retention_expiry,6696,V32P-A052605,0,0.4968384265899658,0.53018524646759035,0,0
retention_expiry,6697,V32P-A052606,0,0.44039883017539977,0.46494900584220888,0,0
retention_expiry,6698,V32P-A052607,0,0.34087376892566679,0.36206423044204711,0,0
retention_expiry,6699,V32P-A052608,0,0.1564669817686081,0.15319166630506514,0,0
retention_expiry,6700,V32P-A052633,1,0.73452363014221189,0.74713379144668579,1,1
retention_expiry,6701,V32P-A052634,1,0.6526004552841187,0.6628007650375366,1,1
retention_expiry,6702,V32P-A052635,0,0.14117307364940643,0.12356999218463897,0,0
retention_expiry,6703,V32P-A052636,0,0.13981850296258927,0.12413313239812851,0,0
retention_expiry,6704,V32P-A052637,0,0.091968183219432828,0.079783245921134949,0,0
retention_expiry,6705,V32P-A052638,0,0.0398672791197896,0.033468144387006758,0,0
retention_expiry,6706,V32P-A052677,1,0.41833939552307131,0.46773158311843871,0,0
retention_expiry,6707,V32P-A052678,0,0.074427992850542066,0.070480201020836825,0,0
retention_expiry,6708,V32P-A052679,0,0.057780522480607034,0.054121255129575732,0,0
retention_expiry,6709,V32P-A052680,0,0.027599186822772025,0.025274973828345537,0,0
retention_expiry,6710,V32P-A052681,0,0.78665815591812138,0.81179710626602175,1,1
retention_expiry,6711,V32P-A052682,0,0.56439632773399351,0.6056047320365906,0,0
retention_expiry,6712,V32P-A052683,0,0.55660083293914797,0.58925244808197019,0,0
retention_expiry,6713,V32P-A052684,0,0.50930719375610356,0.53745962977409367,0,0
retention_expiry,6714,V32P-A052685,0,0.42259334921836855,0.44115480184555056,0,0
retention_expiry,6715,V32P-A052686,0,0.23382717669010161,0.22287898659706115,0,0
retention_expiry,6716,V32P-A052690,0,0.36056798696517944,0.3826068639755249,0,0
retention_expiry,6717,V32P-A052691,0,0.27759132385253904,0.28855212330818175,0,0
retention_expiry,6718,V32P-A052692,0,0.13220243155956268,0.12565795928239823,0,0
retention_expiry,6719,V32P-A052747,0,0.76984027624130247,0.78432416915893555,1,1
retention_expiry,6720,V32P-A052748,0,0.55428806543350218,0.58442928791046145,0,0
retention_expiry,6721,V32P-A052749,0,0.54637818932533266,0.56127371191978459,0,0
retention_expiry,6722,V32P-A052750,0,0.64072387218475346,0.65095615386962891,1,1
retention_expiry,6723,V32P-A052751,0,0.3869616687297821,0.39285051822662354,0,0
retention_expiry,6724,V32P-A052752,0,0.17605988830327987,0.16777113825082779,0,0
retention_expiry,6725,V32P-A052852,0,0.39164417386054995,0.43862178325653078,0,0
retention_expiry,6726,V32P-A052853,0,0.29537252783775331,0.32522453665733336,0,0
retention_expiry,6727,V32P-A052854,0,0.14013309478759767,0.13480752855539321,0,0
retention_expiry,6728,V32P-A052874,0,0.63312599658966062,0.70644948482513426,1,1
retention_expiry,6729,V32P-A052875,0,0.65281274318695071,0.70906342267990108,1,1
retention_expiry,6730,V32P-A052876,0,0.6166404008865356,0.66421904563903811,0,1
retention_expiry,6731,V32P-A052877,0,0.56368152499198909,0.5966589689254761,0,0
retention_expiry,6732,V32P-A052878,0,0.050562899187207223,0.044893504492938517,0,0
retention_expiry,6733,V32P-A053002,0,0.42581387162208556,0.45212621688842775,0,0
retention_expiry,6734,V32P-A053003,0,0.35382577478885652,0.36172057092189791,0,0
retention_expiry,6735,V32P-A053004,0,0.15761439204216005,0.14433822780847549,0,0
retention_expiry,6736,V32P-A053023,0,0.56530709266662593,0.63350613117218013,0,1
retention_expiry,6737,V32P-A053024,0,0.45572017431259154,0.53404292464256287,0,0
retention_expiry,6738,V32P-A053025,0,0.38578889966011048,0.46515547633171084,0,0
retention_expiry,6739,V32P-A053026,0,0.311652147769928,0.38123686313629152,0,0
retention_expiry,6740,V32P-A053027,0,0.24135950207710266,0.29293380081653597,0,0
retention_expiry,6741,V32P-A053028,0,0.11236661225557328,0.12411778271198273,0,0
retention_expiry,6742,V32P-A053101,0,0.5620320320129395,0.63035320043563847,0,1
retention_expiry,6743,V32P-A053102,0,0.47256534695625307,0.54388171434402466,0,0
retention_expiry,6744,V32P-A053103,0,0.45082697868347166,0.51294643282890318,0,0
retention_expiry,6745,V32P-A053104,0,0.37165305614471433,0.42312386035919192,0,0
retention_expiry,6746,V32P-A053105,0,0.30462979972362519,0.34399340748786927,0,0
retention_expiry,6747,V32P-A053106,0,0.13012936264276503,0.13063711971044539,0,0
retention_expiry,6748,V32P-A053115,0,0.53694968819618227,0.60403138399124146,0,0
retention_expiry,6749,V32P-A053116,0,0.56982710957527161,0.62509380578994755,0,1
retention_expiry,6750,V32P-A053117,0,0.53683396577835085,0.58754324913024902,0,0
retention_expiry,6751,V32P-A053118,0,0.29586499631404878,0.30772528946399691,0,0
retention_expiry,6752,V32P-A053125,0,0.77103310823440552,0.78794785737991335,1,1
retention_expiry,6753,V32P-A053126,0,0.60274597406387331,0.62006857395172121,0,1
retention_expiry,6754,V32P-A053127,0,0.52756050229072571,0.55275945663452153,0,0
retention_expiry,6755,V32P-A053128,0,0.486909818649292,0.49151300787925722,0,0
retention_expiry,6756,V32P-A053129,0,0.38307852149009702,0.38657447099685671,0,0
retention_expiry,6757,V32P-A053130,0,0.17104420065879822,0.15543500036001207,0,0
retention_expiry,6758,V32P-A053193,0,0.60773090124130247,0.63275077342987063,0,1
retention_expiry,6759,V32P-A053194,0,0.64805142879486088,0.67032829523086546,1,1
retention_expiry,6760,V32P-A053195,1,0.39118180871009828,0.40852079987525941,0,0
retention_expiry,6761,V32P-A053196,0,0.032878106459975243,0.026986762695014477,0,0
retention_expiry,6762,V32P-A053233,0,0.73680341243743896,0.7408231377601624,1,1
retention_expiry,6763,V32P-A053234,0,0.56798481941223145,0.57596433758735655,0,0
retention_expiry,6764,V32P-A053235,0,0.62762740850448606,0.63808188438415525,1,1
retention_expiry,6765,V32P-A053236,0,0.62566715478897095,0.62287895679473881,1,1
retention_expiry,6766,V32P-A053237,0,0.54273552894592281,0.52899478673934941,0,0
retention_expiry,6767,V32P-A053238,0,0.24430472254753113,0.23191023617982864,0,0
retention_expiry,6768,V32P-A053263,0,0.63132879734039304,0.68006312847137451,1,1
retention_expiry,6769,V32P-A053264,0,0.67314430475234988,0.71084026098251341,1,1
retention_expiry,6770,V32P-A053265,0,0.65284653902053835,0.68471693992614746,1,1
retention_expiry,6771,V32P-A053266,0,0.57535160779952998,0.60454245805740359,0,0
retention_expiry,6772,V32P-A053267,1,0.46938164830207824,0.48946269750595095,0,0
retention_expiry,6773,V32P-A053268,0,0.045031100325286386,0.036988231912255289,0,0
retention_expiry,6774,V32P-A053275,0,0.41642155051231383,0.48309386968612672,0,0
retention_expiry,6775,V32P-A053276,0,0.57143467664718628,0.63069724440574648,0,1
retention_expiry,6776,V32P-A053277,0,0.55760694146156309,0.60771255493164067,0,0
retention_expiry,6777,V32P-A053278,0,0.44105753302574158,0.48865598440170288,0,0
retention_expiry,6778,V32P-A053279,1,0.35324852168560028,0.38900645077228546,0,0
retention_expiry,6779,V32P-A053280,0,0.036369419656693935,0.033444274682551622,0,0
retention_expiry,6780,V32P-A053359,0,0.60249065756797793,0.63523018956184385,0,1
retention_expiry,6781,V32P-A053360,0,0.49286608695983886,0.53599342703819275,0,0
retention_expiry,6782,V32P-A053361,0,0.45167427659034731,0.48579509258270265,0,0
retention_expiry,6783,V32P-A053362,0,0.36193088293075559,0.38173087835311892,0,0
retention_expiry,6784,V32P-A053363,0,0.28969098925590514,0.29961495101451874,0,0
retention_expiry,6785,V32P-A053364,0,0.12639535516500472,0.12013527750968933,0,0
retention_expiry,6786,V32P-A053377,0,0.86753439903259277,0.88257232904434202,1,1
retention_expiry,6787,V32P-A053378,0,0.7522929310798645,0.76023727655410767,1,1
retention_expiry,6788,V32P-A053379,0,0.82610241174697874,0.84036355018615727,1,1
retention_expiry,6789,V32P-A053380,0,0.68982840776443477,0.69169557094573975,1,1
retention_expiry,6790,V32P-A053381,1,0.62229175567626949,0.62614078521728511,1,1
retention_expiry,6791,V32P-A053382,0,0.03921252116560936,0.032410046085715294,0,0
retention_expiry,6792,V32P-A053392,0,0.44160320162773131,0.44105168581008913,0,0
retention_expiry,6793,V32P-A053393,0,0.32321541309356688,0.31491601467132568,0,0
retention_expiry,6794,V32P-A053394,0,0.12097322940826416,0.10659313723444938,0,0
retention_expiry,6795,V32P-A053395,0,0.58332884311676025,0.63131545782089238,0,1
retention_expiry,6796,V32P-A053396,0,0.49474034309387205,0.55462883114814754,0,0
retention_expiry,6797,V32P-A053397,0,0.45890595912933352,0.5157722949981689,0,0
retention_expiry,6798,V32P-A053398,0,0.42006347477436068,0.46818322837352755,0,0
retention_expiry,6799,V32P-A053399,0,0.35987617075443268,0.40027771890163422,0,0
retention_expiry,6800,V32P-A053400,0,0.033684929925948383,0.027533462177962063,0,0
retention_expiry,6801,V32P-A053409,0,0.36229317784309389,0.33941237330436708,0,0
retention_expiry,6802,V32P-A053410,0,0.15172916352748872,0.13375595808029175,0,0
retention_expiry,6803,V32P-A053411,0,0.12629570662975312,0.10977288186550141,0,0
retention_expiry,6804,V32P-A053412,0,0.048637724295258519,0.039881156757473946,0,0
retention_expiry,6805,V32P-A053440,0,0.1190432883799076,0.1111661110073328,0,0
retention_expiry,6806,V32P-A053441,0,0.10259463787078857,0.096046317368745804,0,0
retention_expiry,6807,V32P-A053442,0,0.041522563993930818,0.038543639332056047,0,0
retention_expiry,6808,V32P-A053461,0,0.42197224497795105,0.48234057426452637,0,0
retention_expiry,6809,V32P-A053462,0,0.51956977248191838,0.55897775888442991,0,0
retention_expiry,6810,V32P-A053463,0,0.52683277130126949,0.55928069353103638,0,0
retention_expiry,6811,V32P-A053464,0,0.47420666217803953,0.50359357595443721,0,0
retention_expiry,6812,V32P-A053465,1,0.40755566954612732,0.42862888574600222,0,0
retention_expiry,6813,V32P-A053466,0,0.032892215065658092,0.029379967972636221,0,0
retention_expiry,6814,V32P-A053467,0,0.52019734978675847,0.59752160310745239,0,0
retention_expiry,6815,V32P-A053468,0,0.48961475491523743,0.56561463475227358,0,0
retention_expiry,6816,V32P-A053469,0,0.75166592597961424,0.78726060390472408,1,1
retention_expiry,6817,V32P-A053470,0,0.36272926926612853,0.42228347063064575,0,0
retention_expiry,6818,V32P-A053471,1,0.37568293511867523,0.42779183983802793,0,0
retention_expiry,6819,V32P-A053472,0,0.040321553871035573,0.035650490596890447,0,0
retention_expiry,6820,V32P-A053491,0,0.52606006264686589,0.59721793532371525,0,0
retention_expiry,6821,V32P-A053492,0,0.42242206931114196,0.50225317478179932,0,0
retention_expiry,6822,V32P-A053493,0,0.45917903184890746,0.53345195055007932,0,0
retention_expiry,6823,V32P-A053494,0,0.46231743693351746,0.52814010381698606,0,0
retention_expiry,6824,V32P-A053495,0,0.38408975601196288,0.44314696192741393,0,0
retention_expiry,6825,V32P-A053496,0,0.2278285264968872,0.24350948631763458,0,0
retention_expiry,6826,V32P-A053497,0,0.64698352813720705,0.69370998144149776,1,1
retention_expiry,6827,V32P-A053498,0,0.64272814989089966,0.68946645259857176,1,1
retention_expiry,6828,V32P-A053499,0,0.63223911523818965,0.68042734861373899,1,1
retention_expiry,6829,V32P-A053500,0,0.64958299398422237,0.69171091318130495,1,1
retention_expiry,6830,V32P-A053501,0,0.5910839796066284,0.63476353883743286,0,1
retention_expiry,6831,V32P-A053502,0,0.35944998264312744,0.3579747140407562,0,0
retention_expiry,6832,V32P-A053527,0,0.75299303531646733,0.77225096225738521,1,1
retention_expiry,6833,V32P-A053528,0,0.72555872201919558,0.74797559976577754,1,1
retention_expiry,6834,V32P-A053529,0,0.75255733728408813,0.76936666965484624,1,1
retention_expiry,6835,V32P-A053530,0,0.74335175752639771,0.75495600700378418,1,1
retention_expiry,6836,V32P-A053531,0,0.69589489698410034,0.69519631862640385,1,1
retention_expiry,6837,V32P-A053532,0,0.48058697581291199,0.45738249421119692,0,0
retention_expiry,6838,V32P-A053575,0,0.56122590303421016,0.637204897403717,0,1
retention_expiry,6839,V32P-A053576,0,0.54405025839805599,0.6184667825698853,0,0
retention_expiry,6840,V32P-A053577,0,0.60978922843933103,0.66813170909881592,0,1
retention_expiry,6841,V32P-A053578,0,0.58320369720458987,0.63497384786605837,0,1
retention_expiry,6842,V32P-A053579,0,0.48326188325881958,0.52848137021064756,0,0
retention_expiry,6843,V32P-A053580,0,0.037740061432123183,0.032069824449717996,0,0
retention_expiry,6844,V32P-A053620,0,0.5935528159141541,0.63474966287612911,0,1
retention_expiry,6845,V32P-A053621,0,0.52606164813041689,0.56916575431823735,0,0
retention_expiry,6846,V32P-A053622,0,0.23067809939384459,0.23083578646183014,0,0
retention_expiry,6847,V32P-A053638,0,0.56598668098449711,0.58862378001213078,0,0
retention_expiry,6848,V32P-A053639,0,0.50474965572357178,0.52458073496818547,0,0
retention_expiry,6849,V32P-A053640,0,0.28496835231781004,0.27569669932127,0,0
retention_expiry,6850,V32P-A053647,1,0.61481537818908694,0.66559540033340459,0,1
retention_expiry,6851,V32P-A053648,1,0.58164634704589846,0.63487719297409062,0,1
retention_expiry,6852,V32P-A053649,1,0.53278869986534116,0.58576676249504089,0,0
retention_expiry,6853,V32P-A053650,0,0.092773903906345365,0.082282993942499161,0,0
retention_expiry,6854,V32P-A053651,0,0.066221918910741806,0.058221568167209622,0,0
retention_expiry,6855,V32P-A053652,0,0.026589542627334595,0.022770790569484233,0,0
retention_expiry,6856,V32P-A053661,1,0.43997460603713989,0.4960407793521881,0,0
retention_expiry,6857,V32P-A053662,0,0.068010795116424563,0.062982928752899167,0,0
retention_expiry,6858,V32P-A053663,0,0.050109783560037612,0.046045606583356859,0,0
retention_expiry,6859,V32P-A053664,0,0.020326353423297406,0.018142172507941721,0,0
retention_expiry,6860,V32P-A053779,0,0.72297618389129636,0.73555160760879512,1,1
retention_expiry,6861,V32P-A053780,0,0.65286115407943723,0.66375766992568974,1,1
retention_expiry,6862,V32P-A053781,0,0.62540522813796995,0.64113365411758427,1,1
retention_expiry,6863,V32P-A053782,0,0.53809086680412288,0.56098049283027651,0,0
retention_expiry,6864,V32P-A053783,0,0.43522102236747739,0.45724273324012754,0,0
retention_expiry,6865,V32P-A053784,0,0.036800372228026387,0.032959433831274511,0,0
retention_expiry,6866,V32P-A053797,1,0.79057381153106687,0.81681813001632686,1,1
retention_expiry,6867,V32P-A053798,1,0.72823692560195918,0.75724818706512453,1,1
retention_expiry,6868,V32P-A053799,1,0.65683193206787105,0.6902495861053467,1,1
retention_expiry,6869,V32P-A053800,0,0.13676167875528336,0.12896571755409242,0,0
retention_expiry,6870,V32P-A053801,0,0.10333304107189178,0.095002287626266474,0,0
retention_expiry,6871,V32P-A053802,0,0.045138168707489969,0.039680361747741699,0,0
retention_expiry,6872,V32P-A053853,1,0.7641173124313354,0.79465218782424929,1,1
retention_expiry,6873,V32P-A053854,0,0.14160301983356477,0.13222597688436508,0,0
retention_expiry,6874,V32P-A053855,0,0.10150288790464401,0.092915153875946996,0,0
retention_expiry,6875,V32P-A053856,0,0.045749077759683135,0.041047432459890842,0,0
retention_expiry,6876,V32P-A053890,0,0.071543344482779506,0.064453515410423282,0,0
retention_expiry,6877,V32P-A053891,0,0.052889202535152433,0.047559055685997012,0,0
retention_expiry,6878,V32P-A053892,0,0.024400530569255351,0.021585642267018555,0,0
retention_expiry,6879,V32P-A053965,0,0.57450007200241093,0.61640942096710205,0,0
retention_expiry,6880,V32P-A053966,0,0.50407730937004092,0.55124229192733765,0,0
retention_expiry,6881,V32P-A053967,0,0.44051809906959533,0.49073773622512817,0,0
retention_expiry,6882,V32P-A053968,0,0.35425835251808169,0.4011392116546631,0,0
retention_expiry,6883,V32P-A053969,0,0.26810750961303709,0.29890237450599672,0,0
retention_expiry,6884,V32P-A053970,0,0.11746385172009469,0.11803256645798683,0,0
retention_expiry,6885,V32P-A053973,0,0.63726812601089478,0.64578876495361326,1,1
retention_expiry,6886,V32P-A053974,0,0.52818564772605892,0.5274673223495483,0,0
retention_expiry,6887,V32P-A053975,0,0.42802740931510924,0.42037622332572938,0,0
retention_expiry,6888,V32P-A053976,0,0.22396352589130403,0.20424863249063491,0,0
retention_expiry,6889,V32P-A054027,0,0.72380774021148686,0.7501552820205688,1,1
retention_expiry,6890,V32P-A054028,0,0.59609632492065434,0.63286181092262273,0,1
retention_expiry,6891,V32P-A054029,0,0.50910224318504338,0.54091201424598689,0,0
retention_expiry,6892,V32P-A054030,0,0.051387453079223634,0.044095934741199015,0,0
retention_expiry,6893,V32P-A054040,0,0.37504213452339175,0.42589060664176942,0,0
retention_expiry,6894,V32P-A054041,0,0.2837763547897339,0.32298078536987307,0,0
retention_expiry,6895,V32P-A054042,0,0.022067696228623389,0.019770547840744258,0,0
retention_expiry,6896,V32P-A054045,0,0.49126952290534975,0.55138868093490601,0,0
retention_expiry,6897,V32P-A054046,0,0.3903944969177246,0.45068310499191283,0,0
retention_expiry,6898,V32P-A054047,1,0.31226437687873843,0.36264601945877073,0,0
retention_expiry,6899,V32P-A054048,0,0.037622156925499438,0.033406081050634383,0,0
retention_expiry,6900,V32P-A054099,0,0.79492391347885127,0.81126354932785039,1,1
retention_expiry,6901,V32P-A054100,0,0.77148488759994505,0.78196846246719365,1,1
retention_expiry,6902,V32P-A054101,0,0.68928176164627075,0.68735219240188594,1,1
retention_expiry,6903,V32P-A054102,0,0.43531196415424345,0.41598094403743746,0,0
retention_expiry,6904,V32P-A054133,1,0.69925763607025149,0.72819048166275024,1,1
retention_expiry,6905,V32P-A054134,1,0.59921877384185795,0.63222551345825195,0,1
retention_expiry,6906,V32P-A054135,1,0.5086709797382355,0.53844251036643986,0,0
retention_expiry,6907,V32P-A054136,0,0.10148701518774032,0.0882284626364708,0,0
retention_expiry,6908,V32P-A054137,0,0.07157450877130031,0.061305500194430353,0,0
retention_expiry,6909,V32P-A054138,0,0.032124197576195002,0.027194468025118112,0,0
retention_expiry,6910,V32P-A054157,0,0.5751376748085022,0.61408390998840334,0,0
retention_expiry,6911,V32P-A054158,0,0.63583765029907224,0.66450829505920406,1,1
retention_expiry,6912,V32P-A054159,0,0.63306170701980591,0.65903093814849856,1,1
retention_expiry,6913,V32P-A054160,1,0.60344045162200932,0.62376264333724973,0,1
retention_expiry,6914,V32P-A054161,0,0.090684066712856296,0.081807306408882147,0,0
retention_expiry,6915,V32P-A054162,0,0.044546034745872022,0.039330347068607809,0,0
retention_expiry,6916,V32P-A054178,0,0.54331206679344179,0.5683139503002167,0,0
retention_expiry,6917,V32P-A054179,0,0.45290894508361818,0.46603465676307676,0,0
retention_expiry,6918,V32P-A054180,0,0.20518014281988145,0.19261219650506972,0,0
retention_expiry,6919,V32P-A054193,1,0.74269832372665401,0.77187552452087405,1,1
retention_expiry,6920,V32P-A054194,1,0.62437566518783572,0.6585332036018372,1,1
retention_expiry,6921,V32P-A054195,1,0.51170119047164919,0.54957175254821777,0,0
retention_expiry,6922,V32P-A054196,0,0.083107420057058332,0.076134777814149859,0,0
retention_expiry,6923,V32P-A054197,0,0.077838812768459317,0.071051144227385524,0,0
retention_expiry,6924,V32P-A054198,0,0.027351516485214233,0.024861785769462585,0,0
retention_expiry,6925,V32P-A054307,0,0.40645074248313906,0.43573968410491942,0,0
retention_expiry,6926,V32P-A054308,0,0.44347718358039856,0.46570842862129214,0,0
retention_expiry,6927,V32P-A054309,0,0.43972133398056029,0.45879778265953064,0,0
retention_expiry,6928,V32P-A054310,0,0.39392100572586058,0.40755151510238646,0,0
retention_expiry,6929,V32P-A054311,0,0.32821315228939058,0.33193666040897368,0,0
retention_expiry,6930,V32P-A054312,0,0.029188271798193454,0.024316170159727334,0,0
retention_expiry,6931,V32P-A054391,0,0.6229505062103271,0.64464349746704097,1,1
retention_expiry,6932,V32P-A054392,0,0.56793736219406132,0.59722638130187988,0,0
retention_expiry,6933,V32P-A054393,0,0.59520987868309017,0.62831871509552006,0,1
retention_expiry,6934,V32P-A054394,0,0.39303083419799806,0.41878579258918763,0,0
retention_expiry,6935,V32P-A054395,1,0.32423914670944215,0.34778932332992551,0,0
retention_expiry,6936,V32P-A054396,0,0.027720895316451787,0.024614668264985085,0,0
retention_expiry,6937,V32P-A054475,1,0.59665371179580684,0.64319294691085815,0,1
retention_expiry,6938,V32P-A054476,1,0.61944212913513186,0.66662436723709106,0,1
retention_expiry,6939,V32P-A054477,0,0.16136536300182341,0.14747600704431535,0,0
retention_expiry,6940,V32P-A054478,0,0.10577152073383331,0.096088938415050507,0,0
retention_expiry,6941,V32P-A054479,0,0.075661005452275276,0.068355377390980715,0,0
retention_expiry,6942,V32P-A054480,0,0.034232010878622529,0.030573403462767601,0,0
retention_expiry,6943,V32P-A054535,0,0.71859154701232908,0.75795476436614995,1,1
retention_expiry,6944,V32P-A054536,0,0.64693394899368284,0.68367079496383665,1,1
retention_expiry,6945,V32P-A054537,0,0.62725082635879514,0.65273598432540891,1,1
retention_expiry,6946,V32P-A054538,0,0.68427487611770632,0.69346774816513057,1,1
retention_expiry,6947,V32P-A054539,1,0.631561279296875,0.63435912132263184,1,1
retention_expiry,6948,V32P-A054540,0,0.035188997164368629,0.028962952550500631,0,0
retention_expiry,6949,V32P-A054547,0,0.71759454011917112,0.74665375947952273,1,1
retention_expiry,6950,V32P-A054548,0,0.57919273972511287,0.63790012598037715,0,1
retention_expiry,6951,V32P-A054549,0,0.65831260681152348,0.70256091356277461,1,1
retention_expiry,6952,V32P-A054550,0,0.6348478436470032,0.67393136024475098,1,1
retention_expiry,6953,V32P-A054551,0,0.48375715017318727,0.53548429608345027,0,0
retention_expiry,6954,V32P-A054552,0,0.21839830577373504,0.22972532808780671,0,0
retention_expiry,6955,V32P-A054643,1,0.62527774572372441,0.66307851076126101,1,1
retention_expiry,6956,V32P-A054644,1,0.38496852517127989,0.42855619788169863,0,0
retention_expiry,6957,V32P-A054645,0,0.08204762265086174,0.076017385721206671,0,0
retention_expiry,6958,V32P-A054646,0,0.072021111845970154,0.066289568692445761,0,0
retention_expiry,6959,V32P-A054647,0,0.058301737532019615,0.053061921894550321,0,0
retention_expiry,6960,V32P-A054648,0,0.028129872400313616,0.025256584212183953,0,0
retention_expiry,6961,V32P-A054751,0,0.39667246639728548,0.43746853172779082,0,0
retention_expiry,6962,V32P-A054752,0,0.41074160039424895,0.4405146986246109,0,0
retention_expiry,6963,V32P-A054753,0,0.33160794377326963,0.35333207249641418,0,0
retention_expiry,6964,V32P-A054754,0,0.28297860324382784,0.29089407920837401,0,0
retention_expiry,6965,V32P-A054755,0,0.24027691930532455,0.24135859310626984,0,0
retention_expiry,6966,V32P-A054756,0,0.12010372653603554,0.11247062310576439,0,0
retention_expiry,6967,V32P-A054775,0,0.68922965526580815,0.72769838571548462,1,1
retention_expiry,6968,V32P-A054776,0,0.66406648159027104,0.70138446092605589,1,1
retention_expiry,6969,V32P-A054777,0,0.69099525213241575,0.72079646587371826,1,1
retention_expiry,6970,V32P-A054778,0,0.63988689184188841,0.65836795568466189,1,1
retention_expiry,6971,V32P-A054779,0,0.59809359312057497,0.60533281564712527,0,0
retention_expiry,6972,V32P-A054780,0,0.40169479846954348,0.37018898129463196,0,0
retention_expiry,6973,V32P-A054892,0,0.1373546078801155,0.12345790639519691,0,0
retention_expiry,6974,V32P-A054893,0,0.10016987696290017,0.088092535734176636,0,0
retention_expiry,6975,V32P-A054894,0,0.046515303850173953,0.038962106965482232,0,0
retention_expiry,6976,V32P-A054937,0,0.72716411352157595,0.76620105504989622,1,1
retention_expiry,6977,V32P-A054938,0,0.61108044385910032,0.66149502992630005,0,1
retention_expiry,6978,V32P-A054939,0,0.58823401927947994,0.64402939081192012,0,1
retention_expiry,6979,V32P-A054940,1,0.63688638210296633,0.68134202957153323,1,1
retention_expiry,6980,V32P-A054941,0,0.12707192003726958,0.11211748868227005,0,0
retention_expiry,6981,V32P-A054942,0,0.047900007292628291,0.039841010048985478,0,0
retention_expiry,6982,V32P-A054993,0,0.53626562952995305,0.57401522397994997,0,0
retention_expiry,6983,V32P-A054994,0,0.4648843467235565,0.50146039128303532,0,0
retention_expiry,6984,V32P-A054995,0,0.39810134470462799,0.42605427503585813,0,0
retention_expiry,6985,V32P-A054996,0,0.2101406767964363,0.20883823484182357,0,0
retention_expiry,6986,V32P-A055045,0,0.4602856397628784,0.52867529392242429,0,0
retention_expiry,6987,V32P-A055046,0,0.46553338170051572,0.52947678565979006,0,0
retention_expiry,6988,V32P-A055047,0,0.44801068305969238,0.5053567051887512,0,0
retention_expiry,6989,V32P-A055048,0,0.5273907482624054,0.5743104159832001,0,0
retention_expiry,6990,V32P-A055049,0,0.35657949149608614,0.39215806722640989,0,0
retention_expiry,6991,V32P-A055050,0,0.18210149109363555,0.1898062489926815,0,0
retention_expiry,6992,V32P-A055129,0,0.75270142555236819,0.7849901437759399,1,1
retention_expiry,6993,V32P-A055130,0,0.63027967214584346,0.67205898761749272,1,1
retention_expiry,6994,V32P-A055131,0,0.6567480087280273,0.69048916101455693,1,1
retention_expiry,6995,V32P-A055132,0,0.62748874425888057,0.65907622575759883,1,1
retention_expiry,6996,V32P-A055133,0,0.48697943091392515,0.5120970606803894,0,0
retention_expiry,6997,V32P-A055134,0,0.24465871751308441,0.23596102893352508,0,0
retention_expiry,6998,V32P-A055171,1,0.6591014981269836,0.67899538278579707,1,1
retention_expiry,6999,V32P-A055172,1,0.52556991577148438,0.55364542007446294,0,0
retention_expiry,7000,V32P-A055173,1,0.47190573811531067,0.4969676911830902,0,0
retention_expiry,7001,V32P-A055174,0,0.073829205334186548,0.06493013128638267,0,0
retention_expiry,7002,V32P-A055175,0,0.05254920795559883,0.045249477773904798,0,0
retention_expiry,7003,V32P-A055176,0,0.02282169759273529,0.019321962259709835,0,0
retention_expiry,7004,V32P-A055177,0,0.77099541425704954,0.78751103878021245,1,1
retention_expiry,7005,V32P-A055178,0,0.75288025140762327,0.7686200737953186,1,1
retention_expiry,7006,V32P-A055179,0,0.78503199815750124,0.7981981635093689,1,1
retention_expiry,7007,V32P-A055180,0,0.64797773957252502,0.66480170488357548,1,1
retention_expiry,7008,V32P-A055181,0,0.57585688829421999,0.58926928043365479,0,0
retention_expiry,7009,V32P-A055182,0,0.31813366115093233,0.31035333275794985,0,0
retention_expiry,7010,V32P-A055185,0,0.52556518912315364,0.57088000178337095,0,0
retention_expiry,7011,V32P-A055186,0,0.45615863204002383,0.49987338185310365,0,0
retention_expiry,7012,V32P-A055187,0,0.32905506491661074,0.37550481557846072,0,0
retention_expiry,7013,V32P-A055188,0,0.18908050060272216,0.18851373195648194,0,0
retention_expiry,7014,V32P-A055195,0,0.62894166707992549,0.6742760062217712,1,1
retention_expiry,7015,V32P-A055196,0,0.45502225160598753,0.52411646246910093,0,0
retention_expiry,7016,V32P-A055197,0,0.35462585687637327,0.42116989493370055,0,0
retention_expiry,7017,V32P-A055198,0,0.30390819609165193,0.35412648320198059,0,0
retention_expiry,7018,V32P-A055199,0,0.26006968915462492,0.29119935035705569,0,0
retention_expiry,7019,V32P-A055200,0,0.12816291302442551,0.12976637035608291,0,0
retention_expiry,7020,V32P-A055297,0,0.57325665354728694,0.63182715177536009,0,1
retention_expiry,7021,V32P-A055298,0,0.51763192415237425,0.57584453821182247,0,0
retention_expiry,7022,V32P-A055299,0,0.54951688051223757,0.59900665283203125,0,0
retention_expiry,7023,V32P-A055300,1,0.39385356903076174,0.44248107671737669,0,0
retention_expiry,7024,V32P-A055301,0,0.055752053484320642,0.052070543542504309,0,0
retention_expiry,7025,V32P-A055302,0,0.024689661525189876,0.022302758041769268,0,0
retention_expiry,7026,V32P-A055327,0,0.70937303304672239,0.73598806858062749,1,1
retention_expiry,7027,V32P-A055328,0,0.57333233952522278,0.60586002469062805,0,0
retention_expiry,7028,V32P-A055329,0,0.48213579654693606,0.51938180327415462,0,0
retention_expiry,7029,V32P-A055330,0,0.37207641303539274,0.40723701119422911,0,0
retention_expiry,7030,V32P-A055331,0,0.3333269000053406,0.36246237456798552,0,0
retention_expiry,7031,V32P-A055332,0,0.12710973247885704,0.12755711302161216,0,0
retention_expiry,7032,V32P-A055425,0,0.45166839957237243,0.47752026915550233,0,0
retention_expiry,7033,V32P-A055426,0,0.39420461654663086,0.41520786285400391,0,0
retention_expiry,7034,V32P-A055427,0,0.3117682307958603,0.32237938046455383,0,0
retention_expiry,7035,V32P-A055428,0,0.12973190695047379,0.12341714799404144,0,0
retention_expiry,7036,V32P-A055543,0,0.3502441167831421,0.41366286873817443,0,0
retention_expiry,7037,V32P-A055544,0,0.44085818529129028,0.49777660965919496,0,0
retention_expiry,7038,V32P-A055545,0,0.42733585238456728,0.47432571649551392,0,0
retention_expiry,7039,V32P-A055546,0,0.36106565594673157,0.39388251304626465,0,0
retention_expiry,7040,V32P-A055547,0,0.29300982654094698,0.31319419443607333,0,0
retention_expiry,7041,V32P-A055548,0,0.13264086842536926,0.13158531934022905,0,0
retention_expiry,7042,V32P-A055635,0,0.44542500972747801,0.43903952836990356,0,0
retention_expiry,7043,V32P-A055636,0,0.44963296651840212,0.43413220047950746,0,0
retention_expiry,7044,V32P-A055637,0,0.38024790883064269,0.35929104983806609,0,0
retention_expiry,7045,V32P-A055638,0,0.17765321433544159,0.15987600535154342,0,0
retention_expiry,7046,V32P-A055669,0,0.71013318300247197,0.71340202093124394,1,1
retention_expiry,7047,V32P-A055670,0,0.55992766022682194,0.56133031249046328,0,0
retention_expiry,7048,V32P-A055671,0,0.45093887448310854,0.46535133123397826,0,0
retention_expiry,7049,V32P-A055672,0,0.37364359498023986,0.38610822558403013,0,0
retention_expiry,7050,V32P-A055673,0,0.30130351185798643,0.30371400713920593,0,0
retention_expiry,7051,V32P-A055674,0,0.124248968064785,0.11386388316750526,0,0
retention_expiry,7052,V32P-A055736,0,0.67128745317459104,0.69258432388305669,1,1
retention_expiry,7053,V32P-A055737,0,0.65755947828292849,0.67931473255157471,1,1
retention_expiry,7054,V32P-A055738,0,0.66351450681686397,0.6814591765403748,1,1
retention_expiry,7055,V32P-A055739,0,0.48022764921188354,0.50336809158325191,0,0
retention_expiry,7056,V32P-A055740,0,0.038438718207180499,0.032271128706634046,0,0
retention_expiry,7057,V32P-A055744,0,0.56486879587173466,0.60926451683044436,0,0
retention_expiry,7058,V32P-A055745,0,0.50090890526771548,0.53558624386787412,0,0
retention_expiry,7059,V32P-A055746,0,0.20860670506954193,0.20455994904041291,0,0
retention_expiry,7060,V32P-A055771,0,0.59127110242843628,0.63571796417236326,0,1
retention_expiry,7061,V32P-A055772,0,0.51717284917831419,0.56940043568611143,0,0
retention_expiry,7062,V32P-A055773,0,0.55638127326965336,0.5908769965171814,0,0
retention_expiry,7063,V32P-A055774,0,0.41882265806198121,0.45089483261108398,0,0
retention_expiry,7064,V32P-A055775,0,0.32752807140350343,0.34929061532020567,0,0
retention_expiry,7065,V32P-A055776,0,0.13845259547233582,0.13688998073339462,0,0
retention_expiry,7066,V32P-A055798,0,0.56993049979209898,0.61283819079399104,0,0
retention_expiry,7067,V32P-A055799,0,0.53120290040969853,0.56898455619812016,0,0
retention_expiry,7068,V32P-A055800,0,0.044180471450090408,0.035135098919272426,0,0
retention_expiry,7069,V32P-A055861,0,0.57794411778450017,0.60639545321464539,0,0
retention_expiry,7070,V32P-A055862,0,0.55843734145164492,0.58921987414360044,0,0
retention_expiry,7071,V32P-A055863,0,0.47654669880867007,0.50239134430885313,0,0
retention_expiry,7072,V32P-A055864,0,0.40320925712585448,0.4176976501941681,0,0
retention_expiry,7073,V32P-A055865,0,0.37080602049827577,0.37518727779388428,0,0
retention_expiry,7074,V32P-A055866,0,0.022367348987609149,0.017322188708931208,0,0
retention_expiry,7075,V32P-A055885,0,0.41035598516464233,0.47024249434471133,0,0
retention_expiry,7076,V32P-A055886,0,0.39622759222984316,0.44482643604278566,0,0
retention_expiry,7077,V32P-A055887,0,0.40443882942199705,0.44284414649009707,0,0
retention_expiry,7078,V32P-A055888,0,0.33086787462234496,0.35860770344734194,0,0
retention_expiry,7079,V32P-A055889,0,0.27028385698795321,0.28891817629337313,0,0
retention_expiry,7080,V32P-A055890,0,0.13680762201547622,0.13743181377649308,0,0
retention_expiry,7081,V32P-A055897,0,0.64242913722991946,0.69152402877807617,1,1
retention_expiry,7082,V32P-A055898,0,0.66046141386032109,0.70397738218307493,1,1
retention_expiry,7083,V32P-A055899,0,0.6635728001594543,0.70493948459625244,1,1
retention_expiry,7084,V32P-A055900,0,0.63173763751983647,0.67162898778915403,1,1
retention_expiry,7085,V32P-A055901,0,0.5945448040962219,0.63232275247573855,0,1
retention_expiry,7086,V32P-A055902,0,0.41492435634136199,0.41671636402606965,0,0
retention_expiry,7087,V32P-A055922,0,0.47713418006896974,0.5330969452857971,0,0
retention_expiry,7088,V32P-A055923,0,0.3888624906539917,0.42782198190689086,0,0
retention_expiry,7089,V32P-A055924,0,0.35188778042793273,0.38512703180313113,0,0
retention_expiry,7090,V32P-A055925,0,0.27389900684356688,0.29502145051956175,0,0
retention_expiry,7091,V32P-A055926,0,0.11779157668352128,0.11554865092039109,0,0
retention_expiry,7092,V32P-A055939,0,0.68255033493041994,0.72763950824737544,1,1
retention_expiry,7093,V32P-A055940,0,0.46976774334907534,0.53768345117568972,0,0
retention_expiry,7094,V32P-A055941,0,0.3415265679359436,0.40905057787895205,0,0
retention_expiry,7095,V32P-A055942,0,0.29586837291717527,0.34829377532005312,0,0
retention_expiry,7096,V32P-A055943,0,0.26927295029163362,0.30442200899124144,0,0
retention_expiry,7097,V32P-A055944,0,0.13031181544065476,0.13469076901674271,0,0
retention_expiry,7098,V32P-A055957,0,0.49994853138923645,0.55754822492599487,0,0
retention_expiry,7099,V32P-A055958,0,0.4796618938446045,0.53484085202217102,0,0
retention_expiry,7100,V32P-A055959,0,0.44985020160675049,0.50008385181427006,0,0
retention_expiry,7101,V32P-A055960,0,0.3925910949707031,0.42847805023193358,0,0
retention_expiry,7102,V32P-A055961,0,0.33812577724456788,0.36155804991722107,0,0
retention_expiry,7103,V32P-A055962,0,0.16905643641948701,0.16732650399208068,0,0
retention_expiry,7104,V32P-A055996,0,0.43033491373062133,0.44125226736068723,0,0
retention_expiry,7105,V32P-A055997,0,0.3275707423686981,0.32837305068969724,0,0
retention_expiry,7106,V32P-A055998,0,0.12540817707777024,0.11415220648050309,0,0
retention_expiry,7107,V32P-A056023,0,0.5442865788936615,0.61194624304771428,0,0
retention_expiry,7108,V32P-A056024,0,0.63916338086128233,0.68656130433082585,1,1
retention_expiry,7109,V32P-A056025,0,0.73233875036239626,0.76017745733261111,1,1
retention_expiry,7110,V32P-A056026,1,0.68990941047668453,0.70962266921997075,1,1
retention_expiry,7111,V32P-A056027,0,0.070603772625327105,0.061740745604038236,0,0
retention_expiry,7112,V32P-A056028,0,0.027312094159424306,0.023273067455738781,0,0
retention_expiry,7113,V32P-A056050,0,0.35516079068183898,0.3737975239753723,0,0
retention_expiry,7114,V32P-A056051,0,0.28079799115657805,0.28698638975620272,0,0
retention_expiry,7115,V32P-A056052,0,0.12198144793510438,0.11277235597372055,0,0
retention_expiry,7116,V32P-A056065,0,0.73398647308349607,0.77872968912124629,1,1
retention_expiry,7117,V32P-A056066,0,0.58502674102783203,0.65470124483108516,0,1
retention_expiry,7118,V32P-A056067,0,0.5170635521411896,0.56634395122528081,0,0
retention_expiry,7119,V32P-A056068,0,0.44817896485328673,0.4890759766101837,0,0
retention_expiry,7120,V32P-A056069,0,0.35840445160865786,0.39038810729980467,0,0
retention_expiry,7121,V32P-A056070,0,0.16909816116094589,0.16822776645421983,0,0
retention_expiry,7122,V32P-A056101,0,0.618189525604248,0.66884951591491704,0,1
retention_expiry,7123,V32P-A056102,0,0.67063210010528562,0.71055577993392949,1,1
retention_expiry,7124,V32P-A056103,0,0.66696637868881226,0.70114129781723022,1,1
retention_expiry,7125,V32P-A056104,0,0.65048112869262698,0.67803779840469358,1,1
retention_expiry,7126,V32P-A056105,0,0.59754420518875118,0.61621947288513179,0,0
retention_expiry,7127,V32P-A056106,0,0.35769626498222351,0.35229153335094454,0,0
retention_expiry,7128,V32P-A056126,0,0.51153977513313298,0.5424712181091309,0,0
retention_expiry,7129,V32P-A056127,0,0.49112034440040586,0.51645352840423586,0,0
retention_expiry,7130,V32P-A056128,0,0.43157610893249509,0.45275067090988158,0,0
retention_expiry,7131,V32P-A056129,0,0.35637782216072084,0.37402822375297545,0,0
retention_expiry,7132,V32P-A056130,0,0.16420215368270874,0.15835200548171996,0,0
retention_expiry,7133,V32P-A056169,0,0.39596861004829409,0.41263180375099184,0,0
retention_expiry,7134,V32P-A056170,0,0.31880491971969604,0.32274762392044065,0,0
retention_expiry,7135,V32P-A056171,0,0.23513843417167662,0.23055488169193267,0,0
retention_expiry,7136,V32P-A056172,0,0.094224303960800171,0.083172222971916204,0,0
retention_expiry,7137,V32P-A056209,0,0.70526118278503414,0.72844452857971187,1,1
retention_expiry,7138,V32P-A056210,0,0.62961946725845341,0.66130851507186894,1,1
retention_expiry,7139,V32P-A056211,0,0.56603652238845825,0.6027724504470825,0,0
retention_expiry,7140,V32P-A056212,0,0.50094229578971861,0.53378290534019468,0,0
retention_expiry,7141,V32P-A056213,0,0.42562199831008912,0.45111260414123533,0,0
retention_expiry,7142,V32P-A056214,0,0.19451642036437988,0.18997250050306319,0,0
retention_expiry,7143,V32P-A056229,0,0.28792191445827486,0.3281880497932434,0,0
retention_expiry,7144,V32P-A056230,0,0.23593269288539886,0.27131853699684144,0,0
retention_expiry,7145,V32P-A056231,0,0.18260249793529509,0.20494225323200227,0,0
retention_expiry,7146,V32P-A056232,0,0.089530298113822931,0.089119301736354822,0,0
retention_expiry,7147,V32P-A056290,0,0.065066632255911833,0.059830786660313606,0,0
retention_expiry,7148,V32P-A056291,0,0.068187851831316953,0.063083033822476861,0,0
retention_expiry,7149,V32P-A056292,0,0.021819097455590963,0.019296062365174293,0,0
retention_expiry,7150,V32P-A056301,0,0.50307501554489131,0.55445247888565063,0,0
retention_expiry,7151,V32P-A056302,0,0.43271231651306152,0.48025770187377931,0,0
retention_expiry,7152,V32P-A056303,0,0.35410932302474973,0.39253602027893064,0,0
retention_expiry,7153,V32P-A056304,0,0.15112318396568297,0.15709988474845887,0,0
retention_expiry,7154,V32P-A056305,0,0.82321661710739136,0.84620593786239628,1,1
retention_expiry,7155,V32P-A056306,0,0.72263566255569456,0.74607048034667967,1,1
retention_expiry,7156,V32P-A056307,0,0.75156563520431519,0.77803864479064944,1,1
retention_expiry,7157,V32P-A056308,0,0.61925427913665776,0.64516810178756712,0,1
retention_expiry,7158,V32P-A056309,0,0.55115918517112727,0.57807486057281499,0,0
retention_expiry,7159,V32P-A056310,0,0.27371947169303895,0.2673087030649185,0,0
retention_expiry,7160,V32P-A056344,0,0.4127209484577179,0.43854342699050902,0,0
retention_expiry,7161,V32P-A056345,1,0.29989384710788725,0.31387853324413301,0,0
retention_expiry,7162,V32P-A056346,0,0.020320064201951028,0.016488631814718248,0,0
retention_expiry,7163,V32P-A056353,0,0.51424911022186282,0.56480959653854368,0,0
retention_expiry,7164,V32P-A056354,0,0.50206201076507573,0.55035288333892818,0,0
retention_expiry,7165,V32P-A056355,0,0.46996071934700012,0.51286506652832031,0,0
retention_expiry,7166,V32P-A056356,0,0.43314329385757444,0.46885964274406433,0,0
retention_expiry,7167,V32P-A056357,0,0.36188955307006837,0.38784477114677429,0,0
retention_expiry,7168,V32P-A056358,0,0.16917125284671783,0.16750438362360001,0,0
retention_expiry,7169,V32P-A056377,1,0.75317150354385376,0.78414504528045659,1,1
retention_expiry,7170,V32P-A056378,1,0.65578824281692505,0.70241883993148801,1,1
retention_expiry,7171,V32P-A056379,1,0.63742784261703489,0.67767292261123657,1,1
retention_expiry,7172,V32P-A056380,0,0.1200028233230114,0.10111852809786796,0,0
retention_expiry,7173,V32P-A056381,0,0.085354965925216672,0.070420888811349863,0,0
retention_expiry,7174,V32P-A056382,0,0.036646734923124313,0.029106494039297104,0,0
retention_expiry,7175,V32P-A056419,0,0.5236259818077087,0.55017316937446592,0,0
retention_expiry,7176,V32P-A056420,0,0.50509657263755803,0.53783313632011409,0,0
retention_expiry,7177,V32P-A056421,0,0.44190796017646788,0.47734107375144957,0,0
retention_expiry,7178,V32P-A056422,0,0.34720396697521211,0.37008867561817171,0,0
retention_expiry,7179,V32P-A056423,0,0.31968991458415985,0.34117779433727263,0,0
retention_expiry,7180,V32P-A056424,0,0.13662343993782997,0.13343396857380868,0,0
retention_expiry,7181,V32P-A056587,0,0.68994102478027342,0.71807266473770137,1,1
retention_expiry,7182,V32P-A056588,0,0.61875740289688108,0.63849143981933598,0,1
retention_expiry,7183,V32P-A056589,0,0.60834482908248899,0.62376947402954097,0,1
retention_expiry,7184,V32P-A056590,0,0.61764119863510136,0.63476566076278684,0,1
retention_expiry,7185,V32P-A056591,0,0.46067196130752563,0.46689895391464231,0,0
retention_expiry,7186,V32P-A056592,0,0.21299857199192046,0.20534153282642365,0,0
retention_expiry,7187,V32P-A056701,0,0.52641351222991939,0.57974159121513369,0,0
retention_expiry,7188,V32P-A056702,0,0.54500302076339724,0.59726622104644778,0,0
retention_expiry,7189,V32P-A056703,0,0.50448275208473203,0.57561978697776794,0,0
retention_expiry,7190,V32P-A056704,0,0.3871825635433197,0.43854206800460815,0,0
retention_expiry,7191,V32P-A056705,0,0.30913721621036527,0.34403752684593203,0,0
retention_expiry,7192,V32P-A056706,0,0.14220349043607711,0.14629296809434891,0,0
retention_expiry,7193,V32P-A056761,0,0.5128989696502686,0.56077880859374996,0,0
retention_expiry,7194,V32P-A056762,0,0.53910397887229922,0.58341445922851565,0,0
retention_expiry,7195,V32P-A056763,0,0.51758923530578616,0.56080737709999084,0,0
retention_expiry,7196,V32P-A056764,0,0.4693052411079407,0.5051525294780731,0,0
retention_expiry,7197,V32P-A056765,0,0.39622173905372621,0.41720286607742307,0,0
retention_expiry,7198,V32P-A056766,0,0.030168103799223901,0.0260211743414402,0,0
retention_expiry,7199,V32P-A056779,0,0.63334196805953979,0.66369181871414185,1,1
retention_expiry,7200,V32P-A056780,0,0.62253261804580684,0.65486488342285154,1,1
retention_expiry,7201,V32P-A056781,0,0.69775739908218382,0.72241048812866215,1,1
retention_expiry,7202,V32P-A056782,0,0.47068399786949155,0.49299519062042235,0,0
retention_expiry,7203,V32P-A056783,0,0.40128063559532168,0.41918940544128419,0,0
retention_expiry,7204,V32P-A056784,0,0.21267806291580199,0.20642015933990479,0,0
retention_expiry,7205,V32P-A056821,0,0.36279554367065431,0.41894303560256957,0,0
retention_expiry,7206,V32P-A056822,0,0.41829758286476137,0.46239346861839292,0,0
retention_expiry,7207,V32P-A056823,0,0.40774746537208556,0.44779598712921143,0,0
retention_expiry,7208,V32P-A056824,0,0.35045540928840635,0.38271107673645022,0,0
retention_expiry,7209,V32P-A056825,0,0.28344116210937498,0.30466590821743011,0,0
retention_expiry,7210,V32P-A056826,0,0.13246871083974837,0.12858742028474807,0,0
retention_expiry,7211,V32P-A056857,0,0.4155902534723282,0.47112962901592254,0,0
retention_expiry,7212,V32P-A056858,0,0.45667104125022889,0.50208839178085329,0,0
retention_expiry,7213,V32P-A056859,0,0.42775552868843081,0.4703128397464752,0,0
retention_expiry,7214,V32P-A056860,0,0.37814547121524811,0.4128862112760544,0,0
retention_expiry,7215,V32P-A056861,0,0.31490584909915925,0.34236463606357576,0,0
retention_expiry,7216,V32P-A056862,0,0.15672525912523269,0.15813120752573012,0,0
retention_expiry,7217,V32P-A056889,0,0.56018955707550044,0.60417244434356687,0,0
retention_expiry,7218,V32P-A056890,0,0.57703551054000857,0.61049606800079348,0,0
retention_expiry,7219,V32P-A056891,0,0.44356979727745055,0.4692725121974945,0,0
retention_expiry,7220,V32P-A056892,0,0.037871078588068485,0.033064713515341279,0,0
retention_expiry,7221,V32P-A056947,0,0.73371186256408694,0.75856755971908574,1,1
retention_expiry,7222,V32P-A056948,0,0.63258728981018064,0.65791766643524174,1,1
retention_expiry,7223,V32P-A056949,0,0.58847981095314028,0.60726387500762935,0,0
retention_expiry,7224,V32P-A056950,0,0.6334303617477417,0.64469039440155029,1,1
retention_expiry,7225,V32P-A056951,0,0.5485840976238251,0.54844807982444765,0,0
retention_expiry,7226,V32P-A056952,0,0.04436148889362812,0.036552839912474155,0,0
retention_expiry,7227,V32P-A056953,0,0.73418712615966797,0.76950657367706299,1,1
retention_expiry,7228,V32P-A056954,0,0.56473674178123479,0.61042473316192625,0,0
retention_expiry,7229,V32P-A056955,0,0.6550076365470886,0.69290441274642944,1,1
retention_expiry,7230,V32P-A056956,1,0.40318071842193604,0.43633929491043089,0,0
retention_expiry,7231,V32P-A056957,0,0.070530690997838971,0.064640399813652036,0,0
retention_expiry,7232,V32P-A056958,0,0.033085085637867453,0.029659762047231197,0,0
retention_expiry,7233,V32P-A057043,0,0.74995435476303096,0.76769284009933469,1,1
retention_expiry,7234,V32P-A057044,0,0.67260996103286741,0.7012506246566772,1,1
retention_expiry,7235,V32P-A057045,0,0.58421264886856084,0.61879024505615232,0,0
retention_expiry,7236,V32P-A057046,0,0.53320498466491695,0.56552543044090275,0,0
retention_expiry,7237,V32P-A057047,0,0.60700041055679321,0.63066091537475588,0,1
retention_expiry,7238,V32P-A057048,0,0.25246031880378722,0.24549864828586579,0,0
retention_expiry,7239,V32P-A057265,0,0.42436343431472778,0.48040626645088197,0,0
retention_expiry,7240,V32P-A057266,0,0.46507743597030637,0.49622804522514341,0,0
retention_expiry,7241,V32P-A057267,0,0.40920590758323672,0.42899660468101503,0,0
retention_expiry,7242,V32P-A057268,0,0.33672047257423399,0.36644961237907409,0,0
retention_expiry,7243,V32P-A057269,0,0.28499493002891541,0.29220845103263854,0,0
retention_expiry,7244,V32P-A057270,0,0.11128201335668564,0.10474306493997573,0,0
retention_expiry,7245,V32P-A057295,0,0.71510311365127566,0.75223151445388792,1,1
retention_expiry,7246,V32P-A057296,0,0.57580025792121892,0.63180543184280391,0,1
retention_expiry,7247,V32P-A057297,0,0.49930379390716551,0.55895821452140804,0,0
retention_expiry,7248,V32P-A057298,0,0.52495043873786928,0.58403818607330327,0,0
retention_expiry,7249,V32P-A057299,0,0.46511095166206362,0.51546797156333923,0,0
retention_expiry,7250,V32P-A057300,0,0.23883562684059143,0.25699385106563566,0,0
retention_expiry,7251,V32P-A057346,0,0.30111954510211947,0.33708789050579069,0,0
retention_expiry,7252,V32P-A057347,0,0.23408722877502441,0.25267653763294218,0,0
retention_expiry,7253,V32P-A057348,0,0.1263732798397541,0.12126507833600045,0,0
retention_expiry,7254,V32P-A057355,0,0.36269975602626803,0.41270897686481478,0,0
retention_expiry,7255,V32P-A057356,0,0.38055835068225863,0.41472350656986234,0,0
retention_expiry,7256,V32P-A057357,0,0.31858921945095064,0.34287400543689728,0,0
retention_expiry,7257,V32P-A057358,0,0.26195962727069855,0.27242625057697295,0,0
retention_expiry,7258,V32P-A057359,0,0.20437622666358948,0.20672068595886231,0,0
retention_expiry,7259,V32P-A057360,0,0.09315884746611118,0.08763057179749012,0,0
retention_expiry,7260,V32P-A057387,0,0.37365941405296327,0.37702507376670835,0,0
retention_expiry,7261,V32P-A057388,0,0.15068174302577972,0.14361274093389512,0,0
retention_expiry,7262,V32P-A057389,0,0.11505106166005134,0.10367360487580299,0,0
retention_expiry,7263,V32P-A057390,0,0.053797164931893349,0.044190399721264838,0,0
retention_expiry,7264,V32P-A057442,0,0.5228779077529907,0.55242983698844905,0,0
retention_expiry,7265,V32P-A057443,0,0.44815776348114011,0.47033150196075441,0,0
retention_expiry,7266,V32P-A057444,0,0.20162166953086852,0.19516417384147644,0,0
retention_expiry,7267,V32P-A057481,0,0.36592565178871156,0.45665562152862549,0,0
retention_expiry,7268,V32P-A057482,0,0.4660954475402832,0.54553231596946716,0,0
retention_expiry,7269,V32P-A057483,0,0.42772649526596068,0.50436308383941653,0,0
retention_expiry,7270,V32P-A057484,0,0.3029578596353531,0.36897950768470766,0,0
retention_expiry,7271,V32P-A057485,0,0.23793530166149141,0.28503499329090121,0,0
retention_expiry,7272,V32P-A057486,0,0.1023889347910881,0.11138416826725006,0,0
retention_expiry,7273,V32P-A057499,0,0.67585797309875484,0.73899500370025639,1,1
retention_expiry,7274,V32P-A057500,0,0.60547651052474971,0.67507268190383907,0,1
retention_expiry,7275,V32P-A057501,0,0.54099053144454956,0.61320041418075566,0,0
retention_expiry,7276,V32P-A057502,0,0.44949470758438109,0.50741890668869016,0,0
retention_expiry,7277,V32P-A057503,0,0.35019149482250211,0.38625084757804873,0,0
retention_expiry,7278,V32P-A057504,0,0.16106107532978059,0.15940944105386734,0,0
retention_expiry,7279,V32P-A057514,0,0.58313118219375615,0.63192218542098999,0,1
retention_expiry,7280,V32P-A057515,0,0.4911243259906769,0.53540768623352053,0,0
retention_expiry,7281,V32P-A057516,0,0.25180712938308714,0.25031839013099672,0,0
retention_expiry,7282,V32P-A057531,0,0.48784913420677184,0.52211398482322691,0,0
retention_expiry,7283,V32P-A057532,0,0.4300717979669571,0.45432654321193694,0,0
retention_expiry,7284,V32P-A057533,0,0.35873996615409853,0.37739517390727995,0,0
retention_expiry,7285,V32P-A057534,0,0.17536595836281776,0.17173439189791678,0,0
retention_expiry,7286,V32P-A057541,0,0.65682629346847532,0.70274382829666138,1,1
retention_expiry,7287,V32P-A057542,0,0.58482688069343569,0.6376084625720978,0,1
retention_expiry,7288,V32P-A057543,0,0.4939884305000305,0.55098940134048457,0,0
retention_expiry,7289,V32P-A057544,0,0.44210133552551267,0.49452260732650755,0,0
retention_expiry,7290,V32P-A057545,0,0.38934726417064669,0.4343571811914444,0,0
retention_expiry,7291,V32P-A057546,0,0.030747609212994576,0.025432384386658669,0,0
retention_expiry,7292,V32P-A057601,0,0.44462143778800967,0.50481984615325926,0,0
retention_expiry,7293,V32P-A057602,0,0.39341685771942136,0.46698204278945921,0,0
retention_expiry,7294,V32P-A057603,0,0.35898586511611941,0.40683538913726808,0,0
retention_expiry,7295,V32P-A057604,0,0.26854860186576845,0.29888941049575807,0,0
retention_expiry,7296,V32P-A057605,0,0.20148376226425171,0.21728396415710449,0,0
retention_expiry,7297,V32P-A057606,0,0.089193972200155264,0.084837152808904651,0,0
retention_expiry,7298,V32P-A057622,0,0.52416619658470154,0.58427842259407048,0,0
retention_expiry,7299,V32P-A057623,0,0.46724788248538973,0.52038504779338834,0,0
retention_expiry,7300,V32P-A057624,0,0.33339918553829195,0.33106652796268465,0,0
retention_expiry,7301,V32P-A057685,0,0.84692909717559817,0.86714618206024174,1,1
retention_expiry,7302,V32P-A057686,0,0.70904747247695921,0.71656768321990971,1,1
retention_expiry,7303,V32P-A057687,0,0.71269708871841431,0.72596850395202639,1,1
retention_expiry,7304,V32P-A057688,0,0.72540385723114009,0.74135749340057377,1,1
retention_expiry,7305,V32P-A057689,1,0.67570756673812871,0.68326848745346069,1,1
retention_expiry,7306,V32P-A057690,0,0.083582139015197759,0.077381441090255978,0,0
retention_expiry,7307,V32P-A057697,0,0.60470312833786011,0.66512707471847532,0,1
retention_expiry,7308,V32P-A057698,0,0.48980231881141661,0.56325087547302244,0,0
retention_expiry,7309,V32P-A057699,0,0.40560356974601747,0.467937296628952,0,0
retention_expiry,7310,V32P-A057700,0,0.42292632460594176,0.4666670560836792,0,0
retention_expiry,7311,V32P-A057701,0,0.29050655961036681,0.32338509559631345,0,0
retention_expiry,7312,V32P-A057702,0,0.11469365954399109,0.11741916388273239,0,0
retention_expiry,7313,V32P-A057717,0,0.51174854636192324,0.55801058411598203,0,0
retention_expiry,7314,V32P-A057718,0,0.4689328670501709,0.50933210253715511,0,0
retention_expiry,7315,V32P-A057719,0,0.45026694536209105,0.48846709728240967,0,0
retention_expiry,7316,V32P-A057720,0,0.029989354312419891,0.025595869868993759,0,0
retention_expiry,7317,V32P-A057796,0,0.54333267807960506,0.58519117236137386,0,0
retention_expiry,7318,V32P-A057797,0,0.52285699248313899,0.55319340229034419,0,0
retention_expiry,7319,V32P-A057798,0,0.25606625080108641,0.25648900270462038,0,0
retention_expiry,7320,V32P-A057812,0,0.54391828179359436,0.58901524543762207,0,0
retention_expiry,7321,V32P-A057813,0,0.53111816048622129,0.56716997027397154,0,0
retention_expiry,7322,V32P-A057814,0,0.47008118629455564,0.49827319383621216,0,0
retention_expiry,7323,V32P-A057815,1,0.38144977986812589,0.3987354815006256,0,0
retention_expiry,7324,V32P-A057816,0,0.03174641579389572,0.028317613247781991,0,0
retention_expiry,7325,V32P-A057855,0,0.50299006700515747,0.58306329250335698,0,0
retention_expiry,7326,V32P-A057856,0,0.37205723524093626,0.42412185668945312,0,0
retention_expiry,7327,V32P-A057857,0,0.3014691650867462,0.33865070939064024,0,0
retention_expiry,7328,V32P-A057858,0,0.029479577951133252,0.027012559399008752,0,0
retention_expiry,7329,V32P-A057886,0,0.32850778698921201,0.36695702672004699,0,0
retention_expiry,7330,V32P-A057887,0,0.29271801710128786,0.32267298400402067,0,0
retention_expiry,7331,V32P-A057888,0,0.12248391807079315,0.12083726674318314,0,0
retention_expiry,7332,V32P-A057937,0,0.68769444227218623,0.72181102037429812,1,1
retention_expiry,7333,V32P-A057938,0,0.56264030933380127,0.59571239948272703,0,0
retention_expiry,7334,V32P-A057939,0,0.46587727665901185,0.51165587902069087,0,0
retention_expiry,7335,V32P-A057940,0,0.40038387775421141,0.41832617521286009,0,0
retention_expiry,7336,V32P-A057941,0,0.30725238323211668,0.31373646557331086,0,0
retention_expiry,7337,V32P-A057942,0,0.12021875083446502,0.11508625149726867,0,0
retention_expiry,7338,V32P-A057967,0,0.3639743387699127,0.44758918285369875,0,0
retention_expiry,7339,V32P-A057968,0,0.44179505109786987,0.51219120025634768,0,0
retention_expiry,7340,V32P-A057969,0,0.4174270212650299,0.48389604687690735,0,0
retention_expiry,7341,V32P-A057970,0,0.36923559904098513,0.4293803870677948,0,0
retention_expiry,7342,V32P-A057971,0,0.31127169132232668,0.35307681560516357,0,0
retention_expiry,7343,V32P-A057972,0,0.14629697948694229,0.1437546730041504,0,0
retention_expiry,7344,V32P-A057974,0,0.52276749014854429,0.57629145383834834,0,0
retention_expiry,7345,V32P-A057975,0,0.54263652563095088,0.58951392173767092,0,0
retention_expiry,7346,V32P-A057976,0,0.48780181407928469,0.53470134139060976,0,0
retention_expiry,7347,V32P-A057977,0,0.37357673943042757,0.41610578894615174,0,0
retention_expiry,7348,V32P-A057978,0,0.22405605316162108,0.23464761972427367,0,0
retention_expiry,7349,V32P-A057987,0,0.55221623182296753,0.56225902438163755,0,0
retention_expiry,7350,V32P-A057988,0,0.48270126581192019,0.48610945343971251,0,0
retention_expiry,7351,V32P-A057989,0,0.37137785255908967,0.36805390417575834,0,0
retention_expiry,7352,V32P-A057990,0,0.1495371714234352,0.13938855156302452,0,0
retention_expiry,7353,V32P-A057991,0,0.69772635698318486,0.72599509954452512,1,1
retention_expiry,7354,V32P-A057992,0,0.60152769088745117,0.62521690130233765,0,1
retention_expiry,7355,V32P-A057993,0,0.68722740411758421,0.71236766576766963,1,1
retention_expiry,7356,V32P-A057994,0,0.54061207175254822,0.55594292283058167,0,0
retention_expiry,7357,V32P-A057995,0,0.46209846735000609,0.47712485790252684,0,0
retention_expiry,7358,V32P-A057996,0,0.2045815646648407,0.1937517374753952,0,0
retention_expiry,7359,V32P-A058011,0,0.51383492946624754,0.58967033624649046,0,0
retention_expiry,7360,V32P-A058012,0,0.45934916138648985,0.53673491477966306,0,0
retention_expiry,7361,V32P-A058013,0,0.39040513634681701,0.46018022298812866,0,0
retention_expiry,7362,V32P-A058014,0,0.033439110405743121,0.029231874085962773,0,0
retention_expiry,7363,V32P-A058034,0,0.63405630588531492,0.66301726102828984,1,1
retention_expiry,7364,V32P-A058035,0,0.56415553092956539,0.59209400415420532,0,0
retention_expiry,7365,V32P-A058036,0,0.4925084888935089,0.51239388585090639,0,0
retention_expiry,7366,V32P-A058037,0,0.38282350301742551,0.39249693155288695,0,0
retention_expiry,7367,V32P-A058038,0,0.025233538448810579,0.021121652238070963,0,0
retention_expiry,7368,V32P-A058054,0,0.43885447978973391,0.46190689802169799,0,0
retention_expiry,7369,V32P-A058055,0,0.32839638888835909,0.33547796607017516,0,0
retention_expiry,7370,V32P-A058056,0,0.14863034784793855,0.13234653025865556,0,0
retention_expiry,7371,V32P-A058069,0,0.46333441138267517,0.52606120705604553,0,0
retention_expiry,7372,V32P-A058070,0,0.46005829572677615,0.51715587973594668,0,0
retention_expiry,7373,V32P-A058071,0,0.39553279876708985,0.44000015854835511,0,0
retention_expiry,7374,V32P-A058072,0,0.37313534021377565,0.40955336093902589,0,0
retention_expiry,7375,V32P-A058073,0,0.2312542200088501,0.23823749423027038,0,0
retention_expiry,7376,V32P-A058074,0,0.099425396323204046,0.093170718848705286,0,0
retention_expiry,7377,V32P-A058123,0,0.63358446359634402,0.68822181224822998,1,1
retention_expiry,7378,V32P-A058124,0,0.60829131603240971,0.66427600383758545,0,1
retention_expiry,7379,V32P-A058125,0,0.57589210271835323,0.63144712448120122,0,1
retention_expiry,7380,V32P-A058126,0,0.57412075996398926,0.62233740091323853,0,1
retention_expiry,7381,V32P-A058127,0,0.51940111517906185,0.56468769311904909,0,0
retention_expiry,7382,V32P-A058128,0,0.046649742126464847,0.038400080427527426,0,0
retention_expiry,7383,V32P-A058149,0,0.36457366943359376,0.41264697313308718,0,0
retention_expiry,7384,V32P-A058150,0,0.30860092639923098,0.3408633232116699,0,0
retention_expiry,7385,V32P-A058151,0,0.20544365048408508,0.2204700917005539,0,0
retention_expiry,7386,V32P-A058152,0,0.085450490564107889,0.084343293309211725,0,0
retention_expiry,7387,V32P-A058267,0,0.56179995536804195,0.59451016187667849,0,0
retention_expiry,7388,V32P-A058268,0,0.55420841574668889,0.58813431262969973,0,0
retention_expiry,7389,V32P-A058269,0,0.49249878525733948,0.52069293260574345,0,0
retention_expiry,7390,V32P-A058270,0,0.38607026338577272,0.40175786018371584,0,0
retention_expiry,7391,V32P-A058271,0,0.29843934476375578,0.30421856641769407,0,0
retention_expiry,7392,V32P-A058272,0,0.12484234124422074,0.11816518157720565,0,0
retention_expiry,7393,V32P-A058273,1,0.80528869628906252,0.83864365816116337,1,1
retention_expiry,7394,V32P-A058274,1,0.74376956224441526,0.78531991243362431,1,1
retention_expiry,7395,V32P-A058275,1,0.71642729043960574,0.76056203842163084,1,1
retention_expiry,7396,V32P-A058276,0,0.19122501462697983,0.17971246242523192,0,0
retention_expiry,7397,V32P-A058277,0,0.12272506207227707,0.11280945613980294,0,0
retention_expiry,7398,V32P-A058278,0,0.049312297999858853,0.042049672827124594,0,0
retention_expiry,7399,V32P-A058285,0,0.75076425075531006,0.79214791059494016,1,1
retention_expiry,7400,V32P-A058286,0,0.73862934112548828,0.78545602560043337,1,1
retention_expiry,7401,V32P-A058287,0,0.74528172016143801,0.78943216800689697,1,1
retention_expiry,7402,V32P-A058288,0,0.75695769786834721,0.79256623983383179,1,1
retention_expiry,7403,V32P-A058289,0,0.71714164018630977,0.7482099056243896,1,1
retention_expiry,7404,V32P-A058290,0,0.52951806187629702,0.53207209706306458,0,0
retention_expiry,7405,V32P-A058377,0,0.37184445261955262,0.41851665973663332,0,0
retention_expiry,7406,V32P-A058378,0,0.35757135748863222,0.38992050886154173,0,0
retention_expiry,7407,V32P-A058379,0,0.23647793531417846,0.25708810687065126,0,0
retention_expiry,7408,V32P-A058380,0,0.09703760445117951,0.095003563165664676,0,0
retention_expiry,7409,V32P-A058426,0,0.40745340585708617,0.44297993183135986,0,0
retention_expiry,7410,V32P-A058427,0,0.27934441566467283,0.30444605648517609,0,0
retention_expiry,7411,V32P-A058428,0,0.11836199909448623,0.11841546073555946,0,0
retention_expiry,7412,V32P-A058510,0,0.55566890239715572,0.5772652149200439,0,0
retention_expiry,7413,V32P-A058511,0,0.49889425635337831,0.51461164355278011,0,0
retention_expiry,7414,V32P-A058512,0,0.044783362001180646,0.036797770671546458,0,0
retention_expiry,7415,V32P-A058527,0,0.46571587920188906,0.50606577992439272,0,0
retention_expiry,7416,V32P-A058528,0,0.40507287383079527,0.44114506244659424,0,0
retention_expiry,7417,V32P-A058529,1,0.33467436432838438,0.35705069303512571,0,0
retention_expiry,7418,V32P-A058530,0,0.031332938931882381,0.02801524056121707,0,0
retention_expiry,7419,V32P-A058549,0,0.49796070456504821,0.5618191242218018,0,0
retention_expiry,7420,V32P-A058550,0,0.45251495242118833,0.51515265107154851,0,0
retention_expiry,7421,V32P-A058551,0,0.41225858330726622,0.47298321127891541,0,0
retention_expiry,7422,V32P-A058552,0,0.33995562791824341,0.3931787133216858,0,0
retention_expiry,7423,V32P-A058553,0,0.2781145364046097,0.31597227156162261,0,0
retention_expiry,7424,V32P-A058554,0,0.13964894413948059,0.14721823036670684,0,0
retention_expiry,7425,V32P-A058563,0,0.50845128893852232,0.5523756325244904,0,0
retention_expiry,7426,V32P-A058564,0,0.35524867773056029,0.38550388813018799,0,0
retention_expiry,7427,V32P-A058565,0,0.24546793699264527,0.26900239288806915,0,0
retention_expiry,7428,V32P-A058566,0,0.09459876492619515,0.095817489176988596,0,0
retention_expiry,7429,V32P-A058588,0,0.47292433381080629,0.52404822707176213,0,0
retention_expiry,7430,V32P-A058589,0,0.40364208221435549,0.44536980986595154,0,0
retention_expiry,7431,V32P-A058590,0,0.19702458679676055,0.20223680585622789,0,0
retention_expiry,7432,V32P-A058606,0,0.32328735589981078,0.34651715159416197,0,0
retention_expiry,7433,V32P-A058607,0,0.26931493580341337,0.28029573559761045,0,0
retention_expiry,7434,V32P-A058608,0,0.12226428538560867,0.11365776509046555,0,0
retention_expiry,7435,V32P-A058624,0,0.5706037223339081,0.61712155342102049,0,0
retention_expiry,7436,V32P-A058625,0,0.52064782381057739,0.56046935319900515,0,0
retention_expiry,7437,V32P-A058626,0,0.049973342195153238,0.043806007876992223,0,0
retention_expiry,7438,V32P-A058657,0,0.6489695072174072,0.69127539396286009,1,1
retention_expiry,7439,V32P-A058658,0,0.51597835421562199,0.56821355223655701,0,0
retention_expiry,7440,V32P-A058659,0,0.47108827233314515,0.50558261871337895,0,0
retention_expiry,7441,V32P-A058660,0,0.40190803408622744,0.4178070306777954,0,0
retention_expiry,7442,V32P-A058661,0,0.30828814506530761,0.31078846752643585,0,0
retention_expiry,7443,V32P-A058662,0,0.12766993939876556,0.11679381132125854,0,0
retention_expiry,7444,V32P-A058729,0,0.77166343927383418,0.79024423360824581,1,1
retention_expiry,7445,V32P-A058730,0,0.70594251155853271,0.72491829395294194,1,1
retention_expiry,7446,V32P-A058731,0,0.63140769004821773,0.65381548404693601,1,1
retention_expiry,7447,V32P-A058732,0,0.54783003926277163,0.57301567196846004,0,0
retention_expiry,7448,V32P-A058733,0,0.51921758651733396,0.5417822003364563,0,0
retention_expiry,7449,V32P-A058734,0,0.03446274120360613,0.028252211585640907,0,0
retention_expiry,7450,V32P-A058735,0,0.44731715917587278,0.51584410071372988,0,0
retention_expiry,7451,V32P-A058736,0,0.40017216205596923,0.46170145273208618,0,0
retention_expiry,7452,V32P-A058737,0,0.44550160169601438,0.50301320552825923,0,0
retention_expiry,7453,V32P-A058738,0,0.38636218607425687,0.42811798453330996,0,0
retention_expiry,7454,V32P-A058739,0,0.31404564976692201,0.33693459331989289,0,0
retention_expiry,7455,V32P-A058740,0,0.14425604343414306,0.14023704826831818,0,0
retention_expiry,7456,V32P-A058792,0,0.51556983590126038,0.56905208230018611,0,0
retention_expiry,7457,V32P-A058793,0,0.44894863963127135,0.49490243196487427,0,0
retention_expiry,7458,V32P-A058794,0,0.23103769570589067,0.24628750532865523,0,0
retention_expiry,7459,V32P-A058807,0,0.57246781587600704,0.64621689319610598,0,1
retention_expiry,7460,V32P-A058808,0,0.50488741397857662,0.57809986472129826,0,0
retention_expiry,7461,V32P-A058809,0,0.46731824874877931,0.53176098465919497,0,0
retention_expiry,7462,V32P-A058810,1,0.39309213161468504,0.44353149533271791,0,0
retention_expiry,7463,V32P-A058811,0,0.056374462693929671,0.050189210847020146,0,0
retention_expiry,7464,V32P-A058812,0,0.022576642595231532,0.019420374091714619,0,0
retention_expiry,7465,V32P-A058849,0,0.41026315689086912,0.47969208955764769,0,0
retention_expiry,7466,V32P-A058850,0,0.41361671686172485,0.47491213083267214,0,0
retention_expiry,7467,V32P-A058851,0,0.37357336878776548,0.42477153539657592,0,0
retention_expiry,7468,V32P-A058852,0,0.50930821895599365,0.55764586925506587,0,0
retention_expiry,7469,V32P-A058853,0,0.26138991713523863,0.29188933372497561,0,0
retention_expiry,7470,V32P-A058854,0,0.029662737250328065,0.027275719027966262,0,0
retention_expiry,7471,V32P-A058921,0,0.77890216112136845,0.82093819379806521,1,1
retention_expiry,7472,V32P-A058922,0,0.77268890142440794,0.81578398942947383,1,1
retention_expiry,7473,V32P-A058923,0,0.7664371132850647,0.81074577569961548,1,1
retention_expiry,7474,V32P-A058924,0,0.73792865276336672,0.78376581668853762,1,1
retention_expiry,7475,V32P-A058925,0,0.68680615425109859,0.74091149568557735,1,1
retention_expiry,7476,V32P-A058926,0,0.49728718101978303,0.54929434061050419,0,0
retention_expiry,7477,V32P-A059002,0,0.53016192913055415,0.5453092694282532,0,0
retention_expiry,7478,V32P-A059003,0,0.40485326647758485,0.4141583204269409,0,0
retention_expiry,7479,V32P-A059004,0,0.19299380630254745,0.19071046262979507,0,0
retention_expiry,7480,V32P-A059005,0,0.60723142623901372,0.66167830228805546,0,1
retention_expiry,7481,V32P-A059006,0,0.53208013176918034,0.59429754018783565,0,0
retention_expiry,7482,V32P-A059007,0,0.53741472363471987,0.58972052931785579,0,0
retention_expiry,7483,V32P-A059008,0,0.45631678700447081,0.5065909266471863,0,0
retention_expiry,7484,V32P-A059009,0,0.38006832003593444,0.42684119939804077,0,0
retention_expiry,7485,V32P-A059010,0,0.19467908442020415,0.21527724266052245,0,0
retention_expiry,7486,V32P-A059013,0,0.38677021265029909,0.41959320902824404,0,0
retention_expiry,7487,V32P-A059014,0,0.3121153235435486,0.32875393629074096,0,0
retention_expiry,7488,V32P-A059015,0,0.23804954588413238,0.24193443059921266,0,0
retention_expiry,7489,V32P-A059016,0,0.1032591238617897,0.095975990593433383,0,0
retention_expiry,7490,V32P-A059023,0,0.8149988055229187,0.82482714653015132,1,1
retention_expiry,7491,V32P-A059024,0,0.72632396221160889,0.7278617858886719,1,1
retention_expiry,7492,V32P-A059025,0,0.62808672189712522,0.62458071708679197,1,1
retention_expiry,7493,V32P-A059026,0,0.57923552989959715,0.56924325227737427,0,0
retention_expiry,7494,V32P-A059027,0,0.54601730108261104,0.52960354089736938,0,0
retention_expiry,7495,V32P-A059028,0,0.30606822669506073,0.27336193919181823,0,0
retention_expiry,7496,V32P-A059043,0,0.57745085358619686,0.63991842269897459,0,1
retention_expiry,7497,V32P-A059044,0,0.53251518011093135,0.59692664146423335,0,0
retention_expiry,7498,V32P-A059045,0,0.44915584921836854,0.49943960309028623,0,0
retention_expiry,7499,V32P-A059046,0,0.21744369268417357,0.2231358766555786,0,0
retention_expiry,7500,V32P-A059134,0,0.39125365018844604,0.46225740313529967,0,0
retention_expiry,7501,V32P-A059135,0,0.31811202168464658,0.37154852151870726,0,0
retention_expiry,7502,V32P-A059136,0,0.16935328692197799,0.18089894354343414,0,0
retention_expiry,7503,V32P-A059185,0,0.69424017667770388,0.7322556853294373,1,1
retention_expiry,7504,V32P-A059186,0,0.5967498183250427,0.64302778244018555,0,1
retention_expiry,7505,V32P-A059187,0,0.53089130520820615,0.58433756828308103,0,0
retention_expiry,7506,V32P-A059188,0,0.5184326589107513,0.56323873996734619,0,0
retention_expiry,7507,V32P-A059189,0,0.39971499443054198,0.44437361955642701,0,0
retention_expiry,7508,V32P-A059190,0,0.20167639255523681,0.20865970253944396,0,0
retention_expiry,7509,V32P-A059200,0,0.49230793714523313,0.52862000465393066,0,0
retention_expiry,7510,V32P-A059201,0,0.40788256525993349,0.43018774986267089,0,0
retention_expiry,7511,V32P-A059202,0,0.17168120294809341,0.16746312826871873,0,0
retention_expiry,7512,V32P-A059224,0,0.54294022917747498,0.59589418172836306,0,0
retention_expiry,7513,V32P-A059225,0,0.45985530018806459,0.51387507915496822,0,0
retention_expiry,7514,V32P-A059226,0,0.22867700159549714,0.24220761060714721,0,0
retention_expiry,7515,V32P-A059257,1,0.68068598508834843,0.71060359477996826,1,1
retention_expiry,7516,V32P-A059258,1,0.57997038960456848,0.62434035539627075,0,1
retention_expiry,7517,V32P-A059259,1,0.54925842285156246,0.5953620553016663,0,0
retention_expiry,7518,V32P-A059260,0,0.10802090018987656,0.096501047909259799,0,0
retention_expiry,7519,V32P-A059261,0,0.083429983258247381,0.07372563928365708,0,0
retention_expiry,7520,V32P-A059262,0,0.038189499266445638,0.032829754240810874,0,0
retention_expiry,7521,V32P-A059269,0,0.69613915681838989,0.72287606000900273,1,1
retention_expiry,7522,V32P-A059270,0,0.58759613037109371,0.62634235620498657,0,1
retention_expiry,7523,V32P-A059271,0,0.49501575827598571,0.53967096805572512,0,0
retention_expiry,7524,V32P-A059272,0,0.41325279474258425,0.45011185407638549,0,0
retention_expiry,7525,V32P-A059273,0,0.32650313377380369,0.35686481595039365,0,0
retention_expiry,7526,V32P-A059274,0,0.16380441486835479,0.16949932724237443,0,0
retention_expiry,7527,V32P-A059320,0,0.5525648713111877,0.56740792989730837,0,0
retention_expiry,7528,V32P-A059321,0,0.46523166894912721,0.48308458924293518,0,0
retention_expiry,7529,V32P-A059322,0,0.23005169332027436,0.22901406735181809,0,0
retention_expiry,7530,V32P-A059323,0,0.77059435844421387,0.79942976236343388,1,1
retention_expiry,7531,V32P-A059324,0,0.60801698565483098,0.67482492327690125,0,1
retention_expiry,7532,V32P-A059325,0,0.4938952147960663,0.55353529453277583,0,0
retention_expiry,7533,V32P-A059326,0,0.36161768138408662,0.4184921532869339,0,0
retention_expiry,7534,V32P-A059327,0,0.28051639199256895,0.32403483390808108,0,0
retention_expiry,7535,V32P-A059328,0,0.11343031525611877,0.12037136554718017,0,0
retention_expiry,7536,V32P-A059452,0,0.39623979926109315,0.45395564436912539,0,0
retention_expiry,7537,V32P-A059453,0,0.31200975179672241,0.35297152400016785,0,0
retention_expiry,7538,V32P-A059454,0,0.135633884370327,0.14069701731204987,0,0
retention_expiry,7539,V32P-A059641,0,0.47195992469787595,0.54163001775741582,0,0
retention_expiry,7540,V32P-A059642,0,0.45820745229721072,0.5204162180423737,0,0
retention_expiry,7541,V32P-A059643,0,0.46752464771270752,0.51466783285140993,0,0
retention_expiry,7542,V32P-A059644,0,0.38933427929878234,0.42192632555961607,0,0
retention_expiry,7543,V32P-A059645,1,0.32666105926036837,0.34262258708477022,0,0
retention_expiry,7544,V32P-A059646,0,0.0284612693823874,0.026052473299205302,0,0
retention_expiry,7545,V32P-A059656,0,0.43835647702217101,0.46925885677337648,0,0
retention_expiry,7546,V32P-A059657,0,0.35766081809997557,0.37814017534255984,0,0
retention_expiry,7547,V32P-A059658,0,0.16194305568933487,0.15499538779258729,0,0
retention_expiry,7548,V32P-A059679,0,0.70668742656707761,0.72772282361984253,1,1
retention_expiry,7549,V32P-A059680,0,0.67736192941665652,0.69357007741928101,1,1
retention_expiry,7550,V32P-A059681,0,0.60871269702911379,0.61113946437835698,0,0
retention_expiry,7551,V32P-A059682,0,0.33041920065879821,0.31208718717098238,0,0
retention_expiry,7552,V32P-A059689,0,0.74689655303955083,0.75265097618103027,1,1
retention_expiry,7553,V32P-A059690,0,0.67719919681549068,0.68563742637634273,1,1
retention_expiry,7554,V32P-A059691,0,0.61441563367843632,0.61316084861755371,0,0
retention_expiry,7555,V32P-A059692,0,0.52519717812538147,0.51803088784217832,0,0
retention_expiry,7556,V32P-A059693,1,0.4412392318248749,0.43240984678268435,0,0
retention_expiry,7557,V32P-A059694,0,0.040091338567435741,0.034845776204019782,0,0
retention_expiry,7558,V32P-A059725,0,0.52853862047195432,0.59383499622344971,0,0
retention_expiry,7559,V32P-A059726,0,0.49094759821891787,0.5558104872703552,0,0
retention_expiry,7560,V32P-A059727,0,0.45530540347099302,0.51274178624153133,0,0
retention_expiry,7561,V32P-A059728,0,0.37969139814376829,0.42390459775924683,0,0
retention_expiry,7562,V32P-A059729,0,0.29593525826931,0.3267810046672821,0,0
retention_expiry,7563,V32P-A059730,0,0.12336934953927994,0.1222117230296135,0,0
retention_expiry,7564,V32P-A059763,0,0.62739512920379636,0.64806889295578007,1,1
retention_expiry,7565,V32P-A059764,0,0.56862645745277407,0.58841243982315061,0,0
retention_expiry,7566,V32P-A059765,1,0.48803510069847106,0.50437329411506648,0,0
retention_expiry,7567,V32P-A059766,0,0.038202833384275436,0.033106666430830954,0,0
retention_expiry,7568,V32P-A059779,0,0.54809961318969724,0.60909769535064695,0,0
retention_expiry,7569,V32P-A059780,0,0.51992532014846804,0.58391368985176084,0,0
retention_expiry,7570,V32P-A059781,0,0.50040242075920105,0.55541618466377263,0,0
retention_expiry,7571,V32P-A059782,0,0.42519528269767759,0.46572612524032592,0,0
retention_expiry,7572,V32P-A059783,0,0.33280213773250578,0.35973858833312988,0,0
retention_expiry,7573,V32P-A059784,0,0.1533259242773056,0.14863806664943696,0,0
retention_expiry,7574,V32P-A059785,0,0.31390892267227172,0.39194909930229188,0,0
retention_expiry,7575,V32P-A059786,0,0.35718326568603515,0.42954666018486021,0,0
retention_expiry,7576,V32P-A059787,0,0.33555842041969297,0.40183110237121583,0,0
retention_expiry,7577,V32P-A059788,0,0.25033526122570038,0.29861030280590056,0,0
retention_expiry,7578,V32P-A059789,0,0.20577416121959685,0.23628709912300111,0,0
retention_expiry,7579,V32P-A059790,0,0.099187481403350833,0.099893958866596216,0,0
retention_expiry,7580,V32P-A059845,0,0.59159600734710693,0.6417071938514709,0,1
retention_expiry,7581,V32P-A059846,0,0.55168763399124143,0.60280551910400393,0,0
retention_expiry,7582,V32P-A059847,0,0.51287105679512024,0.56365905404090877,0,0
retention_expiry,7583,V32P-A059848,0,0.42864627242088316,0.48676217794418336,0,0
retention_expiry,7584,V32P-A059849,0,0.34429475665092468,0.39116965532302855,0,0
retention_expiry,7585,V32P-A059850,0,0.15132296383380889,0.15826505273580552,0,0
retention_expiry,7586,V32P-A059881,1,0.57096828818321232,0.62530441284179683,0,1
retention_expiry,7587,V32P-A059882,1,0.57646874785423274,0.62580493688583372,0,1
retention_expiry,7588,V32P-A059883,1,0.59096571207046511,0.63161231279373165,0,1
retention_expiry,7589,V32P-A059884,0,0.15777431726455687,0.15507255122065544,0,0
retention_expiry,7590,V32P-A059885,0,0.087897741794586176,0.079097537696361547,0,0
retention_expiry,7591,V32P-A059886,0,0.041966809332370757,0.036626342311501504,0,0
retention_expiry,7592,V32P-A059907,0,0.53874995708465578,0.55150527358055113,0,0
retention_expiry,7593,V32P-A059908,0,0.49288250207901002,0.49922918677330019,0,0
retention_expiry,7594,V32P-A059909,0,0.40413925647735593,0.40610534548759458,0,0
retention_expiry,7595,V32P-A059910,0,0.17280267179012299,0.16023763567209243,0,0
retention_expiry,7596,V32P-A059914,0,0.50049780011177059,0.55309802889823911,0,0
retention_expiry,7597,V32P-A059915,0,0.47187800407409669,0.51570988297462461,0,0
retention_expiry,7598,V32P-A059916,0,0.037137094885110855,0.032426789775490759,0,0
retention_expiry,7599,V32P-A059917,0,0.59806529283523557,0.62403064966201782,0,1
retention_expiry,7600,V32P-A059918,0,0.48261029720306398,0.51704801917076115,0,0
retention_expiry,7601,V32P-A059919,0,0.40280073285102846,0.43692068457603456,0,0
retention_expiry,7602,V32P-A059920,0,0.31657943427562713,0.3410594969987869,0,0
retention_expiry,7603,V32P-A059921,1,0.24147490859031678,0.2565093129873276,0,0
retention_expiry,7604,V32P-A059922,0,0.022623520437628032,0.020123144378885627,0,0
retention_expiry,7605,V32P-A059944,0,0.54607886075973511,0.55415110588073735,0,0
retention_expiry,7606,V32P-A059945,0,0.45453393459320068,0.46269047856330869,0,0
retention_expiry,7607,V32P-A059946,0,0.038271777145564553,0.034105195663869381,0,0
retention_expiry,7608,V32P-A059971,0,0.50659698247909546,0.57348505854606624,0,0
retention_expiry,7609,V32P-A059972,0,0.44618150591850281,0.51493079066276548,0,0
retention_expiry,7610,V32P-A059973,0,0.35531064271926882,0.42142394185066223,0,0
retention_expiry,7611,V32P-A059974,0,0.2894903361797333,0.33820068240165713,0,0
retention_expiry,7612,V32P-A059975,0,0.26862946152687073,0.30342053771018984,0,0
retention_expiry,7613,V32P-A059976,0,0.12380855679512023,0.12722919881343842,0,0
